t,cost
0,[-0.00278722  0.2842965   0.39913     0.2842965   0.4278385   0.22688
 -0.289871    0.54267     0.313005   -1.03629     0.3417135   0.1120465
  0.22688     0.313005   -0.3472875   0.169463   -0.146329   -1.03629
  0.39913     0.1407545  -0.97887     0.2842965   0.4565465  -1.03629
  0.2842965   0.169463   -0.1176205  -0.203746   -0.289871    0.485255
  0.54267     0.384776    0.513965    0.2842965   0.1120465   0.327359
 -0.4908295   0.3704215  -0.203746   -0.203746    0.255588   -0.921455
  0.3704215   0.2842965  -0.060204   -0.203746    0.169463   -0.3472875
  0.169463   -0.86404    -1.03629    -0.0314956   0.0546295 ]
1,[ 0.24665614  0.19401324  0.14967654  0.19680909  0.36140077  0.09367201
 -0.20978846  0.63443225  0.54063095 -0.83323415  0.16602683  0.07847849
  0.17459328  0.36757458 -0.21394912  0.34176757 -0.20896039 -0.94902729
  0.23828933  0.12251394 -0.75131201  0.23803248  0.1846053  -0.79498543
  0.0435899   0.2855606  -0.14915602  0.03051619 -0.51366685  0.41685911
  0.57881579  0.30646758  0.46187877  0.21656181 -0.17298101  0.33953216
 -0.19848248  0.31692492 -0.45612147  0.09182403  0.24480718 -1.02722594
  0.43540582  0.00982931  0.06273443 -0.09116787  0.3810847  -0.30586412
  0.17433392 -0.93311555 -0.70653868 -0.20892476 -0.09084897]
2,[ 0.14312467  0.15745311  0.11115162  0.17891447  0.34594127  0.15057345
 -0.1821848   0.61609663  0.45123736 -0.76166362  0.08185517 -0.0024333
  0.22149756  0.37905565 -0.26835352  0.23442329 -0.17795521 -0.89247998
  0.25369522  0.08039646 -0.67555876  0.32140837  0.27521475 -0.80202285
  0.10622502  0.2999007  -0.15152745 -0.0077252  -0.49523658  0.4041643
  0.54014686  0.34400707  0.51791708  0.23581366 -0.19387026  0.45270108
 -0.23651941  0.40869376 -0.4787233   0.05670418  0.26912328 -0.93096073
  0.29135666 -0.00656485  0.04631513 -0.11519993  0.26868908 -0.44363454
  0.01765134 -0.85917155 -0.6962397  -0.17560695 -0.10492091]
3,[ 0.16198479  0.13194821  0.07961423  0.14914942  0.3348486   0.13302663
 -0.16323393  0.64377631  0.47269498 -0.70606631  0.03522155 -0.0454985
  0.21688666  0.38608778 -0.26532751  0.23688915 -0.1716358  -0.83052309
  0.21702914  0.08352915 -0.62011907  0.30222158  0.25275773 -0.7370797
  0.07117303  0.33048791 -0.14113744  0.03263781 -0.51899867  0.40350542
  0.56401562  0.37494168  0.53291535  0.22927435 -0.22360675  0.4814918
 -0.1855101   0.41260598 -0.52853562  0.10906737  0.28593291 -0.89644842
  0.26264235 -0.07461634  0.07276726 -0.13638303  0.27688395 -0.46929891
 -0.02518209 -0.85383416 -0.62088255 -0.20065731 -0.1313876 ]
4,[ 0.1442311   0.11704675  0.07454041  0.13395058  0.33139268  0.13754321
 -0.15152726  0.65601938  0.45771494 -0.67265665  0.00711393 -0.08330032
  0.22227909  0.38564726 -0.28161002  0.2125581  -0.16091898 -0.78655703
  0.20445253  0.08290288 -0.587073    0.29964803  0.26776611 -0.70829034
  0.07181962  0.34548041 -0.13027505  0.03889356 -0.5155286   0.40814133
  0.57618597  0.40946453  0.55326521  0.23180168 -0.22330972  0.51153921
 -0.1767167   0.42849994 -0.54913368  0.11887543  0.30001004 -0.84988526
  0.21716746 -0.10457934  0.08118767 -0.16580481  0.2534487  -0.50837583
 -0.07683256 -0.83851778 -0.59042509 -0.20202271 -0.14142181]
5,[ 0.1420578   0.10638629  0.07182113  0.12170812  0.32937517  0.13436422
 -0.14223889  0.6704056   0.45488892 -0.64675095 -0.01120493 -0.10956372
  0.2214418   0.38360394 -0.2895373   0.20371867 -0.15597145 -0.75193477
  0.1894093   0.08648847 -0.56086943  0.28779955  0.26832609 -0.67831857
  0.06312602  0.35959653 -0.12054028  0.05094074 -0.51643058  0.41288357
  0.59216225  0.43636434  0.56471037  0.23120174 -0.22387934  0.52626881
 -0.16193636  0.4324945  -0.56909725  0.13429813  0.30940428 -0.81837426
  0.1901309  -0.13350669  0.09202516 -0.18936524  0.24662108 -0.52983628
 -0.10859361 -0.83423851 -0.5600135  -0.20951201 -0.15097772]
6,[ 0.1372637   0.09898202  0.07273254  0.11385586  0.32869415  0.13401728
 -0.13506329  0.68061528  0.44838592 -0.62768446 -0.02362709 -0.1299358
  0.22151404  0.38044098 -0.29779835  0.19436971 -0.15221102 -0.72634752
  0.1795539   0.08903294 -0.54095176  0.27966184  0.27180866 -0.65761472
  0.05953079  0.36999305 -0.11279682  0.05708027 -0.51420743  0.41711231
  0.60416517  0.45841303  0.57383734  0.23149777 -0.22130479  0.53739171
 -0.15453585  0.43659518 -0.58275125  0.1421682   0.3161159  -0.79188396
  0.16596108 -0.15318687  0.0989709  -0.20935905  0.23859983 -0.54870664
 -0.13558886 -0.83080674 -0.54003049 -0.21388271 -0.1571621 ]
7,[ 0.13519514  0.09353307  0.07410738  0.10817997  0.32843008  0.13308837
 -0.12927391  0.68909307  0.44380394 -0.61282691 -0.03230455 -0.14511129
  0.22086118  0.37721872 -0.30364859  0.18854021 -0.15007439 -0.70689935
  0.17135779  0.09154953 -0.52493686  0.27207512  0.27291333 -0.64081054
  0.05576637  0.37868382 -0.10674444  0.06234608 -0.51253125  0.42047527
  0.61438615  0.47557335  0.57999425  0.2314087  -0.21913605  0.54437686
 -0.14833765  0.4386265  -0.59387937  0.14869998  0.32077008 -0.77195426
  0.14771198 -0.16896166  0.10472199 -0.22511     0.23405348 -0.562425
 -0.15584078 -0.82968662 -0.52411318 -0.21836901 -0.16207818]
8,[ 0.13350786  0.08952596  0.07583144  0.10424704  0.3284471   0.13266464
 -0.12464991  0.69555938  0.43943633 -0.60134929 -0.03846771 -0.15670727
  0.22035161  0.3741772  -0.30837029  0.1839609  -0.14866799 -0.69221301
  0.16522617  0.09355137 -0.51220575  0.26619777  0.2738675  -0.62812345
  0.05322711  0.38562494 -0.10209301  0.06587567 -0.51066782  0.42311084
  0.62238325  0.48906553  0.58452573  0.23141178 -0.21695491  0.54933725
 -0.1442581   0.44018521 -0.60237286  0.15302617  0.32409882 -0.75633398
  0.1329177  -0.18082376  0.10892904 -0.23761164  0.23051546 -0.57335321
 -0.17198609 -0.82924027 -0.51238511 -0.22194086 -0.16569023]
9,[ 0.1325685   0.08653136  0.07743346  0.10142268  0.32857339  0.13230712
 -0.12094295  0.7006262   0.4358769  -0.59238098 -0.04290199 -0.16552245
  0.21983139  0.37150009 -0.31192653  0.18071967 -0.14781243 -0.68101072
  0.16042473  0.09522571 -0.50202135  0.26142768  0.27427313 -0.61823968
  0.05116885  0.39126314 -0.09851471  0.06853549 -0.50906888  0.42514608
  0.62875516  0.49958477  0.58777117  0.23137637 -0.21513739  0.5527374
 -0.14122421  0.44118885 -0.60906916  0.15624235  0.3264941  -0.74432077
  0.12129851 -0.19004361  0.11216325 -0.24739244  0.22815817 -0.58175175
 -0.18456482 -0.8293376  -0.50338157 -0.22499672 -0.16845754]
10,[ 0.13196284  0.08428708  0.07885658  0.09939894  0.32875445  0.1320927
 -0.11798414  0.70453154  0.43287435 -0.5853821  -0.04612215 -0.17226959
  0.21940048  0.36921683 -0.31467176  0.1783059  -0.14726888 -0.67244553
  0.15673389  0.09657861 -0.49391686  0.25768109  0.27449566 -0.6106363
  0.04962452  0.39578557 -0.09575711  0.07044686 -0.50766259  0.42672283
  0.63374473  0.50780606  0.59015984  0.2313584  -0.21360081  0.55515651
 -0.13907129  0.44191555 -0.61428487  0.15853166  0.32824796 -0.73499725
  0.11207215 -0.19713378  0.11459225 -0.25504752  0.22646731 -0.58830939
 -0.19447041 -0.82963156 -0.49655551 -0.22748337 -0.1705493 ]
11,[ 0.13162855  0.0825959   0.08004455  0.09792897  0.32894947  0.13194179
 -0.11562472  0.70755343  0.43042106 -0.57990748 -0.04847935 -0.17743539
  0.21903507  0.36731956 -0.31676571  0.17654326 -0.14693016 -0.66586465
  0.15386847  0.09767991 -0.4874786   0.25471727  0.27456344 -0.60474989
  0.04841927  0.39940725 -0.09362008  0.07185929 -0.50648881  0.42794971
  0.63765442  0.51422456  0.59192235  0.23134295 -0.21234555  0.5568771
 -0.13749578  0.44242288 -0.61837028  0.16020946  0.32954544 -0.72777529
  0.10479447 -0.20262635  0.11643471 -0.26102046  0.22529523 -0.59338908
 -0.20223753 -0.83001732 -0.49132797 -0.22951266 -0.17214725]
12,[ 0.13145167  0.08131876  0.08100702  0.09685707  0.3291411   0.1318418
 -0.11374593  0.70988161  0.42841594 -0.57562512 -0.05021654 -0.18139836
  0.21873606  0.36577027 -0.3183726   0.17524114 -0.1467148  -0.66079369
  0.15164767  0.09857071 -0.48238091  0.25238692  0.27456081 -0.6002026
  0.04748718  0.40228981 -0.09195366  0.07289529 -0.50551936  0.42891267
  0.64070029  0.51923986  0.59324078  0.23133474 -0.2113223   0.55812021
 -0.13635048  0.44278707 -0.62156197  0.16143175  0.33051614 -0.7221627
  0.09904611 -0.2068772   0.11782574 -0.26568052  0.22446939 -0.59732867
 -0.20833985 -0.83040961 -0.48732718 -0.23114425 -0.17336836]
13,[ 0.13138086  0.0803524   0.08176214  0.09607103  0.3293197   0.13176983
 -0.1122498   0.71167363  0.42679103 -0.57227297 -0.05150447 -0.18443903
  0.21849041  0.36452359 -0.31960489  0.17428316 -0.14657626 -0.65687454
  0.14991978  0.09929212 -0.47835406  0.25055185  0.27451684 -0.59668625
  0.04675649  0.40457532 -0.0906445   0.07366055 -0.50473462  0.42967596
  0.64306653  0.52315959  0.59423548  0.23133059 -0.21049502  0.55902477
 -0.13551085  0.44304596 -0.62405664  0.16232936  0.33124863 -0.717795
  0.09451177 -0.21017458  0.11887707 -0.26931453  0.22389332 -0.60037299
 -0.21313172 -0.83077507 -0.48425531 -0.23244987 -0.17430638]
14,[ 0.13137475  0.07962082  0.08233757  0.09549362  0.32948182  0.13171538
 -0.11105739  0.71304869  0.42547637 -0.56964786 -0.05246428 -0.18677163
  0.2182889   0.3635327  -0.32055254  0.17357794 -0.14648373 -0.65383844
  0.14857266  0.09987616 -0.47518043  0.24910729  0.2744558  -0.59396974
  0.04618048  0.40637968 -0.08960753  0.0742249  -0.5041072   0.43028804
  0.64489663  0.52622496  0.59499413  0.23132973 -0.20982715  0.55968987
 -0.13489589  0.44323013 -0.62600425  0.16298794  0.33180579 -0.71438777
  0.09093317 -0.21273408  0.11966947 -0.27214907  0.22349215 -0.60271948
 -0.21689782 -0.83109651 -0.48189477 -0.23348759 -0.17502947]
15,[ 0.13140923  0.07906726  0.08276086  0.09506952  0.32962677  0.13167019
 -0.11010517  0.71410033  0.42441453 -0.56759066 -0.05318273 -0.18855881
  0.21812225  0.36275424 -0.32128238  0.17306125 -0.14641849 -0.65148127
  0.14751879  0.1003499  -0.47268396  0.24796843  0.27438916 -0.59187285
  0.04572151  0.40779891 -0.08877852  0.07464088 -0.50361235  0.4307852
  0.64630552  0.52862359  0.5955786   0.23133085 -0.20928854  0.56018306
 -0.1344454   0.44335953 -0.62752364  0.16347114  0.33223247 -0.71172374
  0.08810743 -0.21472324  0.12026492 -0.27436071  0.22321625 -0.6045204
 -0.21985982 -0.83136999 -0.4800788  -0.23430877 -0.1755895 ]
16,[ 0.13146804  0.07864922  0.08305803  0.09475915  0.32975557  0.13162959
 -0.1093424   0.71490075  0.42355621 -0.56597713 -0.05372245 -0.18992512
  0.21798308  0.36214979 -0.32184563  0.1726853  -0.14636876 -0.64964755
  0.14669142  0.10073522 -0.47072348  0.24706906  0.27432386 -0.59025703
  0.045352    0.40891106 -0.0881089   0.07494607 -0.50322699  0.43119475
  0.64738364  0.53050196  0.59603383  0.23133321 -0.20885358  0.56055211
 -0.13411681  0.44344886 -0.62870754  0.16382413  0.33256128 -0.70963506
  0.08587319 -0.21627054  0.1207099  -0.2760873   0.22302998 -0.60589543
 -0.22219244 -0.83159705 -0.47868144 -0.23495583 -0.17602528]
17,[ 0.1315412   0.07833467  0.08325202  0.09453375  0.32986992  0.13159064
 -0.10872876  0.71550602  0.42286094 -0.5647101  -0.05412899 -0.19096603
  0.21786534  0.36168649 -0.32228109  0.17241515 -0.14632741 -0.64821824
  0.14603907  0.10105001 -0.46918618  0.24635697  0.27426306 -0.58901482
  0.04505081  0.40977931 -0.08756175  0.07516828 -0.50293117  0.43153731
  0.64820245  0.53197432  0.59639245  0.23133623 -0.20850137  0.56083069
 -0.13387894  0.44350851 -0.62962882  0.16408002  0.33281616 -0.70799239
  0.08410328 -0.2174753   0.12103972 -0.27743618  0.22290848 -0.60693786
 -0.22403253 -0.83178226 -0.47760641 -0.23546384 -0.1763662 ]
18,[ 0.13162242  0.0780994   0.08336247  0.09437224  0.32997179  0.13155173
 -0.1082323   0.71595962  0.42229559 -0.56371367 -0.05443573 -0.19175502
  0.21776427  0.36133682 -0.32261837  0.17222481 -0.14629013 -0.64710194
  0.14552216  0.10130867 -0.46798231  0.24579128  0.2742081  -0.58806304
  0.044802    0.41045445 -0.08710895  0.07532795 -0.50270783  0.43182848
  0.6488181   0.53312984  0.59667847  0.23133956 -0.2082149   0.56104288
 -0.13370907  0.44354611 -0.63034454  0.16426303  0.33301489 -0.70669575
  0.0826974  -0.21841425  0.12128118 -0.27849096  0.22283406 -0.60772065
 -0.22548741 -0.83193119 -0.47678012 -0.23586126 -0.17663446]
19,[ 0.13170785  0.077925    0.08340579  0.09425903  0.33006313  0.13151197
 -0.1078278   0.7162953   0.42183337 -0.5629285  -0.0546673  -0.19234872
  0.2176761   0.36107806 -0.32288004  0.17209497 -0.14625444 -0.64622821
  0.14511016  0.1015228  -0.46704072  0.24534     0.27415917 -0.58733715
  0.04459342  0.41097708 -0.08672896  0.0754403  -0.50254279  0.43208012
  0.64927472  0.53403809  0.5969096   0.23134296 -0.20798047  0.56120598
 -0.13359039  0.4435672  -0.63089944  0.16439107  0.33317077 -0.7056678
  0.08157673 -0.21914677  0.12145472 -0.27931668  0.22279409 -0.60830079
 -0.22664112 -0.83204949 -0.47614606 -0.23617108 -0.17684697]
20,[ 0.1317952   0.07779745  0.0833955   0.09418253  0.33014572  0.13147099
 -0.10749538  0.71653927  0.42145276 -0.56230826 -0.05484199 -0.1927909
  0.21759795  0.3608917  -0.32308341  0.17201115 -0.14621893 -0.64554271
  0.14477949  0.1017017  -0.46630515  0.24497807  0.27411592 -0.58678701
  0.04441581  0.4113795  -0.08640528  0.07551669 -0.50242436  0.43230131
  0.64960695  0.53475339  0.59709908  0.23134631 -0.20778715  0.56133256
 -0.13351046  0.44357588 -0.63132859  0.16447746  0.33329381 -0.70484865
  0.08067933 -0.21971885  0.12157593 -0.27996399  0.2227795  -0.60872278
 -0.22755946 -0.83214239 -0.4756608  -0.23641169 -0.17701657]
21,[ 0.13188315  0.07770603  0.0833426   0.09413401  0.33022113  0.13142868
 -0.10721943  0.71671189  0.42113657 -0.56181677 -0.05497347 -0.19311542
  0.21752755  0.36076278 -0.32324175  0.17196245 -0.14618289 -0.64500339
  0.14451194  0.10185277 -0.46573121  0.24468593  0.27407774 -0.58637368
  0.0442621   0.41168737 -0.08612522  0.07556567 -0.50234303  0.43249895
  0.64984192  0.53531811  0.59725679  0.23134956 -0.20762621  0.5614318
 -0.13345997  0.44357519 -0.63165941  0.16453216  0.33339162 -0.70419183
  0.07995661 -0.2201662   0.12165677 -0.28047231  0.22278373 -0.60902137
 -0.22829388 -0.83221451 -0.47529085 -0.23659776 -0.17715312]
22,[ 0.13197095  0.07764252  0.08325599  0.09410692  0.33029072  0.13138509
 -0.10698768  0.716829    0.42087114 -0.56142577 -0.05507198 -0.1933485
  0.21746316  0.36067927 -0.32336524  0.17194064 -0.14614599 -0.64457768
  0.14429342  0.1019819  -0.46528396  0.24444828  0.27404392 -0.58606687
  0.04412686  0.41192095 -0.08587898  0.07559367 -0.50229111  0.43267837
  0.65000091  0.53576534  0.59739021  0.23135266 -0.20749075  0.56151048
 -0.13343194  0.44356739 -0.63191339  0.16456268  0.33346999 -0.7036613
  0.07937052 -0.22051649  0.12170643 -0.28087235  0.22280199 -0.6092237
 -0.22888464 -0.83226981 -0.47501032 -0.23674091 -0.17726413]
23,[ 0.13205823  0.07760058  0.08314277  0.09409627  0.3303556   0.13134035
 -0.10679051  0.71690288  0.42064564 -0.56111318 -0.05514528 -0.1935105
  0.21740344  0.36063159 -0.32346176  0.17193945 -0.14610813 -0.64424034
  0.144113    0.10209375 -0.46493592  0.24425316  0.27401378 -0.58584302
  0.04400593  0.41209626 -0.08565901  0.0756056  -0.50226244  0.43284367
  0.65010053  0.53612088  0.59750498  0.23135562 -0.20737531  0.5615736
 -0.13342107  0.44355418 -0.63210733  0.16457468  0.33353334 -0.70322908
  0.07889123 -0.22079126  0.12173196 -0.281188    0.22283074 -0.60935093
 -0.2293632  -0.83231156 -0.47479924 -0.23685037 -0.1773554 ]
24,[ 0.13214485  0.07757535  0.08300861  0.09409825  0.33041671  0.1312946
 -0.1066204   0.71694313  0.42045151 -0.56086181 -0.05519923 -0.19361721
  0.21734735  0.36061211 -0.32353736  0.17195413 -0.14606934 -0.64397175
  0.14396221  0.10219203 -0.46466554  0.24409126  0.27398667 -0.58568379
  0.04389608  0.41222589 -0.08545948  0.07560516 -0.50225211  0.43299798
  0.65015382  0.53640487  0.5976054   0.23135845 -0.20727558  0.5616249
 -0.13342337  0.44353685 -0.63225438  0.16457248  0.33358508 -0.7028734
  0.07849542 -0.22100721  0.12173882 -0.28143787  0.22286741 -0.60941961
 -0.22975413 -0.8323425  -0.47464209 -0.23693338 -0.17743137]
25,[ 0.13223076  0.07756308  0.08285804  0.09410999  0.3304748   0.13124801
 -0.10647145  0.71695719  0.42028201 -0.56065819 -0.0552383  -0.1936809
  0.21729408  0.36061478 -0.32359672  0.17198102 -0.14602971 -0.6437567
  0.14383449  0.10227963 -0.4644559   0.24395529  0.27396206 -0.58557489
  0.04379485  0.41231974 -0.08527584  0.07559521 -0.50225621  0.43314374
  0.65017095  0.53663304  0.59769475  0.23136115 -0.20718817  0.56166719
 -0.13343579  0.44351636 -0.63236481  0.16455934  0.33362782 -0.70257734
  0.07816483 -0.22117737  0.12173121 -0.28163648  0.22291004 -0.60944263
 -0.23007664 -0.83236484 -0.47452687 -0.23699566 -0.17749548]
26,[ 0.13231598  0.07756084  0.0826946   0.09412924  0.33053048  0.13120072
 -0.10633905  0.71695087  0.42013182 -0.56049185 -0.05526591 -0.19371113
  0.217243    0.36063482 -0.32364348  0.17201732 -0.14598934 -0.64358333
  0.14372473  0.10235886 -0.46429374  0.24383956  0.27393947 -0.5855052
  0.04370032  0.41238561 -0.08510461  0.07557792 -0.50227164  0.43328284
  0.65015987  0.53681765  0.59777554  0.23136374 -0.20711042  0.5617026
 -0.133456    0.44349346 -0.63244665  0.16453778  0.33366358 -0.70232775
  0.07788521 -0.22131185  0.12171237 -0.28179512  0.2229572  -0.60943006
 -0.23034572 -0.83238035 -0.47444426 -0.23704173 -0.17755039]
27,[ 0.13240059  0.07756641  0.08252113  0.0941543   0.33058425  0.13115287
 -0.10621958  0.71692868  0.41999677 -0.56035459 -0.05528466 -0.19371531
  0.21719365  0.36066847 -0.32368044  0.1720609  -0.14594837 -0.64344244
  0.14362896  0.10243151 -0.46416869  0.24373964  0.27391851 -0.58546607
  0.04361101  0.41242959 -0.08494305  0.07555497 -0.50229594  0.43341674
  0.65012679  0.53696828  0.5978497   0.23136625 -0.20704024  0.56173271
 -0.13348222  0.44346871 -0.63250618  0.16450974  0.33369391 -0.70211437
  0.0776454  -0.22141853  0.12168484 -0.2819226   0.2230078  -0.60938977
 -0.23057308 -0.83239047 -0.47438702 -0.23707509 -0.17759815]
28,[ 0.13248464  0.07757802  0.08233984  0.09418385  0.33063649  0.13110458
 -0.10611024  0.71689415  0.41987358 -0.56024004 -0.05529658 -0.19369921
  0.21714565  0.36071276 -0.32370978  0.1721101  -0.14590689 -0.64332686
  0.14354409  0.102499   -0.46407264  0.24365206  0.27389885 -0.58545073
  0.04352578  0.41245647 -0.08478905  0.07552764 -0.5023272   0.43354656
  0.65007657  0.53709237  0.59791871  0.23136868 -0.20697599  0.56175875
 -0.13351307  0.44344253 -0.63254829  0.16447668  0.33372003 -0.70192925
  0.07743671 -0.22150355  0.12165056 -0.28202578  0.22306102 -0.60932788
 -0.23076788 -0.83239634 -0.47434951 -0.23709853 -0.17764034]
29,[ 0.13256821  0.07759432  0.08215247  0.09421687  0.33068752  0.13105594
 -0.10600881  0.71685001  0.4197597  -0.56014321 -0.05530319 -0.19366734
  0.2170987   0.36076537 -0.32373319  0.17216363 -0.145865   -0.643231
  0.14346773  0.10256244 -0.46399923  0.24357412  0.27388023 -0.58545394
  0.04344374  0.41246998 -0.08464097  0.07549693 -0.5023639   0.43367318
  0.65001301  0.53719577  0.59798371  0.23137104 -0.20691638  0.56178165
 -0.1335475   0.44341526 -0.63257681  0.16443975  0.33374287 -0.70176615
  0.07725231 -0.22157168  0.12161104 -0.28211001  0.22311623 -0.60924917
 -0.23093724 -0.83239887 -0.47432738 -0.23711421 -0.17767821]
30,[ 0.13265137  0.07761428  0.0819604   0.09425258  0.33073758  0.13100702
 -0.10591358  0.7167984   0.41965311 -0.56006021 -0.05530571 -0.1936232
  0.21705258  0.36082446 -0.32375199  0.17222051 -0.1458228  -0.64315053
  0.14339801  0.10262271 -0.4639435   0.24350371  0.27386244 -0.58547158
  0.04336419  0.41247306 -0.08449753  0.0754636  -0.50240483  0.43379728
  0.64993905  0.53728302  0.59804559  0.23137336 -0.20686041  0.56180212
 -0.13358469  0.44338715 -0.63259474  0.16439983  0.33376316 -0.70162025
  0.07708691 -0.22162664  0.12156746 -0.28217946  0.22317296 -0.60915738
 -0.23108672 -0.83239877 -0.4743172  -0.23712383 -0.17771269]
31,[ 0.13273417  0.07763706  0.0817647   0.09429036  0.33078688  0.13095791
 -0.10582321  0.71674099  0.41955224 -0.55998801 -0.05530504 -0.19356952
  0.21700712  0.36088861 -0.32376719  0.17227997 -0.14578034 -0.64308205
  0.14333348  0.10268048 -0.46390157  0.24343918  0.27384532 -0.58550046
  0.04328661  0.41246801 -0.08435774  0.07542826 -0.50244907  0.43391939
  0.649857    0.53735765  0.59810504  0.23137563 -0.2068073   0.56182072
 -0.13362401  0.4433584  -0.63260439  0.1643576   0.33378146 -0.70148778
  0.07693635 -0.22167133  0.12152074 -0.28223737  0.22323084 -0.60905542
 -0.23122069 -0.83239661 -0.47431633 -0.23712872 -0.17774455]
32,[ 0.13281667  0.07766204  0.08156622  0.09432974  0.33083557  0.13090864
 -0.10573665  0.71667907  0.41945585 -0.55992424 -0.05530191 -0.19350842
  0.21696219  0.36095669 -0.3237796   0.17234143 -0.1457377  -0.64302293
  0.14327299  0.10273629 -0.46387042  0.24337926  0.27382871 -0.58553809
  0.04321057  0.4124566  -0.08422081  0.07539135 -0.50249588  0.43403992
  0.64976868  0.53742245  0.59816258  0.23137787 -0.20675643  0.56183785
 -0.13366498  0.44332917 -0.63260761  0.16431359  0.33379821 -0.70136579
  0.07679741 -0.22170802  0.12147158 -0.28228629  0.22328959 -0.60894555
 -0.23134254 -0.83239284 -0.47432272 -0.23712992 -0.17777435]
33,[ 0.1328989   0.07768872  0.08136561  0.09437036  0.33088376  0.13085926
 -0.10565308  0.71661366  0.41936299 -0.55986705 -0.05529686 -0.19344156
  0.21691767  0.36102781 -0.32378982  0.17240442 -0.14569491 -0.64297111
  0.14321568  0.10279055 -0.46384767  0.24332295  0.27381253 -0.58558252
  0.04313575  0.41244025 -0.08408616  0.07535325 -0.50254469  0.43415919
  0.64967549  0.53747955  0.59821863  0.23138008 -0.20670732  0.56185386
 -0.13370721  0.44329956 -0.63260579  0.16426821  0.33381374 -0.70125201
  0.07666754 -0.22173846  0.12142054 -0.2823282   0.22334901 -0.60882956
 -0.2314549  -0.83238781 -0.47433474 -0.23712823 -0.17780254]
34,[ 0.13298089  0.07771672  0.08116338  0.09441193  0.33093155  0.13080981
 -0.10557185  0.71654554  0.4192729  -0.55981501 -0.05529032 -0.19337022
  0.2168735   0.3611013  -0.32379835  0.17246858 -0.14565202 -0.64292499
  0.14316085  0.10284359 -0.46383149  0.24326945  0.27379667 -0.58563225
  0.04306189  0.41242005 -0.08395331  0.07531422 -0.50259504  0.43427746
  0.64957852  0.53753066  0.5982735   0.23138227 -0.20665959  0.56186898
 -0.13375042  0.44326967 -0.63260007  0.16422177  0.33382833 -0.70114463
  0.07654479 -0.22176403  0.12136805 -0.28236462  0.22340893 -0.60870882
 -0.23155984 -0.8323818  -0.47435115 -0.2371243  -0.17782948]
35,[ 0.13306269  0.07774574  0.08095996  0.09445422  0.33097903  0.13076032
 -0.10549248  0.71647533  0.41918499 -0.55976699 -0.05528263 -0.19329543
  0.21682959  0.36117662 -0.32380555  0.17253364 -0.14560906 -0.64288332
  0.14310796  0.10289567 -0.46382042  0.24321816  0.27378107 -0.58568608
  0.04298881  0.41239684 -0.08382189  0.07527448 -0.50264659  0.43439491
  0.64947864  0.53757707  0.59832745  0.23138445 -0.20661295  0.56188341
 -0.13379437  0.44323957 -0.63259129  0.16417453  0.33384218 -0.70104228
  0.07642761 -0.22178581  0.12131444 -0.28239676  0.22346921 -0.60858441
 -0.23165898 -0.83237502 -0.47437097 -0.23711862 -0.17785544]
36,[ 0.13314431  0.07777554  0.08075564  0.09449708  0.33102623  0.1307108
 -0.10541458  0.71640352  0.41909881 -0.55972212 -0.05527405 -0.19321795
  0.21678591  0.36125334 -0.32381171  0.17259939 -0.14556605 -0.64284513
  0.14305661  0.10294699 -0.46381334  0.24316861  0.27376569 -0.5857431
  0.04291635  0.4123713  -0.08369162  0.0752342  -0.50269905  0.4345117
  0.64937651  0.53761982  0.59838066  0.2313866  -0.20656718  0.5618973
 -0.13383889  0.44320931 -0.63258014  0.16412667  0.33385545 -0.70094387
  0.07631479 -0.22180461  0.12125998 -0.28242557  0.22352977 -0.60845717
 -0.23175357 -0.83236764 -0.47439345 -0.23711158 -0.17788062]
37,[ 0.13322577  0.07780595  0.08055067  0.09454035  0.33107323  0.13066127
 -0.10533783  0.71633046  0.41901399 -0.55967971 -0.05526477 -0.1931384
  0.21674241  0.36133113 -0.32381707  0.17266565 -0.14552302 -0.64280965
  0.14300646  0.10299769 -0.46380937  0.24312042  0.27375047 -0.58580259
  0.04284439  0.41234395 -0.08356228  0.07519351 -0.50275222  0.43462795
  0.64927266  0.53765971  0.59843328  0.23138875 -0.20652209  0.56191077
 -0.13388385  0.44317894 -0.63256714  0.16407834  0.33386826 -0.70084855
  0.07620542 -0.2218211   0.12120486 -0.28245176  0.22359053 -0.60832776
 -0.23184459 -0.8323598  -0.47441799 -0.23710347 -0.17790519]
38,[ 0.13330708  0.07783682  0.08034526  0.09458394  0.33112004  0.13061175
 -0.105262    0.71625646  0.41893026 -0.55963923 -0.05525496 -0.19305727
  0.21669907  0.36140975 -0.3238218   0.17273229 -0.14547997 -0.64277631
  0.14295726  0.10304791 -0.46380783  0.24307331  0.27373539 -0.58586398
  0.04277283  0.4123152  -0.0834337   0.07515251 -0.50280593  0.43474374
  0.64916748  0.53769735  0.59848544  0.23139088 -0.20647754  0.56192391
 -0.13392912  0.44314849 -0.6325527   0.16402966  0.33388072 -0.70075565
  0.07609874 -0.22183579  0.12114925 -0.28247592  0.22365141 -0.60819669
 -0.23193281 -0.83235159 -0.47444413 -0.23709454 -0.17792929]
39,[ 0.13338825  0.07786804  0.08013954  0.09462777  0.3311667   0.13056225
 -0.10518691  0.71618174  0.41884739 -0.55960026 -0.05524473 -0.19297491
  0.21665585  0.36148899 -0.32382604  0.17279921 -0.14543693 -0.64274462
  0.14290881  0.10309774 -0.46380818  0.24302704  0.27372042 -0.58592685
  0.04270161  0.41228535 -0.08330573  0.07511128 -0.50286004  0.43485914
  0.6490613   0.53773323  0.59853722  0.23139301 -0.20643343  0.56193679
 -0.13397464  0.44311798 -0.63253715  0.16398071  0.3338929  -0.70066468
  0.0759942  -0.22184906  0.12109327 -0.28249848  0.2237124  -0.60806437
 -0.23201883 -0.83234311 -0.4744715  -0.23708497 -0.177953  ]
40,[ 0.1334693   0.07789953  0.07993364  0.09467177  0.33121322  0.13051278
 -0.10511242  0.71610648  0.41876522 -0.55956248 -0.05523418 -0.19289163
  0.21661275  0.36156869 -0.3238299   0.17286634 -0.1453939  -0.64271424
  0.14286096  0.10314725 -0.46381001  0.24298145  0.27370554 -0.58599085
  0.04263067  0.41225466 -0.08317828  0.07506988 -0.50291445  0.43497423
  0.64895437  0.53776773  0.59858869  0.23139512 -0.20638967  0.56194947
 -0.13402034  0.44308744 -0.63252073  0.16393158  0.33390485 -0.70057522
  0.07589134 -0.22186123  0.12103701 -0.2825198   0.22377343 -0.60793109
 -0.23210311 -0.83233441 -0.47449984 -0.2370749  -0.17797641]
41,[ 0.13355024  0.07793122  0.07972765  0.09471589  0.33125964  0.13046333
 -0.1050384   0.71603082  0.41868361 -0.55952563 -0.05522338 -0.19280764
  0.21656975  0.36164873 -0.32383345  0.1729336  -0.14535089 -0.64268489
  0.14281358  0.1031965  -0.46381298  0.24293639  0.27369073 -0.58605572
  0.04255996  0.41222333 -0.08305126  0.07502836 -0.50296908  0.43508903
  0.64884687  0.53780116  0.59863991  0.23139724 -0.20634619  0.56196198
 -0.13406616  0.44305687 -0.63250364  0.16388231  0.33391663 -0.70048697
  0.07578983 -0.22187254  0.12098055 -0.28254014  0.2238345  -0.6077971
 -0.23218601 -0.83232554 -0.47452891 -0.23706444 -0.17799959]
42,[ 0.13363106  0.07796306  0.07952163  0.0947601   0.33130595  0.13041392
 -0.10496478  0.71595486  0.41860246 -0.55948953 -0.05521239 -0.19272312
  0.21652684  0.36172902 -0.32383678  0.17300096 -0.14530791 -0.64265633
  0.14276659  0.10324553 -0.46381685  0.24289177  0.27367598 -0.58612124
  0.04248945  0.4121915  -0.08292461  0.07498675 -0.50302387  0.43520358
  0.64873897  0.53783373  0.59869092  0.23139934 -0.20630294  0.56197436
 -0.13411206  0.4430263  -0.63248604  0.16383295  0.33392827 -0.70039967
  0.07568938 -0.22188317  0.12092395 -0.28255971  0.22389557 -0.6076626
 -0.23226782 -0.83231654 -0.47455855 -0.23705369 -0.17802257]
43,[ 0.13371177  0.07799501  0.07931565  0.09480437  0.33135218  0.13036456
 -0.10489149  0.71587869  0.41852169 -0.559454   -0.05520126 -0.19263822
  0.216484    0.36180949 -0.32383991  0.17306838 -0.14526496 -0.64262842
  0.14271991  0.10329439 -0.46382141  0.24284749  0.27366128 -0.58618726
  0.04241911  0.41215929 -0.08279828  0.07494509 -0.50307878  0.43531791
  0.64863077  0.53786563  0.59874176  0.23140144 -0.20625989  0.56198663
 -0.13415803  0.44299573 -0.63246803  0.16378352  0.3339398  -0.70031315
  0.0755898  -0.22189327  0.12086725 -0.28257867  0.22395663 -0.60752772
 -0.23234875 -0.83230745 -0.47458863 -0.23704271 -0.17804539]
44,[ 0.13379238  0.07802703  0.07910975  0.09484867  0.33139832  0.13031523
 -0.10481846  0.71580238  0.41844124 -0.55941894 -0.05519001 -0.19255303
  0.21644124  0.36189006 -0.32384291  0.17313582 -0.14522204 -0.642601
  0.14267349  0.10334309 -0.46382652  0.24280348  0.27364663 -0.58625365
  0.04234893  0.41212679 -0.08267223  0.0749034  -0.50313375  0.43543203
  0.64852237  0.53789699  0.59879245  0.23140354 -0.20621699  0.56199883
 -0.13420402  0.44296517 -0.63244972  0.16373406  0.33395124 -0.70022724
  0.0754909  -0.22190296  0.12081049 -0.28259717  0.22401766 -0.60739259
 -0.23242899 -0.83229829 -0.47461904 -0.23703156 -0.17806809]
45,[ 0.13387289  0.07805911  0.07890395  0.09489298  0.33144439  0.13026596
 -0.10474566  0.71572597  0.41836104 -0.55938425 -0.05517869 -0.19246764
  0.21639854  0.36197071 -0.32384579  0.17320327 -0.14517916 -0.64257398
  0.14262727  0.10339167 -0.46383204  0.24275971  0.27363201 -0.58632031
  0.04227888  0.41209408 -0.08254642  0.07486169 -0.50318877  0.43554598
  0.64841384  0.53792794  0.59884301  0.23140564 -0.20617423  0.56201095
 -0.13425003  0.44293462 -0.63243117  0.16368458  0.3339626  -0.70014184
  0.07539257 -0.22191233  0.1207537  -0.28261529  0.22407867 -0.6072573
 -0.23250866 -0.83228906 -0.47464971 -0.23702027 -0.17809068]
46,[ 0.1339533   0.07809121  0.0786983   0.09493729  0.33149039  0.13021673
 -0.10467306  0.7156495   0.41828108 -0.55934986 -0.0551673  -0.19238212
  0.21635591  0.36205139 -0.32384859  0.17327071 -0.14513633 -0.64254728
  0.14258123  0.10344012 -0.46383789  0.24271613  0.27361743 -0.58638717
  0.04220896  0.4120612  -0.08242084  0.07481998 -0.50324381  0.43565975
  0.64830523  0.53795855  0.59889345  0.23140773 -0.20613159  0.56202302
 -0.13429604  0.44290409 -0.63241245  0.16363511  0.33397391 -0.70005686
  0.07529471 -0.22192144  0.12069689 -0.28263312  0.22413963 -0.60712191
 -0.23258787 -0.8322798  -0.47468056 -0.23700887 -0.17811319]
47,[ 0.13403362  0.07812333  0.0784928   0.09498159  0.33153632  0.13016755
 -0.10460063  0.71557301  0.41820131 -0.55931571 -0.05515586 -0.19229652
  0.21631333  0.36213208 -0.32385131  0.17333811 -0.14509353 -0.64252083
  0.14253534  0.10348848 -0.46384399  0.2426727   0.27360287 -0.58645416
  0.04213915  0.41202821 -0.08229547  0.07477827 -0.50329885  0.43577336
  0.6481966   0.53798889  0.5989438   0.23140982 -0.20608904  0.56203504
 -0.13434203  0.44287359 -0.63239359  0.16358564  0.33398516 -0.69997222
  0.07519723 -0.22193035  0.12064009 -0.28265071  0.22420054 -0.60698648
 -0.23266671 -0.83227051 -0.47471154 -0.2369974  -0.17813562]
48,[ 0.13411384  0.07815546  0.07828748  0.09502588  0.33158219  0.13011843
 -0.10452836  0.71549653  0.41812171 -0.55928175 -0.0551444  -0.19221087
  0.21627082  0.36221275 -0.32385398  0.17340548 -0.14505077 -0.64249458
  0.14248957  0.10353675 -0.46385029  0.24262941  0.27358834 -0.58652124
  0.04206945  0.41199514 -0.08217029  0.07473659 -0.50335388  0.43588681
  0.64808796  0.53801902  0.59899406  0.2314119  -0.20604659  0.56204702
 -0.13438801  0.44284311 -0.63237463  0.1635362   0.33399638 -0.69988786
  0.07510008 -0.22193909  0.12058331 -0.28266811  0.22426141 -0.60685105
 -0.23274523 -0.8322612  -0.47474263 -0.23698588 -0.17815799]
49,[ 0.13419396  0.07818758  0.07808235  0.09507013  0.33162801  0.13006935
 -0.10445621  0.71542006  0.41804227 -0.55924795 -0.05513291 -0.19212521
  0.21622835  0.36229339 -0.3238566   0.17347281 -0.14500806 -0.6424685
  0.14244391  0.10358494 -0.46385674  0.24258623  0.27357384 -0.58658838
  0.04199984  0.41196201 -0.08204529  0.07469493 -0.50340889  0.43600011
  0.64797936  0.53804897  0.59904423  0.23141398 -0.20600421  0.56205896
 -0.13443396  0.44281265 -0.6323556   0.16348679  0.33400756 -0.69980376
  0.0750032  -0.22194772  0.12052656 -0.28268536  0.22432222 -0.60671566
 -0.23282349 -0.83225188 -0.47477379 -0.23697431 -0.1781803 ]
50,[ 0.13427399  0.0782197   0.07787741  0.09511436  0.33167376  0.13002033
 -0.1043842   0.71534362  0.41796296 -0.55921429 -0.05512141 -0.19203956
  0.21618594  0.36237399 -0.3238592   0.17354008 -0.1449654  -0.64244255
  0.14239835  0.10363305 -0.4638633   0.24254315  0.27355936 -0.58665554
  0.04193033  0.41192884 -0.08192046  0.0746533  -0.50346386  0.43611327
  0.6478708   0.53807877  0.59909433  0.23141606 -0.20596191  0.56207088
 -0.13447987  0.44278223 -0.63233652  0.16343741  0.3340187  -0.69971986
  0.07490656 -0.22195624  0.12046984 -0.28270249  0.22438297 -0.60658033
 -0.23290152 -0.83224254 -0.474805   -0.23696272 -0.17820257]
51,[ 0.13435393  0.07825179  0.07767268  0.09515855  0.33171946  0.12997137
 -0.10431229  0.71526724  0.41788379 -0.55918074 -0.05510989 -0.19195394
  0.21614358  0.36245453 -0.32386176  0.17360729 -0.14492278 -0.64241672
  0.14235287  0.10368108 -0.46386995  0.24250017  0.27354489 -0.5867227
  0.04186092  0.41189566 -0.08179579  0.0746117  -0.5035188   0.43622629
  0.64776231  0.53810845  0.59914435  0.23141814 -0.20591968  0.56208277
 -0.13452575  0.44275183 -0.6323174   0.16338807  0.33402983 -0.69963615
  0.07481014 -0.22196468  0.12041316 -0.28271953  0.22444366 -0.60644508
 -0.23297936 -0.8322332  -0.47483624 -0.2369511  -0.17822479]
52,[ 0.13443378  0.07828387  0.07746815  0.0952027   0.3317651   0.12992245
 -0.10424049  0.7151909   0.41780473 -0.55914728 -0.05509838 -0.19186837
  0.21610128  0.36253501 -0.3238643   0.17367444 -0.14488021 -0.64239097
  0.14230747  0.10372906 -0.46387667  0.24245726  0.27353045 -0.58678985
  0.04179159  0.41186246 -0.08167129  0.07457013 -0.50357369  0.43633918
  0.6476539   0.53813803  0.5991943   0.23142021 -0.20587751  0.56209464
 -0.13457159  0.44272146 -0.63229826  0.16333878  0.33404093 -0.69955261
  0.0747139  -0.22197306  0.12035653 -0.28273648  0.22450428 -0.60630993
 -0.23305702 -0.83222386 -0.47486749 -0.23693947 -0.17824698]
53,[ 0.13451354  0.07831592  0.07726384  0.09524681  0.33181068  0.12987359
 -0.1041688   0.71511463  0.41772579 -0.55911391 -0.05508686 -0.19178285
  0.21605902  0.36261542 -0.32386683  0.17374153 -0.14483768 -0.64236531
  0.14226215  0.10377696 -0.46388345  0.24241442  0.27351603 -0.58685697
  0.04172234  0.41182927 -0.08154694  0.07452861 -0.50362854  0.43645193
  0.64754557  0.53816752  0.59924419  0.23142228 -0.20583539  0.56210649
 -0.13461738  0.44269113 -0.6322791   0.16328953  0.33405201 -0.69946922
  0.07461784 -0.22198139  0.12029995 -0.28275336  0.22456485 -0.60617488
 -0.23313454 -0.83221453 -0.47489874 -0.23692784 -0.17826913]
54,[ 0.1345932   0.07834794  0.07705975  0.09529087  0.33185622  0.12982478
 -0.1040972   0.71503842  0.41764696 -0.55908061 -0.05507535 -0.19169739
  0.21601681  0.36269575 -0.32386934  0.17380855 -0.1447952  -0.64233972
  0.14221689  0.10382481 -0.46389025  0.24237166  0.27350163 -0.58692405
  0.04165318  0.41179609 -0.08142274  0.07448712 -0.50368333  0.43656454
  0.64743734  0.53819694  0.59929402  0.23142435 -0.20579334  0.56211832
 -0.13466313  0.44266083 -0.63225994  0.16324033  0.33406307 -0.69938597
  0.07452193 -0.22198967  0.12024342 -0.28277019  0.22462535 -0.60603995
 -0.23321191 -0.83220519 -0.47492999 -0.2369162  -0.17829124]
55,[ 0.13467278  0.07837994  0.07685587  0.0953349   0.3319017   0.12977603
 -0.10402569  0.71496229  0.41756823 -0.55904737 -0.05506384 -0.19161201
  0.21597465  0.36277601 -0.32387183  0.1738755  -0.14475277 -0.64231418
  0.1421717   0.10387259 -0.46389709  0.24232895  0.27348724 -0.58699109
  0.0415841   0.41176293 -0.08129869  0.07444568 -0.50373807  0.43667703
  0.64732921  0.5382263   0.59934378  0.23142642 -0.20575134  0.56213013
 -0.13470884  0.44263056 -0.63224078  0.16319118  0.33407411 -0.69930284
  0.07442616 -0.22199792  0.12018695 -0.28278697  0.22468578 -0.60590515
 -0.23328916 -0.83219586 -0.47496123 -0.23690456 -0.17831333]
56,[ 0.13475226  0.0784119   0.07665222  0.09537887  0.33194712  0.12972733
 -0.10395427  0.71488623  0.4174896  -0.5590142  -0.05505234 -0.19152671
  0.21593254  0.36285619 -0.32387432  0.17394238 -0.14471038 -0.6422887
  0.14212657  0.10392032 -0.46390395  0.24228631  0.27347288 -0.58705807
  0.04151511  0.41172979 -0.08117478  0.07440428 -0.50379276  0.43678938
  0.64722119  0.53825559  0.59939348  0.23142848 -0.20570939  0.56214192
 -0.1347545   0.44260032 -0.63222162  0.16314208  0.33408514 -0.69921983
  0.07433054 -0.22200613  0.12013054 -0.28280371  0.22474615 -0.60577048
 -0.23336629 -0.83218654 -0.47499245 -0.23689292 -0.17833538]
57,[ 0.13483166  0.07844384  0.07644879  0.0954228   0.3319925   0.12967869
 -0.10388294  0.71481024  0.41741106 -0.55898107 -0.05504085 -0.19144148
  0.21589048  0.36293629 -0.3238768   0.17400919 -0.14466804 -0.64226326
  0.1420815   0.10396798 -0.46391082  0.24224372  0.27345853 -0.58712499
  0.04144619  0.41169667 -0.08105103  0.07436292 -0.50384739  0.4369016
  0.64711327  0.53828484  0.59944312  0.23143054 -0.20566749  0.5621537
 -0.1348001   0.44257012 -0.63220247  0.16309303  0.33409615 -0.69913694
  0.07423504 -0.22201432  0.12007418 -0.28282041  0.22480645 -0.60563595
 -0.23344331 -0.83217723 -0.47502366 -0.2368813  -0.17835741]
58,[ 0.13491096  0.07847574  0.07624558  0.09546669  0.33203782  0.1296301
 -0.1038117   0.71473433  0.41733262 -0.558948   -0.05502936 -0.19135634
  0.21584847  0.3630163  -0.32387927  0.17407592 -0.14462575 -0.64223787
  0.14203648  0.10401559 -0.4639177   0.24220119  0.27344419 -0.58719185
  0.04137736  0.41166358 -0.08092741  0.07432161 -0.50390197  0.4370137
  0.64700547  0.53831403  0.59949271  0.2314326  -0.20562564  0.56216546
 -0.13484567  0.44253995 -0.63218334  0.16304403  0.33410715 -0.69905416
  0.07413967 -0.2220225   0.12001789 -0.28283708  0.22486669 -0.60550155
 -0.23352023 -0.83216792 -0.47505483 -0.23686967 -0.17837941]
59,[ 0.13499017  0.07850761  0.0760426   0.09551052  0.33208309  0.12958157
 -0.10374054  0.71465851  0.41725428 -0.55891498 -0.05501789 -0.19127129
  0.2158065   0.36309623 -0.32388174  0.17414259 -0.14458351 -0.64221252
  0.14199152  0.10406315 -0.46392458  0.24215871  0.27342988 -0.58725865
  0.0413086   0.41163052 -0.08080394  0.07428034 -0.50395648  0.43712567
  0.64689778  0.53834318  0.59954223  0.23143466 -0.20558385  0.56217721
 -0.13489118  0.44250981 -0.63216421  0.16299509  0.33411813 -0.69897148
  0.07404442 -0.22203065  0.11996165 -0.28285371  0.22492686 -0.6053673
 -0.23359704 -0.83215862 -0.47508599 -0.23685806 -0.17840138]
60,[ 0.1350693   0.07853944  0.07583985  0.09555431  0.33212831  0.12953309
 -0.10366947  0.71458276  0.41717603 -0.558882   -0.05500642 -0.19118632
  0.21576458  0.36317607 -0.3238842   0.17420918 -0.14454131 -0.6421872
  0.14194662  0.10411065 -0.46393147  0.24211628  0.27341558 -0.58732538
  0.04123992  0.41159749 -0.08068061  0.07423912 -0.50401094  0.43723751
  0.6467902   0.53837229  0.5995917   0.23143671 -0.2055421   0.56218895
 -0.13493664  0.44247971 -0.63214511  0.1629462   0.3341291  -0.6988889
  0.07394929 -0.22203878  0.11990548 -0.28287032  0.22498696 -0.60523319
 -0.23367376 -0.83214933 -0.47511711 -0.23684646 -0.17842332]
61,[ 0.13514834  0.07857124  0.07563732  0.09559805  0.33217348  0.12948466
 -0.10359848  0.7145071   0.41709786 -0.55884906 -0.05499497 -0.19110145
  0.21572271  0.36325583 -0.32388665  0.1742757  -0.14449916 -0.64216192
  0.14190176  0.10415809 -0.46393836  0.24207391  0.27340129 -0.58739204
  0.04117132  0.41156449 -0.08055742  0.07419794 -0.50406533  0.43734922
  0.64668274  0.53840136  0.59964111  0.23143876 -0.2055004   0.56220066
 -0.13498205  0.44244964 -0.63212602  0.16289737  0.33414006 -0.69880643
  0.07385427 -0.2220469   0.11984936 -0.28288691  0.225047   -0.60509922
 -0.23375038 -0.83214005 -0.4751482  -0.23683487 -0.17844524]
62,[ 0.13522728  0.07860301  0.07543502  0.09564175  0.3322186   0.12943629
 -0.10352757  0.71443152  0.41701979 -0.55881617 -0.05498353 -0.19101667
  0.21568089  0.36333549 -0.32388911  0.17434214 -0.14445706 -0.64213668
  0.14185696  0.10420548 -0.46394524  0.24203158  0.27338702 -0.58745863
  0.0411028   0.41153153 -0.08043437  0.07415681 -0.50411967  0.43746081
  0.6465754   0.53843039  0.59969047  0.23144081 -0.20545875  0.56221237
 -0.13502741  0.4424196  -0.63210694  0.16284858  0.334151   -0.69872406
  0.07375937 -0.22205501  0.11979331 -0.28290347  0.22510697 -0.6049654
 -0.2338269  -0.83213078 -0.47517927 -0.23682328 -0.17846713]
63,[ 0.13530614  0.07863474  0.07523294  0.09568539  0.33226366  0.12938797
 -0.10345674  0.71435602  0.41694181 -0.55878332 -0.0549721  -0.19093197
  0.21563911  0.36341507 -0.32389155  0.17440851 -0.14441501 -0.64211146
  0.14181222  0.10425282 -0.46395213  0.2419893   0.27337277 -0.58752516
  0.04103436  0.4114986  -0.08031146  0.07411572 -0.50417395  0.43757227
  0.64646818  0.53845938  0.59973976  0.23144286 -0.20541715  0.56222406
 -0.13507272  0.4423896  -0.63208789  0.16279985  0.33416193 -0.69864178
  0.07366458 -0.2220631   0.11973732 -0.28292001  0.22516687 -0.60483173
 -0.23390334 -0.83212152 -0.4752103  -0.23681171 -0.17848899]
64,[ 0.13538491  0.07866643  0.0750311   0.09572898  0.33230868  0.12933971
 -0.10338599  0.7142806   0.41686392 -0.55875051 -0.05496068 -0.19084738
  0.21559739  0.36349456 -0.323894    0.17447481 -0.144373   -0.64208628
  0.14176752  0.1043001  -0.46395901  0.24194708  0.27335854 -0.58759161
  0.040966    0.4114657  -0.08018869  0.07407468 -0.50422817  0.4376836
  0.64636107  0.53848834  0.59978901  0.23144491 -0.20537559  0.56223574
 -0.13511798  0.44235963 -0.63206886  0.16275118  0.33417284 -0.6985596
  0.0735699  -0.22207118  0.11968139 -0.28293653  0.2252267  -0.60469821
 -0.23397969 -0.83211226 -0.4752413  -0.23680016 -0.17851084]
65,[ 0.13546359  0.07869809  0.07482947  0.09577253  0.33235364  0.1292915
 -0.10331533  0.71420527  0.41678612 -0.55871773 -0.05494928 -0.19076287
  0.2155557   0.36357397 -0.32389644  0.17454103 -0.14433104 -0.64206113
  0.14172288  0.10434733 -0.46396588  0.2419049   0.27334432 -0.58765798
  0.04089771  0.41143284 -0.08006605  0.07403368 -0.50428232  0.43779481
  0.64625409  0.53851726  0.59983819  0.23144695 -0.20533409  0.5622474
 -0.13516319  0.44232969 -0.63204984  0.16270256  0.33418375 -0.69847751
  0.07347533 -0.22207925  0.11962553 -0.28295302  0.22528647 -0.60456483
 -0.23405594 -0.83210302 -0.47527226 -0.23678861 -0.17853265]
66,[ 0.13554218  0.07872972  0.07462808  0.09581603  0.33239855  0.12924335
 -0.10324474  0.71413002  0.41670841 -0.558685   -0.05493789 -0.19067846
  0.21551407  0.36365328 -0.32389887  0.17460718 -0.14428912 -0.64203601
  0.14167829  0.10439451 -0.46397275  0.24186277  0.27333012 -0.58772429
  0.0408295   0.41140002 -0.07994356  0.07399274 -0.50433642  0.43790589
  0.64614722  0.53854615  0.59988732  0.23144899 -0.20529263  0.56225905
 -0.13520835  0.44229979 -0.63203084  0.162654    0.33419464 -0.69839552
  0.07338087 -0.22208731  0.11956973 -0.2829695   0.22534617 -0.6044316
 -0.23413211 -0.83209379 -0.47530319 -0.23677707 -0.17855444]
67,[ 0.13562069  0.07876131  0.07442691  0.09585948  0.33244342  0.12919525
 -0.10317423  0.71405486  0.41663078 -0.5586523  -0.05492651 -0.19059414
  0.21547248  0.36373251 -0.32390131  0.17467325 -0.14424726 -0.64201092
  0.14163374  0.10444163 -0.46397961  0.24182069  0.27331593 -0.58779052
  0.04076136  0.41136723 -0.07982121  0.07395183 -0.50439046  0.43801685
  0.64604047  0.538575    0.5999364   0.23145103 -0.20525121  0.56227069
 -0.13525346  0.44226992 -0.63201187  0.16260549  0.33420552 -0.69831362
  0.07328652 -0.22209536  0.11951399 -0.28298596  0.2254058  -0.60429852
 -0.23420819 -0.83208457 -0.47533409 -0.23676555 -0.17857621]
68,[ 0.1356991   0.07879286  0.07422596  0.09590288  0.33248823  0.1291472
 -0.10310381  0.71397978  0.41655324 -0.55861964 -0.05491514 -0.19050992
  0.21543094  0.36381164 -0.32390374  0.17473925 -0.14420544 -0.64198586
  0.14158925  0.1044887  -0.46398647  0.24177866  0.27330176 -0.58785667
  0.0406933   0.41133448 -0.07969899  0.07391097 -0.50444443  0.43812768
  0.64593385  0.53860382  0.59998541  0.23145306 -0.20520985  0.56228231
 -0.13529852  0.44224008 -0.63199292  0.16255703  0.33421638 -0.69823182
  0.07319228 -0.2221034   0.11945831 -0.28300239  0.22546537 -0.60416559
 -0.23428418 -0.83207536 -0.47536496 -0.23675404 -0.17859795]
69,[ 0.13577743  0.07882438  0.07402525  0.09594623  0.33253299  0.12909921
 -0.10303346  0.71390479  0.41647579 -0.55858702 -0.05490378 -0.19042579
  0.21538945  0.36389069 -0.32390617  0.17480517 -0.14416367 -0.64196082
  0.14154481  0.10453571 -0.46399332  0.24173667  0.27328761 -0.58792276
  0.04062532  0.41130176 -0.07957691  0.07387016 -0.50449835  0.43823839
  0.64582734  0.5386326   0.60003438  0.2314551  -0.20516853  0.56229392
 -0.13534353  0.44221028 -0.63197398  0.16250863  0.33422724 -0.69815011
  0.07309814 -0.22211143  0.11940269 -0.28301881  0.22552487 -0.60403281
 -0.23436009 -0.83206616 -0.47539579 -0.23674254 -0.17861966]
70,[ 0.13585567  0.07885586  0.07382475  0.09598953  0.3325777   0.12905127
 -0.1029632   0.71382988  0.41639843 -0.55855444 -0.05489244 -0.19034175
  0.215348    0.36396965 -0.32390859  0.17487103 -0.14412194 -0.64193582
  0.14150042  0.10458267 -0.46400016  0.24169473  0.27327347 -0.58798877
  0.04055742  0.41126908 -0.07945497  0.0738294  -0.5045522   0.43834897
  0.64572095  0.53866136  0.60008329  0.23145713 -0.20512726  0.56230552
 -0.13538848  0.44218051 -0.63195507  0.16246028  0.33423808 -0.69806849
  0.07300411 -0.22211945  0.11934714 -0.28303521  0.2255843  -0.60390018
 -0.23443591 -0.83205696 -0.47542658 -0.23673106 -0.17864136]
71,[ 0.13593382  0.07888731  0.07362449  0.09603279  0.33262236  0.12900339
 -0.10289301  0.71375505  0.41632116 -0.55852189 -0.05488111 -0.19025781
  0.2153066   0.36404852 -0.32391101  0.1749368  -0.14408027 -0.64191085
  0.14145608  0.10462958 -0.464007    0.24165284  0.27325935 -0.5880547
  0.04048959  0.41123644 -0.07933317  0.07378867 -0.50460599  0.43845943
  0.64561468  0.53869008  0.60013214  0.23145916 -0.20508603  0.5623171
 -0.13543339  0.44215078 -0.63193618  0.16241199  0.33424891 -0.69798697
  0.07291019 -0.22212746  0.11929165 -0.28305159  0.22564366 -0.60376769
 -0.23451164 -0.83204778 -0.47545735 -0.23671959 -0.17866302]
72,[ 0.13601188  0.07891873  0.07342445  0.09607599  0.33266697  0.12895556
 -0.1028229   0.71368031  0.41624397 -0.55848938 -0.05486979 -0.19017396
  0.21526525  0.36412731 -0.32391343  0.17500251 -0.14403863 -0.6418859
  0.14141179  0.10467644 -0.46401383  0.241611    0.27324524 -0.58812057
  0.04042184  0.41120383 -0.0792115   0.073748   -0.50465973  0.43856977
  0.64550853  0.53871876  0.60018094  0.23146118 -0.20504485  0.56232868
 -0.13547825  0.44212108 -0.63191731  0.16236375  0.33425973 -0.69790553
  0.07281637 -0.22213546  0.11923622 -0.28306795  0.22570296 -0.60363536
 -0.23458729 -0.83203861 -0.47548808 -0.23670813 -0.17868467]
73,[ 0.13608985  0.0789501   0.07322463  0.09611915  0.33271153  0.12890778
 -0.10275287  0.71360565  0.41616687 -0.55845691 -0.05485849 -0.19009021
  0.21522394  0.364206   -0.32391585  0.17506814 -0.14399705 -0.64186098
  0.14136755  0.10472324 -0.46402065  0.24156921  0.27323115 -0.58818635
  0.04035417  0.41117126 -0.07908997  0.07370737 -0.5047134   0.43867997
  0.6454025   0.53874742  0.60022968  0.23146321 -0.20500372  0.56234023
 -0.13552305  0.44209141 -0.63189846  0.16231556  0.33427053 -0.69782419
  0.07272266 -0.22214345  0.11918086 -0.28308429  0.22576219 -0.60350317
 -0.23466285 -0.83202945 -0.47551877 -0.23669668 -0.17870628]
74,[ 0.13616774  0.07898145  0.07302504  0.09616226  0.33275604  0.12886006
 -0.10268292  0.71353107  0.41608986 -0.55842447 -0.0548472  -0.19000655
  0.21518268  0.36428461 -0.32391826  0.17513369 -0.14395551 -0.64183609
  0.14132336  0.10476999 -0.46402746  0.24152746  0.27321708 -0.58825207
  0.04028657  0.41113873 -0.07896858  0.07366679 -0.50476701  0.43879006
  0.64529658  0.53877604  0.60027837  0.23146523 -0.20496263  0.56235178
 -0.13556781  0.44206178 -0.63187963  0.16226743  0.33428132 -0.69774294
  0.07262905 -0.22215143  0.11912555 -0.28310061  0.22582136 -0.60337113
 -0.23473832 -0.8320203  -0.47554943 -0.23668525 -0.17872788]
75,[ 0.13624554  0.07901275  0.07282567  0.09620532  0.3328005   0.12881239
 -0.10261305  0.71345658  0.41601293 -0.55839207 -0.05483592 -0.18992299
  0.21514147  0.36436312 -0.32392067  0.17519917 -0.14391402 -0.64181123
  0.14127922  0.10481669 -0.46403427  0.24148576  0.27320302 -0.58831771
  0.04021905  0.41110623 -0.07884732  0.07362625 -0.50482057  0.43890002
  0.64519079  0.53880463  0.600327    0.23146725 -0.20492159  0.56236331
 -0.13561251  0.44203218 -0.63186082  0.16221936  0.3342921  -0.69766179
  0.07253556 -0.2221594   0.11907031 -0.28311691  0.22588046 -0.60323924
 -0.23481372 -0.83201116 -0.47558005 -0.23667383 -0.17874945]
76,[ 0.13632325  0.07904403  0.07262653  0.09624833  0.33284491  0.12876478
 -0.10254326  0.71338217  0.41593609 -0.55835971 -0.05482465 -0.18983952
  0.2151003   0.36444155 -0.32392308  0.17526458 -0.14387258 -0.6417864
  0.14123513  0.10486333 -0.46404107  0.2414441   0.27318897 -0.58838328
  0.0401516   0.41107377 -0.07872621  0.07358576 -0.50487406  0.43900986
  0.64508512  0.53883318  0.60037558  0.23146927 -0.2048806   0.56237483
 -0.13565717  0.44200261 -0.63184203  0.16217133  0.33430287 -0.69758072
  0.07244216 -0.22216737  0.11901513 -0.2831332   0.22593949 -0.6031075
 -0.23488902 -0.83200203 -0.47561065 -0.23666242 -0.17877099]
77,[ 0.13640088  0.07907526  0.07242761  0.09629129  0.33288927  0.12871722
 -0.10247354  0.71330785  0.41585934 -0.55832739 -0.0548134  -0.18975614
  0.21505918  0.36451989 -0.32392548  0.17532992 -0.14383118 -0.6417616
  0.14119109  0.10490993 -0.46404786  0.2414025   0.27317495 -0.58844877
  0.04008423  0.41104135 -0.07860522  0.07354531 -0.50492749  0.43911957
  0.64497956  0.53886171  0.6004241   0.23147128 -0.20483965  0.56238633
 -0.13570177  0.44197307 -0.63182327  0.16212337  0.33431363 -0.69749975
  0.07234887 -0.22217532  0.11896002 -0.28314946  0.22599845 -0.60297591
 -0.23496424 -0.83199291 -0.4756412  -0.23665103 -0.17879251]
78,[ 0.13647841  0.07910647  0.07222892  0.09633421  0.33293358  0.12866971
 -0.10240391  0.71323361  0.41578267 -0.5582951  -0.05480216 -0.18967286
  0.2150181   0.36459814 -0.32392789  0.17539518 -0.14378983 -0.64173682
  0.1411471   0.10495647 -0.46405465  0.24136094  0.27316094 -0.58851419
  0.04001694  0.41100896 -0.07848438  0.07350491 -0.50498086  0.43922916
  0.64487413  0.5388902   0.60047257  0.2314733  -0.20479875  0.56239783
 -0.13574633  0.44194357 -0.63180452  0.16207545  0.33432437 -0.69741887
  0.07225569 -0.22218327  0.11890496 -0.28316571  0.22605735 -0.60284447
 -0.23503938 -0.8319838  -0.47567172 -0.23663964 -0.17881401]
79,[ 0.13655586  0.07913763  0.07203045  0.09637707  0.33297784  0.12862225
 -0.10233435  0.71315945  0.41570609 -0.55826284 -0.05479093 -0.18958967
  0.21497708  0.36467631 -0.32393029  0.17546036 -0.14374853 -0.64171207
  0.14110316  0.10500295 -0.46406142  0.24131942  0.27314694 -0.58857954
  0.03994972  0.41097661 -0.07836367  0.07346456 -0.50503417  0.43933863
  0.64476881  0.53891866  0.60052099  0.23147531 -0.20475789  0.56240931
 -0.13579083  0.44191411 -0.6317858   0.16202759  0.3343351  -0.69733807
  0.07216261 -0.2221912   0.11884997 -0.28318194  0.22611618 -0.60271317
 -0.23511443 -0.8319747  -0.47570221 -0.23662827 -0.17883548]
80,[ 0.13663322  0.07916877  0.0718322   0.09641989  0.33302205  0.12857485
 -0.10226487  0.71308538  0.41562959 -0.55823063 -0.05477971 -0.18950657
  0.21493609  0.36475438 -0.32393268  0.17552548 -0.14370727 -0.64168735
  0.14105926  0.10504939 -0.46406819  0.24127796  0.27313296 -0.58864481
  0.03988258  0.41094429 -0.07824309  0.07342425 -0.50508743  0.43944797
  0.64466361  0.53894708  0.60056935  0.23147732 -0.20471708  0.56242077
 -0.13583528  0.44188467 -0.63176709  0.16197978  0.33434582 -0.69725737
  0.07206964 -0.22219913  0.11879504 -0.28319815  0.22617495 -0.60258202
 -0.2351894  -0.83196562 -0.47573267 -0.23661692 -0.17885693]
81,[ 0.1367105   0.07919986  0.07163418  0.09646266  0.33306621  0.12852751
 -0.10219547  0.71301139  0.41555319 -0.55819845 -0.05476851 -0.18942357
  0.21489516  0.36483237 -0.32393508  0.17559052 -0.14366606 -0.64166266
  0.14101542  0.10509577 -0.46407496  0.24123654  0.273119   -0.58871001
  0.03981551  0.41091202 -0.07812265  0.07338398 -0.50514062  0.43955719
  0.64455853  0.53897548  0.60061765  0.23147932 -0.20467632  0.56243223
 -0.13587969  0.44185527 -0.63174841  0.16193203  0.33435653 -0.69717676
  0.07197677 -0.22220705  0.11874017 -0.28321435  0.22623365 -0.60245102
 -0.23526428 -0.83195654 -0.47576308 -0.23660557 -0.17887835]
82,[ 0.13678768  0.07923092  0.07143638  0.09650538  0.33311032  0.12848021
 -0.10212615  0.71293748  0.41547686 -0.5581663  -0.05475732 -0.18934066
  0.21485427  0.36491027 -0.32393747  0.17565549 -0.14362489 -0.64163799
  0.14097163  0.1051421  -0.46408171  0.24119516  0.27310505 -0.58877513
  0.03974852  0.41087977 -0.07800235  0.07334376 -0.50519375  0.43966629
  0.64445357  0.53900384  0.6006659   0.23148133 -0.2046356   0.56244367
 -0.13592404  0.4418259  -0.63172975  0.16188433  0.33436722 -0.69709625
  0.071884   -0.22221496  0.11868536 -0.28323052  0.22629228 -0.60232017
 -0.23533908 -0.83194747 -0.47579347 -0.23659424 -0.17889975]
83,[ 0.13686479  0.07926195  0.0712388   0.09654806  0.33315438  0.12843297
 -0.1020569   0.71286366  0.41540063 -0.55813419 -0.05474614 -0.18925784
  0.21481342  0.36498809 -0.32393986  0.17572038 -0.14358378 -0.64161336
  0.14092788  0.10518838 -0.46408846  0.24115384  0.27309112 -0.58884019
  0.03968161  0.41084757 -0.07788218  0.07330359 -0.50524682  0.43977526
  0.64434872  0.53903218  0.6007141   0.23148333 -0.20459493  0.5624551
 -0.13596835  0.44179657 -0.63171111  0.16183669  0.33437791 -0.69701582
  0.07179135 -0.22222286  0.11863062 -0.28324668  0.22635085 -0.60218946
 -0.23541379 -0.83193841 -0.47582382 -0.23658292 -0.17892113]
84,[ 0.1369418   0.07929294  0.07104145  0.09659068  0.33319839  0.12838578
 -0.10198774  0.71278992  0.41532448 -0.55810212 -0.05473497 -0.18917512
  0.21477262  0.36506581 -0.32394224  0.1757852  -0.1435427  -0.64158875
  0.14088419  0.10523461 -0.4640952   0.24111256  0.2730772  -0.58890517
  0.03961477  0.4108154  -0.07776215  0.07326346 -0.50529983  0.43988412
  0.644244    0.53906047  0.60076224  0.23148533 -0.2045543   0.56246651
 -0.1360126   0.44176726 -0.63169249  0.1617891   0.33438858 -0.69693548
  0.07169879 -0.22223075  0.11857593 -0.28326282  0.22640935 -0.6020589
 -0.23548842 -0.83192936 -0.47585414 -0.23657162 -0.17894248]
85,[ 0.13701873  0.0793239   0.07084432  0.09663326  0.33324235  0.12833865
 -0.10191865  0.71271626  0.41524841 -0.55807009 -0.05472382 -0.18909249
  0.21473187  0.36514345 -0.32394463  0.17584995 -0.14350168 -0.64156416
  0.14084054  0.10528078 -0.46410193  0.24107132  0.2730633  -0.58897007
  0.039548    0.41078326 -0.07764226  0.07322338 -0.50535279  0.43999285
  0.64413939  0.53908874  0.60081033  0.23148732 -0.20451372  0.56247792
 -0.1360568   0.44173799 -0.6316739   0.16174156  0.33439924 -0.69685523
  0.07160634 -0.22223863  0.11852131 -0.28327894  0.22646779 -0.60192849
 -0.23556297 -0.83192033 -0.47588442 -0.23656032 -0.17896381]
86,[ 0.13709557  0.07935482  0.07064741  0.09667579  0.33328627  0.12829157
 -0.10184964  0.71264269  0.41517244 -0.55803809 -0.05471268 -0.18900996
  0.21469117  0.365221   -0.32394701  0.17591463 -0.1434607  -0.64153961
  0.14079695  0.1053269  -0.46410865  0.24103014  0.27304941 -0.5890349
  0.03948131  0.41075117 -0.07752249  0.07318334 -0.50540568  0.44010145
  0.6440349   0.53911698  0.60085836  0.23148932 -0.20447318  0.56248931
 -0.13610096  0.44170876 -0.63165532  0.16169407  0.33440989 -0.69677508
  0.07151399 -0.22224651  0.11846675 -0.28329504  0.22652616 -0.60179822
 -0.23563743 -0.8319113  -0.47591467 -0.23654904 -0.17898511]
87,[ 0.13717232  0.07938571  0.07045072  0.09671827  0.33333013  0.12824454
 -0.10178071  0.7125692   0.41509654 -0.55800613 -0.05470155 -0.18892751
  0.21465051  0.36529846 -0.32394938  0.17597923 -0.14341977 -0.64151508
  0.1407534   0.10537297 -0.46411537  0.240989    0.27303554 -0.58909966
  0.0394147   0.41071911 -0.07740287  0.07314334 -0.50545851  0.44020994
  0.64393052  0.53914518  0.60090634  0.23149131 -0.2044327   0.56250068
 -0.13614506  0.44167955 -0.63163676  0.16164664  0.33442052 -0.69669501
  0.07142175 -0.22225437  0.11841225 -0.28331112  0.22658447 -0.60166811
 -0.2357118  -0.83190228 -0.47594488 -0.23653778 -0.17900639]
88,[ 0.13724899  0.07941656  0.07025425  0.09676071  0.33337394  0.12819757
 -0.10171185  0.71249579  0.41502073 -0.5579742  -0.05469044 -0.18884516
  0.21460989  0.36537584 -0.32395176  0.17604376 -0.14337888 -0.64149059
  0.1407099   0.10541899 -0.46412208  0.2409479   0.27302169 -0.58916435
  0.03934816  0.41068708 -0.07728338  0.0731034  -0.50551129  0.4403183
  0.64382627  0.53917335  0.60095427  0.2314933  -0.20439225  0.56251205
 -0.13618912  0.44165038 -0.63161823  0.16159927  0.33443114 -0.69661503
  0.07132961 -0.22226223  0.11835781 -0.28332719  0.2266427  -0.60153813
 -0.2357861  -0.83189327 -0.47597506 -0.23652652 -0.17902765]
89,[ 0.13732557  0.07944738  0.070058    0.09680309  0.33341771  0.12815064
 -0.10164307  0.71242247  0.41494501 -0.55794231 -0.05467933 -0.18876291
  0.21456932  0.36545312 -0.32395413  0.17610822 -0.14333804 -0.64146611
  0.14066645  0.10546496 -0.46412878  0.24090685  0.27300785 -0.58922897
  0.03928169  0.41065509 -0.07716402  0.07306349 -0.505564    0.44042654
  0.64372213  0.5392015   0.60100214  0.23149529 -0.20435185  0.5625234
 -0.13623312  0.44162125 -0.63159971  0.16155194  0.33444176 -0.69653515
  0.07123758 -0.22227007  0.11830344 -0.28334324  0.22670088 -0.60140831
 -0.23586031 -0.83188428 -0.47600521 -0.23651528 -0.17904888]
90,[ 0.13740206  0.07947816  0.06986198  0.09684543  0.33346142  0.12810377
 -0.10157437  0.71234922  0.41486937 -0.55791045 -0.05466824 -0.18868074
  0.2145288   0.36553033 -0.3239565   0.1761726  -0.14329724 -0.64144167
  0.14062305  0.10551087 -0.46413547  0.24086585  0.27299403 -0.58929351
  0.0392153   0.41062314 -0.0770448   0.07302363 -0.50561666  0.44053466
  0.64361811  0.5392296   0.60104996  0.23149728 -0.2043115   0.56253474
 -0.13627708  0.44159214 -0.63158122  0.16150467  0.33445236 -0.69645535
  0.07114564 -0.22227791  0.11824912 -0.28335927  0.22675899 -0.60127863
 -0.23593444 -0.83187529 -0.47603532 -0.23650405 -0.17907009]
91,[ 0.13747847  0.07950891  0.06966617  0.09688772  0.33350509  0.12805696
 -0.10150575  0.71227606  0.41479382 -0.55787863 -0.05465716 -0.18859867
  0.21448832  0.36560744 -0.32395887  0.17623691 -0.14325649 -0.64141725
  0.1405797   0.10555674 -0.46414216  0.2408249   0.27298022 -0.58935798
  0.03914899  0.41059122 -0.07692571  0.07298382 -0.50566925  0.44064265
  0.64351421  0.53925768  0.60109772  0.23149926 -0.2042712   0.56254606
 -0.13632099  0.44156307 -0.63156275  0.16145745  0.33446294 -0.69637565
  0.07105382 -0.22228574  0.11819487 -0.28337528  0.22681703 -0.60114909
 -0.23600848 -0.83186631 -0.4760654  -0.23649283 -0.17909127]
92,[ 0.1375548   0.07953962  0.06947059  0.09692997  0.3335487   0.12801019
 -0.10143721  0.71220298  0.41471836 -0.55784685 -0.0546461  -0.18851669
  0.21444789  0.36568447 -0.32396123  0.17630115 -0.14321579 -0.64139287
  0.1405364   0.10560255 -0.46414884  0.24078399  0.27296643 -0.58942237
  0.03908274  0.41055934 -0.07680675  0.07294405 -0.50572179  0.44075053
  0.64341042  0.53928573  0.60114543  0.23150124 -0.20423093  0.56255738
 -0.13636484  0.44153403 -0.6315443   0.16141029  0.33447352 -0.69629603
  0.07096209 -0.22229356  0.11814067 -0.28339127  0.226875   -0.60101971
 -0.23608244 -0.83185735 -0.47609545 -0.23648163 -0.17911243]
93,[ 0.13763103  0.0795703   0.06927522  0.09697216  0.33359227  0.12796348
 -0.10136874  0.71212999  0.41464297 -0.5578151  -0.05463505 -0.1884348
  0.2144075   0.36576141 -0.32396359  0.17636532 -0.14317513 -0.6413685
  0.14049315  0.10564831 -0.46415551  0.24074312  0.27295265 -0.5894867
  0.03901658  0.41052749 -0.07668793  0.07290433 -0.50577427  0.44085828
  0.64330675  0.53931374  0.60119309  0.23150322 -0.20419072  0.56256868
 -0.13640865  0.44150502 -0.63152587  0.16136318  0.33448408 -0.6962165
  0.07087047 -0.22230138  0.11808654 -0.28340725  0.22693292 -0.60089046
 -0.23615631 -0.83184839 -0.47612546 -0.23647044 -0.17913357]
94,[ 0.13770718  0.07960095  0.06908008  0.09701431  0.33363579  0.12791682
 -0.10130035  0.71205707  0.41456768 -0.55778339 -0.054624   -0.188353
  0.21436716  0.36583826 -0.32396595  0.17642941 -0.14313452 -0.64134417
  0.14044994  0.10569402 -0.46416217  0.24070231  0.27293889 -0.58955095
  0.03895049  0.41049569 -0.07656924  0.07286465 -0.50582668  0.44096591
  0.6432032   0.53934172  0.60124069  0.2315052  -0.20415055  0.56257996
 -0.13645241  0.44147605 -0.63150746  0.16131612  0.33449463 -0.69613707
  0.07077895 -0.22230918  0.11803247 -0.2834232   0.22699076 -0.60076137
 -0.23623011 -0.83183944 -0.47615543 -0.23645926 -0.17915468]
95,[ 0.13778325  0.07963156  0.06888516  0.09705641  0.33367926  0.12787022
 -0.10123203  0.71198424  0.41449247 -0.55775171 -0.05461298 -0.1882713
  0.21432687  0.36591503 -0.32396831  0.17649344 -0.14309395 -0.64131987
  0.14040678  0.10573967 -0.46416883  0.24066153  0.27292515 -0.58961513
  0.03888447  0.41046391 -0.07645069  0.07282502 -0.50587904  0.44107342
  0.64309976  0.53936967  0.60128824  0.23150717 -0.20411042  0.56259124
 -0.13649612  0.44144711 -0.63148907  0.16126911  0.33450517 -0.69605772
  0.07068754 -0.22231697  0.11797846 -0.28343914  0.22704854 -0.60063242
 -0.23630382 -0.83183051 -0.47618538 -0.23644809 -0.17917577]
96,[ 0.13785923  0.07966213  0.06869045  0.09709846  0.33372268  0.12782366
 -0.1011638   0.71191149  0.41441734 -0.55772007 -0.05460196 -0.18818969
  0.21428662  0.36599171 -0.32397066  0.17655739 -0.14305343 -0.64129559
  0.14036368  0.10578528 -0.46417548  0.24062081  0.27291142 -0.58967923
  0.03881853  0.41043217 -0.07633227  0.07278543 -0.50593134  0.44118081
  0.64299644  0.53939759  0.60133574  0.23150915 -0.20407034  0.5626025
 -0.13653978  0.4414182  -0.6314707   0.16122216  0.3345157  -0.69597846
  0.07059622 -0.22232476  0.11792451 -0.28345507  0.22710626 -0.60050361
 -0.23637745 -0.83182158 -0.47621529 -0.23643694 -0.17919683]
97,[ 0.13793512  0.07969268  0.06849597  0.09714047  0.33376605  0.12777716
 -0.10109564  0.71183882  0.41434229 -0.55768847 -0.05459096 -0.18810817
  0.21424641  0.36606831 -0.32397302  0.17662127 -0.14301296 -0.64127133
  0.14032062  0.10583083 -0.46418212  0.24058013  0.2728977  -0.58974327
  0.03875266  0.41040047 -0.07621398  0.07274588 -0.50598359  0.44128808
  0.64289324  0.53942548  0.60138318  0.23151112 -0.2040303   0.56261375
 -0.13658339  0.44138932 -0.63145235  0.16117526  0.33452622 -0.69589929
  0.07050502 -0.22233253  0.11787062 -0.28347097  0.22716391 -0.60037495
 -0.23645099 -0.83181267 -0.47624516 -0.23642579 -0.17921787]
98,[ 0.13801093  0.07972318  0.0683017   0.09718243  0.33380937  0.12773071
 -0.10102755  0.71176624  0.41426734 -0.5576569  -0.05457997 -0.18802674
  0.21420625  0.36614482 -0.32397536  0.17668507 -0.14297253 -0.64124711
  0.14027761  0.10587633 -0.46418875  0.24053949  0.272884   -0.58980723
  0.03868686  0.41036881 -0.07609583  0.07270638 -0.50603577  0.44139523
  0.64279015  0.53945334  0.60143057  0.23151308 -0.20399031  0.56262499
 -0.13662695  0.44136048 -0.63143402  0.16112842  0.33453672 -0.69582021
  0.07041391 -0.2223403   0.11781679 -0.28348685  0.2272215  -0.60024643
 -0.23652445 -0.83180376 -0.47627501 -0.23641467 -0.17923889]
99,[ 0.13808665  0.07975365  0.06810765  0.09722434  0.33385264  0.12768431
 -0.10095954  0.71169373  0.41419246 -0.55762536 -0.05456899 -0.18794541
  0.21416614  0.36622124 -0.32397771  0.17674881 -0.14293215 -0.64122291
  0.14023464  0.10592179 -0.46419538  0.24049891  0.27287032 -0.58987112
  0.03862114  0.41033717 -0.07597781  0.07266692 -0.50608789  0.44150226
  0.64268718  0.53948116  0.6014779   0.23151505 -0.20395037  0.56263621
 -0.13667046  0.44133167 -0.63141572  0.16108162  0.33454721 -0.69574122
  0.0703229  -0.22234806  0.11776302 -0.28350272  0.22727902 -0.60011806
 -0.23659783 -0.83179486 -0.47630481 -0.23640355 -0.17925988]
100,[ 0.13816229  0.07978409  0.06791382  0.0972662   0.33389587  0.12763797
 -0.10089161  0.71162131  0.41411767 -0.55759386 -0.05455802 -0.18786416
  0.21412607  0.36629758 -0.32398005  0.17681247 -0.14289181 -0.64119874
  0.14019173  0.10596719 -0.464202    0.24045836  0.27285665 -0.58993494
  0.0385555   0.41030558 -0.07585992  0.07262751 -0.50613996  0.44160917
  0.64258433  0.53950896  0.60152519  0.23151701 -0.20391047  0.56264742
 -0.13671393  0.44130289 -0.63139743  0.16103488  0.3345577  -0.69566232
  0.070232   -0.22235581  0.11770932 -0.28351857  0.22733648 -0.59998984
 -0.23667113 -0.83178598 -0.47633459 -0.23639245 -0.17928085]
101,[ 0.13823785  0.0798145   0.06772021  0.09730802  0.33393904  0.12759168
 -0.10082376  0.71154897  0.41404297 -0.5575624  -0.05454707 -0.18778301
  0.21408605  0.36637383 -0.32398239  0.17687606 -0.14285152 -0.6411746
  0.14014887  0.10601254 -0.46420861  0.24041787  0.272843   -0.58999868
  0.03848993  0.41027402 -0.07574217  0.07258814 -0.50619196  0.44171595
  0.64248159  0.53953672  0.60157242  0.23151898 -0.20387061  0.56265862
 -0.13675734  0.44127414 -0.63137916  0.16098819  0.33456816 -0.6955835
  0.0701412  -0.22236355  0.11765567 -0.28353441  0.22739387 -0.59986175
 -0.23674434 -0.8317771  -0.47636433 -0.23638135 -0.1793018 ]
102,[ 0.13831331  0.07984487  0.06752682  0.09734979  0.33398217  0.12754544
 -0.10075598  0.71147671  0.41396835 -0.55753097 -0.05453613 -0.18770195
  0.21404607  0.36644999 -0.32398473  0.17693958 -0.14281127 -0.64115049
  0.14010605  0.10605783 -0.46421521  0.24037742  0.27282936 -0.59006236
  0.03842443  0.4102425  -0.07562455  0.07254882 -0.50624391  0.44182262
  0.64237896  0.53956445  0.60161959  0.23152093 -0.2038308   0.56266981
 -0.13680071  0.44124543 -0.63136092  0.16094156  0.33457862 -0.69550478
  0.07005051 -0.22237129  0.11760208 -0.28355022  0.2274512  -0.59973382
 -0.23681747 -0.83176823 -0.47639404 -0.23637028 -0.17932272]
103,[ 0.1383887   0.0798752   0.06733365  0.09739151  0.33402525  0.12749925
 -0.10068828  0.71140453  0.41389381 -0.55749958 -0.0545252  -0.18762098
  0.21400613  0.36652607 -0.32398707  0.17700303 -0.14277107 -0.6411264
  0.14006328  0.10610308 -0.46422181  0.24033701  0.27281574 -0.59012596
  0.038359    0.41021101 -0.07550706  0.07250954 -0.5062958   0.44192917
  0.64227646  0.53959215  0.60166671  0.23152289 -0.20379104  0.56268098
 -0.13684402  0.44121675 -0.63134269  0.16089497  0.33458907 -0.69542614
  0.06995991 -0.22237901  0.11754856 -0.28356602  0.22750846 -0.59960602
 -0.23689052 -0.83175938 -0.47642371 -0.23635921 -0.17934362]
104,[ 0.13846399  0.0799055   0.06714069  0.09743319  0.33406828  0.12745311
 -0.10062066  0.71133244  0.41381936 -0.55746823 -0.05451428 -0.1875401
  0.21396624  0.36660206 -0.3239894   0.17706641 -0.14273091 -0.64110234
  0.14002056  0.10614828 -0.4642284   0.24029665  0.27280213 -0.59018949
  0.03829365  0.41017955 -0.0753897   0.07247031 -0.50634763  0.44203559
  0.64217406  0.53961982  0.60171378  0.23152485 -0.20375132  0.56269214
 -0.13688729  0.4411881  -0.63132449  0.16084844  0.3345995  -0.6953476
  0.06986942 -0.22238673  0.11749509 -0.28358179  0.22756566 -0.59947837
 -0.23696349 -0.83175053 -0.47645335 -0.23634816 -0.1793645 ]
105,[ 0.13853921  0.07993577  0.06694795  0.09747482  0.33411126  0.12740703
 -0.10055311  0.71126042  0.41374499 -0.5574369  -0.05450338 -0.18745931
  0.2139264   0.36667797 -0.32399173  0.17712971 -0.1426908  -0.6410783
  0.13997789  0.10619342 -0.46423498  0.24025634  0.27278854 -0.59025295
  0.03822837  0.41014814 -0.07527248  0.07243112 -0.50639941  0.4421419
  0.64207179  0.53964746  0.6017608   0.2315268  -0.20371164  0.56270329
 -0.13693051  0.44115948 -0.63130631  0.16080196  0.33460992 -0.69526914
  0.06977903 -0.22239443  0.11744169 -0.28359756  0.22762279 -0.59935087
 -0.23703637 -0.8317417  -0.47648296 -0.23633711 -0.17938535]
106,[ 0.13861433  0.079966    0.06675543  0.0975164   0.3341542   0.127361
 -0.10048564  0.71118849  0.4136707  -0.55740562 -0.05449248 -0.18737861
  0.2138866   0.36675379 -0.32399406  0.17719295 -0.14265073 -0.6410543
  0.13993526  0.10623852 -0.46424155  0.24021607  0.27277497 -0.59031634
  0.03816317  0.41011676 -0.07515538  0.07239197 -0.50645112  0.44224808
  0.64196962  0.53967506  0.60180776  0.23152875 -0.20367201  0.56271443
 -0.13697368  0.44113089 -0.63128814  0.16075554  0.33462033 -0.69519077
  0.06968874 -0.22240213  0.11738834 -0.2836133   0.22767986 -0.5992235
 -0.23710917 -0.83173287 -0.47651254 -0.23632608 -0.17940618]
107,[ 0.13868938  0.0799962   0.06656312  0.09755794  0.33419708  0.12731502
 -0.10041824  0.71111663  0.4135965  -0.55737437 -0.0544816  -0.18729801
  0.21384685  0.36682953 -0.32399638  0.17725611 -0.14261071 -0.64103032
  0.13989268  0.10628356 -0.46424812  0.24017584  0.2727614  -0.59037966
  0.03809804  0.41008541 -0.07503842  0.07235287 -0.50650278  0.44235415
  0.64186758  0.53970264  0.60185467  0.2315307  -0.20363242  0.56272555
 -0.1370168   0.44110234 -0.63127     0.16070916  0.33463073 -0.69511249
  0.06959855 -0.22240982  0.11733506 -0.28362902  0.22773687 -0.59909628
 -0.23718189 -0.83172405 -0.47654208 -0.23631507 -0.17942698]
108,[ 0.13876434  0.08002637  0.06637103  0.09759943  0.33423992  0.12726909
 -0.10035092  0.71104486  0.41352238 -0.55734315 -0.05447074 -0.18721749
  0.21380714  0.36690518 -0.3239987   0.1773192  -0.14257074 -0.64100636
  0.13985015  0.10632855 -0.46425468  0.24013566  0.27274786 -0.5904429
  0.03803298  0.4100541  -0.07492159  0.07231381 -0.50655437  0.4424601
  0.64176565  0.53973018  0.60190153  0.23153264 -0.20359288  0.56273666
 -0.13705988  0.44107382 -0.63125188  0.16066284  0.33464112 -0.69503429
  0.06950847 -0.2224175   0.11728183 -0.28364473  0.22779381 -0.59896921
 -0.23725453 -0.83171525 -0.47657159 -0.23630406 -0.17944777]
109,[ 0.13883921  0.0800565   0.06617916  0.09764087  0.33428271  0.12722321
 -0.10028367  0.71097317  0.41344834 -0.55731197 -0.05445988 -0.18713707
  0.21376747  0.36698075 -0.32400102  0.17738222 -0.1425308  -0.64098244
  0.13980767  0.1063735  -0.46426123  0.24009553  0.27273433 -0.59050608
  0.037968    0.41002282 -0.07480489  0.0722748  -0.50660591  0.44256593
  0.64166383  0.5397577   0.60194834  0.23153459 -0.20355338  0.56274776
 -0.1371029   0.44104533 -0.63123378  0.16061657  0.33465149 -0.69495619
  0.06941848 -0.22242518  0.11722867 -0.28366042  0.22785069 -0.59884228
 -0.23732709 -0.83170645 -0.47660106 -0.23629307 -0.17946852]
110,[ 0.138914    0.0800866   0.0659875   0.09768226  0.33432545  0.12717739
 -0.1002165   0.71090156  0.41337439 -0.55728082 -0.05444904 -0.18705673
  0.21372785  0.36705623 -0.32400334  0.17744517 -0.14249092 -0.64095854
  0.13976524  0.10641839 -0.46426778  0.24005544  0.27272081 -0.59056918
  0.03790309  0.40999158 -0.07468833  0.07223583 -0.5066574   0.44267164
  0.64156213  0.53978518  0.60199509  0.23153653 -0.20351393  0.56275884
 -0.13714588  0.44101688 -0.6312157   0.16057035  0.33466185 -0.69487817
  0.0693286  -0.22243284  0.11717556 -0.28367609  0.2279075  -0.59871549
 -0.23739956 -0.83169766 -0.4766305  -0.23628209 -0.17948926]
111,[ 0.13898871  0.08011666  0.06579606  0.09772361  0.33436814  0.12713161
 -0.10014941  0.71083003  0.41330052 -0.55724971 -0.05443821 -0.18697649
  0.21368828  0.36713162 -0.32400566  0.17750805 -0.14245108 -0.64093467
  0.13972286  0.10646323 -0.46427431  0.2400154   0.27270731 -0.59063221
  0.03783825  0.40996037 -0.07457189  0.0721969  -0.50670882  0.44277723
  0.64146054  0.53981263  0.60204179  0.23153847 -0.20347452  0.56276992
 -0.1371888   0.44098845 -0.63119764  0.16052419  0.33467221 -0.69480024
  0.06923882 -0.2224405   0.11712252 -0.28369175  0.22796425 -0.59858884
 -0.23747196 -0.83168889 -0.47665991 -0.23627113 -0.17950997]
112,[ 0.13906333  0.08014669  0.06560483  0.09776491  0.33441078  0.12708589
 -0.10008239  0.71075858  0.41322674 -0.55721864 -0.05442739 -0.18689633
  0.21364874  0.36720694 -0.32400797  0.17757086 -0.14241128 -0.64091082
  0.13968052  0.10650802 -0.46428084  0.2399754   0.27269383 -0.59069518
  0.03777349  0.4099292  -0.07445559  0.07215802 -0.50676019  0.4428827
  0.64135906  0.53984005  0.60208844  0.23154041 -0.20343515  0.56278098
 -0.13723168  0.44096006 -0.6311796   0.16047808  0.33468255 -0.69472239
  0.06914914 -0.22244814  0.11706953 -0.28370739  0.22802093 -0.59846233
 -0.23754427 -0.83168012 -0.47668929 -0.23626017 -0.17953066]
113,[ 0.13913787  0.08017668  0.06541382  0.09780617  0.33445338  0.12704022
 -0.10001545  0.71068721  0.41315304 -0.5571876  -0.05441658 -0.18681627
  0.21360926  0.36728216 -0.32401028  0.1776336  -0.14237153 -0.640887
  0.13963823  0.10655276 -0.46428737  0.23993545  0.27268036 -0.59075807
  0.03770879  0.40989807 -0.07433942  0.07211918 -0.50681149  0.44298805
  0.6412577   0.53986744  0.60213503  0.23154234 -0.20339583  0.56279203
 -0.13727452  0.4409317  -0.63116158  0.16043201  0.33469287 -0.69464464
  0.06905956 -0.22245578  0.11701661 -0.28372301  0.22807755 -0.59833597
 -0.2376165  -0.83167136 -0.47671863 -0.23624923 -0.17955133]
114,[ 0.13921232  0.08020665  0.06522302  0.09784738  0.33449593  0.1269946
 -0.09994858  0.71061592  0.41307942 -0.55715659 -0.05440578 -0.1867363
  0.21356982  0.3673573  -0.32401258  0.17769627 -0.14233182 -0.64086321
  0.13959599  0.10659745 -0.46429388  0.23989554  0.27266691 -0.59082089
  0.03764418  0.40986697 -0.07422337  0.07208038 -0.50686274  0.44309328
  0.64115646  0.5398948   0.60218157  0.23154427 -0.20335656  0.56280306
 -0.1373173   0.44090337 -0.63114358  0.160386    0.33470319 -0.69456697
  0.06897008 -0.22246341  0.11696374 -0.28373861  0.22813411 -0.59820975
 -0.23768865 -0.83166262 -0.47674794 -0.2362383  -0.17957197]
115,[ 0.13928669  0.08023657  0.06503244  0.09788854  0.33453843  0.12694903
 -0.09988179  0.71054471  0.41300588 -0.55712562 -0.054395   -0.18665642
  0.21353042  0.36743236 -0.32401489  0.17775886 -0.14229216 -0.64083945
  0.13955379  0.10664209 -0.46430039  0.23985568  0.27265347 -0.59088363
  0.03757963  0.4098359  -0.07410746  0.07204163 -0.50691394  0.4431984
  0.64105533  0.53992213  0.60222806  0.23154621 -0.20331733  0.56281409
 -0.13736003  0.44087507 -0.6311256   0.16034005  0.3347135  -0.69448939
  0.0688807  -0.22247103  0.11691093 -0.28375419  0.22819061 -0.59808367
 -0.23776071 -0.83165388 -0.47677721 -0.23622738 -0.17959259]
116,[ 0.13936098  0.08026647  0.06484208  0.09792966  0.33458088  0.12690352
 -0.09981507  0.71047358  0.41293243 -0.55709469 -0.05438423 -0.18657662
  0.21349107  0.36750733 -0.32401719  0.17782139 -0.14225254 -0.64081571
  0.13951164  0.10668668 -0.46430689  0.23981586  0.27264004 -0.59094631
  0.03751516  0.40980487 -0.07399168  0.07200293 -0.50696507  0.4433034
  0.64095431  0.53994943  0.6022745   0.23154813 -0.20327814  0.5628251
 -0.13740272  0.44084681 -0.63110764  0.16029414  0.33472379 -0.6944119
  0.06879142 -0.22247864  0.11685818 -0.28376976  0.22824704 -0.59795774
 -0.2378327  -0.83164515 -0.47680646 -0.23621648 -0.17961318]
117,[ 0.13943518  0.08029633  0.06465193  0.09797073  0.33462329  0.12685805
 -0.09974843  0.71040253  0.41285906 -0.55706379 -0.05437347 -0.18649692
  0.21345176  0.36758222 -0.32401949  0.17788384 -0.14221297 -0.640792
  0.13946954  0.10673122 -0.46431338  0.23977609  0.27262663 -0.59100892
  0.03745075  0.40977387 -0.07387603  0.07196426 -0.50701615  0.44340827
  0.64085341  0.53997669  0.60232089  0.23155006 -0.203239    0.5628361
 -0.13744536  0.44081858 -0.6310897   0.16024829  0.33473407 -0.6943345
  0.06870225 -0.22248624  0.1168055  -0.28378531  0.2283034  -0.59783194
 -0.23790461 -0.83163643 -0.47683567 -0.23620558 -0.17963375]
118,[ 0.1395093   0.08032616  0.06446199  0.09801175  0.33466564  0.12681264
 -0.09968187  0.71033156  0.41278577 -0.55703292 -0.05436273 -0.18641731
  0.21341249  0.36765703 -0.32402178  0.17794623 -0.14217344 -0.64076831
  0.13942749  0.10677571 -0.46431987  0.23973636  0.27261324 -0.59107146
  0.03738643  0.40974291 -0.07376051  0.07192564 -0.50706717  0.44351304
  0.64075262  0.54000393  0.60236722  0.23155198 -0.2031999   0.56284708
 -0.13748795  0.44079038 -0.63107178  0.16020248  0.33474434 -0.69425718
  0.06861317 -0.22249384  0.11675287 -0.28380084  0.22835971 -0.59770629
 -0.23797643 -0.83162773 -0.47686484 -0.2361947  -0.1796543 ]
119,[ 0.13958334  0.08035595  0.06427226  0.09805273  0.33470795  0.12676727
 -0.09961537  0.71026068  0.41271256 -0.55700209 -0.05435199 -0.18633778
  0.21337327  0.36773175 -0.32402408  0.17800854 -0.14213396 -0.64074466
  0.13938549  0.10682015 -0.46432635  0.23969667  0.27259986 -0.59113392
  0.03732217  0.40971199 -0.07364512  0.07188706 -0.50711813  0.44361768
  0.64065194  0.54003113  0.6024135   0.23155391 -0.20316084  0.56285806
 -0.13753049  0.44076221 -0.63105388  0.16015673  0.3347546  -0.69417995
  0.06852419 -0.22250143  0.1167003  -0.28381636  0.22841595 -0.59758078
 -0.23804817 -0.83161903 -0.47689399 -0.23618383 -0.17967483]
120,[ 0.13965729  0.08038571  0.06408275  0.09809366  0.33475021  0.12672196
 -0.09954896  0.71018987  0.41263944 -0.55697129 -0.05434127 -0.18625835
  0.21333409  0.36780638 -0.32402637  0.17807079 -0.14209452 -0.64072103
  0.13934353  0.10686453 -0.46433282  0.23965703  0.2725865  -0.59119632
  0.03725799  0.4096811  -0.07352986  0.07184853 -0.50716904  0.4437222
  0.64055138  0.54005831  0.60245973  0.23155583 -0.20312183  0.56286902
 -0.13757299  0.44073407 -0.631036    0.16011103  0.33476485 -0.6941028
  0.06843532 -0.222509    0.11664779 -0.28383185  0.22847212 -0.59745541
 -0.23811984 -0.83161034 -0.4769231  -0.23617298 -0.17969533]
121,[ 0.13973116  0.08041544  0.06389346  0.09813454  0.33479243  0.1266767
 -0.09948262  0.71011914  0.4125664  -0.55694053 -0.05433056 -0.186179
  0.21329496  0.36788093 -0.32402866  0.17813296 -0.14205512 -0.64069742
  0.13930162  0.10690887 -0.46433928  0.23961744  0.27257315 -0.59125865
  0.03719388  0.40965024 -0.07341473  0.07181004 -0.50721988  0.44382661
  0.64045093  0.54008545  0.60250591  0.23155774 -0.20308286  0.56287997
 -0.13761544  0.44070596 -0.63101814  0.16006538  0.33477508 -0.69402575
  0.06834654 -0.22251657  0.11659534 -0.28384733  0.22852824 -0.59733018
 -0.23819142 -0.83160166 -0.47695218 -0.23616213 -0.17971581]
122,[ 0.13980495  0.08044513  0.06370437  0.09817538  0.3348346   0.12663149
 -0.09941635  0.71004849  0.41249344 -0.5569098  -0.05431986 -0.18609975
  0.21325587  0.3679554  -0.32403094  0.17819507 -0.14201577 -0.64067384
  0.13925976  0.10695316 -0.46434574  0.23957789  0.27255982 -0.5913209
  0.03712984  0.40961942 -0.07329973  0.07177159 -0.50727068  0.4439309
  0.64035059  0.54011257  0.60255203  0.23155966 -0.20304394  0.56289091
 -0.13765783  0.44067789 -0.6310003   0.16001979  0.33478531 -0.69394878
  0.06825786 -0.22252413  0.11654294 -0.28386279  0.22858429 -0.5972051
 -0.23826292 -0.83159299 -0.47698123 -0.2361513  -0.17973627]
123,[ 0.13987865  0.08047479  0.0635155   0.09821618  0.33487671  0.12658633
 -0.09935016  0.70997792  0.41242057 -0.55687911 -0.05430918 -0.18602058
  0.21321683  0.36802978 -0.32403323  0.1782571  -0.14197647 -0.64065029
  0.13921794  0.1069974  -0.46435219  0.23953838  0.2725465  -0.59138309
  0.03706587  0.40958863 -0.07318486  0.07173319 -0.50732141  0.44403507
  0.64025037  0.54013965  0.6025981   0.23156157 -0.20300506  0.56290183
 -0.13770019  0.44064985 -0.63098249  0.15997424  0.33479552 -0.69387189
  0.06816929 -0.22253169  0.11649061 -0.28387824  0.22864027 -0.59708015
 -0.23833434 -0.83158433 -0.47701024 -0.23614048 -0.1797567 ]
124,[ 0.13995227  0.08050441  0.06332685  0.09825692  0.33491879  0.12654123
 -0.09928404  0.70990743  0.41234777 -0.55684845 -0.05429851 -0.18594151
  0.21317783  0.36810408 -0.32403551  0.17831907 -0.14193721 -0.64062677
  0.13917617  0.10704159 -0.46435863  0.23949892  0.27253319 -0.5914452
  0.03700198  0.40955788 -0.07307011  0.07169483 -0.50737208  0.44413913
  0.64015026  0.5401667   0.60264412  0.23156348 -0.20296622  0.56291274
 -0.13774249  0.44062184 -0.63096469  0.15992875  0.33480572 -0.6937951
  0.06808081 -0.22253923  0.11643834 -0.28389367  0.2286962  -0.59695535
 -0.23840568 -0.83157569 -0.47703922 -0.23612967 -0.17977711]
125,[ 0.14002581  0.08053401  0.0631384   0.09829762  0.33496081  0.12649617
 -0.09921799  0.70983702  0.41227506 -0.55681783 -0.05428784 -0.18586252
  0.21313887  0.3681783  -0.32403778  0.17838096 -0.14189799 -0.64060327
  0.13913445  0.10708573 -0.46436507  0.23945951  0.27251991 -0.59150725
  0.03693815  0.40952716 -0.0729555   0.07165651 -0.5074227   0.44424306
  0.64005026  0.54019372  0.60269009  0.23156539 -0.20292743  0.56292364
 -0.13778475  0.44059386 -0.63094691  0.1598833   0.33481591 -0.69371838
  0.06799244 -0.22254677  0.11638612 -0.28390908  0.22875206 -0.59683068
 -0.23847694 -0.83156705 -0.47706817 -0.23611888 -0.1797975 ]
126,[ 0.14009926  0.08056357  0.06295017  0.09833828  0.33500279  0.12645116
 -0.09915202  0.70976669  0.41220243 -0.55678724 -0.05427719 -0.18578362
  0.21309996  0.36825243 -0.32404006  0.17844279 -0.14185881 -0.6405798
  0.13909277  0.10712982 -0.46437149  0.23942014  0.27250663 -0.59156923
  0.0368744   0.40949648 -0.07284102  0.07161824 -0.50747327  0.44434688
  0.63995037  0.54022072  0.60273601  0.2315673  -0.20288868  0.56293453
 -0.13782696  0.44056591 -0.63092915  0.15983791  0.33482609 -0.69364176
  0.06790416 -0.22255429  0.11633397 -0.28392447  0.22880786 -0.59670616
 -0.23854812 -0.83155842 -0.47709708 -0.23610809 -0.17981786]
127,[ 0.14017263  0.08059309  0.06276215  0.09837889  0.33504472  0.12640621
 -0.09908613  0.70969643  0.41212988 -0.55675668 -0.05426656 -0.18570481
  0.21306109  0.36832648 -0.32404233  0.17850454 -0.14181969 -0.64055635
  0.13905114  0.10717386 -0.46437791  0.23938081  0.27249337 -0.59163113
  0.03681072  0.40946583 -0.07272666  0.07158001 -0.50752377  0.44445059
  0.6398506   0.54024768  0.60278187  0.23156921 -0.20284998  0.56294541
 -0.13786912  0.44053799 -0.63091141  0.15979257  0.33483626 -0.69356522
  0.06781598 -0.22256181  0.11628187 -0.28393984  0.22886359 -0.59658177
 -0.23861922 -0.8315498  -0.47712597 -0.23609732 -0.17983821]
128,[ 0.14024592  0.08062259  0.06257434  0.09841945  0.3350866   0.1263613
 -0.09902031  0.70962626  0.41205741 -0.55672616 -0.05425593 -0.18562609
  0.21302227  0.36840045 -0.3240446   0.17856623 -0.1417806  -0.64053293
  0.13900956  0.10721785 -0.46438433  0.23934152  0.27248013 -0.59169297
  0.03674711  0.40943522 -0.07261244  0.07154182 -0.50757422  0.44455417
  0.63975094  0.54027461  0.60282769  0.23157111 -0.20281132  0.56295627
 -0.13791123  0.44051011 -0.63089369  0.15974728  0.33484641 -0.69348877
  0.0677279  -0.22256932  0.11622983 -0.2839552   0.22891926 -0.59645753
 -0.23869024 -0.83154119 -0.47715482 -0.23608656 -0.17985853]
129,[ 0.14031913  0.08065205  0.06238674  0.09845997  0.33512843  0.12631645
 -0.09895456  0.70955616  0.41198503 -0.55669568 -0.05424532 -0.18554745
  0.21298349  0.36847433 -0.32404687  0.17862784 -0.14174156 -0.64050954
  0.13896803  0.10726179 -0.46439073  0.23930229  0.2724669  -0.59175474
  0.03668358  0.40940464 -0.07249834  0.07150368 -0.50762461  0.44465765
  0.63965139  0.54030151  0.60287345  0.23157301 -0.2027727   0.56296712
 -0.1379533   0.44048225 -0.630876    0.15970204  0.33485655 -0.69341241
  0.06763992 -0.22257682  0.11617785 -0.28397054  0.22897487 -0.59633342
 -0.23876118 -0.83153259 -0.47718364 -0.23607582 -0.17987882]
130,[ 0.14039225  0.08068147  0.06219935  0.09850044  0.33517022  0.12627164
 -0.09888889  0.70948615  0.41191272 -0.55666523 -0.05423472 -0.18546891
  0.21294475  0.36854813 -0.32404914  0.17868939 -0.14170256 -0.64048617
  0.13892654  0.10730568 -0.46439713  0.23926309  0.27245369 -0.59181643
  0.03662011  0.40937409 -0.07238437  0.07146557 -0.50767495  0.444761
  0.63955195  0.54032838  0.60291916  0.23157491 -0.20273413  0.56297796
 -0.13799531  0.44045443 -0.63085832  0.15965686  0.33486669 -0.69333613
  0.06755204 -0.22258431  0.11612593 -0.28398586  0.22903042 -0.59620946
 -0.23883204 -0.831524   -0.47721242 -0.23606508 -0.17989909]
131,[ 0.14046529  0.08071086  0.06201218  0.09854087  0.33521196  0.12622689
 -0.09882329  0.70941621  0.4118405  -0.55663481 -0.05422413 -0.18539045
  0.21290606  0.36862185 -0.3240514   0.17875087 -0.14166361 -0.64046283
  0.1388851   0.10734952 -0.46440352  0.23922394  0.27244049 -0.59187806
  0.03655672  0.40934358 -0.07227053  0.07142752 -0.50772522  0.44486424
  0.63945263  0.54035522  0.60296482  0.2315768  -0.2026956   0.56298879
 -0.13803729  0.44042664 -0.63084066  0.15961172  0.33487681 -0.69325993
  0.06746426 -0.2225918   0.11607406 -0.28400117  0.2290859  -0.59608563
 -0.23890282 -0.83151541 -0.47724117 -0.23605436 -0.17991934]
132,[ 0.14053825  0.08074023  0.06182521  0.09858125  0.33525366  0.12618218
 -0.09875777  0.70934636  0.41176836 -0.55660443 -0.05421355 -0.18531209
  0.21286741  0.36869548 -0.32405366  0.17881228 -0.1416247  -0.64043952
  0.13884371  0.10739332 -0.46440991  0.23918483  0.2724273  -0.59193962
  0.0364934   0.40931311 -0.07215682  0.0713895  -0.50777544  0.44496736
  0.63935342  0.54038203  0.60301043  0.2315787  -0.20265711  0.5629996
 -0.13807921  0.44039888 -0.63082302  0.15956663  0.33488692 -0.69318382
  0.06737658 -0.22259928  0.11602226 -0.28401646  0.22914133 -0.59596195
 -0.23897352 -0.83150684 -0.47726989 -0.23604365 -0.17993957]
133,[ 0.14061113  0.08076955  0.06163846  0.09862159  0.3352953   0.12613753
 -0.09869232  0.70927658  0.4116963  -0.55657408 -0.05420298 -0.18523381
  0.2128288   0.36876903 -0.32405592  0.17887362 -0.14158583 -0.64041623
  0.13880236  0.10743706 -0.46441629  0.23914577  0.27241414 -0.59200111
  0.03643015  0.40928266 -0.07204323  0.07135153 -0.50782561  0.44507036
  0.63925431  0.54040881  0.60305598  0.23158059 -0.20261866  0.5630104
 -0.13812109  0.44037115 -0.6308054   0.1595216   0.33489701 -0.6931078
  0.067289   -0.22260674  0.11597051 -0.28403173  0.22919669 -0.5958384
 -0.23904414 -0.83149828 -0.47729858 -0.23603295 -0.17995978]
134,[ 0.14068393  0.08079885  0.06145191  0.09866188  0.3353369   0.12609293
 -0.09862694  0.70920688  0.41162432 -0.55654376 -0.05419243 -0.18515562
  0.21279024  0.3688425  -0.32405817  0.17893489 -0.14154701 -0.64039297
  0.13876106  0.10748075 -0.46442266  0.23910675  0.27240098 -0.59206253
  0.03636697  0.40925226 -0.07192977  0.0713136  -0.50787572  0.44517325
  0.63915533  0.54043556  0.60310149  0.23158248 -0.20258026  0.56302119
 -0.13816292  0.44034345 -0.6307878   0.15947661  0.3349071  -0.69303187
  0.06720151 -0.2226142   0.11591882 -0.28404699  0.22925198 -0.59571499
 -0.23911468 -0.83148973 -0.47732724 -0.23602226 -0.17997996]
135,[ 0.14075664  0.08082811  0.06126558  0.09870213  0.33537846  0.12604838
 -0.09856163  0.70913725  0.41155242 -0.55651348 -0.05418189 -0.18507751
  0.21275172  0.36891588 -0.32406043  0.17899609 -0.14150823 -0.64036974
  0.1387198   0.1075244  -0.46442902  0.23906778  0.27238784 -0.59212388
  0.03630386  0.40922188 -0.07181645  0.07127571 -0.50792577  0.44527602
  0.63905645  0.54046228  0.60314694  0.23158437 -0.20254191  0.56303197
 -0.1382047   0.44031579 -0.63077022  0.15943168  0.33491718 -0.69295602
  0.06711412 -0.22262165  0.11586719 -0.28406222  0.22930722 -0.59559172
 -0.23918515 -0.83148119 -0.47735586 -0.23601159 -0.18000012]
136,[ 0.14082927  0.08085734  0.06107946  0.09874233  0.33541996  0.12600387
 -0.0984964   0.70906771  0.41148061 -0.55648324 -0.05417136 -0.1849995
  0.21271324  0.36898918 -0.32406268  0.17905722 -0.1414695  -0.64034653
  0.1386786   0.10756799 -0.46443538  0.23902885  0.27237472 -0.59218516
  0.03624083  0.40919154 -0.07170324  0.07123786 -0.50797577  0.44537868
  0.63895768  0.54048896  0.60319235  0.23158625 -0.20250359  0.56304274
 -0.13824644  0.44028815 -0.63075267  0.1593868   0.33492724 -0.69288025
  0.06702684 -0.2226291   0.11581562 -0.28407744  0.22936239 -0.59546859
 -0.23925553 -0.83147265 -0.47738445 -0.23600093 -0.18002025]
137,[ 0.14090182  0.08088653  0.06089354  0.09878248  0.33546142  0.12595942
 -0.09843125  0.70899824  0.41140887 -0.55645302 -0.05416084 -0.18492157
  0.21267481  0.3690624  -0.32406492  0.17911829 -0.14143081 -0.64032334
  0.13863743  0.10761154 -0.46444172  0.23898996  0.27236161 -0.59224637
  0.03617786  0.40916124 -0.07159017  0.07120006 -0.5080257   0.44548122
  0.63885903  0.54051562  0.6032377   0.23158814 -0.20246532  0.56305349
 -0.13828812  0.44026055 -0.63073513  0.15934196  0.33493729 -0.69280457
  0.06693965 -0.22263653  0.11576411 -0.28409265  0.2294175  -0.5953456
 -0.23932583 -0.83146413 -0.47741301 -0.23599028 -0.18004037]
138,[ 0.14097429  0.08091569  0.06070784  0.09882259  0.33550284  0.12591502
 -0.09836616  0.70892886  0.41133722 -0.55642285 -0.05415033 -0.18484373
  0.21263642  0.36913554 -0.32406717  0.17917928 -0.14139216 -0.64030019
  0.13859632  0.10765504 -0.46444807  0.23895112  0.27234851 -0.59230752
  0.03611497  0.40913097 -0.07147722  0.0711623  -0.50807559  0.44558365
  0.63876048  0.54054225  0.603283    0.23159002 -0.20242709  0.56306423
 -0.13832977  0.44023298 -0.63071761  0.15929718  0.33494734 -0.69272897
  0.06685255 -0.22264396  0.11571265 -0.28410783  0.22947255 -0.59522275
 -0.23939606 -0.83145562 -0.47744154 -0.23597964 -0.18006046]
139,[ 0.14104667  0.08094482  0.06052234  0.09886265  0.3355442   0.12587067
 -0.09830115  0.70885955  0.41126564 -0.5563927  -0.05413984 -0.18476598
  0.21259807  0.36920859 -0.32406941  0.17924021 -0.14135356 -0.64027706
  0.13855525  0.10769849 -0.4644544   0.23891232  0.27233543 -0.59236859
  0.03605214  0.40910073 -0.07136441  0.07112458 -0.50812541  0.44568596
  0.63866205  0.54056885  0.60332825  0.2315919  -0.20238891  0.56307496
 -0.13837136  0.44020544 -0.63070011  0.15925245  0.33495737 -0.69265346
  0.06676556 -0.22265137  0.11566125 -0.284123    0.22952754 -0.59510004
 -0.2394662  -0.83144711 -0.47747004 -0.23596901 -0.18008053]
140,[ 0.14111898  0.08097392  0.06033705  0.09890267  0.33558552  0.12582637
 -0.09823622  0.70879032  0.41119415 -0.55636259 -0.05412935 -0.18468832
  0.21255977  0.36928157 -0.32407165  0.17930106 -0.14131499 -0.64025395
  0.13851423  0.10774189 -0.46446073  0.23887356  0.27232236 -0.5924296
  0.03598939  0.40907053 -0.07125171  0.07108691 -0.50817519  0.44578816
  0.63856373  0.54059542  0.60337345  0.23159378 -0.20235077  0.56308568
 -0.13841291  0.44017792 -0.63068263  0.15920777  0.33496738 -0.69257804
  0.06667866 -0.22265878  0.11560991 -0.28413815  0.22958246 -0.59497746
 -0.23953627 -0.83143862 -0.4774985  -0.2359584  -0.18010057]
141,[ 0.1411912   0.08100298  0.06015197  0.09894265  0.3356268   0.12578211
 -0.09817135  0.70872116  0.41112273 -0.55633252 -0.05411888 -0.18461074
  0.21252151  0.36935446 -0.32407389  0.17936185 -0.14127648 -0.64023087
  0.13847325  0.10778524 -0.46446705  0.23883485  0.27230931 -0.59249053
  0.03592671  0.40904036 -0.07113915  0.07104928 -0.5082249   0.44589024
  0.63846551  0.54062196  0.60341859  0.23159565 -0.20231267  0.56309638
 -0.13845441  0.44015045 -0.63066517  0.15916314  0.33497739 -0.6925027
  0.06659187 -0.22266618  0.11555863 -0.28415329  0.22963733 -0.59485502
 -0.23960625 -0.83143013 -0.47752693 -0.23594779 -0.1801206 ]
142,[ 0.14126334  0.08103202  0.0599671   0.09898258  0.33566802  0.12573791
 -0.09810656  0.70865209  0.4110514  -0.55630247 -0.05410842 -0.18453325
  0.21248329  0.36942727 -0.32407612  0.17942257 -0.141238   -0.64020782
  0.13843232  0.10782854 -0.46447336  0.23879618  0.27229628 -0.5925514
  0.03586409  0.40901023 -0.07102671  0.07101169 -0.50827456  0.4459922
  0.63836741  0.54064847  0.60346369  0.23159752 -0.20227461  0.56310708
 -0.13849587  0.440123   -0.63064772  0.15911856  0.33498739 -0.69242744
  0.06650517 -0.22267357  0.1155074  -0.2841684   0.22969213 -0.59473272
 -0.23967616 -0.83142166 -0.47755533 -0.2359372  -0.1801406 ]
143,[ 0.1413354   0.08106101  0.05978244  0.09902246  0.33570921  0.12569376
 -0.09804185  0.70858309  0.41098015 -0.55627246 -0.05409797 -0.18445585
  0.21244512  0.36949999 -0.32407836  0.17948323 -0.14119957 -0.6401848
  0.13839144  0.10787179 -0.46447967  0.23875755  0.27228326 -0.5926122
  0.03580155  0.40898012 -0.0709144   0.07097414 -0.50832416  0.44609405
  0.63826942  0.54067495  0.60350874  0.23159939 -0.2022366   0.56311776
 -0.13853727  0.44009558 -0.6306303   0.15907403  0.33499737 -0.69235227
  0.06641856 -0.22268096  0.11545624 -0.2841835   0.22974687 -0.59461056
 -0.23974599 -0.83141319 -0.4775837  -0.23592663 -0.18016058]
144,[ 0.14140738  0.08108998  0.05959799  0.0990623   0.33575034  0.12564966
 -0.0979772   0.70851417  0.41090898 -0.55624249 -0.05408754 -0.18437853
  0.21240698  0.36957264 -0.32408059  0.17954381 -0.14116119 -0.64016179
  0.1383506   0.107915   -0.46448596  0.23871897  0.27227025 -0.59267293
  0.03573908  0.40895006 -0.07080221  0.07093663 -0.50837371  0.44619579
  0.63817154  0.5407014   0.60355373  0.23160126 -0.20219863  0.56312843
 -0.13857863  0.44006819 -0.6306129   0.15902955  0.33500735 -0.69227719
  0.06633206 -0.22268833  0.11540513 -0.28419859  0.22980154 -0.59448854
 -0.23981574 -0.83140474 -0.47761203 -0.23591606 -0.18018053]
145,[ 0.14147928  0.08111891  0.05941374  0.0991021   0.33579143  0.1256056
 -0.09791263  0.70844533  0.41083788 -0.55621255 -0.05407711 -0.18430131
  0.2123689   0.3696452  -0.32408281  0.17960433 -0.14112284 -0.64013882
  0.1383098   0.10795815 -0.46449226  0.23868044  0.27225726 -0.5927336
  0.03567668  0.40892002 -0.07069015  0.07089917 -0.5084232   0.44629741
  0.63807377  0.54072782  0.60359868  0.23160313 -0.2021607   0.56313908
 -0.13861995  0.44004084 -0.63059552  0.15898512  0.33501731 -0.69220219
  0.06624565 -0.2226957   0.11535408 -0.28421365  0.22985616 -0.59436665
 -0.23988542 -0.83139629 -0.47764033 -0.2359055  -0.18020047]
146,[ 0.1415511   0.08114781  0.0592297   0.09914185  0.33583247  0.1255616
 -0.09784813  0.70837657  0.41076687 -0.55618264 -0.0540667  -0.18422417
  0.21233085  0.36971768 -0.32408504  0.17966477 -0.14108454 -0.64011587
  0.13826906  0.10800126 -0.46449854  0.23864194  0.27224428 -0.59279419
  0.03561435  0.40889003 -0.07057822  0.07086175 -0.50847264  0.44639892
  0.63797611  0.54075421  0.60364357  0.23160499 -0.20212281  0.56314973
 -0.13866122  0.44001351 -0.63057816  0.15894074  0.33502726 -0.69212727
  0.06615934 -0.22270306  0.11530308 -0.2842287   0.22991071 -0.5942449
 -0.23995501 -0.83138785 -0.47766861 -0.23589496 -0.18022038]
147,[ 0.14162284  0.08117668  0.05904587  0.09918155  0.33587346  0.12551764
 -0.0977837   0.70830788  0.41069594 -0.55615277 -0.0540563  -0.18414711
  0.21229285  0.36979008 -0.32408726  0.17972515 -0.14104628 -0.64009295
  0.13822836  0.10804432 -0.46450482  0.23860349  0.27223132 -0.59285472
  0.03555209  0.40886006 -0.07046641  0.07082437 -0.50852201  0.44650031
  0.63787856  0.54078057  0.60368841  0.23160686 -0.20208497  0.56316036
 -0.13870244  0.43998622 -0.63056081  0.1588964   0.3350372  -0.69205244
  0.06607313 -0.22271041  0.11525215 -0.28424374  0.22996521 -0.59412329
 -0.24002452 -0.83137942 -0.47769684 -0.23588443 -0.18024027]
148,[ 0.14169449  0.08120552  0.05886225  0.09922121  0.33591441  0.12547374
 -0.09771935  0.70823927  0.41062509 -0.55612293 -0.05404591 -0.18407014
  0.21225489  0.3698624  -0.32408948  0.17978546 -0.14100807 -0.64007005
  0.1381877   0.10808733 -0.46451109  0.23856508  0.27221837 -0.59291518
  0.0354899   0.40883013 -0.07035473  0.07078703 -0.50857134  0.44660159
  0.63778112  0.5408069   0.60373321  0.23160872 -0.20204717  0.56317098
 -0.13874361  0.43995895 -0.63054349  0.15885212  0.33504713 -0.69197769
  0.06598701 -0.22271775  0.11520127 -0.28425875  0.23001964 -0.59400181
 -0.24009396 -0.831371   -0.47772505 -0.23587391 -0.18026013]
149,[ 0.14176607  0.08123432  0.05867883  0.09926083  0.33595532  0.12542989
 -0.09765507  0.70817074  0.41055432 -0.55609312 -0.05403554 -0.18399326
  0.21221697  0.36993463 -0.3240917   0.17984571 -0.1409699  -0.64004718
  0.13814709  0.10813029 -0.46451735  0.23852672  0.27220543 -0.59297557
  0.03542778  0.40880023 -0.07024318  0.07074974 -0.50862061  0.44670275
  0.63768379  0.5408332   0.60377795  0.23161057 -0.20200941  0.56318159
 -0.13878474  0.43993172 -0.63052619  0.15880789  0.33505705 -0.69190303
  0.06590099 -0.22272509  0.11515044 -0.28427375  0.23007401 -0.59388047
 -0.24016332 -0.8313626  -0.47775323 -0.2358634  -0.18027997]
150,[ 0.14183756  0.08126309  0.05849562  0.0993004   0.33599617  0.12538608
 -0.09759086  0.70810228  0.41048362 -0.55606335 -0.05402517 -0.18391647
  0.2121791   0.37000679 -0.32409391  0.17990588 -0.14093177 -0.64002433
  0.13810653  0.1081732  -0.46452361  0.23848839  0.27219251 -0.59303589
  0.03536573  0.40877037 -0.07013175  0.07071248 -0.50866982  0.4468038
  0.63758657  0.54085947  0.60382264  0.23161243 -0.2019717   0.56319219
 -0.13882583  0.43990452 -0.6305089   0.15876371  0.33506695 -0.69182845
  0.06581507 -0.22273241  0.11509968 -0.28428873  0.23012832 -0.59375927
 -0.2402326  -0.8313542  -0.47778137 -0.23585291 -0.1802998 ]
151,[ 0.14190898  0.08129183  0.05831261  0.09933992  0.33603698  0.12534232
 -0.09752672  0.7080339   0.41041301 -0.55603361 -0.05401482 -0.18383976
  0.21214127  0.37007886 -0.32409613  0.17996599 -0.14089369 -0.64000151
  0.13806601  0.10821607 -0.46452986  0.23845012  0.27217961 -0.59309615
  0.03530375  0.40874054 -0.07002044  0.07067527 -0.50871898  0.44690474
  0.63748946  0.54088571  0.60386728  0.23161429 -0.20193403  0.56320278
 -0.13886686  0.43987735 -0.63049164  0.15871958  0.33507685 -0.69175395
  0.06572925 -0.22273973  0.11504897 -0.2843037   0.23018257 -0.5936382
 -0.24030181 -0.83134581 -0.47780948 -0.23584242 -0.1803196 ]
152,[ 0.14198031  0.08132054  0.05812981  0.0993794   0.33607775  0.12529862
 -0.09746266  0.7079656   0.41034248 -0.5560039  -0.05400447 -0.18376314
  0.21210348  0.37015085 -0.32409834  0.18002603 -0.14085564 -0.63997872
  0.13802554  0.10825889 -0.4645361   0.23841188  0.27216672 -0.59315633
  0.03524184  0.40871074 -0.06990927  0.0706381  -0.50876808  0.44700556
  0.63739246  0.54091193  0.60391188  0.23161614 -0.2018964   0.56321335
 -0.13890785  0.4398502  -0.63047439  0.1586755   0.33508673 -0.69167954
  0.06564352 -0.22274704  0.11499832 -0.28431864  0.23023676 -0.59351727
 -0.24037093 -0.83133743 -0.47783757 -0.23583195 -0.18033937]
153,[ 0.14205156  0.08134921  0.05794722  0.09941884  0.33611847  0.12525496
 -0.09739866  0.70789738  0.41027202 -0.55597423 -0.05399414 -0.18368661
  0.21206573  0.37022276 -0.32410054  0.18008601 -0.14081764 -0.63995595
  0.13798512  0.10830165 -0.46454233  0.23837369  0.27215384 -0.59321645
  0.03518     0.40868097 -0.06979821  0.07060098 -0.50881713  0.44710627
  0.63729557  0.54093811  0.60395642  0.23161799 -0.20185881  0.56322391
 -0.1389488   0.43982309 -0.63045717  0.15863147  0.33509661 -0.69160521
  0.06555789 -0.22275434  0.11494773 -0.28433358  0.23029088 -0.59339648
 -0.24043998 -0.83132906 -0.47786561 -0.23582149 -0.18035913]
154,[ 0.14212274  0.08137785  0.05776483  0.09945824  0.33615914  0.12521135
 -0.09733474  0.70782923  0.41020165 -0.55594459 -0.05398382 -0.18361016
  0.21202803  0.3702946  -0.32410275  0.18014591 -0.14077969 -0.63993321
  0.13794474  0.10834438 -0.46454856  0.23833554  0.27214098 -0.5932765
  0.03511823  0.40865124 -0.06968728  0.07056389 -0.50886612  0.44720687
  0.63719878  0.54096426  0.60400091  0.23161983 -0.20182127  0.56323446
 -0.13898969  0.43979601 -0.63043996  0.15858749  0.33510647 -0.69153097
  0.06547235 -0.22276164  0.11489719 -0.28434849  0.23034495 -0.59327582
 -0.24050895 -0.83132069 -0.47789363 -0.23581104 -0.18037886]
155,[ 0.14219383  0.08140646  0.05758265  0.09949758  0.33619977  0.12516779
 -0.0972709   0.70776116  0.41013135 -0.55591498 -0.05397352 -0.18353379
  0.21199037  0.37036634 -0.32410495  0.18020575 -0.14074177 -0.63991049
  0.1379044   0.10838705 -0.46455478  0.23829743  0.27212813 -0.59333649
  0.03505652  0.40862155 -0.06957648  0.07052685 -0.50891506  0.44730735
  0.63710211  0.54099038  0.60404535  0.23162168 -0.20178376  0.563245
 -0.13903055  0.43976896 -0.63042277  0.15854355  0.33511632 -0.6914568
  0.06538691 -0.22276892  0.11484671 -0.28436339  0.23039895 -0.5931553
 -0.24057784 -0.83131234 -0.47792162 -0.23580061 -0.18039857]
156,[ 0.14226484  0.08143504  0.05740067  0.09953689  0.33624035  0.12512428
 -0.09720712  0.70769317  0.41006114 -0.55588541 -0.05396322 -0.18345752
  0.21195275  0.37043801 -0.32410715  0.18026552 -0.1407039  -0.6398878
  0.13786411  0.10842967 -0.464561    0.23825937  0.2721153  -0.5933964
  0.03499489  0.40859188 -0.0694658   0.07048985 -0.50896394  0.44740772
  0.63700554  0.54101648  0.60408974  0.23162352 -0.2017463   0.56325552
 -0.13907135  0.43974195 -0.6304056   0.15849967  0.33512616 -0.69138273
  0.06530157 -0.2227762   0.11479629 -0.28437827  0.23045289 -0.59303491
 -0.24064665 -0.831304   -0.47794957 -0.23579018 -0.18041826]
157,[ 0.14233577  0.08146358  0.0572189   0.09957615  0.33628089  0.12508082
 -0.09714341  0.70762525  0.409991   -0.55585587 -0.05395294 -0.18338133
  0.21191517  0.3705096  -0.32410935  0.18032522 -0.14066607 -0.63986513
  0.13782387  0.10847225 -0.4645672   0.23822135  0.27210248 -0.59345625
  0.03493333  0.40856226 -0.06935525  0.07045289 -0.50901276  0.44750798
  0.63690908  0.54104254  0.60413408  0.23162537 -0.20170888  0.56326604
 -0.13911211  0.43971496 -0.63038846  0.15845584  0.33513599 -0.69130873
  0.06521632 -0.22278347  0.11474592 -0.28439313  0.23050678 -0.59291466
 -0.24071539 -0.83129567 -0.4779775  -0.23577977 -0.18043792]
158,[ 0.14240663  0.0814921   0.05703733  0.09961536  0.33632138  0.1250374
 -0.09707978  0.70755741  0.40992094 -0.55582637 -0.05394266 -0.18330522
  0.21187764  0.37058111 -0.32411154  0.18038486 -0.14062829 -0.63984249
  0.13778367  0.10851478 -0.4645734   0.23818337  0.27208968 -0.59351603
  0.03487184  0.40853266 -0.06924482  0.07041597 -0.50906154  0.44760812
  0.63681274  0.54106858  0.60417837  0.23162721 -0.20167151  0.56327654
 -0.13915282  0.439688   -0.63037133  0.15841205  0.33514581 -0.69123482
  0.06513117 -0.22279073  0.11469561 -0.28440798  0.2305606  -0.59279455
 -0.24078405 -0.83128734 -0.47800539 -0.23576937 -0.18045757]
159,[ 0.1424774   0.08152058  0.05685597  0.09965454  0.33636182  0.12499404
 -0.09701622  0.70748964  0.40985096 -0.55579689 -0.0539324  -0.1832292
  0.21184014  0.37065254 -0.32411374  0.18044443 -0.14059054 -0.63981988
  0.13774351  0.10855726 -0.4645796   0.23814544  0.27207689 -0.59357575
  0.03481041  0.4085031  -0.06913451  0.07037909 -0.50911025  0.44770816
  0.6367165   0.54109459  0.60422261  0.23162904 -0.20163417  0.56328703
 -0.13919349  0.43966107 -0.63035422  0.15836832  0.33515561 -0.691161
  0.06504612 -0.22279798  0.11464536 -0.28442281  0.23061436 -0.59267457
 -0.24085263 -0.83127903 -0.47803325 -0.23575898 -0.18047719]
160,[ 0.14254809  0.08154902  0.05667481  0.09969366  0.33640222  0.12495073
 -0.09695273  0.70742195  0.40978106 -0.55576745 -0.05392215 -0.18315327
  0.21180269  0.37072388 -0.32411593  0.18050393 -0.14055284 -0.63979729
  0.1377034   0.10859969 -0.46458578  0.23810754  0.27206412 -0.59363539
  0.03474906  0.40847357 -0.06902433  0.07034226 -0.50915891  0.44780807
  0.63662037  0.54112056  0.6042668   0.23163088 -0.20159688  0.56329751
 -0.13923411  0.43963417 -0.63033713  0.15832463  0.33516541 -0.69108725
  0.06496116 -0.22280522  0.11459516 -0.28443762  0.23066806 -0.59255473
 -0.24092114 -0.83127072 -0.47806108 -0.2357486  -0.18049679]
161,[ 0.14261871  0.08157744  0.05649386  0.09973275  0.33644257  0.12490746
 -0.09688931  0.70735434  0.40971124 -0.55573805 -0.05391192 -0.18307742
  0.21176529  0.37079515 -0.32411811  0.18056336 -0.14051518 -0.63977472
  0.13766334  0.10864207 -0.46459196  0.23806969  0.27205136 -0.59369497
  0.03468777  0.40844407 -0.06891427  0.07030546 -0.50920752  0.44790788
  0.63652434  0.54114651  0.60431095  0.23163271 -0.20155963  0.56330798
 -0.13927469  0.43960731 -0.63032005  0.158281    0.33517519 -0.69101359
  0.06487629 -0.22281246  0.11454502 -0.28445242  0.2307217  -0.59243502
 -0.24098956 -0.83126243 -0.47808887 -0.23573823 -0.18051636]
162,[ 0.14268924  0.08160583  0.05631311  0.09977179  0.33648288  0.12486424
 -0.09682596  0.70728681  0.40964149 -0.55570868 -0.05390169 -0.18300166
  0.21172792  0.37086633 -0.3241203   0.18062273 -0.14047757 -0.63975218
  0.13762332  0.10868441 -0.46459814  0.23803189  0.27203861 -0.59375448
  0.03462655  0.40841461 -0.06880434  0.07026871 -0.50925607  0.44800757
  0.63642843  0.54117243  0.60435504  0.23163454 -0.20152242  0.56331843
 -0.13931522  0.43958047 -0.630303    0.15823741  0.33518497 -0.69094001
  0.06479152 -0.22281969  0.11449494 -0.2844672   0.23077528 -0.59231544
 -0.24105791 -0.83125414 -0.47811664 -0.23572788 -0.18053592]
163,[ 0.1427597   0.08163418  0.05613256  0.09981078  0.33652315  0.12482107
 -0.09676269  0.70721935  0.40957183 -0.55567934 -0.05389148 -0.18292598
  0.2116906   0.37093744 -0.32412248  0.18068203 -0.14043999 -0.63972967
  0.13758335  0.1087267  -0.4646043   0.23799412  0.27202588 -0.59381393
  0.03456541  0.40838518 -0.06869453  0.070232   -0.50930457  0.44810716
  0.63633262  0.54119832  0.60439908  0.23163637 -0.20148526  0.56332887
 -0.13935571  0.43955366 -0.63028597  0.15819387  0.33519473 -0.69086652
  0.06470685 -0.22282691  0.11444491 -0.28448197  0.2308288  -0.592196
 -0.24112619 -0.83124586 -0.47814437 -0.23571754 -0.18055545]
164,[ 0.14283007  0.0816625   0.05595222  0.09984973  0.33656336  0.12477795
 -0.09669949  0.70715196  0.40950224 -0.55565003 -0.05388127 -0.18285039
  0.21165332  0.37100847 -0.32412466  0.18074126 -0.14040246 -0.63970718
  0.13754342  0.10876894 -0.46461046  0.2379564   0.27201316 -0.59387331
  0.03450433  0.40835578 -0.06858485  0.07019533 -0.50935301  0.44820662
  0.63623692  0.54122418  0.60444307  0.2316382  -0.20144813  0.56333931
 -0.13939615  0.43952689 -0.63026895  0.15815038  0.33520448 -0.6907931
  0.06462227 -0.22283412  0.11439494 -0.28449671  0.23088226 -0.5920767
 -0.24119438 -0.83123759 -0.47817208 -0.2357072  -0.18057496]
165,[ 0.14290037  0.08169079  0.05577207  0.09988864  0.33660354  0.12473488
 -0.09663635  0.70708465  0.40943274 -0.55562075 -0.05387108 -0.18277488
  0.21161608  0.37107941 -0.32412684  0.18080043 -0.14036497 -0.63968472
  0.13750354  0.10881114 -0.46461661  0.23791872  0.27200046 -0.59393262
  0.03444332  0.40832642 -0.06847528  0.0701587  -0.5094014   0.44830598
  0.63614133  0.54125001  0.60448702  0.23164002 -0.20141105  0.56334973
 -0.13943654  0.43950014 -0.63025196  0.15810694  0.33521422 -0.69071977
  0.06453779 -0.22284132  0.11434503 -0.28451144  0.23093566 -0.59195752
 -0.2412625  -0.83122934 -0.47819975 -0.23569688 -0.18059445]
166,[ 0.14297059  0.08171904  0.05559214  0.0999275   0.33664366  0.12469186
 -0.09657329  0.70701742  0.40936331 -0.55559151 -0.0538609  -0.18269946
  0.21157888  0.37115028 -0.32412901  0.18085953 -0.14032752 -0.63966228
  0.1374637   0.10885328 -0.46462275  0.23788109  0.27198777 -0.59399186
  0.03438237  0.40829708 -0.06836584  0.07012211 -0.50944974  0.44840523
  0.63604585  0.54127581  0.60453091  0.23164185 -0.20137401  0.56336013
 -0.13947689  0.43947342 -0.63023498  0.15806355  0.33522395 -0.69064653
  0.06445341 -0.22284851  0.11429517 -0.28452616  0.230989   -0.59183849
 -0.24133055 -0.83122109 -0.47822739 -0.23568658 -0.18061392]
167,[ 0.14304072  0.08174727  0.0554124   0.09996633  0.33668374  0.12464888
 -0.0965103   0.70695026  0.40929395 -0.55556231 -0.05385073 -0.18262412
  0.21154172  0.37122106 -0.32413119  0.18091857 -0.14029012 -0.63963987
  0.1374239   0.10889538 -0.46462889  0.23784349  0.2719751  -0.59405104
  0.0343215   0.40826779 -0.06825653  0.07008557 -0.50949802  0.44850436
  0.63595047  0.54130159  0.60457475  0.23164367 -0.20133701  0.56337053
 -0.13951719  0.43944674 -0.63021803  0.15802021  0.33523367 -0.69057336
  0.06436911 -0.2228557   0.11424537 -0.28454086  0.23104228 -0.59171958
 -0.24139851 -0.83121285 -0.478255   -0.23567628 -0.18063336]
168,[ 0.14311078  0.08177546  0.05523287  0.1000051   0.33672378  0.12460596
 -0.09644738  0.70688318  0.40922468 -0.55553313 -0.05384057 -0.18254887
  0.21150461  0.37129177 -0.32413336  0.18097753 -0.14025276 -0.63961748
  0.13738416  0.10893743 -0.46463502  0.23780594  0.27196244 -0.59411015
  0.0342607   0.40823852 -0.06814734  0.07004906 -0.50954624  0.44860338
  0.6358552   0.54132733  0.60461855  0.23164549 -0.20130005  0.56338091
 -0.13955745  0.43942008 -0.63020109  0.15797691  0.33524338 -0.69050028
  0.06428492 -0.22286288  0.11419562 -0.28455554  0.2310955  -0.59160081
 -0.2414664  -0.83120462 -0.47828258 -0.235666   -0.18065279]
169,[ 0.14318076  0.08180362  0.05505354  0.10004383  0.33676377  0.12456308
 -0.09638453  0.70681618  0.40915548 -0.55550399 -0.05383043 -0.1824737
  0.21146754  0.3713624  -0.32413553  0.18103644 -0.14021543 -0.63959512
  0.13734445  0.10897944 -0.46464115  0.23776843  0.27194979 -0.5941692
  0.03419996  0.40820929 -0.06803827  0.0700126  -0.50959441  0.44870229
  0.63576004  0.54135304  0.60466229  0.2316473  -0.20126314  0.56339129
 -0.13959766  0.43939345 -0.63018417  0.15793367  0.33525307 -0.69042728
  0.06420081 -0.22287005  0.11414593 -0.2845702   0.23114866 -0.59148218
 -0.24153422 -0.83119639 -0.47831013 -0.23565572 -0.18067219]
170,[ 0.14325067  0.08183175  0.05487441  0.10008252  0.33680372  0.12452025
 -0.09632175  0.70674925  0.40908637 -0.55547488 -0.05382029 -0.18239862
  0.21143051  0.37143294 -0.32413769  0.18109527 -0.14017816 -0.63957278
  0.13730479  0.1090214  -0.46464726  0.23773096  0.27193716 -0.59422818
  0.03413929  0.40818009 -0.06792932  0.06997618 -0.50964253  0.44880109
  0.63566498  0.54137873  0.60470599  0.23164912 -0.20122626  0.56340165
 -0.13963783  0.43936686 -0.63016727  0.15789047  0.33526276 -0.69035436
  0.06411681 -0.22287721  0.1140963  -0.28458485  0.23120176 -0.59136368
 -0.24160195 -0.83118818 -0.47833765 -0.23564546 -0.18069157]
171,[ 0.14332049  0.08185985  0.05469548  0.10012117  0.33684362  0.12447747
 -0.09625904  0.70668239  0.40901733 -0.5554458  -0.05381017 -0.18232362
  0.21139352  0.37150341 -0.32413985  0.18115404 -0.14014092 -0.63955047
  0.13726518  0.10906331 -0.46465337  0.23769354  0.27192454 -0.59428709
  0.03407869  0.40815093 -0.0678205   0.06993979 -0.50969059  0.44889978
  0.63557004  0.54140439  0.60474964  0.23165093 -0.20118943  0.563412
 -0.13967795  0.43934029 -0.63015039  0.15784732  0.33527243 -0.69028152
  0.06403289 -0.22288437  0.11404672 -0.28459948  0.23125479 -0.59124531
 -0.24166962 -0.83117998 -0.47836513 -0.23563521 -0.18071093]
172,[ 0.14339023  0.08188792  0.05451676  0.10015977  0.33688348  0.12443474
 -0.09619641  0.70661561  0.40894837 -0.55541676 -0.05380006 -0.18224871
  0.21135657  0.3715738  -0.32414202  0.18121274 -0.14010372 -0.63952819
  0.13722561  0.10910517 -0.46465948  0.23765615  0.27191194 -0.59434593
  0.03401816  0.40812179 -0.0677118   0.06990345 -0.5097386   0.44899836
  0.6354752   0.54143002  0.60479324  0.23165274 -0.20115264  0.56342234
 -0.13971803  0.43931375 -0.63013353  0.15780422  0.3352821  -0.69020877
  0.06394908 -0.22289152  0.1139972  -0.2846141   0.23130777 -0.59112707
 -0.2417372  -0.83117178 -0.47839259 -0.23562497 -0.18073026]
173,[ 0.1434599   0.08191595  0.05433823  0.10019833  0.33692329  0.12439205
 -0.09613384  0.70654891  0.40887948 -0.55538775 -0.05378996 -0.18217388
  0.21131967  0.37164411 -0.32414417  0.18127138 -0.14006657 -0.63950593
  0.13718608  0.10914698 -0.46466557  0.23761881  0.27189935 -0.59440471
  0.0339577   0.40809269 -0.06760322  0.06986715 -0.50978655  0.44909682
  0.63538046  0.54145561  0.60483678  0.23165455 -0.20111589  0.56343266
 -0.13975806  0.43928725 -0.63011669  0.15776117  0.33529175 -0.6901361
  0.06386535 -0.22289865  0.11394773 -0.28462869  0.23136069 -0.59100897
 -0.24180471 -0.8311636  -0.47842001 -0.23561474 -0.18074958]
174,[ 0.14352949  0.08194396  0.05415991  0.10023684  0.33696306  0.12434941
 -0.09607134  0.70648228  0.40881067 -0.55535877 -0.05377987 -0.18209913
  0.2112828   0.37171434 -0.32414633  0.18132995 -0.14002946 -0.63948369
  0.1371466   0.10918875 -0.46467166  0.23758151  0.27188677 -0.59446343
  0.03389731  0.40806362 -0.06749476  0.06983089 -0.50983445  0.44919518
  0.63528584  0.54148119  0.60488028  0.23165636 -0.20107918  0.56344298
 -0.13979805  0.43926077 -0.63009987  0.15771817  0.33530139 -0.69006351
  0.06378172 -0.22290578  0.11389832 -0.28464328  0.23141356 -0.590891
 -0.24187214 -0.83115543 -0.4784474  -0.23560453 -0.18076887]
175,[ 0.14359899  0.08197193  0.05398179  0.10027532  0.33700278  0.12430682
 -0.09600892  0.70641573  0.40874195 -0.55532982 -0.05376979 -0.18202447
  0.21124598  0.37178449 -0.32414848  0.18138845 -0.13999239 -0.63946148
  0.13710717  0.10923047 -0.46467774  0.23754425  0.27187421 -0.59452207
  0.03383698  0.40803459 -0.06738643  0.06979468 -0.5098823   0.44929342
  0.63519132  0.54150673  0.60492373  0.23165816 -0.20104251  0.56345328
 -0.13983799  0.43923432 -0.63008306  0.15767522  0.33531102 -0.689991
  0.06369819 -0.22291291  0.11384897 -0.28465784  0.23146636 -0.59077317
 -0.2419395  -0.83114726 -0.47847477 -0.23559432 -0.18078814]
176,[ 0.14366842  0.08199987  0.05380386  0.10031375  0.33704246  0.12426428
 -0.09594656  0.70634925  0.40867329 -0.55530091 -0.05375973 -0.1819499
  0.2112092   0.37185456 -0.32415063  0.18144689 -0.13995536 -0.63943929
  0.13706777  0.10927215 -0.46468382  0.23750704  0.27186167 -0.59458065
  0.03377672  0.40800559 -0.06727821  0.0697585  -0.50993009  0.44939155
  0.6350969   0.54153224  0.60496714  0.23165996 -0.20100589  0.56346357
 -0.13987788  0.43920791 -0.63006628  0.15763231  0.33532064 -0.68991857
  0.06361474 -0.22292002  0.11379967 -0.28467239  0.2315191  -0.59065546
 -0.24200678 -0.8311391  -0.4785021  -0.23558413 -0.18080739]
177,[ 0.14373778  0.08202778  0.05362614  0.10035213  0.33708209  0.12422179
 -0.09588428  0.70628284  0.40860472 -0.55527203 -0.05374967 -0.1818754
  0.21117246  0.37192455 -0.32415278  0.18150526 -0.13991838 -0.63941713
  0.13702843  0.10931378 -0.46468989  0.23746987  0.27184914 -0.59463917
  0.03371653  0.40797662 -0.06717012  0.06972236 -0.50997783  0.44948958
  0.63500259  0.54155772  0.60501049  0.23166176 -0.2009693   0.56347385
 -0.13991774  0.43918152 -0.63004951  0.15758946  0.33533025 -0.68984623
  0.0635314  -0.22292713  0.11375042 -0.28468692  0.23157178 -0.59053789
 -0.24207398 -0.83113095 -0.4785294  -0.23557395 -0.18082662]
178,[ 0.14380705  0.08205565  0.05344862  0.10039047  0.33712168  0.12417934
 -0.09582206  0.70621652  0.40853622 -0.55524318 -0.05373963 -0.18180099
  0.21113576  0.37199447 -0.32415493  0.18156357 -0.13988143 -0.639395
  0.13698912  0.10935536 -0.46469595  0.23743273  0.27183662 -0.59469762
  0.03365641  0.40794768 -0.06706215  0.06968627 -0.51002551  0.44958749
  0.63490839  0.54158318  0.60505379  0.23166356 -0.20093276  0.56348412
 -0.13995754  0.43915516 -0.63003276  0.15754665  0.33533985 -0.68977396
  0.06344814 -0.22293423  0.11370124 -0.28470144  0.2316244  -0.59042045
 -0.24214111 -0.83112282 -0.47855667 -0.23556378 -0.18084582]
179,[ 0.14387625  0.0820835   0.0532713   0.10042877  0.33716122  0.12413695
 -0.09575992  0.70615026  0.4084678  -0.55521436 -0.05372959 -0.18172667
  0.21109911  0.3720643  -0.32415707  0.18162181 -0.13984453 -0.63937288
  0.13694986  0.10939689 -0.46470201  0.23739565  0.27182411 -0.594756
  0.03359635  0.40791878 -0.06695431  0.06965021 -0.51007315  0.44968529
  0.6348143   0.54160861  0.60509705  0.23166536 -0.20089626  0.56349438
 -0.1399973   0.43912884 -0.63001603  0.15750389  0.33534944 -0.68970178
  0.06336498 -0.22294132  0.1136521  -0.28471594  0.23167697 -0.59030315
 -0.24220817 -0.83111469 -0.47858391 -0.23555362 -0.18086501]
180,[ 0.14394537  0.08211131  0.05309418  0.10046703  0.33720072  0.1240946
 -0.09569784  0.70608408  0.40839946 -0.55518558 -0.05371957 -0.18165243
  0.21106249  0.37213406 -0.32415921  0.18167999 -0.13980767 -0.6393508
  0.13691065  0.10943838 -0.46470805  0.2373586   0.27181162 -0.59481432
  0.03353636  0.4078899  -0.06684658  0.0696142  -0.51012072  0.44978298
  0.63472031  0.541634    0.60514026  0.23166715 -0.2008598   0.56350462
 -0.14003702  0.43910254 -0.62999932  0.15746117  0.33535902 -0.68962968
  0.06328192 -0.2229484   0.11360302 -0.28473043  0.23172947 -0.59018597
 -0.24227515 -0.83110657 -0.47861112 -0.23554348 -0.18088417]
181,[ 0.14401441  0.0821391   0.05291725  0.10050524  0.33724017  0.12405229
 -0.09563584  0.70601798  0.40833119 -0.55515683 -0.05370956 -0.18157827
  0.21102592  0.37220374 -0.32416135  0.1817381  -0.13977085 -0.63932874
  0.13687148  0.10947982 -0.4647141   0.23732159  0.27179915 -0.59487257
  0.03347644  0.40786107 -0.06673898  0.06957822 -0.51016825  0.44988057
  0.63462642  0.54165937  0.60518341  0.23166895 -0.20082338  0.56351485
 -0.14007669  0.43907627 -0.62998263  0.15741851  0.33536859 -0.68955766
  0.06319894 -0.22295547  0.113554   -0.28474489  0.23178192 -0.59006893
 -0.24234205 -0.83109846 -0.4786383  -0.23553334 -0.18090331]
182,[ 0.14408337  0.08216685  0.05274053  0.10054341  0.33727958  0.12401004
 -0.0955739   0.70595194  0.408263   -0.55512811 -0.05369957 -0.1815042
  0.21098938  0.37227334 -0.32416349  0.18179614 -0.13973407 -0.6393067
  0.13683235  0.10952121 -0.46472013  0.23728463  0.27178669 -0.59493076
  0.03341659  0.40783226 -0.06663149  0.06954229 -0.51021572  0.44997804
  0.63453265  0.54168472  0.60522652  0.23167074 -0.200787    0.56352508
 -0.14011632  0.43905003 -0.62996596  0.15737589  0.33537814 -0.68948572
  0.06311607 -0.22296254  0.11350503 -0.28475934  0.2318343  -0.58995202
 -0.24240888 -0.83109035 -0.47866544 -0.23552322 -0.18092243]
183,[ 0.14415225  0.08219457  0.05256401  0.10058154  0.33731895  0.12396783
 -0.09551204  0.70588599  0.40819489 -0.55509942 -0.05368958 -0.1814302
  0.21095289  0.37234286 -0.32416562  0.18185412 -0.13969733 -0.63928469
  0.13679327  0.10956256 -0.46472616  0.2372477   0.27177424 -0.59498888
  0.0333568   0.40780348 -0.06652413  0.0695064  -0.51026313  0.4500754
  0.63443897  0.54171003  0.60526958  0.23167253 -0.20075066  0.56353529
 -0.1401559   0.43902382 -0.62994931  0.15733333  0.33538769 -0.68941387
  0.06303328 -0.2229696   0.11345612 -0.28477378  0.23188663 -0.58983524
 -0.24247563 -0.83108226 -0.47869256 -0.2355131  -0.18094153]
184,[ 0.14422106  0.08222226  0.05238768  0.10061962  0.33735827  0.12392567
 -0.09545024  0.7058201   0.40812685 -0.55507077 -0.0536796  -0.1813563
  0.21091644  0.3724123  -0.32416775  0.18191204 -0.13966064 -0.6392627
  0.13675423  0.10960386 -0.46473218  0.23721082  0.2717618  -0.59504693
  0.03329709  0.40777474 -0.06641689  0.06947054 -0.5103105   0.45017265
  0.63434541  0.54173531  0.6053126   0.23167431 -0.20071436  0.56354549
 -0.14019544  0.43899764 -0.62993267  0.15729081  0.33539722 -0.68934209
  0.06295059 -0.22297665  0.11340727 -0.2847882   0.2319389  -0.5897186
 -0.24254231 -0.83107418 -0.47871965 -0.235503   -0.18096061]
185,[ 0.14428979  0.08224992  0.05221155  0.10065766  0.33739755  0.12388356
 -0.09538851  0.7057543   0.4080589  -0.55504215 -0.05366964 -0.18128247
  0.21088003  0.37248167 -0.32416988  0.18196989 -0.13962398 -0.63924074
  0.13671523  0.10964511 -0.46473819  0.23717398  0.27174938 -0.59510492
  0.03323744  0.40774603 -0.06630977  0.06943473 -0.51035781  0.4502698
  0.63425195  0.54176057  0.60535556  0.2316761  -0.20067811  0.56355567
 -0.14023494  0.43897149 -0.62991606  0.15724833  0.33540674 -0.68927039
  0.06286799 -0.22298369  0.11335846 -0.2848026   0.23199111 -0.58960208
 -0.24260891 -0.8310661  -0.4787467  -0.23549291 -0.18097966]
186,[ 0.14435844  0.08227754  0.05203563  0.10069566  0.33743678  0.1238415
 -0.09532686  0.70568856  0.40799101 -0.55501356 -0.05365968 -0.18120873
  0.21084366  0.37255095 -0.32417201  0.18202767 -0.13958737 -0.6392188
  0.13667628  0.10968632 -0.4647442   0.23713718  0.27173698 -0.59516285
  0.03317785  0.40771736 -0.06620277  0.06939896 -0.51040506  0.45036683
  0.63415859  0.54178579  0.60539848  0.23167788 -0.20064189  0.56356585
 -0.14027439  0.43894537 -0.62989946  0.15720591  0.33541626 -0.68919878
  0.06278548 -0.22299073  0.11330972 -0.28481699  0.23204326 -0.5894857
 -0.24267543 -0.83105804 -0.47877373 -0.23548284 -0.18099869]
187,[ 0.14442702  0.08230514  0.0518599   0.10073361  0.33747597  0.12379948
 -0.09526527  0.7056229   0.40792321 -0.554985   -0.05364974 -0.18113507
  0.21080733  0.37262016 -0.32417413  0.18208539 -0.1395508  -0.63919689
  0.13663738  0.10972748 -0.4647502   0.23710043  0.27172459 -0.59522071
  0.03311834  0.40768871 -0.06609589  0.06936323 -0.51045227  0.45046375
  0.63406534  0.54181099  0.60544134  0.23167966 -0.20060572  0.56357601
 -0.14031379  0.43891928 -0.62988288  0.15716353  0.33542576 -0.68912724
  0.06270307 -0.22299775  0.11326102 -0.28483136  0.23209535 -0.58936944
 -0.24274189 -0.83104998 -0.47880072 -0.23547277 -0.18101771]
188,[ 0.14449552  0.08233271  0.05168436  0.10077153  0.33751512  0.12375751
 -0.09520375  0.70555732  0.40785548 -0.55495648 -0.05363981 -0.1810615
  0.21077105  0.37268929 -0.32417626  0.18214304 -0.13951427 -0.639175
  0.13659851  0.1097686  -0.4647562   0.23706371  0.27171221 -0.5952785
  0.03305889  0.4076601  -0.06598913  0.06932754 -0.51049942  0.45056057
  0.63397219  0.54183616  0.60548416  0.23168144 -0.20056958  0.56358617
 -0.14035315  0.43889321 -0.62986632  0.1571212   0.33543525 -0.68905579
  0.06262075 -0.22300477  0.11321239 -0.28484571  0.23214738 -0.58925332
 -0.24280826 -0.83104193 -0.47882769 -0.23546271 -0.1810367 ]
189,[ 0.14456394  0.08236024  0.05150903  0.1008094   0.33755422  0.12371559
 -0.0951423   0.7054918   0.40778782 -0.55492798 -0.05362989 -0.180988
  0.2107348   0.37275834 -0.32417838  0.18220063 -0.13947778 -0.63915314
  0.13655969  0.10980967 -0.46476218  0.23702704  0.27169984 -0.59533623
  0.0329995   0.40763152 -0.06588249  0.06929188 -0.51054652  0.45065728
  0.63387915  0.54186131  0.60552693  0.23168321 -0.20053349  0.56359631
 -0.14039247  0.43886718 -0.62984978  0.15707892  0.33544473 -0.68898441
  0.06253852 -0.22301178  0.1131638  -0.28486005  0.23219936 -0.58913733
 -0.24287457 -0.83103389 -0.47885462 -0.23545267 -0.18105567]
190,[ 0.14463228  0.08238774  0.05133389  0.10084722  0.33759327  0.12367371
 -0.09508092  0.70542637  0.40772025 -0.55489952 -0.05361998 -0.18091459
  0.2106986   0.37282732 -0.32418049  0.18225815 -0.13944133 -0.6391313
  0.13652092  0.10985069 -0.46476816  0.23699041  0.27168749 -0.59539389
  0.03294019  0.40760297 -0.06577597  0.06925627 -0.51059356  0.45075387
  0.63378621  0.54188642  0.60556966  0.23168499 -0.20049744  0.56360644
 -0.14043174  0.43884118 -0.62983326  0.15703669  0.3354542  -0.68891312
  0.06245638 -0.22301879  0.11311528 -0.28487437  0.23225127 -0.58902147
 -0.24294079 -0.83102587 -0.47888152 -0.23544264 -0.18107461]
191,[ 0.14470055  0.08241521  0.05115895  0.10088501  0.33763228  0.12363188
 -0.09501961  0.705361    0.40765274 -0.55487109 -0.05361009 -0.18084127
  0.21066243  0.37289622 -0.32418261  0.18231561 -0.13940493 -0.63910948
  0.13648219  0.10989166 -0.46477414  0.23695381  0.27167516 -0.59545149
  0.03288094  0.40757445 -0.06566957  0.0692207  -0.51064055  0.45085036
  0.63369338  0.5419115   0.60561233  0.23168676 -0.20046142  0.56361656
 -0.14047097  0.4388152  -0.62981675  0.1569945   0.33546366 -0.68884191
  0.06237434 -0.22302578  0.1130668  -0.28488868  0.23230313 -0.58890574
 -0.24300695 -0.83101785 -0.4789084  -0.23543261 -0.18109354]
192,[ 0.14476874  0.08244266  0.05098421  0.10092275  0.33767125  0.1235901
 -0.09495837  0.70529571  0.40758532 -0.5548427  -0.0536002  -0.18076802
  0.21062631  0.37296504 -0.32418472  0.18237301 -0.13936856 -0.63908769
  0.1364435   0.10993259 -0.46478011  0.23691726  0.27166284 -0.59550903
  0.03282176  0.40754597 -0.06556329  0.06918517 -0.51068749  0.45094674
  0.63360066  0.54193656  0.60565496  0.23168853 -0.20042545  0.56362667
 -0.14051015  0.43878926 -0.62980027  0.15695236  0.33547311 -0.68877078
  0.06229239 -0.22303277  0.11301838 -0.28490296  0.23235493 -0.58879013
 -0.24307303 -0.83100983 -0.47893524 -0.2354226  -0.18111245]
193,[ 0.14483685  0.08247007  0.05080966  0.10096045  0.33771018  0.12354837
 -0.0948972   0.70523049  0.40751797 -0.55481433 -0.05359032 -0.18069486
  0.21059023  0.37303378 -0.32418683  0.18243034 -0.13933223 -0.63906593
  0.13640485  0.10997348 -0.46478607  0.23688075  0.27165053 -0.5955665
  0.03276264  0.40751752 -0.06545713  0.06914968 -0.51073438  0.45104301
  0.63350803  0.54196159  0.60569754  0.2316903  -0.20038952  0.56363676
 -0.14054929  0.43876334 -0.6297838   0.15691027  0.33548255 -0.68869972
  0.06221053 -0.22303975  0.11297002 -0.28491724  0.23240667 -0.58867466
 -0.24313903 -0.83100183 -0.47896205 -0.2354126  -0.18113133]
194,[ 0.14490489  0.08249744  0.05063531  0.10099811  0.33774906  0.12350668
 -0.09483609  0.70516535  0.4074507  -0.554786   -0.05358046 -0.18062178
  0.21055418  0.37310244 -0.32418894  0.1824876  -0.13929595 -0.63904419
  0.13636625  0.11001432 -0.46479202  0.23684429  0.27163823 -0.5956239
  0.03270359  0.4074891  -0.06535109  0.06911423 -0.51078121  0.45113918
  0.63341551  0.54198659  0.60574007  0.23169207 -0.20035363  0.56364685
 -0.14058839  0.43873746 -0.62976735  0.15686823  0.33549197 -0.68862875
  0.06212876 -0.22304672  0.11292171 -0.2849315   0.23245835 -0.58855932
 -0.24320496 -0.83099384 -0.47898884 -0.23540262 -0.18115019]
195,[ 0.14497285  0.08252479  0.05046116  0.10103572  0.3377879   0.12346504
 -0.09477506  0.70510028  0.4073835  -0.5547577  -0.05357061 -0.18054878
  0.21051818  0.37317103 -0.32419104  0.1825448  -0.13925971 -0.63902247
  0.1363277   0.11005511 -0.46479797  0.23680786  0.27162595 -0.59568124
  0.03264461  0.40746071 -0.06524517  0.06907882 -0.51082799  0.45123523
  0.6333231   0.54201156  0.60578255  0.23169383 -0.20031778  0.56365692
 -0.14062744  0.4387116  -0.62975092  0.15682623  0.33550139 -0.68855786
  0.06204709 -0.22305369  0.11287346 -0.28494574  0.23250998 -0.58844411
 -0.24327082 -0.83098585 -0.47901559 -0.23539264 -0.18116903]
196,[ 0.14504073  0.08255211  0.0502872   0.10107329  0.33782669  0.12342345
 -0.09471409  0.70503528  0.40731638 -0.55472943 -0.05356076 -0.18047587
  0.21048222  0.37323954 -0.32419315  0.18260194 -0.1392235  -0.63900078
  0.13628918  0.11009585 -0.46480391  0.23677147  0.27161369 -0.59573852
  0.03258569  0.40743235 -0.06513937  0.06904345 -0.51087472  0.45133118
  0.63323079  0.54203651  0.60582498  0.23169559 -0.20028197  0.56366698
 -0.14066645  0.43868577 -0.62973451  0.15678428  0.3355108  -0.68848705
  0.06196551 -0.22306064  0.11282526 -0.28495996  0.23256154 -0.58832903
 -0.2433366  -0.83097788 -0.47904231 -0.23538267 -0.18118785]
197,[ 0.14510854  0.0825794   0.05011344  0.10111082  0.33786544  0.1233819
 -0.0946532   0.70497035  0.40724933 -0.55470119 -0.05355093 -0.18040304
  0.2104463   0.37330797 -0.32419525  0.18265901 -0.13918734 -0.63897911
  0.13625071  0.11013655 -0.46480984  0.23673513  0.27160143 -0.59579573
  0.03252684  0.40740403 -0.06503369  0.06900812 -0.51092139  0.45142702
  0.63313858  0.54206142  0.60586737  0.23169735 -0.2002462   0.56367703
 -0.14070541  0.43865997 -0.62971812  0.15674238  0.33552019 -0.68841631
  0.06188402 -0.22306759  0.11277711 -0.28497417  0.23261305 -0.58821408
 -0.24340231 -0.83096991 -0.47906901 -0.23537272 -0.18120665]
198,[ 0.14517627  0.08260665  0.04993987  0.10114831  0.33790414  0.1233404
 -0.09459237  0.7049055   0.40718236 -0.55467299 -0.05354111 -0.18033028
  0.21041042  0.37337633 -0.32419735  0.18271602 -0.13915122 -0.63895747
  0.13621228  0.11017721 -0.46481577  0.23669882  0.27158919 -0.59585288
  0.03246806  0.40737574 -0.06492812  0.06897282 -0.51096801  0.45152275
  0.63304648  0.54208631  0.60590971  0.23169911 -0.20021047  0.56368707
 -0.14074433  0.4386342  -0.62970174  0.15670053  0.33552958 -0.68834566
  0.06180262 -0.22307453  0.11272902 -0.28498836  0.2326645  -0.58809926
 -0.24346794 -0.83096196 -0.47909567 -0.23536278 -0.18122543]
199,[ 0.14524392  0.08263388  0.0497665   0.10118575  0.33794281  0.12329895
 -0.09453161  0.70484072  0.40711546 -0.55464481 -0.0535313  -0.18025762
  0.21037458  0.37344461 -0.32419944  0.18277296 -0.13911514 -0.63893585
  0.1361739   0.11021782 -0.46482169  0.23666256  0.27157697 -0.59590996
  0.03240934  0.40734748 -0.06482268  0.06893757 -0.51101458  0.45161837
  0.63295448  0.54211117  0.605952    0.23170087 -0.20017478  0.5636971
 -0.14078321  0.43860846 -0.62968539  0.15665872  0.33553895 -0.68827508
  0.06172131 -0.22308146  0.11268098 -0.28500254  0.23271589 -0.58798457
 -0.2435335  -0.83095401 -0.4791223  -0.23535284 -0.18124419]
200,[ 0.1453115   0.08266107  0.04959333  0.10122316  0.33798143  0.12325754
 -0.09447092  0.70477602  0.40704864 -0.55461667 -0.05352151 -0.18018503
  0.21033878  0.37351281 -0.32420154  0.18282984 -0.1390791  -0.63891426
  0.13613556  0.11025838 -0.4648276   0.23662634  0.27156476 -0.59596698
  0.03235069  0.40731925 -0.06471735  0.06890236 -0.5110611   0.45171389
  0.63286259  0.542136    0.60599424  0.23170262 -0.20013913  0.56370712
 -0.14082204  0.43858275 -0.62966905  0.15661696  0.33554832 -0.68820459
  0.0616401  -0.22308839  0.11263299 -0.2850167   0.23276723 -0.58787
 -0.24359898 -0.83094607 -0.4791489  -0.23534292 -0.18126292]
201,[ 0.145379    0.08268824  0.04942035  0.10126052  0.33802     0.12321619
 -0.09441029  0.70471139  0.4069819  -0.55458856 -0.05351172 -0.18011252
  0.21030302  0.37358094 -0.32420363  0.18288666 -0.1390431  -0.63889269
  0.13609726  0.1102989  -0.46483351  0.23659016  0.27155256 -0.59602393
  0.03229211  0.40729105 -0.06461215  0.06886719 -0.51110757  0.45180929
  0.6327708   0.54216081  0.60603644  0.23170437 -0.20010353  0.56371712
 -0.14086083  0.43855706 -0.62965273  0.15657524  0.33555767 -0.68813418
  0.06155897 -0.2230953   0.11258506 -0.28503085  0.2328185  -0.58775557
 -0.2436644  -0.83093814 -0.47917547 -0.23533301 -0.18128164]
202,[ 0.14544643  0.08271537  0.04924756  0.10129784  0.33805853  0.12317487
 -0.09434974  0.70464683  0.40691523 -0.55456048 -0.05350194 -0.1800401
  0.2102673   0.37364899 -0.32420572  0.18294341 -0.13900714 -0.63887114
  0.136059    0.11033937 -0.46483941  0.23655402  0.27154037 -0.59608082
  0.03223359  0.40726289 -0.06450706  0.06883205 -0.51115398  0.45190459
  0.63267911  0.54218559  0.60607859  0.23170612 -0.20006796  0.56372712
 -0.14089957  0.43853141 -0.62963643  0.15653358  0.33556701 -0.68806384
  0.06147794 -0.22310221  0.11253719 -0.28504498  0.23286972 -0.58764127
 -0.24372974 -0.83093022 -0.47920202 -0.23532312 -0.18130033]
203,[ 0.14551378  0.08274247  0.04907497  0.10133512  0.33809702  0.12313361
 -0.09428925  0.70458234  0.40684863 -0.55453243 -0.05349218 -0.17996776
  0.21023162  0.37371696 -0.3242078   0.1830001  -0.13897122 -0.63884962
  0.13602079  0.11037979 -0.4648453   0.23651792  0.2715282  -0.59613765
  0.03217513  0.40723475 -0.06440209  0.06879696 -0.51120034  0.45199979
  0.63258752  0.54221033  0.60612069  0.23170787 -0.20003243  0.5637371
 -0.14093827  0.43850578 -0.62962015  0.15649196  0.33557634 -0.68799358
  0.061397   -0.22310911  0.11248937 -0.28505909  0.23292088 -0.58752709
 -0.243795   -0.8309223  -0.47922853 -0.23531323 -0.181319  ]
204,[ 0.14558106  0.08276955  0.04890257  0.10137235  0.33813547  0.12309239
 -0.09422883  0.70451793  0.40678211 -0.55450442 -0.05348243 -0.1798955
  0.21019598  0.37378485 -0.32420989  0.18305672 -0.13893535 -0.63882812
  0.13598262  0.11042017 -0.46485119  0.23648186  0.27151605 -0.59619441
  0.03211675  0.40720665 -0.06429724  0.06876191 -0.51124665  0.45209487
  0.63249604  0.54223505  0.60616275  0.23170962 -0.19999694  0.56374707
 -0.14097693  0.43848019 -0.62960388  0.15645038  0.33558567 -0.68792341
  0.06131615 -0.22311601  0.1124416  -0.28507319  0.23297199 -0.58741304
 -0.24386019 -0.8309144  -0.47925501 -0.23530335 -0.18133765]
205,[ 0.14564825  0.08279659  0.04873037  0.10140954  0.33817387  0.12305121
 -0.09416848  0.70445358  0.40671567 -0.55447643 -0.05347268 -0.17982332
  0.21016039  0.37385267 -0.32421197  0.18311328 -0.13889951 -0.63880665
  0.1359445   0.11046051 -0.46485707  0.23644584  0.2715039  -0.59625111
  0.03205842  0.40717858 -0.0641925   0.06872689 -0.5112929   0.45218985
  0.63240466  0.54225975  0.60620475  0.23171136 -0.19996149  0.56375703
 -0.14101554  0.43845462 -0.62958764  0.15640886  0.33559498 -0.68785331
  0.06123539 -0.22312289  0.11239388 -0.28508727  0.23302303 -0.58729912
 -0.24392531 -0.83090651 -0.47928147 -0.23529349 -0.18135628]
206,[ 0.14571538  0.0828236   0.04855836  0.10144669  0.33821223  0.12301009
 -0.0941082   0.70438931  0.4066493  -0.55444848 -0.05346295 -0.17975122
  0.21012483  0.37392042 -0.32421405  0.18316978 -0.13886371 -0.6387852
  0.13590641  0.1105008  -0.46486294  0.23640986  0.27149177 -0.59630774
  0.03200017  0.40715055 -0.06408789  0.06869192 -0.51133911  0.45228472
  0.63231339  0.54228441  0.60624671  0.23171311 -0.19992608  0.56376698
 -0.14105411  0.43842908 -0.62957141  0.15636738  0.33560428 -0.68778329
  0.06115472 -0.22312977  0.11234622 -0.28510133  0.23307402 -0.58718533
 -0.24399035 -0.83089862 -0.47930789 -0.23528363 -0.18137489]
207,[ 0.14578242  0.08285058  0.04838655  0.1014838   0.33825054  0.122969
 -0.09404798  0.70432512  0.406583   -0.55442056 -0.05345323 -0.1796792
  0.21008931  0.37398808 -0.32421613  0.18322621 -0.13882796 -0.63876378
  0.13586837  0.11054104 -0.46486881  0.23637392  0.27147966 -0.59636431
  0.03194198  0.40712254 -0.06398339  0.06865698 -0.51138526  0.45237949
  0.63222221  0.54230905  0.60628862  0.23171485 -0.19989072  0.56377692
 -0.14109264  0.43840357 -0.6295552   0.15632595  0.33561357 -0.68771335
  0.06107414 -0.22313664  0.11229861 -0.28511538  0.23312495 -0.58707167
 -0.24405533 -0.83089074 -0.47933428 -0.23527379 -0.18139348]
208,[ 0.1458494   0.08287753  0.04821493  0.10152087  0.33828882  0.12292797
 -0.09398783  0.70426099  0.40651678 -0.55439267 -0.05344352 -0.17960726
  0.21005383  0.37405567 -0.3242182   0.18328258 -0.13879224 -0.63874238
  0.13583038  0.11058124 -0.46487467  0.23633802  0.27146756 -0.59642082
  0.03188385  0.40709456 -0.06387901  0.06862209 -0.51143136  0.45247415
  0.63213114  0.54233366  0.60633049  0.23171659 -0.19985539  0.56378685
 -0.14113112  0.43837809 -0.62953901  0.15628456  0.33562285 -0.68764349
  0.06099366 -0.2231435   0.11225106 -0.28512942  0.23317583 -0.58695813
 -0.24412022 -0.83088288 -0.47936065 -0.23526396 -0.18141205]
209,[ 0.14591629  0.08290445  0.0480435   0.1015579   0.33832705  0.12288698
 -0.09392775  0.70419694  0.40645064 -0.55436481 -0.05343382 -0.17953541
  0.21001839  0.37412319 -0.32422027  0.18333888 -0.13875656 -0.638721
  0.13579242  0.11062139 -0.46488052  0.23630217  0.27145547 -0.59647726
  0.03182579  0.40706662 -0.06377475  0.06858723 -0.51147741  0.4525687
  0.63204017  0.54235824  0.60637231  0.23171832 -0.1998201   0.56379676
 -0.14116956  0.43835264 -0.62952284  0.15624322  0.33563212 -0.6875737
  0.06091326 -0.22315036  0.11220356 -0.28514344  0.23322664 -0.58684472
 -0.24418505 -0.83087502 -0.47938698 -0.23525414 -0.1814306 ]
210,[ 0.14598311  0.08293134  0.04787227  0.10159488  0.33836523  0.12284604
 -0.09386774  0.70413296  0.40638456 -0.55433699 -0.05342414 -0.17946364
  0.209983    0.37419063 -0.32422234  0.18339513 -0.13872093 -0.63869965
  0.13575451  0.1106615  -0.46488637  0.23626635  0.27144339 -0.59653364
  0.0317678   0.40703871 -0.0636706   0.06855241 -0.5115234   0.45266314
  0.63194931  0.54238279  0.60641408  0.23172006 -0.19978485  0.56380667
 -0.14120796  0.43832721 -0.62950668  0.15620193  0.33564138 -0.687504
  0.06083296 -0.22315721  0.11215611 -0.28515744  0.2332774  -0.58673144
 -0.2442498  -0.83086717 -0.47941328 -0.23524433 -0.18144912]
211,[ 0.14604986  0.0829582   0.04770122  0.10163182  0.33840337  0.12280514
 -0.0938078   0.70406905  0.40631857 -0.55430919 -0.05341446 -0.17939194
  0.20994764  0.37425799 -0.32422441  0.1834513  -0.13868533 -0.63867832
  0.13571664  0.11070156 -0.46489221  0.23623057  0.27143133 -0.59658995
  0.03170987  0.40701083 -0.06356657  0.06851763 -0.51156935  0.45275748
  0.63185855  0.54240732  0.6064558   0.23172179 -0.19974964  0.56381656
 -0.14124632  0.43830182 -0.62949054  0.15616068  0.33565062 -0.68743437
  0.06075274 -0.22316405  0.11210872 -0.28517143  0.23332811 -0.58661829
 -0.24431448 -0.83085932 -0.47943956 -0.23523453 -0.18146763]
212,[ 0.14611653  0.08298503  0.04753037  0.10166873  0.33844147  0.12276429
 -0.09374792  0.70400521  0.40625264 -0.55428143 -0.05340479 -0.17932033
  0.20991232  0.37432527 -0.32422648  0.18350742 -0.13864978 -0.63865701
  0.13567882  0.11074158 -0.46489805  0.23619484  0.27141928 -0.59664621
  0.03165201  0.40698298 -0.06346266  0.06848289 -0.51161524  0.45285171
  0.63176788  0.54243182  0.60649748  0.23172352 -0.19971447  0.56382644
 -0.14128463  0.43827645 -0.62947443  0.15611948  0.33565986 -0.68736482
  0.06067262 -0.22317088  0.11206138 -0.2851854   0.23337875 -0.58650527
 -0.24437909 -0.83085149 -0.4794658  -0.23522474 -0.18148611]
213,[ 0.14618313  0.08301183  0.04735972  0.10170558  0.33847953  0.12272349
 -0.09368811  0.70394145  0.4061868  -0.55425369 -0.05339514 -0.1792488
  0.20987704  0.37439248 -0.32422854  0.18356347 -0.13861426 -0.63863573
  0.13564103  0.11078155 -0.46490387  0.23615914  0.27140725 -0.59670239
  0.03159421  0.40695516 -0.06335887  0.06844819 -0.51166108  0.45294584
  0.63167733  0.54245629  0.60653911  0.23172525 -0.19967934  0.56383631
 -0.14132289  0.43825111 -0.62945833  0.15607833  0.33566909 -0.68729535
  0.06059258 -0.2231777   0.1120141  -0.28519935  0.23342934 -0.58639237
 -0.24444362 -0.83084367 -0.47949202 -0.23521497 -0.18150457]
214,[ 0.14624965  0.0830386   0.04718925  0.1017424   0.33851755  0.12268273
 -0.09362837  0.70387776  0.40612102 -0.55422599 -0.05338549 -0.17917735
  0.2098418   0.37445962 -0.3242306   0.18361946 -0.13857878 -0.63861448
  0.13560329  0.11082148 -0.46490969  0.23612349  0.27139523 -0.59675852
  0.03153648  0.40692737 -0.06325519  0.06841353 -0.51170687  0.45303986
  0.63158687  0.54248073  0.60658069  0.23172698 -0.19964425  0.56384617
 -0.14136112  0.4382258  -0.62944224  0.15603722  0.33567831 -0.68722596
  0.06051264 -0.22318452  0.11196686 -0.28521329  0.23347987 -0.5862796
 -0.24450808 -0.83083585 -0.47951821 -0.2352052  -0.18152302]
215,[ 0.14631609  0.08306534  0.04701898  0.10177918  0.33855552  0.12264202
 -0.0935687   0.70381414  0.40605532 -0.55419832 -0.05337586 -0.17910598
  0.2098066   0.37452668 -0.32423266  0.18367539 -0.13854335 -0.63859325
  0.13556559  0.11086137 -0.46491551  0.23608787  0.27138322 -0.59681458
  0.03147881  0.40689962 -0.06315163  0.06837891 -0.51175261  0.45313378
  0.63149651  0.54250515  0.60662223  0.2317287  -0.1996092   0.56385602
 -0.1413993   0.43820052 -0.62942618  0.15599616  0.33568751 -0.68715665
  0.06043278 -0.22319133  0.11191968 -0.28522721  0.23353034 -0.58616696
 -0.24457247 -0.83082805 -0.47954436 -0.23519545 -0.18154144]
216,[ 0.14638246  0.08309205  0.0468489   0.10181591  0.33859345  0.12260135
 -0.09350909  0.70375059  0.40598969 -0.55417068 -0.05336624 -0.17903469
  0.20977144  0.37459366 -0.32423471  0.18373125 -0.13850795 -0.63857204
  0.13552794  0.1109012  -0.46492132  0.2360523   0.27137123 -0.59687058
  0.0314212   0.40687189 -0.06304819  0.06834433 -0.51179829  0.45322758
  0.63140626  0.54252954  0.60666371  0.23173043 -0.19957418  0.56386586
 -0.14143744  0.43817527 -0.62941013  0.15595515  0.33569671 -0.68708741
  0.06035302 -0.22319813  0.11187256 -0.28524112  0.23358076 -0.58605444
 -0.24463679 -0.83082025 -0.47957049 -0.2351857  -0.18155984]
217,[ 0.14644876  0.08311873  0.04667901  0.10185261  0.33863133  0.12256073
 -0.09344955  0.70368711  0.40592414 -0.55414307 -0.05335662 -0.17896348
  0.20973632  0.37466057 -0.32423677  0.18378705 -0.1384726  -0.63855085
  0.13549032  0.110941   -0.46492712  0.23601676  0.27135925 -0.59692652
  0.03136367  0.4068442  -0.06294486  0.06830978 -0.51184393  0.45332129
  0.63131611  0.5425539   0.60670516  0.23173215 -0.19953921  0.56387569
 -0.14147553  0.43815004 -0.62939411  0.15591418  0.3357059  -0.68701826
  0.06027335 -0.22320492  0.11182548 -0.28525502  0.23363112 -0.58594205
 -0.24470103 -0.83081246 -0.47959659 -0.23517597 -0.18157822]
218,[ 0.14651498  0.08314538  0.04650931  0.10188926  0.33866918  0.12252016
 -0.09339007  0.7036237   0.40585866 -0.5541155  -0.05334702 -0.17889235
  0.20970124  0.3747274  -0.32423882  0.18384279 -0.13843728 -0.63852969
  0.13545275  0.11098075 -0.46493291  0.23598127  0.27134728 -0.59698239
  0.03130619  0.40681654 -0.06284165  0.06827528 -0.51188951  0.45341489
  0.63122606  0.54257823  0.60674655  0.23173387 -0.19950428  0.5638855
 -0.14151359  0.43812485 -0.6293781   0.15587326  0.33571507 -0.68694918
  0.06019376 -0.22321171  0.11177846 -0.28526889  0.23368142 -0.58582979
 -0.2447652  -0.83080468 -0.47962266 -0.23516625 -0.18159658]
219,[ 0.14658113  0.083172    0.0463398   0.10192587  0.33870698  0.12247963
 -0.09333067  0.70356037  0.40579326 -0.55408795 -0.05333743 -0.1788213
  0.2096662   0.37479416 -0.32424087  0.18389846 -0.138402   -0.63850856
  0.13541522  0.11102045 -0.4649387   0.23594581  0.27133533 -0.5970382
  0.03124878  0.40678891 -0.06273855  0.06824081 -0.51193504  0.45350838
  0.63113611  0.54260254  0.6067879   0.23173558 -0.19946939  0.56389531
 -0.14155159  0.43809968 -0.62936211  0.15583238  0.33572424 -0.68688018
  0.06011427 -0.22321848  0.11173149 -0.28528275  0.23373167 -0.58571765
 -0.2448293  -0.83079691 -0.47964869 -0.23515654 -0.18161492]
220,[ 0.1466472   0.08319858  0.04617049  0.10196244  0.33874474  0.12243914
 -0.09327133  0.7034971   0.40572793 -0.55406044 -0.05332785 -0.17875033
  0.2096312   0.37486084 -0.32424292  0.18395408 -0.13836677 -0.63848744
  0.13537774  0.11106011 -0.46494448  0.2359104   0.27132339 -0.59709395
  0.03119144  0.40676131 -0.06263557  0.06820638 -0.51198052  0.45360176
  0.63104626  0.54262682  0.6068292   0.2317373  -0.19943453  0.5639051
 -0.14158956  0.43807454 -0.62934613  0.15579155  0.33573339 -0.68681125
  0.06003486 -0.22322525  0.11168458 -0.2852966   0.23378186 -0.58560564
 -0.24489333 -0.83078915 -0.4796747  -0.23514684 -0.18163324]
221,[ 0.1467132   0.08322514  0.04600136  0.10199897  0.33878245  0.12239871
 -0.09321205  0.70343391  0.40566267 -0.55403295 -0.05331829 -0.17867944
  0.20959623  0.37492745 -0.32424496  0.18400963 -0.13833157 -0.63846635
  0.13534029  0.11109972 -0.46495026  0.23587502  0.27131146 -0.59714963
  0.03113416  0.40673374 -0.06253271  0.068172   -0.51202595  0.45369505
  0.63095652  0.54265107  0.60687046  0.23173901 -0.19939972  0.56391488
 -0.14162749  0.43804943 -0.62933018  0.15575077  0.33574254 -0.68674241
  0.05995554 -0.22323202  0.11163772 -0.28531043  0.233832   -0.58549376
 -0.24495728 -0.83078139 -0.47970068 -0.23513715 -0.18165153]
222,[ 0.14677912  0.08325167  0.04583242  0.10203546  0.33882013  0.12235831
 -0.09315285  0.70337079  0.40559749 -0.5540055  -0.05330873 -0.17860863
  0.20956131  0.37499398 -0.324247    0.18406511 -0.13829641 -0.63844529
  0.13530289  0.11113929 -0.46495603  0.23583969  0.27129955 -0.59720526
  0.03107694  0.4067062  -0.06242996  0.06813765 -0.51207133  0.45378822
  0.63086687  0.5426753   0.60691167  0.23174072 -0.19936494  0.56392466
 -0.14166537  0.43802435 -0.62931424  0.15571003  0.33575167 -0.68667364
  0.05987632 -0.22323877  0.11159091 -0.28532424  0.23388207 -0.585382
 -0.24502116 -0.83077365 -0.47972664 -0.23512747 -0.18166981]
223,[ 0.14684497  0.08327817  0.04566368  0.1020719   0.33885776  0.12231797
 -0.09309371  0.70330774  0.40553237 -0.55397808 -0.05329918 -0.1785379
  0.20952643  0.37506044 -0.32424904  0.18412054 -0.1382613  -0.63842425
  0.13526553  0.11117882 -0.46496179  0.23580439  0.27128765 -0.59726082
  0.03101979  0.4066787  -0.06232733  0.06810333 -0.51211666  0.45388129
  0.63077733  0.54269949  0.60695283  0.23174243 -0.1993302   0.56393442
 -0.14170321  0.43799929 -0.62929832  0.15566934  0.3357608  -0.68660495
  0.05979718 -0.22324552  0.11154415 -0.28533804  0.2339321  -0.58527037
 -0.24508497 -0.83076591 -0.47975256 -0.23511781 -0.18168807]
224,[ 0.14691075  0.08330464  0.04549512  0.10210831  0.33889535  0.12227767
 -0.09303464  0.70324476  0.40546734 -0.55395069 -0.05328964 -0.17846724
  0.20949158  0.37512682 -0.32425108  0.1841759  -0.13822622 -0.63840323
  0.13522821  0.1112183  -0.46496755  0.23576913  0.27127577 -0.59731631
  0.03096271  0.40665122 -0.06222482  0.06806906 -0.51216194  0.45397426
  0.63068788  0.54272366  0.60699395  0.23174414 -0.19929551  0.56394417
 -0.141741    0.43797427 -0.62928242  0.15562869  0.33576991 -0.68653633
  0.05971813 -0.22325226  0.11149745 -0.28535183  0.23398206 -0.58515886
 -0.24514871 -0.83075819 -0.47977845 -0.23510815 -0.1817063 ]
225,[ 0.14697645  0.08333108  0.04532676  0.10214467  0.33893289  0.12223741
 -0.09297563  0.70318185  0.40540237 -0.55392333 -0.05328012 -0.17839667
  0.20945678  0.37519313 -0.32425312  0.1842312  -0.13819118 -0.63838223
  0.13519093  0.11125773 -0.46497329  0.23573392  0.27126389 -0.59737175
  0.03090568  0.40662378 -0.06212242  0.06803483 -0.51220716  0.45406712
  0.63059854  0.5427478   0.60703502  0.23174585 -0.19926085  0.5639539
 -0.14177876  0.43794927 -0.62926653  0.15558809  0.33577902 -0.6864678
  0.05963917 -0.22325899  0.11145079 -0.28536559  0.23403197 -0.58504748
 -0.24521238 -0.83075047 -0.47980431 -0.23509851 -0.18172452]
226,[ 0.14704207  0.08335749  0.04515858  0.102181    0.3389704   0.1221972
 -0.09291669  0.70311902  0.40533748 -0.553896   -0.0532706  -0.17832618
  0.20942201  0.37525937 -0.32425515  0.18428644 -0.13815618 -0.63836126
  0.1351537   0.11129712 -0.46497904  0.23569874  0.27125203 -0.59742712
  0.03084873  0.40659636 -0.06202013  0.06800063 -0.51225234  0.45415988
  0.6305093   0.54277192  0.60707605  0.23174755 -0.19922623  0.56396363
 -0.14181647  0.4379243  -0.62925067  0.15554753  0.33578811 -0.68639934
  0.0595603  -0.22326572  0.1114042  -0.28537935  0.23408182 -0.58493622
 -0.24527597 -0.83074276 -0.47983015 -0.23508887 -0.18174271]
227,[ 0.14710763  0.08338387  0.0449906   0.10221728  0.33900786  0.12215703
 -0.09285782  0.70305625  0.40527266 -0.5538687  -0.0532611  -0.17825577
  0.20938728  0.37532552 -0.32425718  0.18434161 -0.13812122 -0.63834032
  0.13511651  0.11133647 -0.46498477  0.2356636   0.27124019 -0.59748243
  0.03079183  0.40656898 -0.06191796  0.06796648 -0.51229746  0.45425253
  0.63042016  0.54279601  0.60711702  0.23174925 -0.19919165  0.56397335
 -0.14185413  0.43789936 -0.62923482  0.15550703  0.33579719 -0.68633096
  0.05948152 -0.22327243  0.11135765 -0.28539308  0.23413162 -0.58482509
 -0.2453395  -0.83073506 -0.47985595 -0.23507925 -0.18176089]
228,[ 0.14717311  0.08341022  0.0448228   0.10225352  0.33904528  0.12211691
 -0.09279901  0.70299355  0.40520792 -0.55384143 -0.05325161 -0.17818544
  0.2093526   0.37539161 -0.32425921  0.18439672 -0.1380863  -0.63831939
  0.13507936  0.11137577 -0.4649905   0.23562851  0.27122836 -0.59753768
  0.030735    0.40654163 -0.06181591  0.06793236 -0.51234253  0.45434508
  0.63033112  0.54282007  0.60715796  0.23175095 -0.19915711  0.56398305
 -0.14189176  0.43787444 -0.62921899  0.15546656  0.33580627 -0.68626265
  0.05940283 -0.22327914  0.11131116 -0.2854068   0.23418136 -0.58471409
 -0.24540295 -0.83072736 -0.47988173 -0.23506964 -0.18177904]
229,[ 0.14723851  0.08343654  0.04465519  0.10228972  0.33908265  0.12207684
 -0.09274027  0.70293093  0.40514325 -0.55381419 -0.05324212 -0.17811518
  0.20931795  0.37545762 -0.32426124  0.18445177 -0.13805142 -0.63829849
  0.13504225  0.11141503 -0.46499623  0.23559345  0.27121654 -0.59759286
  0.03067824  0.40651431 -0.06171397  0.06789828 -0.51238755  0.45443753
  0.63024217  0.5428441   0.60719884  0.23175265 -0.1991226   0.56399275
 -0.14192934  0.43784956 -0.62920318  0.15542614  0.33581533 -0.68619442
  0.05932422 -0.22328585  0.11126471 -0.28542051  0.23423104 -0.58460321
 -0.24546633 -0.83071968 -0.47990748 -0.23506003 -0.18179717]
230,[ 0.14730384  0.08346283  0.04448777  0.10232588  0.33911999  0.12203681
 -0.0926816   0.70286837  0.40507865 -0.55378698 -0.05323265 -0.17804501
  0.20928334  0.37552355 -0.32426326  0.18450676 -0.13801658 -0.63827762
  0.13500518  0.11145425 -0.46500194  0.23555843  0.27120473 -0.59764798
  0.03062154  0.40648702 -0.06161214  0.06786423 -0.51243252  0.45452987
  0.63015333  0.54286811  0.60723968  0.23175435 -0.19908814  0.56400243
 -0.14196689  0.4378247  -0.62918738  0.15538577  0.33582438 -0.68612627
  0.0592457  -0.22329254  0.11121832 -0.2854342   0.23428067 -0.58449245
 -0.24552964 -0.830712   -0.47993319 -0.23505044 -0.18181529]
231,[ 0.1473691   0.08348909  0.04432054  0.102362    0.33915728  0.12199682
 -0.09262299  0.70280589  0.40501412 -0.55375981 -0.05322319 -0.17797491
  0.20924877  0.37558942 -0.32426528  0.18456169 -0.13798177 -0.63825676
  0.13496816  0.11149342 -0.46500765  0.23552345  0.27119294 -0.59770305
  0.0305649   0.40645976 -0.06151043  0.06783023 -0.51247745  0.45462211
  0.63006459  0.54289209  0.60728048  0.23175604 -0.19905371  0.56401211
 -0.14200439  0.43779987 -0.62917161  0.15534544  0.33583342 -0.6860582
  0.05916728 -0.22329923  0.11117199 -0.28544788  0.23433024 -0.58438182
 -0.24559288 -0.83070434 -0.47995888 -0.23504086 -0.18183338]
232,[ 0.14743429  0.08351532  0.0441535   0.10239808  0.33919453  0.12195688
 -0.09256444  0.70274347  0.40494967 -0.55373266 -0.05321374 -0.1779049
  0.20921424  0.3756552  -0.3242673   0.18461656 -0.13794701 -0.63823593
  0.13493117  0.11153254 -0.46501336  0.23548851  0.27118116 -0.59775804
  0.03050832  0.40643253 -0.06140884  0.06779627 -0.51252232  0.45471424
  0.62997595  0.54291604  0.60732122  0.23175773 -0.19901933  0.56402177
 -0.14204184  0.43777507 -0.62915585  0.15530516  0.33584246 -0.6859902
  0.05908894 -0.22330591  0.1111257  -0.28546153  0.23437976 -0.58427131
 -0.24565604 -0.83069668 -0.47998454 -0.23503129 -0.18185145]
233,[ 0.1474994   0.08354153  0.04398665  0.10243412  0.33923174  0.12191699
 -0.09250597  0.70268113  0.40488528 -0.55370555 -0.0532043  -0.17783496
  0.20917974  0.37572092 -0.32426932  0.18467136 -0.13791229 -0.63821513
  0.13489423  0.11157163 -0.46501906  0.23545361  0.27116939 -0.59781298
  0.03045181  0.40640533 -0.06130736  0.06776234 -0.51256713  0.45480627
  0.62988741  0.54293997  0.60736193  0.23175942 -0.19898498  0.56403142
 -0.14207926  0.43775029 -0.62914011  0.15526493  0.33585148 -0.68592228
  0.05901069 -0.22331258  0.11107947 -0.28547518  0.23442922 -0.58416093
 -0.24571914 -0.83068903 -0.48001018 -0.23502174 -0.1818695 ]
234,[ 0.14756444  0.0835677   0.04381998  0.10247012  0.33926891  0.12187714
 -0.09244756  0.70261886  0.40482098 -0.55367846 -0.05319487 -0.1777651
  0.20914529  0.37578655 -0.32427133  0.1847261  -0.1378776  -0.63819434
  0.13485733  0.11161066 -0.46502475  0.23541875  0.27115764 -0.59786786
  0.03039537  0.40637817 -0.06120599  0.06772845 -0.5126119   0.45489819
  0.62979897  0.54296387  0.60740258  0.23176111 -0.19895067  0.56404106
 -0.14211663  0.43772555 -0.62912438  0.15522473  0.33586049 -0.68585443
  0.05893252 -0.22331924  0.11103329 -0.28548881  0.23447862 -0.58405068
 -0.24578216 -0.83068139 -0.48003578 -0.23501219 -0.18188753]
235,[ 0.1476294   0.08359384  0.0436535   0.10250607  0.33930604  0.12183733
 -0.09238921  0.70255665  0.40475674 -0.55365141 -0.05318545 -0.17769532
  0.20911087  0.37585212 -0.32427335  0.18478078 -0.13784295 -0.63817359
  0.13482047  0.11164966 -0.46503043  0.23538393  0.2711459  -0.59792267
  0.03033898  0.40635103 -0.06110474  0.0676946  -0.51265662  0.45499001
  0.62971063  0.54298774  0.60744319  0.2317628  -0.1989164   0.56405069
 -0.14215396  0.43770083 -0.62910868  0.15518459  0.33586949 -0.68578666
  0.05885445 -0.2233259   0.11098716 -0.28550242  0.23452797 -0.58394054
 -0.24584512 -0.83067376 -0.48006135 -0.23500265 -0.18190554]
236,[ 0.14769429  0.08361996  0.04348721  0.10254199  0.33934312  0.12179757
 -0.09233093  0.70249452  0.40469258 -0.55362439 -0.05317604 -0.17762562
  0.2090765   0.37591761 -0.32427536  0.1848354  -0.13780835 -0.63815285
  0.13478366  0.11168861 -0.46503611  0.23534915  0.27113417 -0.59797742
  0.03028266  0.40632392 -0.0610036   0.06766079 -0.51270129  0.45508173
  0.62962239  0.54301158  0.60748376  0.23176448 -0.19888217  0.56406031
 -0.14219125  0.43767614 -0.62909299  0.15514449  0.33587848 -0.68571897
  0.05877646 -0.22333255  0.11094108 -0.28551602  0.23457727 -0.58383053
 -0.245908   -0.83066613 -0.4800869  -0.23499312 -0.18192354]
237,[ 0.14775911  0.08364604  0.0433211   0.10257786  0.33938016  0.12175786
 -0.09227272  0.70243246  0.40462848 -0.55359739 -0.05316665 -0.17755599
  0.20904216  0.37598303 -0.32427736  0.18488996 -0.13777378 -0.63813214
  0.13474688  0.11172752 -0.46504178  0.2353144   0.27112246 -0.59803211
  0.03022641  0.40629685 -0.06090257  0.06762701 -0.51274591  0.45517335
  0.62953424  0.5430354   0.60752428  0.23176617 -0.19884798  0.56406992
 -0.1422285   0.43765148 -0.62907732  0.15510443  0.33588747 -0.68565136
  0.05869856 -0.22333919  0.11089506 -0.2855296   0.23462651 -0.58372065
 -0.24597081 -0.83065852 -0.48011241 -0.23498361 -0.18194151]
238,[ 0.14782386  0.08367209  0.04315519  0.1026137   0.33941716  0.12171819
 -0.09221457  0.70237046  0.40456446 -0.55357043 -0.05315726 -0.17748645
  0.20900786  0.37604837 -0.32427937  0.18494445 -0.13773925 -0.63811145
  0.13471015  0.11176638 -0.46504745  0.2352797   0.27111076 -0.59808674
  0.03017021  0.4062698  -0.06080166  0.06759328 -0.51279048  0.45526486
  0.6294462   0.54305919  0.60756475  0.23176785 -0.19881382  0.56407951
 -0.1422657   0.43762684 -0.62906166  0.15506442  0.33589644 -0.68558382
  0.05862075 -0.22334583  0.11084909 -0.28554317  0.23467569 -0.58361089
 -0.24603355 -0.83065091 -0.4801379  -0.2349741  -0.18195946]
239,[ 0.14788853  0.08369812  0.04298946  0.1026495   0.33945412  0.12167856
 -0.09215649  0.70230854  0.40450052 -0.5535435  -0.05314788 -0.17741698
  0.2089736   0.37611364 -0.32428137  0.18499889 -0.13770476 -0.63809078
  0.13467345  0.1118052  -0.46505311  0.23524503  0.27109907 -0.59814131
  0.03011408  0.40624279 -0.06070087  0.06755958 -0.51283499  0.45535627
  0.62935826  0.54308296  0.60760518  0.23176953 -0.19877971  0.5640891
 -0.14230286  0.43760224 -0.62904603  0.15502446  0.3359054  -0.68551635
  0.05854303 -0.22335245  0.11080316 -0.28555672  0.23472482 -0.58350125
 -0.24609622 -0.83064331 -0.48016336 -0.23496461 -0.18197739]
240,[ 0.14795313  0.08372412  0.04282391  0.10268525  0.33949104  0.12163898
 -0.09209847  0.70224669  0.40443664 -0.5535166  -0.05313852 -0.17734759
  0.20893938  0.37617884 -0.32428337  0.18505326 -0.13767031 -0.63807014
  0.1346368   0.11184397 -0.46505876  0.23521041  0.2710874  -0.59819581
  0.03005802  0.4062158  -0.06060018  0.06752592 -0.51287946  0.45544758
  0.62927041  0.5431067   0.60764556  0.2317712  -0.19874563  0.56409867
 -0.14233998  0.43757766 -0.62903041  0.15498454  0.33591435 -0.68544896
  0.05846539 -0.22335907  0.1107573  -0.28557026  0.23477389 -0.58339173
 -0.24615882 -0.83063572 -0.48018879 -0.23495513 -0.1819953 ]
241,[ 0.14801766  0.08375008  0.04265856  0.10272097  0.33952791  0.12159944
 -0.09204052  0.7021849   0.40437284 -0.55348973 -0.05312916 -0.17727828
  0.2089052   0.37624396 -0.32428537  0.18510757 -0.13763589 -0.63804952
  0.13460019  0.1118827  -0.46506441  0.23517582  0.27107574 -0.59825026
  0.03000201  0.40618885 -0.06049961  0.0674923  -0.51292388  0.45553878
  0.62918266  0.54313041  0.6076859   0.23177288 -0.19871159  0.56410824
 -0.14237706  0.43755311 -0.62901481  0.15494466  0.33592329 -0.68538165
  0.05838784 -0.22336568  0.11071148 -0.28558378  0.2348229  -0.58328234
 -0.24622135 -0.83062814 -0.48021419 -0.23494565 -0.18201319]
242,[ 0.14808211  0.08377602  0.04249339  0.10275664  0.33956475  0.12155995
 -0.09198263  0.70212319  0.4043091  -0.55346288 -0.05311982 -0.17720905
  0.20887105  0.37630901 -0.32428737  0.18516182 -0.13760152 -0.63802892
  0.13456362  0.11192139 -0.46507005  0.23514127  0.27106409 -0.59830464
  0.02994607  0.40616192 -0.06039915  0.06745871 -0.51296825  0.45562988
  0.62909502  0.54315409  0.60772619  0.23177455 -0.19867759  0.56411779
 -0.1424141   0.43752858 -0.62899923  0.15490483  0.33593222 -0.68531442
  0.05831038 -0.22337229  0.11066571 -0.28559729  0.23487187 -0.58317307
 -0.24628381 -0.83062057 -0.48023956 -0.23493619 -0.18203106]
243,[ 0.1481465   0.08380193  0.0423284   0.10279227  0.33960154  0.1215205
 -0.09192481  0.70206154  0.40424544 -0.55343607 -0.05311048 -0.1771399
  0.20883694  0.37637399 -0.32428936  0.18521601 -0.13756719 -0.63800835
  0.1345271   0.11196004 -0.46507568  0.23510676  0.27105246 -0.59835896
  0.0298902   0.40613503 -0.06029881  0.06742516 -0.51301256  0.45572088
  0.62900747  0.54317775  0.60776643  0.23177622 -0.19864363  0.56412734
 -0.14245109  0.43750409 -0.62898366  0.15486505  0.33594114 -0.68524726
  0.05823301 -0.22337889  0.11062    -0.28561078  0.23492077 -0.58306393
 -0.2463462  -0.83061301 -0.48026491 -0.23492674 -0.1820489 ]
244,[ 0.14821081  0.08382781  0.0421636   0.10282787  0.33963829  0.1214811
 -0.09186705  0.70199997  0.40418186 -0.55340929 -0.05310116 -0.17707082
  0.20880288  0.37643889 -0.32429136  0.18527014 -0.13753289 -0.6379878
  0.13449061  0.11199864 -0.46508131  0.23507229  0.27104084 -0.59841322
  0.02983438  0.40610817 -0.06019858  0.06739165 -0.51305683  0.45581177
  0.62892002  0.54320138  0.60780663  0.23177789 -0.1986097   0.56413687
 -0.14248805  0.43747962 -0.62896812  0.15482531  0.33595005 -0.68518017
  0.05815572 -0.22338548  0.11057433 -0.28562426  0.23496962 -0.58295491
 -0.24640852 -0.83060545 -0.48029022 -0.2349173  -0.18206673]
245,[ 0.14827504  0.08385366  0.04199899  0.10286342  0.339675    0.12144174
 -0.09180936  0.70193846  0.40411834 -0.55338254 -0.05309184 -0.17700182
  0.20876885  0.37650372 -0.32429335  0.18532421 -0.13749863 -0.63796727
  0.13445416  0.11203719 -0.46508693  0.23503786  0.27102923 -0.59846742
  0.02977863  0.40608133 -0.06009846  0.06735818 -0.51310105  0.45590257
  0.62883266  0.54322499  0.60784679  0.23177956 -0.19857582  0.56414639
 -0.14252496  0.43745518 -0.62895259  0.15478561  0.33595895 -0.68511316
  0.05807852 -0.22339206  0.11052872 -0.28563772  0.23501842 -0.58284601
 -0.24647077 -0.8305979  -0.48031551 -0.23490787 -0.18208454]
246,[ 0.14833921  0.08387948  0.04183456  0.10289894  0.33971167  0.12140243
 -0.09175174  0.70187702  0.40405489 -0.55335582 -0.05308254 -0.1769329
  0.20873486  0.37656848 -0.32429533  0.18537821 -0.13746441 -0.63794677
  0.13441776  0.11207571 -0.46509255  0.23500347  0.27101764 -0.59852156
  0.02972294  0.40605453 -0.05999845  0.06732475 -0.51314521  0.45599326
  0.62874541  0.54324856  0.6078869   0.23178123 -0.19854197  0.5641559
 -0.14256183  0.43743076 -0.62893708  0.15474596  0.33596785 -0.68504623
  0.05800141 -0.22339863  0.11048316 -0.28565116  0.23506716 -0.58273723
 -0.24653295 -0.83059037 -0.48034077 -0.23489845 -0.18210233]
247,[ 0.1484033   0.08390527  0.04167032  0.10293441  0.3397483   0.12136315
 -0.09169417  0.70181566  0.40399152 -0.55332913 -0.05307325 -0.17686406
  0.2087009   0.37663316 -0.32429732  0.18543216 -0.13743023 -0.63792629
  0.13438139  0.11211418 -0.46509815  0.23496911  0.27100605 -0.59857563
  0.02966732  0.40602776 -0.05989856  0.06729135 -0.51318933  0.45608385
  0.62865826  0.54327212  0.60792696  0.23178289 -0.19850816  0.5641654
 -0.14259866  0.43740638 -0.62892158  0.15470635  0.33597673 -0.68497937
  0.05792438 -0.2234052   0.11043765 -0.28566459  0.23511585 -0.58262858
 -0.24659506 -0.83058284 -0.480366   -0.23488904 -0.1821201 ]
248,[ 0.14846732  0.08393104  0.04150626  0.10296984  0.33978488  0.12132393
 -0.09163668  0.70175436  0.40392822 -0.55330247 -0.05306397 -0.17679529
  0.20866699  0.37669778 -0.3242993   0.18548604 -0.13739609 -0.63790583
  0.13434507  0.1121526  -0.46510376  0.2349348   0.27099449 -0.59862965
  0.02961175  0.40600102 -0.05979878  0.067258   -0.5132334   0.45617433
  0.6285712   0.54329564  0.60796698  0.23178455 -0.19847439  0.56417489
 -0.14263545  0.43738202 -0.6289061   0.15466679  0.3359856  -0.68491259
  0.05784744 -0.22341176  0.11039219 -0.28567801  0.23516448 -0.58252004
 -0.24665709 -0.83057531 -0.4803912  -0.23487964 -0.18213785]
249,[ 0.14853127  0.08395677  0.04134239  0.10300524  0.33982143  0.12128475
 -0.09157925  0.70169313  0.40386499 -0.55327584 -0.0530547  -0.1767266
  0.20863311  0.37676232 -0.32430129  0.18553987 -0.13736198 -0.6378854
  0.13430879  0.11219099 -0.46510935  0.23490052  0.27098293 -0.59868361
  0.02955625  0.40597431 -0.05969911  0.06722467 -0.51327742  0.45626472
  0.62848424  0.54331914  0.60800696  0.23178621 -0.19844065  0.56418437
 -0.14267219  0.43735769 -0.62889064  0.15462727  0.33599446 -0.68484588
  0.05777059 -0.22341831  0.11034679 -0.28569141  0.23521306 -0.58241164
 -0.24671906 -0.8305678  -0.48041638 -0.23487025 -0.18215558]
250,[ 0.14859515  0.08398248  0.0411787   0.10304059  0.33985793  0.12124561
 -0.09152188  0.70163197  0.40380183 -0.55324924 -0.05304543 -0.17665799
  0.20859927  0.37682678 -0.32430326  0.18559363 -0.13732792 -0.63786499
  0.13427255  0.11222933 -0.46511494  0.23486628  0.27097139 -0.5987375
  0.02950081  0.40594762 -0.05959956  0.06719139 -0.51332139  0.456355
  0.62839738  0.54334261  0.60804689  0.23178787 -0.19840696  0.56419384
 -0.1427089   0.43733338 -0.6288752   0.1545878   0.33600331 -0.68477925
  0.05769382 -0.22342486  0.11030143 -0.28570479  0.23526158 -0.58230335
 -0.24678096 -0.8305603  -0.48044152 -0.23486088 -0.18217329]
251,[ 0.14865895  0.08400815  0.04101519  0.10307591  0.33989439  0.12120651
 -0.09146458  0.70157087  0.40373874 -0.55322267 -0.05303618 -0.17658946
  0.20856547  0.37689118 -0.32430524  0.18564733 -0.13729389 -0.6378446
  0.13423635  0.11226763 -0.46512052  0.23483208  0.27095986 -0.59879133
  0.02944544  0.40592097 -0.05950011  0.06715815 -0.51336531  0.45644518
  0.62831061  0.54336606  0.60808677  0.23178953 -0.1983733   0.5642033
 -0.14274556  0.43730911 -0.62885977  0.15454837  0.33601215 -0.68471269
  0.05761714 -0.2234314   0.11025613 -0.28571816  0.23531005 -0.58219518
 -0.24684279 -0.8305528  -0.48046664 -0.23485151 -0.18219098]
252,[ 0.14872268  0.0840338   0.04085187  0.10311118  0.33993081  0.12116746
 -0.09140734  0.70150985  0.40367572 -0.55319613 -0.05302694 -0.176521
  0.20853171  0.3769555  -0.32430722  0.18570098 -0.1372599  -0.63782423
  0.13420019  0.11230588 -0.4651261   0.23479792  0.27094834 -0.59884511
  0.02939012  0.40589435 -0.05940078  0.06712494 -0.51340918  0.45653526
  0.62822395  0.54338948  0.60812661  0.23179118 -0.19833968  0.56421274
 -0.14278219  0.43728486 -0.62884437  0.15450899  0.33602098 -0.6846462
  0.05754055 -0.22343793  0.11021087 -0.28573152  0.23535846 -0.58208714
 -0.24690455 -0.83054531 -0.48049173 -0.23484215 -0.18220865]
253,[ 0.14878634  0.08405942  0.04068873  0.10314642  0.33996719  0.12112846
 -0.09135016  0.7014489   0.40361277 -0.55316962 -0.05301771 -0.17645262
  0.20849799  0.37701975 -0.32430919  0.18575456 -0.13722595 -0.63780389
  0.13416407  0.11234409 -0.46513167  0.2347638   0.27093684 -0.59889882
  0.02933487  0.40586776 -0.05930156  0.06709177 -0.513453    0.45662524
  0.62813738  0.54341287  0.60816641  0.23179284 -0.1983061   0.56422218
 -0.14281877  0.43726064 -0.62882898  0.15446965  0.3360298  -0.6845798
  0.05746404 -0.22344445  0.11016567 -0.28574486  0.23540682 -0.58197922
 -0.24696624 -0.83053784 -0.48051679 -0.23483281 -0.1822263 ]
254,[ 0.14884993  0.08408501  0.04052578  0.10318161  0.34000353  0.1210895
 -0.09129305  0.70138801  0.4035499  -0.55314314 -0.05300849 -0.17638432
  0.2084643   0.37708392 -0.32431116  0.18580808 -0.13719204 -0.63778357
  0.13412799  0.11238226 -0.46513724  0.23472972  0.27092535 -0.59895247
  0.02927968  0.4058412  -0.05920245  0.06705863 -0.51349677  0.45671512
  0.62805091  0.54343624  0.60820616  0.23179449 -0.19827255  0.5642316
 -0.14285531  0.43723644 -0.6288136   0.15443035  0.33603861 -0.68451346
  0.05738762 -0.22345097  0.11012052 -0.28575819  0.23545512 -0.58187142
 -0.24702786 -0.83053036 -0.48054182 -0.23482347 -0.18224393]
255,[ 0.14891345  0.08411057  0.04036301  0.10321677  0.34003983  0.12105058
 -0.09123601  0.70132719  0.40348709 -0.55311669 -0.05299929 -0.17631609
  0.20843065  0.37714803 -0.32431313  0.18586154 -0.13715817 -0.63776328
  0.13409196  0.11242039 -0.4651428   0.23469567  0.27091387 -0.59900607
  0.02922456  0.40581466 -0.05910346  0.06702554 -0.51354049  0.45680489
  0.62796454  0.54345958  0.60824587  0.23179614 -0.19823904  0.56424102
 -0.14289181  0.43721227 -0.62879825  0.1543911   0.33604741 -0.68444721
  0.05731128 -0.22345748  0.11007542 -0.2857715   0.23550337 -0.58176374
 -0.24708941 -0.8305229  -0.48056682 -0.23481415 -0.18226154]
256,[ 0.1489769   0.0841361   0.04020043  0.10325188  0.34007609  0.1210117
 -0.09117903  0.70126644  0.40342436 -0.55309026 -0.05299009 -0.17624794
  0.20839704  0.37721206 -0.32431509  0.18591494 -0.13712433 -0.637743
  0.13405596  0.11245847 -0.46514835  0.23466166  0.2709024  -0.5990596
  0.02916949  0.40578816 -0.05900457  0.06699248 -0.51358417  0.45689457
  0.62787826  0.54348289  0.60828553  0.23179778 -0.19820558  0.56425042
 -0.14292826  0.43718813 -0.62878291  0.15435189  0.33605621 -0.68438102
  0.05723503 -0.22346398  0.11003037 -0.28578479  0.23555157 -0.58165618
 -0.24715089 -0.83051545 -0.4805918  -0.23480484 -0.18227913]
257,[ 0.14904027  0.0841616   0.04003802  0.10328696  0.3401123   0.12097287
 -0.09112211  0.70120576  0.40336169 -0.55306387 -0.0529809  -0.17617987
  0.20836347  0.37727602 -0.32431705  0.18596828 -0.13709053 -0.63772275
  0.13402     0.11249651 -0.46515389  0.23462769  0.27089095 -0.59911307
  0.02911449  0.40576169 -0.0589058   0.06695946 -0.51362779  0.45698414
  0.62779208  0.54350618  0.60832514  0.23179943 -0.19817214  0.56425982
 -0.14296468  0.43716402 -0.62876759  0.15431273  0.33606499 -0.68431491
  0.05715887 -0.22347047  0.10998537 -0.28579807  0.23559971 -0.58154874
 -0.2472123  -0.830508   -0.48061675 -0.23479553 -0.1822967 ]
258,[ 0.14910357  0.08418708  0.0398758   0.103322    0.34014848  0.12093409
 -0.09106526  0.70114515  0.4032991  -0.55303751 -0.05297172 -0.17611188
  0.20832993  0.37733991 -0.32431902  0.18602157 -0.13705677 -0.63770252
  0.13398409  0.1125345  -0.46515943  0.23459376  0.27087951 -0.59916648
  0.02905955  0.40573525 -0.05880713  0.06692647 -0.51367136  0.45707361
  0.627706    0.54352944  0.60836471  0.23180107 -0.19813875  0.5642692
 -0.14300105  0.43713994 -0.62875228  0.15427361  0.33607376 -0.68424888
  0.05708279 -0.22347696  0.10994042 -0.28581134  0.2356478  -0.58144143
 -0.24727365 -0.83050057 -0.48064166 -0.23478624 -0.18231425]
259,[ 0.14916681  0.08421252  0.03971377  0.103357    0.34018462  0.12089534
 -0.09100847  0.70108461  0.40323658 -0.55301118 -0.05296255 -0.17604396
  0.20829644  0.37740372 -0.32432097  0.18607479 -0.13702305 -0.63768232
  0.13394821  0.11257246 -0.46516497  0.23455987  0.27086809 -0.59921983
  0.02900467  0.40570883 -0.05870858  0.06689352 -0.51371489  0.45716299
  0.62762002  0.54355267  0.60840424  0.23180271 -0.19810539  0.56427857
 -0.14303739  0.43711588 -0.628737    0.15423454  0.33608252 -0.68418292
  0.0570068  -0.22348344  0.10989552 -0.28582459  0.23569583 -0.58133423
 -0.24733492 -0.83049314 -0.48066656 -0.23477696 -0.18233178]
260,[ 0.14922997  0.08423794  0.03955191  0.10339195  0.34022071  0.12085664
 -0.09095175  0.70102413  0.40317413 -0.55298488 -0.0529534  -0.17597612
  0.20826298  0.37746746 -0.32432293  0.18612795 -0.13698937 -0.63766213
  0.13391238  0.11261037 -0.46517049  0.23452602  0.27085667 -0.59927312
  0.02894985  0.40568245 -0.05861014  0.06686061 -0.51375837  0.45725226
  0.62753413  0.54357588  0.60844372  0.23180435 -0.19807208  0.56428793
 -0.14307368  0.43709185 -0.62872173  0.15419551  0.33609127 -0.68411703
  0.0569309  -0.22348991  0.10985067 -0.28583782  0.23574381 -0.58122716
 -0.24739613 -0.83048572 -0.48069142 -0.23476768 -0.18234929]
261,[ 0.14929306  0.08426333  0.03939024  0.10342687  0.34025676  0.12081799
 -0.09089509  0.70096372  0.40311174 -0.5529586  -0.05294425 -0.17590835
  0.20822956  0.37753114 -0.32432489  0.18618105 -0.13695572 -0.63764198
  0.13387658  0.11264824 -0.46517601  0.2344922   0.27084527 -0.59932635
  0.0288951   0.4056561  -0.05851181  0.06682774 -0.51380179  0.45734143
  0.62744834  0.54359907  0.60848316  0.23180599 -0.1980388   0.56429729
 -0.14310994  0.43706784 -0.62870647  0.15415652  0.33610001 -0.68405122
  0.05685507 -0.22349637  0.10980588 -0.28585104  0.23579173 -0.5811202
 -0.24745726 -0.83047831 -0.48071626 -0.23475842 -0.18236678]
262,[ 0.14935607  0.08428869  0.03922875  0.10346175  0.34029278  0.12077938
 -0.09083849  0.70090338  0.40304943 -0.55293236 -0.05293511 -0.17584066
  0.20819617  0.37759474 -0.32432684  0.18623409 -0.13692211 -0.63762184
  0.13384083  0.11268606 -0.46518153  0.23445842  0.27083388 -0.59937952
  0.0288404   0.40562977 -0.05841359  0.0667949  -0.51384517  0.4574305
  0.62736264  0.54362222  0.60852256  0.23180763 -0.19800555  0.56430663
 -0.14314615  0.43704386 -0.62869124  0.15411758  0.33610875 -0.68398548
  0.05677934 -0.22350283  0.10976113 -0.28586425  0.2358396  -0.58101337
 -0.24751833 -0.8304709  -0.48074106 -0.23474917 -0.18238425]
263,[ 0.14941902  0.08431402  0.03906744  0.10349659  0.34032875  0.12074081
 -0.09078196  0.70084311  0.40298719 -0.55290615 -0.05292599 -0.17577305
  0.20816283  0.37765827 -0.32432879  0.18628707 -0.13688854 -0.63760172
  0.13380512  0.11272385 -0.46518704  0.23442468  0.27082251 -0.59943263
  0.02878577  0.40560348 -0.05831549  0.0667621  -0.5138885   0.45751947
  0.62727704  0.54364535  0.6085619   0.23180926 -0.19797235  0.56431596
 -0.14318232  0.43701991 -0.62867602  0.15407868  0.33611747 -0.68391982
  0.05670369 -0.22350928  0.10971643 -0.28587744  0.23588742 -0.58090666
 -0.24757933 -0.83046351 -0.48076584 -0.23473993 -0.1824017 ]
264,[ 0.1494819   0.08433932  0.03890631  0.10353139  0.34036468  0.12070228
 -0.09072549  0.70078291  0.40292502 -0.55287996 -0.05291687 -0.17570551
  0.20812952  0.37772172 -0.32433074  0.18634    -0.13685501 -0.63758163
  0.13376944  0.11276159 -0.46519254  0.23439098  0.27081115 -0.59948568
  0.0287312   0.40557721 -0.05821749  0.06672934 -0.51393178  0.45760834
  0.62719154  0.54366846  0.60860121  0.23181089 -0.19793918  0.56432528
 -0.14321845  0.43699599 -0.62866082  0.15403982  0.33612618 -0.68385423
  0.05662812 -0.22351572  0.10967179 -0.28589061  0.23593518 -0.58080006
 -0.24764026 -0.83045612 -0.48079059 -0.2347307  -0.18241914]
265,[ 0.1495447   0.0843646   0.03874537  0.10356616  0.34040057  0.1206638
 -0.09066908  0.70072277  0.40286292 -0.55285381 -0.05290776 -0.17563805
  0.20809624  0.37778511 -0.32433268  0.18639286 -0.13682151 -0.63756156
  0.13373381  0.11279929 -0.46519803  0.23435731  0.2707998  -0.59953868
  0.02867669  0.40555098 -0.0581196   0.06669662 -0.51397502  0.45769711
  0.62710614  0.54369154  0.60864047  0.23181252 -0.19790605  0.56433459
 -0.14325454  0.43697209 -0.62864564  0.15400101  0.33613488 -0.68378871
  0.05655264 -0.22352216  0.10962719 -0.28590378  0.23598289 -0.58069359
 -0.24770112 -0.83044874 -0.48081532 -0.23472148 -0.18243655]
266,[ 0.14960744  0.08438984  0.0385846   0.10360088  0.34043642  0.12062536
 -0.09061274  0.70066271  0.40280089 -0.55282768 -0.05289867 -0.17557066
  0.20806301  0.37784842 -0.32433462  0.18644566 -0.13678806 -0.63754152
  0.13369822  0.11283694 -0.46520352  0.23432369  0.27078846 -0.59959161
  0.02862224  0.40552477 -0.05802182  0.06666393 -0.5140182   0.45778578
  0.62702083  0.54371459  0.60867969  0.23181415 -0.19787295  0.56434389
 -0.14329059  0.43694822 -0.62863047  0.15396224  0.33614358 -0.68372327
  0.05647725 -0.22352859  0.10958265 -0.28591692  0.23603055 -0.58058724
 -0.24776191 -0.83044137 -0.48084001 -0.23471227 -0.18245394]
267,[ 0.1496701   0.08441506  0.03842402  0.10363556  0.34047224  0.12058697
 -0.09055646  0.70060271  0.40273893 -0.55280159 -0.05288958 -0.17550335
  0.20802981  0.37791167 -0.32433657  0.1864984  -0.13675464 -0.63752149
  0.13366266  0.11287455 -0.46520901  0.2342901   0.27077714 -0.59964448
  0.02856786  0.4054986  -0.05792416  0.06663128 -0.51406133  0.45787435
  0.62693561  0.54373762  0.60871886  0.23181578 -0.1978399   0.56435317
 -0.1433266   0.43692438 -0.62861532  0.15392352  0.33615226 -0.6836579
  0.05640194 -0.22353501  0.10953815 -0.28593005  0.23607815 -0.58048101
 -0.24782264 -0.83043401 -0.48086468 -0.23470307 -0.18247131]
268,[ 0.1497327   0.08444025  0.03826362  0.10367021  0.34050801  0.12054861
 -0.09050024  0.70054277  0.40267703 -0.55277552 -0.05288051 -0.17543612
  0.20799666  0.37797484 -0.32433851  0.18655109 -0.13672126 -0.63750149
  0.13362715  0.11291213 -0.46521448  0.23425655  0.27076583 -0.59969729
  0.02851353  0.40547245 -0.0578266   0.06659866 -0.51410442  0.45796282
  0.6268505   0.54376062  0.60875799  0.2318174  -0.19780688  0.56436245
 -0.14336257  0.43690057 -0.62860019  0.15388484  0.33616093 -0.6835926
  0.05632671 -0.22354142  0.10949371 -0.28594317  0.2361257  -0.58037489
 -0.24788329 -0.83042666 -0.48088932 -0.23469388 -0.18248867]
269,[ 0.14979522  0.08446541  0.0381034   0.10370481  0.34054374  0.1205103
 -0.09044409  0.70048291  0.40261521 -0.55274948 -0.05287144 -0.17536896
  0.20796353  0.37803794 -0.32434044  0.18660371 -0.13668791 -0.63748151
  0.13359168  0.11294965 -0.46521996  0.23422304  0.27075453 -0.59975005
  0.02845927  0.40544633 -0.05772915  0.06656608 -0.51414746  0.45805119
  0.62676547  0.54378359  0.60879707  0.23181903 -0.19777389  0.56437172
 -0.14339849  0.43687678 -0.62858507  0.1538462   0.3361696  -0.68352738
  0.05625157 -0.22354783  0.10944931 -0.28595627  0.23617319 -0.5802689
 -0.24794388 -0.83041931 -0.48091393 -0.2346847  -0.182506  ]
270,[ 0.14985767  0.08449054  0.03794335  0.10373938  0.34057943  0.12047204
 -0.090388    0.70042311  0.40255346 -0.55272348 -0.05286239 -0.17530188
  0.20793045  0.37810097 -0.32434238  0.18665628 -0.13665461 -0.63746155
  0.13355624  0.11298714 -0.46522542  0.23418956  0.27074324 -0.59980274
  0.02840506  0.40542025 -0.05763181  0.06653354 -0.51419045  0.45813946
  0.62668055  0.54380654  0.60883611  0.23182065 -0.19774095  0.56438098
 -0.14343438  0.43685301 -0.62856997  0.15380761  0.33617825 -0.68346223
  0.05617652 -0.22355423  0.10940497 -0.28596936  0.23622063 -0.58016302
 -0.2480044  -0.83041197 -0.48093852 -0.23467554 -0.18252332]
271,[ 0.14992006  0.08451565  0.03778349  0.10377391  0.34061508  0.12043382
 -0.09033198  0.70036338  0.40249178 -0.5526975  -0.05285334 -0.17523487
  0.2078974   0.37816393 -0.32434431  0.18670879 -0.13662134 -0.63744162
  0.13352085  0.11302458 -0.46523088  0.23415612  0.27073197 -0.59985537
  0.02835092  0.40539419 -0.05753459  0.06650104 -0.51423339  0.45822763
  0.62659572  0.54382946  0.60887511  0.23182227 -0.19770804  0.56439022
 -0.14347023  0.43682928 -0.62855489  0.15376906  0.33618689 -0.68339716
  0.05610155 -0.22356062  0.10936067 -0.28598243  0.23626802 -0.58005727
 -0.24806485 -0.83040464 -0.48096308 -0.23466638 -0.18254061]
272,[ 0.14998237  0.08454072  0.03762381  0.1038084   0.34065069  0.12039564
 -0.09027601  0.70030371  0.40243016 -0.55267155 -0.05284431 -0.17516794
  0.20786439  0.37822682 -0.32434624  0.18676123 -0.13658811 -0.63742171
  0.1334855   0.11306199 -0.46523633  0.23412272  0.27072071 -0.59990795
  0.02829684  0.40536816 -0.05743747  0.06646857 -0.51427628  0.45831571
  0.62651098  0.54385236  0.60891406  0.23182389 -0.19767517  0.56439946
 -0.14350603  0.43680557 -0.62853983  0.15373055  0.33619553 -0.68333216
  0.05602666 -0.22356701  0.10931643 -0.28599549  0.23631536 -0.57995163
 -0.24812523 -0.83039732 -0.48098761 -0.23465723 -0.18255789]
273,[ 0.15004461  0.08456577  0.03746431  0.10384285  0.34068626  0.1203575
 -0.09022011  0.70024412  0.40236862 -0.55264563 -0.05283529 -0.17510109
  0.20783142  0.37828963 -0.32434817  0.18681362 -0.13655491 -0.63740182
  0.13345018  0.11309935 -0.46524178  0.23408936  0.27070946 -0.59996047
  0.02824282  0.40534216 -0.05734046  0.06643614 -0.51431913  0.45840368
  0.62642635  0.54387523  0.60895297  0.2318255  -0.19764234  0.56440869
 -0.1435418   0.43678189 -0.62852478  0.15369209  0.33620415 -0.68326723
  0.05595186 -0.22357338  0.10927223 -0.28600853  0.23636264 -0.57984611
 -0.24818555 -0.83039001 -0.48101211 -0.23464809 -0.18257514]
274,[ 0.15010678  0.08459079  0.03730499  0.10387726  0.34072178  0.12031941
 -0.09016428  0.70018459  0.40230714 -0.55261974 -0.05282627 -0.17503431
  0.20779848  0.37835238 -0.32435009  0.18686595 -0.13652175 -0.63738195
  0.13341491  0.11313666 -0.46524722  0.23405604  0.27069823 -0.60001292
  0.02818886  0.40531619 -0.05724356  0.06640374 -0.51436192  0.45849155
  0.6263418   0.54389808  0.60899183  0.23182712 -0.19760954  0.5644179
 -0.14357752  0.43675823 -0.62850975  0.15365367  0.33621277 -0.68320237
  0.05587714 -0.22357976  0.10922809 -0.28602156  0.23640986 -0.57974072
 -0.2482458  -0.83038271 -0.48103658 -0.23463897 -0.18259238]
275,[ 0.15016889  0.08461578  0.03714585  0.10391163  0.34075727  0.12028136
 -0.0901085   0.70012513  0.40224574 -0.55259388 -0.05281727 -0.1749676
  0.20776559  0.37841506 -0.32435202  0.18691822 -0.13648864 -0.63736211
  0.13337967  0.11317394 -0.46525265  0.23402275  0.270687   -0.60006532
  0.02813496  0.40529025 -0.05714677  0.06637138 -0.51440467  0.45857933
  0.62625735  0.5439209   0.60903065  0.23182873 -0.19757678  0.56442711
 -0.14361321  0.4367346  -0.62849474  0.15361529  0.33622137 -0.68313759
  0.0558025  -0.22358612  0.10918399 -0.28603457  0.23645704 -0.57963544
 -0.24830597 -0.83037541 -0.48106103 -0.23462985 -0.1826096 ]
276,[ 0.15023092  0.08464074  0.03698688  0.10394596  0.34079272  0.12024335
 -0.09005279  0.70006573  0.4021844  -0.55256804 -0.05280828 -0.17490097
  0.20773272  0.37847766 -0.32435394  0.18697043 -0.13645555 -0.63734229
  0.13334448  0.11321117 -0.46525808  0.2339895   0.2706758  -0.60011766
  0.02808113  0.40526434 -0.05705009  0.06633906 -0.51444737  0.45866701
  0.626173    0.54394369  0.60906943  0.23183034 -0.19754406  0.5644363
 -0.14364885  0.436711   -0.62847974  0.15357696  0.33622997 -0.68307288
  0.05572795 -0.22359248  0.10913995 -0.28604757  0.23650416 -0.57953027
 -0.24836609 -0.83036812 -0.48108545 -0.23462074 -0.1826268 ]
277,[ 0.15029288  0.08466568  0.0368281   0.10398026  0.34082813  0.12020538
 -0.08999714  0.7000064   0.40212313 -0.55254224 -0.05279929 -0.17483441
  0.2076999   0.3785402  -0.32435586  0.18702259 -0.13642251 -0.63732249
  0.13330932  0.11324837 -0.4652635   0.23395629  0.2706646  -0.60016994
  0.02802735  0.40523845 -0.05695351  0.06630677 -0.51449002  0.45875458
  0.62608874  0.54396646  0.60910816  0.23183195 -0.19751137  0.56444549
 -0.14368446  0.43668743 -0.62846476  0.15353867  0.33623855 -0.68300825
  0.05565349 -0.22359882  0.10909595 -0.28606056  0.23655123 -0.57942523
 -0.24842613 -0.83036084 -0.48110984 -0.23461165 -0.18264398]
278,[ 0.15035477  0.08469058  0.03666949  0.10401451  0.3408635   0.12016746
 -0.08994156  0.69994714  0.40206194 -0.55251647 -0.05279032 -0.17476793
  0.20766711  0.37860266 -0.32435778  0.18707468 -0.1363895  -0.63730271
  0.13327421  0.11328552 -0.46526892  0.23392311  0.27065341 -0.60022216
  0.02797363  0.4052126  -0.05685705  0.06627452 -0.51453262  0.45884206
  0.62600458  0.5439892   0.60914685  0.23183356 -0.19747872  0.56445466
 -0.14372002  0.43666388 -0.6284498   0.15350042  0.33624713 -0.68294368
  0.0555791  -0.22360517  0.109052   -0.28607353  0.23659824 -0.57932031
 -0.24848611 -0.83035357 -0.4811342  -0.23460256 -0.18266113]
279,[ 0.1504166   0.08471546  0.03651107  0.10404873  0.34089883  0.12012958
 -0.08988604  0.69988795  0.40200081 -0.55249072 -0.05278136 -0.17470153
  0.20763436  0.37866505 -0.32435969  0.18712671 -0.13635653 -0.63728295
  0.13323913  0.11332262 -0.46527433  0.23388997  0.27064224 -0.60027432
  0.02791998  0.40518678 -0.05676069  0.06624231 -0.51457518  0.45892944
  0.62592051  0.54401192  0.6091855   0.23183516 -0.19744611  0.56446382
 -0.14375555  0.43664036 -0.62843485  0.15346222  0.3362557  -0.68287919
  0.05550481 -0.2236115   0.1090081  -0.28608648  0.23664521 -0.5792155
 -0.24854601 -0.83034631 -0.48115854 -0.23459348 -0.18267827]
280,[ 0.15047835  0.08474031  0.03635282  0.10408291  0.34093412  0.12009174
 -0.08983058  0.69982882  0.40193974 -0.552465   -0.0527724  -0.1746352
  0.20760165  0.37872738 -0.32436161  0.18717869 -0.1363236  -0.63726322
  0.1332041   0.11335969 -0.46527973  0.23385687  0.27063108 -0.60032643
  0.02786638  0.40516098 -0.05666445  0.06621013 -0.51461769  0.45901673
  0.62583653  0.54403461  0.6092241   0.23183676 -0.19741353  0.56447298
 -0.14379103  0.43661686 -0.62841992  0.15342406  0.33626425 -0.68281477
  0.05543059 -0.22361783  0.10896426 -0.28609942  0.23669212 -0.57911081
 -0.24860586 -0.83033905 -0.48118285 -0.23458442 -0.18269539]
281,[ 0.15054003  0.08476514  0.03619475  0.10411705  0.34096937  0.12005395
 -0.08977518  0.69976976  0.40187875 -0.55243932 -0.05276346 -0.17456894
  0.20756897  0.37878963 -0.32436352  0.18723061 -0.1362907  -0.63724351
  0.1331691   0.11339671 -0.46528513  0.23382381  0.27061994 -0.60037847
  0.02781284  0.40513522 -0.05656831  0.06617799 -0.51466015  0.45910391
  0.62575265  0.54405728  0.60926266  0.23183837 -0.19738099  0.56448212
 -0.14382648  0.43659339 -0.62840501  0.15338594  0.3362728  -0.68275043
  0.05535646 -0.22362415  0.10892046 -0.28611235  0.23673897 -0.57900624
 -0.24866563 -0.83033181 -0.48120713 -0.23457536 -0.1827125 ]
282,[ 0.15060165  0.08478993  0.03603686  0.10415115  0.34100458  0.1200162
 -0.08971984  0.69971076  0.40181783 -0.55241366 -0.05275453 -0.17450276
  0.20753633  0.37885181 -0.32436543  0.18728247 -0.13625784 -0.63722382
  0.13313414  0.1134337  -0.46529052  0.23379079  0.2706088  -0.60043046
  0.02775937  0.40510948 -0.05647228  0.06614589 -0.51470256  0.459191
  0.62566887  0.54407992  0.60930118  0.23183996 -0.19734849  0.56449125
 -0.14386188  0.43656995 -0.62839011  0.15334786  0.33628134 -0.68268616
  0.05528241 -0.22363046  0.10887671 -0.28612526  0.23678578 -0.57890179
 -0.24872534 -0.83032457 -0.48123139 -0.23456632 -0.18272958]
283,[ 0.15066319  0.0848147   0.03587914  0.10418522  0.34103976  0.11997849
 -0.08966457  0.69965183  0.40175698 -0.55238803 -0.0527456  -0.17443665
  0.20750373  0.37891393 -0.32436733  0.18733427 -0.13622502 -0.63720416
  0.13309922  0.11347064 -0.46529591  0.2337578   0.27059768 -0.60048238
  0.02770595  0.40508377 -0.05637635  0.06611382 -0.51474492  0.45927798
  0.62558518  0.54410254  0.60933965  0.23184156 -0.19731602  0.56450037
 -0.14389725  0.43654653 -0.62837523  0.15330983  0.33628986 -0.68262196
  0.05520845 -0.22363677  0.10883301 -0.28613816  0.23683253 -0.57879745
 -0.24878498 -0.83031734 -0.48125561 -0.23455728 -0.18274664]
284,[ 0.15072467  0.08483944  0.03572161  0.10421924  0.34107489  0.11994082
 -0.08960936  0.69959297  0.40169619 -0.55236243 -0.05273669 -0.17437062
  0.20747116  0.37897597 -0.32436924  0.18738601 -0.13619223 -0.63718451
  0.13306434  0.11350754 -0.46530129  0.23372485  0.27058657 -0.60053425
  0.0276526   0.40505809 -0.05628054  0.06608179 -0.51478724  0.45936487
  0.62550158  0.54412513  0.60937808  0.23184316 -0.1972836   0.56450949
 -0.14393258  0.43652314 -0.62836037  0.15327184  0.33629838 -0.68255783
  0.05513457 -0.22364307  0.10878936 -0.28615104  0.23687923 -0.57869324
 -0.24884455 -0.83031012 -0.48127981 -0.23454826 -0.18276369]
285,[ 0.15078607  0.08486415  0.03556425  0.10425323  0.34110998  0.11990319
 -0.08955421  0.69953418  0.40163547 -0.55233686 -0.05272779 -0.17430466
  0.20743863  0.37903794 -0.32437114  0.1874377  -0.13615949 -0.63716489
  0.13302951  0.1135444  -0.46530666  0.23369193  0.27057548 -0.60058606
  0.02759931  0.40503244 -0.05618483  0.06604979 -0.51482951  0.45945167
  0.62541808  0.54414769  0.60941647  0.23184475 -0.1972512   0.56451859
 -0.14396786  0.43649978 -0.62834552  0.15323389  0.33630689 -0.68249377
  0.05506077 -0.22364936  0.10874575 -0.28616391  0.23692587 -0.57858914
 -0.24890405 -0.8303029  -0.48130399 -0.23453924 -0.18278071]
286,[ 0.15084741  0.08488883  0.03540706  0.10428718  0.34114503  0.11986561
 -0.08949912  0.69947545  0.40157482 -0.55231131 -0.05271889 -0.17423878
  0.20740614  0.37909985 -0.32437304  0.18748932 -0.13612677 -0.63714529
  0.13299471  0.11358121 -0.46531203  0.23365905  0.27056439 -0.60063782
  0.02754607  0.40500682 -0.05608924  0.06601783 -0.51487173  0.45953836
  0.62533467  0.54417023  0.60945481  0.23184635 -0.19721885  0.56452768
 -0.14400311  0.43647644 -0.6283307   0.15319599  0.33631539 -0.68242979
  0.05498705 -0.22365565  0.1087022  -0.28617676  0.23697247 -0.57848515
 -0.24896349 -0.8302957  -0.48132813 -0.23453024 -0.18279771]
287,[ 0.15090868  0.08491349  0.03525006  0.10432109  0.34118004  0.11982807
 -0.0894441   0.69941678  0.40151424 -0.5522858  -0.05271001 -0.17417297
  0.20737368  0.37916168 -0.32437494  0.18754089 -0.1360941  -0.63712571
  0.13295994  0.11361799 -0.46531739  0.23362621  0.27055332 -0.60068951
  0.0274929   0.40498123 -0.05599374  0.06598591 -0.5149139   0.45962496
  0.62525136  0.54419274  0.60949311  0.23184794 -0.19718653  0.56453676
 -0.14403831  0.43645313 -0.62831588  0.15315813  0.33632388 -0.68236587
  0.05491342 -0.22366192  0.1086587  -0.2861896   0.23701901 -0.57838129
 -0.24902286 -0.8302885  -0.48135225 -0.23452125 -0.1828147 ]
288,[ 0.15096988  0.08493811  0.03509323  0.10435496  0.34121502  0.11979058
 -0.08938913  0.69935818  0.40145373 -0.55226031 -0.05270114 -0.17410724
  0.20734126  0.37922345 -0.32437683  0.1875924  -0.13606146 -0.63710616
  0.13292522  0.11365472 -0.46532275  0.23359341  0.27054226 -0.60074115
  0.02743978  0.40495566 -0.05589836  0.06595402 -0.51495603  0.45971146
  0.62516814  0.54421523  0.60953136  0.23184952 -0.19715424  0.56454583
 -0.14407348  0.43642984 -0.62830109  0.15312031  0.33633236 -0.68230203
  0.05483987 -0.2236682   0.10861524 -0.28620242  0.2370655  -0.57827754
 -0.24908217 -0.83028131 -0.48137634 -0.23451226 -0.18283167]
289,[ 0.15103101  0.08496271  0.03493658  0.1043888   0.34124995  0.11975312
 -0.08933423  0.69929965  0.40139328 -0.55223486 -0.05269228 -0.17404157
  0.20730888  0.37928514 -0.32437873  0.18764386 -0.13602886 -0.63708662
  0.13289054  0.11369141 -0.4653281   0.23356064  0.27053121 -0.60079272
  0.02738673  0.40493013 -0.05580309  0.06592217 -0.51499811  0.45979786
  0.62508501  0.54423769  0.60956958  0.23185111 -0.197122    0.56455489
 -0.14410861  0.43640658 -0.62828631  0.15308253  0.33634083 -0.68223827
  0.05476641 -0.22367446  0.10857184 -0.28621523  0.23711193 -0.57817391
 -0.2491414  -0.83027413 -0.48140041 -0.23450329 -0.18284862]
290,[ 0.15109207  0.08498729  0.0347801   0.10442259  0.34128485  0.11971571
 -0.08927939  0.69924119  0.40133291 -0.55220943 -0.05268342 -0.17397599
  0.20727653  0.37934677 -0.32438062  0.18769525 -0.1359963  -0.63706711
  0.1328559   0.11372807 -0.46533344  0.23352792  0.27052018 -0.60084424
  0.02733373  0.40490462 -0.05570792  0.06589035 -0.51504014  0.45988416
  0.62500198  0.54426013  0.60960775  0.2318527  -0.19708978  0.56456395
 -0.14414369  0.43638335 -0.62827155  0.1530448   0.33634929 -0.68217457
  0.05469302 -0.22368072  0.10852848 -0.28622803  0.23715832 -0.57807039
 -0.24920058 -0.83026695 -0.48142444 -0.23449432 -0.18286554]
291,[ 0.15115306  0.08501183  0.0346238   0.10445635  0.3413197   0.11967834
 -0.08922462  0.69918279  0.4012726  -0.55218403 -0.05267458 -0.17391047
  0.20724422  0.37940832 -0.32438251  0.18774659 -0.13596377 -0.63704762
  0.13282129  0.11376468 -0.46533878  0.23349522  0.27050916 -0.6008957
  0.0272808   0.40487914 -0.05561286  0.06585857 -0.51508213  0.45997037
  0.62491904  0.54428254  0.60964587  0.23185428 -0.19705761  0.56457299
 -0.14417874  0.43636014 -0.6282568   0.15300711  0.33635774 -0.68211094
  0.05461972 -0.22368697  0.10848517 -0.28624081  0.23720465 -0.57796699
 -0.24925968 -0.83025979 -0.48144845 -0.23448537 -0.18288245]
292,[ 0.15121399  0.08503635  0.03446768  0.10449007  0.34135452  0.11964101
 -0.0891699   0.69912445  0.40121236 -0.55215866 -0.05266575 -0.17384503
  0.20721194  0.37946981 -0.3243844   0.18779786 -0.13593128 -0.63702815
  0.13278673  0.11380124 -0.46534411  0.23346257  0.27049815 -0.60094711
  0.02722792  0.40485369 -0.0555179   0.06582682 -0.51512406  0.46005648
  0.62483619  0.54430493  0.60968396  0.23185586 -0.19702547  0.56458202
 -0.14421375  0.43633696 -0.62824207  0.15296946  0.33636618 -0.68204739
  0.0545465  -0.22369321  0.10844191 -0.28625358  0.23725093 -0.57786371
 -0.24931872 -0.83025263 -0.48147244 -0.23447643 -0.18289935]
293,[ 0.15127484  0.08506084  0.03431173  0.10452375  0.34138929  0.11960372
 -0.08911525  0.69906619  0.40115218 -0.55213331 -0.05265692 -0.17377967
  0.20717971  0.37953123 -0.32438628  0.18784909 -0.13589882 -0.63700871
  0.1327522   0.11383777 -0.46534943  0.23342995  0.27048715 -0.60099845
  0.0271751   0.40482827 -0.05542305  0.06579512 -0.51516595  0.46014249
  0.62475344  0.54432729  0.609722    0.23185744 -0.19699337  0.56459104
 -0.14424872  0.43631381 -0.62822736  0.15293185  0.33637462 -0.68198391
  0.05447337 -0.22369945  0.1083987  -0.28626633  0.23729716 -0.57776054
 -0.24937769 -0.83024548 -0.48149639 -0.23446749 -0.18291622]
294,[ 0.15133563  0.0850853   0.03415596  0.1045574   0.34142403  0.11956647
 -0.08906065  0.69900798  0.40109208 -0.552108   -0.05264811 -0.17371437
  0.2071475   0.37959257 -0.32438816  0.18790025 -0.13586641 -0.63698928
  0.13271771  0.11387426 -0.46535475  0.23339737  0.27047617 -0.60104974
  0.02712235  0.40480288 -0.05532831  0.06576344 -0.51520779  0.46022841
  0.62467078  0.54434963  0.60976     0.23185902 -0.1969613   0.56460005
 -0.14428365  0.43629068 -0.62821267  0.15289429  0.33638304 -0.6819205
  0.05440031 -0.22370567  0.10835554 -0.28627907  0.23734333 -0.57765749
 -0.24943659 -0.83023834 -0.48152032 -0.23445857 -0.18293307]
295,[ 0.15139635  0.08510973  0.03400037  0.10459101  0.34145873  0.11952927
 -0.08900612  0.69894985  0.40103204 -0.55208272 -0.05263931 -0.17364916
  0.20711534  0.37965385 -0.32439005  0.18795135 -0.13583402 -0.63696988
  0.13268326  0.1139107  -0.46536007  0.23336482  0.2704652  -0.60110097
  0.02706965  0.40477752 -0.05523368  0.0657318  -0.51524959  0.46031423
  0.62458821  0.54437194  0.60979795  0.2318606  -0.19692927  0.56460905
 -0.14431854  0.43626758 -0.62819799  0.15285677  0.33639145 -0.68185716
  0.05432734 -0.2237119   0.10831243 -0.28629179  0.23738946 -0.57755456
 -0.24949543 -0.83023121 -0.48154422 -0.23444965 -0.1829499 ]
296,[ 0.151457    0.08513414  0.03384495  0.10462457  0.34149339  0.11949211
 -0.08895165  0.69889177  0.40097207 -0.55205746 -0.05263051 -0.17358401
  0.20708321  0.37971506 -0.32439192  0.1880024  -0.13580168 -0.6369505
  0.13264885  0.11394711 -0.46536537  0.23333231  0.27045424 -0.60115214
  0.02701701  0.40475219 -0.05513915  0.0657002  -0.51529134  0.46039995
  0.62450574  0.54439423  0.60983587  0.23186217 -0.19689728  0.56461804
 -0.14435339  0.4362445  -0.62818332  0.15281929  0.33639986 -0.68179389
  0.05425445 -0.22371811  0.10826936 -0.2863045   0.23743553 -0.57745174
 -0.2495542  -0.83022408 -0.4815681  -0.23444075 -0.18296672]
297,[ 0.15151758  0.08515852  0.0336897   0.1046581   0.34152801  0.11945499
 -0.08889724  0.69883377  0.40091217 -0.55203223 -0.05262173 -0.17351894
  0.20705112  0.3797762  -0.3243938   0.18805339 -0.13576937 -0.63693114
  0.13261448  0.11398347 -0.46537067  0.23329984  0.27044329 -0.60120326
  0.02696443  0.40472688 -0.05504473  0.06566864 -0.51533304  0.46048558
  0.62442335  0.54441649  0.60987374  0.23186374 -0.19686532  0.56462702
 -0.1443882   0.43622145 -0.62816868  0.15278185  0.33640825 -0.6817307
  0.05418165 -0.22372432  0.10822635 -0.28631719  0.23748155 -0.57734904
 -0.24961291 -0.83021696 -0.48159195 -0.23443186 -0.18298351]
298,[ 0.15157809  0.08518287  0.03353463  0.1046916   0.34156259  0.11941791
 -0.0888429   0.69877583  0.40085234 -0.55200703 -0.05261296 -0.17345394
  0.20701906  0.37983728 -0.32439568  0.18810433 -0.1357371  -0.63691181
  0.13258015  0.11401979 -0.46537597  0.2332674   0.27043235 -0.60125432
  0.02691191  0.4047016  -0.05495042  0.0656371  -0.51537469  0.46057111
  0.62434107  0.54443872  0.60991157  0.23186532 -0.1968334   0.56463599
 -0.14442297  0.43619843 -0.62815405  0.15274446  0.33641664 -0.68166757
  0.05410892 -0.22373052  0.10818338 -0.28632988  0.23752751 -0.57724645
 -0.24967155 -0.83020985 -0.48161577 -0.23442297 -0.18300029]
299,[ 0.15163854  0.0852072   0.03337973  0.10472505  0.34159714  0.11938088
 -0.08878861  0.69871795  0.40079257 -0.55198186 -0.05260419 -0.17338901
  0.20698704  0.37989828 -0.32439755  0.1881552  -0.13570486 -0.63689249
  0.13254585  0.11405607 -0.46538126  0.23323501  0.27042143 -0.60130532
  0.02685945  0.40467635 -0.05485621  0.06560561 -0.5154163   0.46065654
  0.62425887  0.54446094  0.60994935  0.23186688 -0.19680151  0.56464495
 -0.14445771  0.43617543 -0.62813943  0.15270711  0.33642501 -0.68160452
  0.05403628 -0.22373671  0.10814046 -0.28634254  0.23757343 -0.57714398
 -0.24973012 -0.83020275 -0.48163956 -0.2344141  -0.18301705]
300,[ 0.15169891  0.08523149  0.03322501  0.10475847  0.34163164  0.11934388
 -0.08873439  0.69866014  0.40073287 -0.55195672 -0.05259544 -0.17332416
  0.20695505  0.37995922 -0.32439942  0.18820602 -0.13567266 -0.6368732
  0.1325116   0.11409231 -0.46538654  0.23320264  0.27041052 -0.60135626
  0.02680705  0.40465113 -0.0547621   0.06557415 -0.51545786  0.46074188
  0.62417677  0.54448312  0.60998709  0.23186845 -0.19676966  0.5646539
 -0.1444924   0.43615246 -0.62812484  0.15266979  0.33643338 -0.68154154
  0.05396372 -0.2237429   0.10809759 -0.28635519  0.23761929 -0.57704163
 -0.24978863 -0.83019566 -0.48166333 -0.23440524 -0.18303379]
301,[ 0.15175922  0.08525576  0.03307046  0.10479185  0.3416661   0.11930693
 -0.08868022  0.69860239  0.40067324 -0.5519316  -0.0525867  -0.17325938
  0.2069231   0.38002008 -0.32440129  0.18825678 -0.1356405  -0.63685393
  0.13247738  0.11412851 -0.46539182  0.23317032  0.27039962 -0.60140714
  0.02675471  0.40462594 -0.05466811  0.06554272 -0.51549938  0.46082712
  0.62409476  0.54450528  0.61002479  0.23187002 -0.19673785  0.56466283
 -0.14452706  0.43612951 -0.62811026  0.15263253  0.33644173 -0.68147863
  0.05389124 -0.22374908  0.10805477 -0.28636783  0.23766511 -0.57693939
 -0.24984707 -0.83018857 -0.48168707 -0.23439638 -0.18305051]
302,[ 0.15181946  0.08528     0.03291609  0.10482519  0.34170053  0.11927002
 -0.08862612  0.69854471  0.40061367 -0.55190651 -0.05257796 -0.17319467
  0.20689119  0.38008088 -0.32440315  0.18830749 -0.13560837 -0.63683468
  0.1324432   0.11416467 -0.46539709  0.23313803  0.27038874 -0.60145797
  0.02670242  0.40460078 -0.05457422  0.06551133 -0.51554084  0.46091226
  0.62401284  0.54452742  0.61006245  0.23187158 -0.19670607  0.56467176
 -0.14456167  0.43610659 -0.62809569  0.1525953   0.33645008 -0.68141578
  0.05381884 -0.22375525  0.10801199 -0.28638046  0.23771087 -0.57683726
 -0.24990545 -0.8301815  -0.48171079 -0.23438754 -0.18306721]
303,[ 0.15187964  0.08530422  0.03276189  0.1048585   0.34173492  0.11923315
 -0.08857208  0.6984871   0.40055417 -0.55188146 -0.05256924 -0.17313004
  0.20685931  0.38014161 -0.32440502  0.18835813 -0.13557628 -0.63681545
  0.13240906  0.11420079 -0.46540236  0.23310577  0.27037786 -0.60150874
  0.0266502   0.40457564 -0.05448043  0.06547998 -0.51558226  0.46099731
  0.62393101  0.54454953  0.61010007  0.23187314 -0.19667433  0.56468068
 -0.14459625  0.4360837  -0.62808115  0.15255811  0.33645842 -0.68135301
  0.05374652 -0.22376142  0.10796926 -0.28639307  0.23775658 -0.57673525
 -0.24996376 -0.83017443 -0.48173447 -0.23437871 -0.18308389]
304,[ 0.15193974  0.08532841  0.03260786  0.10489177  0.34176927  0.11919632
 -0.0885181   0.69842955  0.40049474 -0.55185642 -0.05256052 -0.17306548
  0.20682747  0.38020227 -0.32440688  0.18840872 -0.13554423 -0.63679624
  0.13237496  0.11423687 -0.46540762  0.23307356  0.270367   -0.60155946
  0.02659803  0.40455054 -0.05438675  0.06544866 -0.51562364  0.46108227
  0.62384928  0.54457162  0.61013764  0.2318747  -0.19664262  0.56468959
 -0.14463079  0.43606083 -0.62806662  0.15252097  0.33646675 -0.68129031
  0.05367429 -0.22376758  0.10792659 -0.28640566  0.23780224 -0.57663335
 -0.250022   -0.83016737 -0.48175813 -0.23436988 -0.18310056]
305,[ 0.15199978  0.08535257  0.03245401  0.104925    0.34180358  0.11915954
 -0.08846418  0.69837206  0.40043537 -0.55183142 -0.05255182 -0.17300099
  0.20679567  0.38026286 -0.32440874  0.18845926 -0.13551221 -0.63677706
  0.1323409   0.1142729  -0.46541287  0.23304138  0.27035615 -0.60161011
  0.02654593  0.40452546 -0.05429318  0.06541738 -0.51566496  0.46116713
  0.62376764  0.54459368  0.61017517  0.23187626 -0.19661095  0.56469849
 -0.14466529  0.43603798 -0.6280521   0.15248387  0.33647507 -0.68122769
  0.05360214 -0.22377373  0.10788396 -0.28641824  0.23784784 -0.57653157
 -0.25008018 -0.83016031 -0.48178177 -0.23436107 -0.1831172 ]
306,[ 0.15205975  0.0853767   0.03230033  0.10495819  0.34183785  0.11912279
 -0.08841032  0.69831464  0.40037608 -0.55180645 -0.05254313 -0.17293658
  0.2067639   0.38032339 -0.3244106   0.18850973 -0.13548023 -0.63675789
  0.13230687  0.1143089  -0.46541812  0.23300923  0.27034532 -0.60166071
  0.02649388  0.40450041 -0.05419971  0.06538613 -0.51570624  0.46125189
  0.62368609  0.54461572  0.61021266  0.23187782 -0.19657931  0.56470738
 -0.14469975  0.43601516 -0.6280376   0.15244681  0.33648338 -0.68116513
  0.05353006 -0.22377987  0.10784137 -0.28643081  0.2378934  -0.57642991
 -0.2501383  -0.83015327 -0.48180538 -0.23435226 -0.18313383]
307,[ 0.15211966  0.08540081  0.03214682  0.10499134  0.34187208  0.11908609
 -0.08835652  0.69825729  0.40031685 -0.5517815  -0.05253444 -0.17287223
  0.20673217  0.38038384 -0.32441245  0.18856015 -0.13544828 -0.63673875
  0.13227288  0.11434486 -0.46542336  0.23297712  0.27033449 -0.60171125
  0.02644189  0.40447538 -0.05410635  0.06535492 -0.51574748  0.46133655
  0.62360463  0.54463773  0.6102501   0.23187938 -0.19654771  0.56471626
 -0.14473417  0.43599237 -0.62802312  0.15240979  0.33649168 -0.68110264
  0.05345807 -0.22378601  0.10779884 -0.28644336  0.2379389  -0.57632836
 -0.25019635 -0.83014623 -0.48182896 -0.23434347 -0.18315044]
308,[ 0.15217949  0.08542489  0.03199349  0.10502446  0.34190627  0.11904943
 -0.08830278  0.69819999  0.40025768 -0.55175659 -0.05252577 -0.17280796
  0.20670047  0.38044423 -0.32441431  0.18861051 -0.13541637 -0.63671963
  0.13223894  0.11438077 -0.4654286   0.23294505  0.27032368 -0.60176174
  0.02638996  0.40445039 -0.05401309  0.06532374 -0.51578867  0.46142113
  0.62352326  0.54465971  0.61028751  0.23188093 -0.19651615  0.56472513
 -0.14476855  0.43596961 -0.62800865  0.15237282  0.33649997 -0.68104022
  0.05338616 -0.22379214  0.10775635 -0.2864559   0.23798435 -0.57622692
 -0.25025433 -0.8301392  -0.48185251 -0.23433469 -0.18316702]
309,[ 0.15223926  0.08544894  0.03184033  0.10505754  0.34194043  0.11901281
 -0.0882491   0.69814277  0.40019858 -0.5517317  -0.0525171  -0.17274376
  0.20666881  0.38050455 -0.32441616  0.18866082 -0.1353845  -0.63670053
  0.13220503  0.11441665 -0.46543383  0.23291301  0.27031288 -0.60181217
  0.02633808  0.40442542 -0.05391994  0.0652926  -0.51582981  0.4615056
  0.62344199  0.54468168  0.61032487  0.23188248 -0.19648462  0.56473399
 -0.1448029   0.43594687 -0.62799421  0.15233588  0.33650825 -0.68097787
  0.05331433 -0.22379827  0.10771391 -0.28646842  0.23802976 -0.5761256
 -0.25031225 -0.83013218 -0.48187604 -0.23432591 -0.1831836 ]
310,[ 0.15229896  0.08547296  0.03168734  0.10509058  0.34197455  0.11897623
 -0.08819549  0.6980856   0.40013955 -0.55170683 -0.05250844 -0.17267964
  0.20663718  0.3805648  -0.32441801  0.18871107 -0.13535266 -0.63668146
  0.13217115  0.11445248 -0.46543905  0.23288101  0.27030209 -0.60186254
  0.02628627  0.40440049 -0.05382689  0.06526149 -0.5158709   0.46158998
  0.6233608   0.54470361  0.61036219  0.23188403 -0.19645313  0.56474284
 -0.1448372   0.43592415 -0.62797977  0.15229899  0.33651652 -0.6809156
  0.05324258 -0.22380439  0.10767152 -0.28648093  0.23807511 -0.57602439
 -0.2503701  -0.83012516 -0.48189954 -0.23431715 -0.18320015]
311,[ 0.15235859  0.08549696  0.03153452  0.10512359  0.34200863  0.11893969
 -0.08814193  0.6980285   0.40008059 -0.551682   -0.0524998  -0.17261558
  0.20660559  0.38062499 -0.32441986  0.18876126 -0.13532085 -0.6366624
  0.13213732  0.11448827 -0.46544427  0.23284905  0.27029131 -0.60191285
  0.02623451  0.40437558 -0.05373395  0.06523042 -0.51591195  0.46167427
  0.62327971  0.54472553  0.61039947  0.23188558 -0.19642167  0.56475168
 -0.14487147  0.43590146 -0.62796536  0.15226214  0.33652479 -0.68085339
  0.05317092 -0.2238105   0.10762918 -0.28649343  0.23812041 -0.57592329
 -0.25042789 -0.83011816 -0.48192302 -0.23430839 -0.18321668]
312,[ 0.15241816  0.08552093  0.03138188  0.10515656  0.34204267  0.11890319
 -0.08808843  0.69797147  0.40002169 -0.55165719 -0.05249116 -0.1725516
  0.20657403  0.3806851  -0.3244217   0.1888114  -0.13528909 -0.63664337
  0.13210353  0.11452403 -0.46544948  0.23281712  0.27028055 -0.60196311
  0.02618282  0.40435069 -0.05364111  0.06519938 -0.51595295  0.46175846
  0.62319871  0.54474742  0.6104367   0.23188713 -0.19639025  0.56476051
 -0.1449057   0.4358788  -0.62795095  0.15222533  0.33653304 -0.68079125
  0.05309933 -0.2238166   0.10758689 -0.28650591  0.23816565 -0.57582231
 -0.25048561 -0.83011116 -0.48194646 -0.23429965 -0.18323319]
313,[ 0.15247766  0.08554487  0.03122941  0.10518949  0.34207667  0.11886674
 -0.088035    0.6979145   0.39996286 -0.55163242 -0.05248254 -0.17248769
  0.20654251  0.38074515 -0.32442354  0.18886148 -0.13525736 -0.63662435
  0.13206977  0.11455974 -0.46545469  0.23278523  0.2702698  -0.60201331
  0.02613118  0.40432584 -0.05354837  0.06516838 -0.51599391  0.46184256
  0.6231178   0.54476928  0.6104739   0.23188867 -0.19635886  0.56476933
 -0.14493989  0.43585616 -0.62793657  0.15218856  0.33654128 -0.68072919
  0.05302782 -0.2238227   0.10754464 -0.28651838  0.23821085 -0.57572144
 -0.25054326 -0.83010417 -0.48196989 -0.23429092 -0.18324969]
314,[ 0.15253709  0.08556879  0.0310771   0.10522239  0.34211063  0.11883032
 -0.08798162  0.69785759  0.39990409 -0.55160767 -0.05247392 -0.17242385
  0.20651103  0.38080513 -0.32442539  0.1889115  -0.13522566 -0.63660536
  0.13203605  0.11459542 -0.46545989  0.23275337  0.27025906 -0.60206346
  0.0260796   0.40430101 -0.05345574  0.06513741 -0.51603482  0.46192656
  0.62303699  0.54479112  0.61051105  0.23189021 -0.19632751  0.56477813
 -0.14497404  0.43583355 -0.6279222   0.15215184  0.33654952 -0.68066719
  0.0529564  -0.22382879  0.10750244 -0.28653084  0.238256   -0.57562069
 -0.25060086 -0.83009719 -0.48199328 -0.23428219 -0.18326617]
315,[ 0.15259646  0.08559268  0.03092498  0.10525524  0.34214456  0.11879395
 -0.0879283   0.69780075  0.39984539 -0.55158295 -0.05246531 -0.17236009
  0.20647958  0.38086505 -0.32442722  0.18896147 -0.135194   -0.63658639
  0.13200237  0.11463105 -0.46546508  0.23272155  0.27024833 -0.60211355
  0.02602807  0.40427622 -0.05336322  0.06510648 -0.51607568  0.46201047
  0.62295626  0.54481293  0.61054816  0.23189175 -0.19629619  0.56478693
 -0.14500815  0.43581096 -0.62790785  0.15211515  0.33655774 -0.68060526
  0.05288505 -0.22383487  0.10746029 -0.28654328  0.23830109 -0.57552005
 -0.25065838 -0.83009021 -0.48201665 -0.23427348 -0.18328263]
316,[ 0.15265576  0.08561654  0.03077302  0.10528806  0.34217845  0.11875761
 -0.08787505  0.69774398  0.39978676 -0.55155825 -0.05245671 -0.1722964
  0.20644817  0.38092489 -0.32442906  0.18901138 -0.13516238 -0.63656744
  0.13196872  0.11466664 -0.46547027  0.23268977  0.27023762 -0.60216358
  0.02597661  0.40425145 -0.0532708   0.06507558 -0.5161165   0.46209428
  0.62287562  0.54483472  0.61058523  0.23189329 -0.19626491  0.56479572
 -0.14504223  0.4357884  -0.62789351  0.15207851  0.33656596 -0.6805434
  0.05281379 -0.22384095  0.10741818 -0.2865557   0.23834614 -0.57541952
 -0.25071585 -0.83008325 -0.48203999 -0.23426477 -0.18329907]
317,[ 0.15271499  0.08564038  0.03062123  0.10532085  0.34221229  0.11872132
 -0.08782185  0.69768726  0.39972819 -0.55153359 -0.05244813 -0.17223277
  0.20641679  0.38098467 -0.3244309   0.18906123 -0.13513079 -0.63654852
  0.13193512  0.11470219 -0.46547546  0.23265802  0.27022691 -0.60221355
  0.0259252   0.4042267  -0.05317848  0.06504472 -0.51615727  0.462178
  0.62279508  0.54485649  0.61062225  0.23189483 -0.19623367  0.5648045
 -0.14507626  0.43576586 -0.62787919  0.1520419   0.33657417 -0.68048162
  0.0527426  -0.22384702  0.10737612 -0.28656811  0.23839113 -0.57531911
 -0.25077324 -0.83007629 -0.48206331 -0.23425607 -0.18331549]
318,[ 0.15277415  0.08566419  0.03046962  0.10535359  0.34224611  0.11868507
 -0.08776872  0.69763061  0.39966969 -0.55150895 -0.05243955 -0.17216922
  0.20638545  0.38104438 -0.32443273  0.18911103 -0.13509923 -0.63652961
  0.13190155  0.11473771 -0.46548063  0.23262631  0.27021622 -0.60226347
  0.02587385  0.40420199 -0.05308627  0.06501389 -0.516198    0.46226162
  0.62271462  0.54487823  0.61065924  0.23189637 -0.19620246  0.56481327
 -0.14511026  0.43574335 -0.62786489  0.15200534  0.33658237 -0.6804199
  0.0526715  -0.22385308  0.10733411 -0.28658051  0.23843608 -0.57521881
 -0.25083058 -0.83006934 -0.4820866  -0.23424739 -0.18333189]
319,[ 0.15283325  0.08568797  0.03031817  0.1053863   0.34227988  0.11864886
 -0.08771564  0.69757403  0.39961125 -0.55148434 -0.05243098 -0.17210574
  0.20635414  0.38110403 -0.32443456  0.18916077 -0.13506772 -0.63651073
  0.13186802  0.11477318 -0.4654858   0.23259463  0.27020554 -0.60231334
  0.02582256  0.4041773  -0.05299416  0.06498309 -0.51623868  0.46234515
  0.62263426  0.54489994  0.61069618  0.2318979  -0.19617128  0.56482203
 -0.14514422  0.43572086 -0.6278506   0.15196882  0.33659056 -0.68035825
  0.05260048 -0.22385913  0.10729215 -0.2865929   0.23848097 -0.57511862
 -0.25088785 -0.83006239 -0.48210987 -0.23423871 -0.18334828]
320,[ 0.15289228  0.08571173  0.0301669   0.10541898  0.34231361  0.11861269
 -0.08766262  0.6975175   0.39955288 -0.55145975 -0.05242242 -0.17204234
  0.20632287  0.3811636  -0.32443639  0.18921046 -0.13503623 -0.63649186
  0.13183453  0.11480861 -0.46549097  0.23256299  0.27019487 -0.60236315
  0.02577132  0.40415265 -0.05290215  0.06495233 -0.51627931  0.46242859
  0.62255398  0.54492164  0.61073308  0.23189943 -0.19614014  0.56483078
 -0.14517814  0.4356984  -0.62783633  0.15193234  0.33659874 -0.68029667
  0.05252953 -0.22386518  0.10725023 -0.28660527  0.23852581 -0.57501855
 -0.25094505 -0.83005546 -0.4821331  -0.23423005 -0.18336464]
321,[ 0.15295125  0.08573546  0.03001579  0.10545161  0.34234731  0.11857656
 -0.08760967  0.69746104  0.39949458 -0.5514352  -0.05241387 -0.171979
  0.20629163  0.38122311 -0.32443822  0.18926009 -0.13500479 -0.63647302
  0.13180107  0.11484401 -0.46549613  0.23253138  0.27018422 -0.6024129
  0.02572015  0.40412802 -0.05281025  0.06492161 -0.5163199   0.46251193
  0.6224738   0.5449433   0.61076994  0.23190097 -0.19610904  0.56483952
 -0.14521202  0.43567597 -0.62782208  0.1518959   0.33660691 -0.68023516
  0.05245867 -0.22387123  0.10720836 -0.28661762  0.2385706  -0.57491858
 -0.25100219 -0.83004853 -0.48215632 -0.23422139 -0.18338099]
322,[ 0.15301015  0.08575916  0.02986486  0.10548421  0.34238097  0.11854047
 -0.08755677  0.69740465  0.39943634 -0.55141067 -0.05240533 -0.17191573
  0.20626043  0.38128256 -0.32444004  0.18930966 -0.13497338 -0.6364542
  0.13176766  0.11487936 -0.46550128  0.23249981  0.27017358 -0.60246259
  0.02566903  0.40410341 -0.05271845  0.06489092 -0.51636045  0.46259518
  0.62239371  0.54496495  0.61080676  0.23190249 -0.19607796  0.56484825
 -0.14524587  0.43565356 -0.62780784  0.15185951  0.33661507 -0.68017372
  0.05238788 -0.22387726  0.10716654 -0.28662997  0.23861535 -0.57481873
 -0.25105927 -0.83004161 -0.4821795  -0.23421274 -0.18339732]
323,[ 0.15306898  0.08578283  0.02971409  0.10551678  0.34241459  0.11850442
 -0.08750393  0.69734832  0.39937817 -0.55138617 -0.0523968  -0.17185254
  0.20622926  0.38134193 -0.32444186  0.18935918 -0.134942   -0.6364354
  0.13173428  0.11491467 -0.46550643  0.23246828  0.27016294 -0.60251223
  0.02561797  0.40407884 -0.05262676  0.06486027 -0.51640094  0.46267833
  0.62231371  0.54498657  0.61084354  0.23190402 -0.19604693  0.56485697
 -0.14527967  0.43563117 -0.62779361  0.15182315  0.33662322 -0.68011235
  0.05231718 -0.22388329  0.10712477 -0.28664229  0.23866004 -0.574719
 -0.25111628 -0.8300347  -0.48220266 -0.23420411 -0.18341363]
324,[ 0.15312775  0.08580648  0.0295635   0.1055493   0.34244817  0.11846842
 -0.08745115  0.69729205  0.39932006 -0.5513617  -0.05238828 -0.17178942
  0.20619813  0.38140124 -0.32444368  0.18940864 -0.13491066 -0.63641662
  0.13170093  0.11494995 -0.46551157  0.23243678  0.27015232 -0.60256181
  0.02556697  0.40405429 -0.05253517  0.06482964 -0.51644139  0.46276139
  0.62223379  0.54500816  0.61088027  0.23190555 -0.19601593  0.56486568
 -0.14531344  0.43560881 -0.62777941  0.15178683  0.33663136 -0.68005105
  0.05224655 -0.22388931  0.10708304 -0.28665461  0.23870468 -0.57461937
 -0.25117322 -0.8300278  -0.4822258  -0.23419548 -0.18342992]
325,[ 0.15318645  0.0858301   0.02941307  0.10558179  0.34248172  0.11843245
 -0.08739844  0.69723584  0.39926202 -0.55133725 -0.05237977 -0.17172637
  0.20616703  0.38146049 -0.3244455   0.18945805 -0.13487936 -0.63639787
  0.13166763  0.11498518 -0.46551671  0.23240532  0.27014172 -0.60261134
  0.02551602  0.40402977 -0.05244368  0.06479906 -0.5164818   0.46284436
  0.62215397  0.54502973  0.61091697  0.23190707 -0.19598496  0.56487439
 -0.14534717  0.43558648 -0.62776521  0.15175056  0.3366395  -0.67998981
  0.05217601 -0.22389533  0.10704136 -0.28666691  0.23874927 -0.57451986
 -0.25123011 -0.8300209  -0.4822489  -0.23418686 -0.1834462 ]
326,[ 0.15324508  0.0858537   0.02926282  0.10561424  0.34251523  0.11839653
 -0.08734578  0.6971797   0.39920404 -0.55131283 -0.05237127 -0.17166339
  0.20613597  0.38151966 -0.32444732  0.1895074  -0.13484809 -0.63637913
  0.13163436  0.11502037 -0.46552184  0.23237389  0.27013112 -0.60266081
  0.02546513  0.40400528 -0.05235229  0.06476851 -0.51652216  0.46292723
  0.62207424  0.54505128  0.61095362  0.23190859 -0.19595403  0.56488308
 -0.14538087  0.43556417 -0.62775104  0.15171433  0.33664762 -0.67992865
  0.05210554 -0.22390133  0.10699973 -0.2866792   0.23879381 -0.57442046
 -0.25128693 -0.83001401 -0.48227198 -0.23417826 -0.18346245]
327,[ 0.15330365  0.08587727  0.02911273  0.10564666  0.3425487   0.11836064
 -0.08729318  0.69712362  0.39914613 -0.55128844 -0.05236278 -0.17160048
  0.20610495  0.38157877 -0.32444913  0.1895567  -0.13481685 -0.63636041
  0.13160113  0.11505553 -0.46552697  0.23234249  0.27012054 -0.60271023
  0.0254143   0.40398081 -0.05226101  0.06473799 -0.51656248  0.46301002
  0.6219946   0.5450728   0.61099023  0.23191011 -0.19592314  0.56489176
 -0.14541452  0.43554189 -0.62773688  0.15167813  0.33665574 -0.67986755
  0.05203515 -0.22390734  0.10695814 -0.28669147  0.2388383  -0.57432117
 -0.25134368 -0.83000713 -0.48229504 -0.23416966 -0.18347869]
328,[ 0.15336215  0.08590081  0.02896282  0.10567904  0.34258213  0.11832479
 -0.08724064  0.69706761  0.39908829 -0.55126408 -0.0523543  -0.17153764
  0.20607396  0.38163781 -0.32445095  0.18960594 -0.13478565 -0.63634172
  0.13156794  0.11509064 -0.46553209  0.23231114  0.27010997 -0.60275959
  0.02536353  0.40395637 -0.05216983  0.06470751 -0.51660275  0.4630927
  0.62191504  0.54509429  0.6110268   0.23191163 -0.19589228  0.56490043
 -0.14544814  0.43551963 -0.62772274  0.15164198  0.33666384 -0.67980653
  0.05196484 -0.22391333  0.1069166  -0.28670373  0.23888274 -0.57422199
 -0.25140037 -0.83000026 -0.48231807 -0.23416107 -0.18349491]
329,[ 0.15342059  0.08592433  0.02881307  0.10571138  0.34261552  0.11828899
 -0.08718815  0.69701166  0.3990305  -0.55123975 -0.05234583 -0.17147487
  0.206043    0.38169679 -0.32445276  0.18965512 -0.13475449 -0.63632305
  0.13153479  0.11512572 -0.4655372   0.23227981  0.27009941 -0.60280889
  0.02531281  0.40393197 -0.05207875  0.06467706 -0.51664297  0.4631753
  0.62183558  0.54511577  0.61106333  0.23191315 -0.19586145  0.56490909
 -0.14548172  0.43549739 -0.62770861  0.15160587  0.33667194 -0.67974557
  0.05189462 -0.22391932  0.10687511 -0.28671597  0.23892713 -0.57412293
 -0.251457   -0.82999339 -0.48234107 -0.23415249 -0.18351111]
330,[ 0.15347896  0.08594782  0.02866349  0.10574369  0.34264888  0.11825323
 -0.08713573  0.69695577  0.39897279 -0.55121544 -0.05233736 -0.17141217
  0.20601208  0.3817557  -0.32445456  0.18970425 -0.13472336 -0.6363044
  0.13150167  0.11516075 -0.46554231  0.23224853  0.27008886 -0.60285814
  0.02526215  0.40390758 -0.05198778  0.06464664 -0.51668315  0.4632578
  0.6217562   0.54513722  0.61109982  0.23191467 -0.19583066  0.56491774
 -0.14551526  0.43547518 -0.6276945   0.1515698   0.33668003 -0.67968468
  0.05182447 -0.2239253   0.10683366 -0.28672821  0.23897147 -0.57402397
 -0.25151356 -0.82998653 -0.48236405 -0.23414392 -0.18352729]
331,[ 0.15353726  0.08597128  0.02851408  0.10577596  0.3426822   0.1182175
 -0.08708337  0.69689994  0.39891514 -0.55119116 -0.05232891 -0.17134955
  0.20598119  0.38181454 -0.32445637  0.18975333 -0.13469226 -0.63628576
  0.13146859  0.11519575 -0.46554741  0.23221728  0.27007832 -0.60290734
  0.02521155  0.40388323 -0.0518969   0.06461626 -0.51672328  0.46334021
  0.62167692  0.54515864  0.61113627  0.23191618 -0.1957999   0.56492639
 -0.14554876  0.435453   -0.6276804   0.15153377  0.33668811 -0.67962386
  0.0517544  -0.22393127  0.10679226 -0.28674042  0.23901576 -0.57392513
 -0.25157006 -0.82997968 -0.482387   -0.23413536 -0.18354346]
332,[ 0.1535955   0.08599472  0.02836483  0.1058082   0.34271548  0.11818182
 -0.08703106  0.69684418  0.39885755 -0.55116691 -0.05232047 -0.17128699
  0.20595034  0.38187332 -0.32445818  0.18980235 -0.1346612  -0.63626715
  0.13143555  0.11523071 -0.46555251  0.23218606  0.2700678  -0.60295648
  0.025161    0.4038589  -0.05180613  0.06458592 -0.51676337  0.46342252
  0.62159772  0.54518004  0.61117267  0.23191769 -0.19576918  0.56493502
 -0.14558223  0.43543084 -0.62766632  0.15149778  0.33669618 -0.6795631
  0.0516844  -0.22393724  0.10675091 -0.28675263  0.23906    -0.5738264
 -0.2516265  -0.82997284 -0.48240993 -0.23412681 -0.1835596 ]
333,[ 0.15365367  0.08601813  0.02821576  0.10584039  0.34274873  0.11814617
 -0.08697882  0.69678848  0.39880003 -0.55114268 -0.05231203 -0.17122451
  0.20591952  0.38193203 -0.32445998  0.18985131 -0.13463018 -0.63624857
  0.13140254  0.11526563 -0.4655576   0.23215488  0.27005729 -0.60300556
  0.02511051  0.4038346  -0.05171547  0.06455561 -0.51680342  0.46350474
  0.62151862  0.54520142  0.61120904  0.2319192  -0.19573849  0.56494364
 -0.14561566  0.43540871 -0.62765226  0.15146183  0.33670424 -0.67950242
  0.05161449 -0.2239432   0.1067096  -0.28676482  0.23910419 -0.57372778
 -0.25168287 -0.82996601 -0.48243283 -0.23411827 -0.18357573]
334,[ 0.15371178  0.08604151  0.02806685  0.10587256  0.34278193  0.11811057
 -0.08692663  0.69673284  0.39874257 -0.55111848 -0.05230361 -0.17116209
  0.20588874  0.38199067 -0.32446178  0.18990022 -0.13459919 -0.63623
  0.13136958  0.1153005  -0.46556268  0.23212373  0.27004679 -0.60305459
  0.02506008  0.40381033 -0.0516249   0.06452533 -0.51684342  0.46358687
  0.6214396   0.54522277  0.61124536  0.23192071 -0.19570784  0.56495225
 -0.14564905  0.4353866  -0.62763821  0.15142592  0.33671229 -0.67944181
  0.05154466 -0.22394916  0.10666834 -0.28677699  0.23914833 -0.57362927
 -0.25173918 -0.82995918 -0.4824557  -0.23410974 -0.18359184]
335,[ 0.15376983  0.08606487  0.02791811  0.10590468  0.3428151   0.11807501
 -0.0868745   0.69667726  0.39868518 -0.55109431 -0.05229519 -0.17109975
  0.20585799  0.38204925 -0.32446358  0.18994907 -0.13456824 -0.63621145
  0.13133664  0.11533534 -0.46556776  0.23209262  0.2700363  -0.60310356
  0.0250097   0.40378608 -0.05153444  0.06449508 -0.51688337  0.46366891
  0.62136067  0.5452441   0.61128164  0.23192222 -0.19567722  0.56496086
 -0.1456824   0.43536451 -0.62762418  0.15139006  0.33672033 -0.67938126
  0.0514749  -0.2239551   0.10662713 -0.28678916  0.23919242 -0.57353088
 -0.25179542 -0.82995236 -0.48247855 -0.23410122 -0.18360793]
336,[ 0.1538278   0.0860882   0.02776954  0.10593677  0.34284824  0.11803948
 -0.08682243  0.69662175  0.39862786 -0.55107017 -0.05228679 -0.17103747
  0.20582728  0.38210777 -0.32446537  0.18999787 -0.13453732 -0.63619292
  0.13130375  0.11537014 -0.46557283  0.23206154  0.27002582 -0.60315248
  0.02495939  0.40376187 -0.05144408  0.06446487 -0.51692328  0.46375086
  0.62128183  0.5452654   0.61131789  0.23192372 -0.19564664  0.56496945
 -0.14571571  0.43534246 -0.62761016  0.15135423  0.33672836 -0.67932078
  0.05140522 -0.22396104  0.10658596 -0.28680131  0.23923646 -0.57343259
 -0.25185161 -0.82994555 -0.48250138 -0.23409271 -0.18362401]
337,[ 0.15388571  0.0861115   0.02762114  0.10596882  0.34288133  0.118004
 -0.08677042  0.6965663   0.39857059 -0.55104605 -0.05227839 -0.17097527
  0.2057966   0.38216621 -0.32446717  0.19004661 -0.13450643 -0.63617442
  0.13127089  0.1154049  -0.4655779   0.2320305   0.27001536 -0.60320134
  0.02490912  0.40373767 -0.05135382  0.0644347  -0.51696314  0.46383271
  0.62120308  0.54528668  0.61135409  0.23192523 -0.19561609  0.56497804
 -0.14574899  0.43532042 -0.62759616  0.15131844  0.33673639 -0.67926037
  0.05133563 -0.22396698  0.10654484 -0.28681344  0.23928045 -0.57333441
 -0.25190772 -0.82993875 -0.48252417 -0.23408421 -0.18364006]
338,[ 0.15394356  0.08613478  0.0274729   0.10600084  0.34291439  0.11796856
 -0.08671847  0.69651091  0.3985134  -0.55102196 -0.05227    -0.17091313
  0.20576595  0.38222459 -0.32446896  0.1900953  -0.13447558 -0.63615593
  0.13123807  0.11543962 -0.46558296  0.2319995   0.2700049  -0.60325015
  0.02485892  0.40371351 -0.05126366  0.06440456 -0.51700296  0.46391447
  0.62112442  0.54530794  0.61139025  0.23192673 -0.19558557  0.56498661
 -0.14578223  0.43529841 -0.62758218  0.15128269  0.3367444  -0.67920002
  0.05126611 -0.22397291  0.10650377 -0.28682556  0.23932439 -0.57323635
 -0.25196378 -0.82993195 -0.48254694 -0.23407572 -0.1836561 ]
339,[ 0.15400134  0.08615803  0.02732483  0.10603282  0.34294741  0.11793315
 -0.08666658  0.69645559  0.39845626 -0.5509979  -0.05226163 -0.17085107
  0.20573534  0.38228291 -0.32447075  0.19014394 -0.13444477 -0.63613747
  0.13120529  0.11547431 -0.46558802  0.23196852  0.26999446 -0.6032989
  0.02480877  0.40368937 -0.0511736   0.06437445 -0.51704273  0.46399614
  0.62104585  0.54532917  0.61142637  0.23192823 -0.19555509  0.56499517
 -0.14581543  0.43527643 -0.62756821  0.15124699  0.33675241 -0.67913975
  0.05119666 -0.22397883  0.10646274 -0.28683767  0.23936829 -0.57313839
 -0.25201977 -0.82992516 -0.48256969 -0.23406723 -0.18367212]
340,[ 0.15405906  0.08618126  0.02717692  0.10606477  0.34298039  0.11789779
 -0.08661474  0.69640033  0.39839919 -0.55097386 -0.05225326 -0.17078907
  0.20570477  0.38234116 -0.32447254  0.19019252 -0.13441399 -0.63611903
  0.13117254  0.11550895 -0.46559307  0.23193759  0.26998403 -0.6033476
  0.02475868  0.40366527 -0.05108365  0.06434438 -0.51708246  0.46407772
  0.62096736  0.54535038  0.61146245  0.23192973 -0.19552465  0.56500373
 -0.1458486   0.43525447 -0.62755425  0.15121132  0.33676041 -0.67907954
  0.0511273  -0.22398474  0.10642176 -0.28684977  0.23941213 -0.57304055
 -0.2520757  -0.82991838 -0.48259241 -0.23405876 -0.18368812]
341,[ 0.15411671  0.08620446  0.02702919  0.10609668  0.34301334  0.11786246
 -0.08656297  0.69634513  0.39834219 -0.55094986 -0.0522449  -0.17072715
  0.20567423  0.38239934 -0.32447432  0.19024104 -0.13438324 -0.6361006
  0.13113984  0.11554355 -0.46559812  0.23190669  0.26997361 -0.60339624
  0.02470864  0.40364118 -0.05099379  0.06431434 -0.51712215  0.4641592
  0.62088897  0.54537156  0.61149849  0.23193122 -0.19549423  0.56501227
 -0.14588173  0.43523253 -0.62754032  0.15117569  0.3367684  -0.6790194
  0.05105802 -0.22399065  0.10638082 -0.28686185  0.23945592 -0.57294281
 -0.25213157 -0.82991161 -0.48261511 -0.2340503  -0.18370411]
342,[ 0.1541743   0.08622763  0.02688162  0.10612855  0.34304625  0.11782718
 -0.08651125  0.69628999  0.39828525 -0.55092587 -0.05223655 -0.17066529
  0.20564372  0.38245746 -0.32447611  0.19028951 -0.13435253 -0.6360822
  0.13110716  0.11557812 -0.46560315  0.23187582  0.26996321 -0.60344483
  0.02465866  0.40361713 -0.05090404  0.06428433 -0.51716179  0.46424059
  0.62081066  0.54539273  0.61153448  0.23193272 -0.19546385  0.56502081
 -0.14591482  0.43521062 -0.62752639  0.15114011  0.33677638 -0.67895933
  0.05098881 -0.22399655  0.10633993 -0.28687391  0.23949967 -0.57284519
 -0.25218737 -0.82990484 -0.48263777 -0.23404184 -0.18372007]
343,[ 0.15423182  0.08625078  0.02673421  0.10616039  0.34307912  0.11779194
 -0.08645959  0.69623491  0.39822837 -0.55090192 -0.05222821 -0.17060351
  0.20561325  0.38251551 -0.32447789  0.19033792 -0.13432185 -0.63606382
  0.13107453  0.11561265 -0.46560819  0.23184499  0.26995281 -0.60349336
  0.02460874  0.4035931  -0.05081439  0.06425436 -0.51720138  0.46432189
  0.62073244  0.54541386  0.61157044  0.23193421 -0.19543351  0.56502934
 -0.14594787  0.43518873 -0.62751249  0.15110456  0.33678435 -0.67889933
  0.05091968 -0.22400244  0.10629909 -0.28688597  0.23954336 -0.57274767
 -0.25224311 -0.82989809 -0.48266042 -0.2340334  -0.18373602]
344,[ 0.15428928  0.0862739   0.02658697  0.10619219  0.34311195  0.11775673
 -0.08640799  0.6961799   0.39817156 -0.55087799 -0.05221988 -0.17054179
  0.20558281  0.3825735  -0.32447967  0.19038629 -0.13429121 -0.63604546
  0.13104193  0.11564713 -0.46561322  0.23181419  0.26994243 -0.60354184
  0.02455887  0.4035691  -0.05072484  0.06422442 -0.51724093  0.4644031
  0.6206543   0.54543498  0.61160636  0.2319357  -0.1954032   0.56503785
 -0.14598089  0.43516687 -0.6274986   0.15106906  0.33679231 -0.67883939
  0.05085063 -0.22400833  0.10625829 -0.28689801  0.23958701 -0.57265027
 -0.25229879 -0.82989134 -0.48268304 -0.23402497 -0.18375195]
345,[ 0.15434667  0.086297    0.0264399   0.10622395  0.34314475  0.11772157
 -0.08635644  0.69612494  0.39811481 -0.55085409 -0.05221156 -0.17048015
  0.20555241  0.38263142 -0.32448145  0.19043459 -0.1342606  -0.63602712
  0.13100937  0.11568158 -0.46561824  0.23178343  0.26993206 -0.60359026
  0.02450906  0.40354513 -0.05063539  0.06419452 -0.51728044  0.46448422
  0.62057626  0.54545606  0.61164224  0.23193719 -0.19537293  0.56504636
 -0.14601387  0.43514504 -0.62748472  0.15103359  0.33680026 -0.67877952
  0.05078165 -0.22401421  0.10621754 -0.28691004  0.23963061 -0.57255297
 -0.25235441 -0.82988459 -0.48270563 -0.23401654 -0.18376786]
346,[ 0.154404    0.08632007  0.02629299  0.10625568  0.34317751  0.11768644
 -0.08630496  0.69607005  0.39805812 -0.55083022 -0.05220325 -0.17041857
  0.20552204  0.38268928 -0.32448322  0.19048284 -0.13423003 -0.6360088
  0.13097684  0.11571599 -0.46562325  0.2317527   0.2699217  -0.60363863
  0.02445931  0.40352118 -0.05054604  0.06416464 -0.5173199   0.46456525
  0.6204983   0.54547713  0.61167807  0.23193868 -0.19534268  0.56505486
 -0.14604681  0.43512322 -0.62747086  0.15099816  0.3368082  -0.67871972
  0.05071276 -0.22402009  0.10617684 -0.28692205  0.23967415 -0.57245579
 -0.25240996 -0.82987786 -0.4827282  -0.23400812 -0.18378375]
347,[ 0.15446126  0.08634311  0.02614625  0.10628738  0.34321024  0.11765135
 -0.08625353  0.69601522  0.3980015  -0.55080637 -0.05219495 -0.17035706
  0.2054917   0.38274707 -0.324485    0.19053104 -0.13419949 -0.63599051
  0.13094435  0.11575036 -0.46562827  0.23172201  0.26991135 -0.60368695
  0.02440961  0.40349726 -0.05045679  0.06413481 -0.51735932  0.46464619
  0.62042044  0.54549817  0.61171387  0.23194017 -0.19531248  0.56506335
 -0.14607971  0.43510144 -0.62745702  0.15096278  0.33681614 -0.67865999
  0.05064394 -0.22402595  0.10613618 -0.28693405  0.23971765 -0.57235871
 -0.25246545 -0.82987113 -0.48275074 -0.23399972 -0.18379963]
348,[ 0.15451846  0.08636613  0.02599967  0.10631904  0.34324292  0.11761631
 -0.08620216  0.69596046  0.39794495 -0.55078255 -0.05218665 -0.17029562
  0.2054614   0.3828048  -0.32448677  0.19057918 -0.13416899 -0.63597223
  0.1309119   0.1157847  -0.46563327  0.23169135  0.26990102 -0.60373521
  0.02435997  0.40347337 -0.05036764  0.064105   -0.51739869  0.46472703
  0.62034266  0.54551919  0.61174962  0.23194165 -0.1952823   0.56507182
 -0.14611258  0.43507967 -0.62744319  0.15092743  0.33682406 -0.67860032
  0.0505752  -0.22403182  0.10609556 -0.28694603  0.2397611  -0.57226174
 -0.25252088 -0.82986441 -0.48277325 -0.23399132 -0.18381549]
349,[ 0.15457559  0.08638912  0.02585326  0.10635066  0.34327557  0.1175813
 -0.08615085  0.69590575  0.39788845 -0.55075876 -0.05217837 -0.17023425
  0.20543114  0.38286246 -0.32448854  0.19062727 -0.13413852 -0.63595397
  0.13087949  0.11581899 -0.46563827  0.23166072  0.26989069 -0.60378341
  0.02431038  0.4034495  -0.05027859  0.06407523 -0.51743802  0.46480778
  0.62026496  0.54554019  0.61178534  0.23194314 -0.19525217  0.56508029
 -0.14614541  0.43505794 -0.62742938  0.15089212  0.33683198 -0.67854072
  0.05050653 -0.22403767  0.10605499 -0.28695801  0.2398045  -0.57216488
 -0.25257624 -0.8298577  -0.48279575 -0.23398293 -0.18383133]
350,[ 0.15463266  0.08641209  0.02570702  0.10638225  0.34330819  0.11754633
 -0.08609959  0.69585111  0.39783202 -0.55073499 -0.0521701  -0.17017295
  0.2054009   0.38292006 -0.32449031  0.19067531 -0.13410808 -0.63593574
  0.13084711  0.11585325 -0.46564326  0.23163013  0.26988038 -0.60383156
  0.02426085  0.40342566 -0.05018964  0.0640455  -0.5174773   0.46488845
  0.62018736  0.54556116  0.61182101  0.23194462 -0.19522206  0.56508875
 -0.14617821  0.43503622 -0.62741558  0.15085686  0.33683989 -0.67848119
  0.05043795 -0.22404352  0.10601447 -0.28696997  0.23984786 -0.57206814
 -0.25263154 -0.82985099 -0.48281821 -0.23397456 -0.18384715]
351,[ 0.15468967  0.08643503  0.02556093  0.1064138   0.34334076  0.11751141
 -0.08604839  0.69579653  0.39777566 -0.55071126 -0.05216183 -0.17011172
  0.2053707   0.38297759 -0.32449207  0.19072329 -0.13407768 -0.63591752
  0.13081476  0.11588746 -0.46564825  0.23159958  0.26987008 -0.60387966
  0.02421137  0.40340185 -0.0501008   0.06401579 -0.51751654  0.46496902
  0.62010984  0.5455821   0.61185665  0.2319461  -0.19519199  0.5650972
 -0.14621096  0.43501453 -0.6274018   0.15082163  0.33684779 -0.67842172
  0.05036944 -0.22404936  0.10597399 -0.28698191  0.23989116 -0.5719715
 -0.25268679 -0.8298443  -0.48284065 -0.23396619 -0.18386295]
352,[ 0.15474661  0.08645794  0.02541502  0.10644531  0.34337331  0.11747652
 -0.08599726  0.69574201  0.39771935 -0.55068754 -0.05215358 -0.17005056
  0.20534054  0.38303506 -0.32449384  0.19077121 -0.13404731 -0.63589932
  0.13078246  0.11592164 -0.46565324  0.23156906  0.26985979 -0.60392771
  0.02416195  0.40337807 -0.05001205  0.06398612 -0.51755574  0.4650495
  0.62003241  0.54560303  0.61189224  0.23194758 -0.19516195  0.56510564
 -0.14624368  0.43499287 -0.62738803  0.15078644  0.33685568 -0.67836232
  0.05030101 -0.22405519  0.10593356 -0.28699384  0.23993441 -0.57187497
 -0.25274196 -0.82983761 -0.48286307 -0.23395783 -0.18387874]
353,[ 0.15480349  0.08648083  0.02526926  0.10647679  0.34340581  0.11744167
 -0.08594617  0.69568755  0.39766312 -0.55066386 -0.05214533 -0.16998947
  0.20531041  0.38309246 -0.3244956   0.19081909 -0.13401698 -0.63588115
  0.13075019  0.11595578 -0.46565821  0.23153857  0.26984951 -0.60397569
  0.02411259  0.40335431 -0.0499234   0.06395649 -0.51759489  0.46512989
  0.61995506  0.54562393  0.6119278   0.23194905 -0.19513195  0.56511407
 -0.14627637  0.43497123 -0.62737428  0.15075129  0.33686356 -0.67830299
  0.05023265 -0.22406102  0.10589318 -0.28700576  0.23997762 -0.57177854
 -0.25279708 -0.82983093 -0.48288546 -0.23394948 -0.18389451]
354,[ 0.1548603   0.0865037   0.02512367  0.10650824  0.34343828  0.11740686
 -0.08589515  0.69563315  0.39760694 -0.5506402  -0.05213709 -0.16992844
  0.20528031  0.3831498  -0.32449736  0.19086691 -0.13398668 -0.635863
  0.13071795  0.11598988 -0.46566318  0.23150812  0.26983924 -0.60402363
  0.02406328  0.40333058 -0.04983485  0.06392688 -0.51763399  0.46521019
  0.61987781  0.5456448   0.61196331  0.23195053 -0.19510198  0.56512249
 -0.14630901  0.43494961 -0.62736055  0.15071619  0.33687143 -0.67824373
  0.05016437 -0.22406684  0.10585284 -0.28701767  0.24002078 -0.57168223
 -0.25285213 -0.82982425 -0.48290782 -0.23394114 -0.18391026]
355,[ 0.15491705  0.08652653  0.02497825  0.10653965  0.34347071  0.11737209
 -0.08584418  0.69557881  0.39755083 -0.55061657 -0.05212887 -0.16986749
  0.20525025  0.38320707 -0.32449912  0.19091467 -0.13395642 -0.63584486
  0.13068576  0.11602394 -0.46566815  0.2314777   0.26982899 -0.60407151
  0.02401403  0.40330687 -0.04974641  0.06389731 -0.51767306  0.4652904
  0.61980064  0.54566566  0.61199879  0.231952   -0.19507204  0.56513091
 -0.14634162  0.43492802 -0.62734683  0.15068112  0.33687929 -0.67818453
  0.05009617 -0.22407266  0.10581254 -0.28702956  0.24006388 -0.57158602
 -0.25290713 -0.82981758 -0.48293016 -0.23393281 -0.18392599]
356,[ 0.15497373  0.08654934  0.02483299  0.10657102  0.3435031   0.11733735
 -0.08579327  0.69552454  0.39749478 -0.55059296 -0.05212065 -0.1698066
  0.20522022  0.38326428 -0.32450087  0.19096238 -0.13392619 -0.63582675
  0.1306536   0.11605797 -0.46567311  0.23144732  0.26981875 -0.60411934
  0.02396483  0.40328319 -0.04965806  0.06386778 -0.51771208  0.46537052
  0.61972356  0.54568649  0.61203422  0.23195347 -0.19504214  0.56513931
 -0.14637419  0.43490645 -0.62733312  0.15064609  0.33688715 -0.6781254
  0.05002805 -0.22407847  0.10577229 -0.28704144  0.24010694 -0.57148993
 -0.25296206 -0.82981092 -0.48295248 -0.23392449 -0.18394171]
357,[ 0.15503036  0.08657213  0.02468789  0.10660236  0.34353546  0.11730266
 -0.08574242  0.69547032  0.39743879 -0.55056938 -0.05211244 -0.16974578
  0.20519022  0.38332142 -0.32450263  0.19101004 -0.13389599 -0.63580866
  0.13062147  0.11609195 -0.46567807  0.23141697  0.26980851 -0.60416711
  0.02391569  0.40325954 -0.04956981  0.06383828 -0.51775105  0.46545055
  0.61964656  0.54570729  0.61206962  0.23195494 -0.19501227  0.5651477
 -0.14640673  0.43488491 -0.62731943  0.1506111   0.33689499 -0.67806633
  0.04996    -0.22408427  0.10573209 -0.2870533   0.24014996 -0.57139394
 -0.25301693 -0.82980427 -0.48297476 -0.23391617 -0.18395741]
358,[ 0.15508691  0.08659489  0.02454296  0.10663366  0.34356778  0.11726801
 -0.08569163  0.69541617  0.39738287 -0.55054583 -0.05210424 -0.16968503
  0.20516026  0.3833785  -0.32450438  0.19105764 -0.13386583 -0.63579058
  0.13058938  0.1161259  -0.46568301  0.23138665  0.26979829 -0.60421483
  0.0238666   0.40323592 -0.04948166  0.06380881 -0.51778998  0.46553049
  0.61956965  0.54572808  0.61210497  0.23195641 -0.19498243  0.56515608
 -0.14643923  0.43486339 -0.62730576  0.15057615  0.33690283 -0.67800733
  0.04989203 -0.22409006  0.10569193 -0.28706515  0.24019292 -0.57129806
 -0.25307173 -0.82979763 -0.48299703 -0.23390787 -0.18397309]
359,[ 0.15514341  0.08661762  0.02439819  0.10666493  0.34360006  0.11723339
 -0.08564089  0.69536207  0.39732701 -0.5505223  -0.05209605 -0.16962435
  0.20513034  0.38343552 -0.32450613  0.19110519 -0.1338357  -0.63577253
  0.13055733  0.11615981 -0.46568796  0.23135637  0.26978809 -0.6042625
  0.02381757  0.40321232 -0.04939361  0.06377937 -0.51782887  0.46561034
  0.61949283  0.54574883  0.61214029  0.23195788 -0.19495263  0.56516446
 -0.14647169  0.43484189 -0.6272921   0.15054124  0.33691066 -0.6779484
  0.04982413 -0.22409585  0.10565181 -0.28707699  0.24023583 -0.57120229
 -0.25312648 -0.82979099 -0.48301927 -0.23389958 -0.18398875]
360,[ 0.15519984  0.08664033  0.02425358  0.10669617  0.34363231  0.11719882
 -0.08559021  0.69530804  0.39727121 -0.5504988  -0.05208787 -0.16956374
  0.20510044  0.38349247 -0.32450788  0.19115269 -0.1338056  -0.6357545
  0.13052531  0.11619368 -0.4656929   0.23132612  0.26977789 -0.60431011
  0.0237686   0.40318875 -0.04930566  0.06374997 -0.51786771  0.4656901
  0.61941609  0.54576957  0.61217556  0.23195934 -0.19492286  0.56517282
 -0.14650412  0.43482042 -0.62727846  0.15050637  0.33691848 -0.67788954
  0.04975632 -0.22410164  0.10561175 -0.28708882  0.2402787  -0.57110662
 -0.25318116 -0.82978436 -0.48304148 -0.23389129 -0.1840044 ]
361,[ 0.1552562   0.08666302  0.02410913  0.10672736  0.34366452  0.11716428
 -0.08553959  0.69525407  0.39721547 -0.55047533 -0.05207969 -0.16950319
  0.20507058  0.38354936 -0.32450962  0.19120013 -0.13377554 -0.63573649
  0.13049333  0.11622752 -0.46569783  0.23129591  0.2697677  -0.60435767
  0.02371967  0.4031652  -0.04921781  0.06372059 -0.51790651  0.46576976
  0.61933944  0.54579028  0.6122108   0.23196081 -0.19489313  0.56518118
 -0.14653651  0.43479897 -0.62726483  0.15047153  0.33692629 -0.67783074
  0.04968857 -0.22410741  0.10557172 -0.28710063  0.24032152 -0.57101106
 -0.25323578 -0.82977774 -0.48306367 -0.23388302 -0.18402002]
362,[ 0.15531251  0.08668567  0.02396485  0.10675853  0.3436967   0.11712978
 -0.08548902  0.69520016  0.3971598  -0.55045188 -0.05207153 -0.16944272
  0.20504075  0.38360618 -0.32451137  0.19124752 -0.13374552 -0.63571849
  0.13046139  0.11626131 -0.46570276  0.23126573  0.26975753 -0.60440517
  0.02367081  0.40314168 -0.04913005  0.06369126 -0.51794527  0.46584934
  0.61926288  0.54581097  0.61224599  0.23196227 -0.19486343  0.56518952
 -0.14656886  0.43477755 -0.62725122  0.15043674  0.33693409 -0.677772
  0.04962091 -0.22411318  0.10553174 -0.28711243  0.24036429 -0.57091561
 -0.25329034 -0.82977112 -0.48308584 -0.23387475 -0.18403563]
363,[ 0.15536875  0.0867083   0.02382073  0.10678966  0.34372884  0.11709532
 -0.08543851  0.69514631  0.39710419 -0.55042846 -0.05206338 -0.16938231
  0.20501096  0.38366294 -0.32451311  0.19129486 -0.13371552 -0.63570052
  0.13042948  0.11629507 -0.46570768  0.23123559  0.26974737 -0.60445263
  0.023622    0.40311819 -0.0490424   0.06366195 -0.51798398  0.46592883
  0.6191864   0.54583164  0.61228115  0.23196373 -0.19483376  0.56519786
 -0.14660118  0.43475615 -0.62723763  0.15040199  0.33694188 -0.67771334
  0.04955332 -0.22411894  0.10549181 -0.28712421  0.24040701 -0.57082027
 -0.25334484 -0.82976452 -0.48310797 -0.2338665  -0.18405122]
364,[ 0.15542492  0.08673091  0.02367677  0.10682075  0.34376094  0.1170609
 -0.08538806  0.69509253  0.39704865 -0.55040507 -0.05205523 -0.16932197
  0.2049812   0.38371964 -0.32451485  0.19134214 -0.13368556 -0.63568257
  0.13039761  0.11632879 -0.46571259  0.23120548  0.26973721 -0.60450002
  0.02357324  0.40309472 -0.04895484  0.06363268 -0.51802265  0.46600823
  0.61911001  0.54585228  0.61231627  0.23196519 -0.19480413  0.56520619
 -0.14663346  0.43473478 -0.62722404  0.15036727  0.33694967 -0.67765473
  0.04948581 -0.2241247   0.10545192 -0.28713599  0.24044968 -0.57072504
 -0.25339928 -0.82975792 -0.48313009 -0.23385825 -0.1840668 ]
365,[ 0.15548104  0.08675349  0.02353298  0.10685181  0.34379301  0.11702652
 -0.08533767  0.6950388   0.39699316 -0.5503817  -0.0520471  -0.16926169
  0.20495148  0.38377627 -0.32451659  0.19138937 -0.13365564 -0.63566464
  0.13036577  0.11636247 -0.4657175   0.2311754   0.26972707 -0.60454737
  0.02352454  0.40307128 -0.04886739  0.06360344 -0.51806128  0.46608755
  0.61903371  0.5458729   0.61235134  0.23196664 -0.19477453  0.5652145
 -0.1466657   0.43471343 -0.62721048  0.1503326   0.33695744 -0.6775962
  0.04941837 -0.22413045  0.10541208 -0.28714774  0.24049231 -0.57062991
 -0.25345365 -0.82975132 -0.48315218 -0.23385001 -0.18408236]
366,[ 0.15553709  0.08677605  0.02338934  0.10688283  0.34382504  0.11699218
 -0.08528733  0.69498513  0.39693774 -0.55035836 -0.05203897 -0.16920149
  0.20492178  0.38383284 -0.32451833  0.19143655 -0.13362575 -0.63564673
  0.13033397  0.11639611 -0.46572241  0.23114536  0.26971695 -0.60459466
  0.02347589  0.40304787 -0.04878003  0.06357424 -0.51809986  0.46616677
  0.61895749  0.5458935   0.61238638  0.2319681  -0.19474496  0.56522281
 -0.14669791  0.4346921  -0.62719693  0.15029796  0.33696521 -0.67753773
  0.04935101 -0.22413619  0.10537228 -0.28715949  0.24053488 -0.57053489
 -0.25350797 -0.82974474 -0.48317424 -0.23384178 -0.1840979 ]
367,[ 0.15559308  0.08679858  0.02324587  0.10691382  0.34385704  0.11695787
 -0.08523704  0.69493152  0.39688238 -0.55033504 -0.05203085 -0.16914135
  0.20489212  0.38388934 -0.32452006  0.19148367 -0.13359589 -0.63562884
  0.13030221  0.11642972 -0.46572731  0.23111535  0.26970683 -0.6046419
  0.0234273   0.40302448 -0.04869277  0.06354507 -0.5181384   0.4662459
  0.61888135  0.54591407  0.61242138  0.23196955 -0.19471542  0.56523111
 -0.14673008  0.4346708  -0.62718339  0.15026336  0.33697297 -0.67747933
  0.04928372 -0.22414193  0.10533253 -0.28717122  0.24057741 -0.57043998
 -0.25356222 -0.82973816 -0.48319628 -0.23383356 -0.18411342]
368,[ 0.155649    0.08682108  0.02310256  0.10694477  0.34388899  0.11692361
 -0.08518682  0.69487798  0.39682708 -0.55031175 -0.05202275 -0.16908128
  0.2048625   0.38394578 -0.32452179  0.19153074 -0.13356606 -0.63561097
  0.13027048  0.11646329 -0.4657322   0.23108537  0.26969672 -0.60468908
  0.02337877  0.40300112 -0.04860561  0.06351593 -0.51817689  0.46632494
  0.61880531  0.54593462  0.61245634  0.231971   -0.19468592  0.5652394
 -0.14676222  0.43464952 -0.62716987  0.1502288   0.33698072 -0.67742099
  0.04921651 -0.22414766  0.10529282 -0.28718294  0.2406199  -0.57034517
 -0.25361641 -0.82973159 -0.4832183  -0.23382535 -0.18412892]
369,[ 0.15570486  0.08684356  0.02295941  0.10697569  0.34392092  0.11688938
 -0.08513665  0.69482449  0.39677185 -0.55028849 -0.05201465 -0.16902128
  0.20483291  0.38400216 -0.32452352  0.19157776 -0.13353627 -0.63559312
  0.13023878  0.11649681 -0.46573709  0.23105543  0.26968663 -0.60473622
  0.02333029  0.40297779 -0.04851854  0.06348682 -0.51821535  0.4664039
  0.61872935  0.54595515  0.61249126  0.23197245 -0.19465646  0.56524768
 -0.14679432  0.43462827 -0.62715637  0.15019428  0.33698846 -0.67736272
  0.04914938 -0.22415339  0.10525315 -0.28719465  0.24066233 -0.57025047
 -0.25367055 -0.82972503 -0.48324029 -0.23381715 -0.18414441]
370,[ 0.15576066  0.08686602  0.02281642  0.10700657  0.3439528   0.11685519
 -0.08508654  0.69477106  0.39671668 -0.55026525 -0.05200656 -0.16896135
  0.20480335  0.38405847 -0.32452525  0.19162472 -0.13350652 -0.63557529
  0.13020713  0.11653031 -0.46574197  0.23102552  0.26967655 -0.60478329
  0.02328186  0.40295448 -0.04843158  0.06345774 -0.51825375  0.46648276
  0.61865347  0.54597565  0.61252614  0.2319739  -0.19462702  0.56525595
 -0.14682638  0.43460704 -0.62714288  0.1501598   0.33699619 -0.67730451
  0.04908232 -0.2241591   0.10521353 -0.28720634  0.24070472 -0.57015588
 -0.25372462 -0.82971847 -0.48326225 -0.23380896 -0.18415988]
371,[ 0.15581639  0.08688845  0.0226736   0.10703742  0.34398466  0.11682104
 -0.08503648  0.6947177   0.39666157 -0.55024204 -0.05199848 -0.16890148
  0.20477382  0.38411472 -0.32452698  0.19167164 -0.13347679 -0.63555748
  0.1301755   0.11656376 -0.46574685  0.23099565  0.26966647 -0.60483032
  0.02323349  0.4029312  -0.04834471  0.0634287  -0.51829212  0.46656154
  0.61857768  0.54599613  0.61256098  0.23197535 -0.19459762  0.56526421
 -0.14685841  0.43458583 -0.6271294   0.15012536  0.33700391 -0.67724637
  0.04901534 -0.22416481  0.10517396 -0.28721802  0.24074705 -0.57006139
 -0.25377863 -0.82971193 -0.48328419 -0.23380078 -0.18417533]
372,[ 0.15587207  0.08691085  0.02253093  0.10706823  0.34401647  0.11678693
 -0.08498648  0.69466439  0.39660652 -0.55021886 -0.0519904  -0.16884168
  0.20474433  0.38417091 -0.3245287   0.19171849 -0.1334471  -0.63553969
  0.13014392  0.11659718 -0.46575172  0.2309658   0.26965641 -0.60487729
  0.02318517  0.40290795 -0.04825794  0.06339969 -0.51833044  0.46664023
  0.61850197  0.54601659  0.61259578  0.2319768  -0.19456825  0.56527246
 -0.1468904   0.43456465 -0.62711594  0.15009096  0.33701162 -0.6771883
  0.04894843 -0.22417052  0.10513443 -0.28722969  0.24078934 -0.56996701
 -0.25383258 -0.82970539 -0.48330611 -0.23379261 -0.18419077]
373,[ 0.15592768  0.08693323  0.02238842  0.10709901  0.34404825  0.11675286
 -0.08493654  0.69461115  0.39655153 -0.5501957  -0.05198234 -0.16878195
  0.20471487  0.38422703 -0.32453043  0.1917653  -0.13341744 -0.63552192
  0.13011237  0.11663056 -0.46575659  0.230936    0.26964636 -0.60492421
  0.0231369   0.40288472 -0.04817127  0.06337072 -0.51836872  0.46671883
  0.61842635  0.54603702  0.61263054  0.23197824 -0.19453892  0.56528071
 -0.14692235  0.43454349 -0.6271025   0.15005659  0.33701933 -0.67713029
  0.0488816  -0.22417622  0.10509494 -0.28724134  0.24083159 -0.56987274
 -0.25388646 -0.82969885 -0.483328   -0.23378444 -0.18420618]
374,[ 0.15598322  0.08695558  0.02224608  0.10712976  0.34407999  0.11671882
 -0.08488665  0.69455796  0.39649661 -0.55017257 -0.05197429 -0.16872228
  0.20468544  0.38428309 -0.32453215  0.19181205 -0.13338782 -0.63550417
  0.13008085  0.1166639  -0.46576145  0.23090622  0.26963633 -0.60497108
  0.02308869  0.40286151 -0.04808469  0.06334178 -0.51840696  0.46679734
  0.61835082  0.54605743  0.61266527  0.23197968 -0.19450961  0.56528894
 -0.14695427  0.43452236 -0.62708907  0.15002226  0.33702703 -0.67707234
  0.04881484 -0.22418191  0.1050555  -0.28725298  0.24087378 -0.56977857
 -0.25394029 -0.82969233 -0.48334986 -0.23377629 -0.18422158]
375,[ 0.15603871  0.08697791  0.02210389  0.10716047  0.3441117   0.11668483
 -0.08483682  0.69450483  0.39644175 -0.55014946 -0.05196624 -0.16866269
  0.20465605  0.38433909 -0.32453387  0.19185875 -0.13335823 -0.63548644
  0.13004937  0.1166972  -0.4657663   0.23087648  0.2696263  -0.60501789
  0.02304054  0.40283834 -0.04799822  0.06331286 -0.51844515  0.46687576
  0.61827537  0.54607782  0.61269995  0.23198112 -0.19448035  0.56529716
 -0.14698615  0.43450125 -0.62707566  0.14998798  0.33703472 -0.67701446
  0.04874816 -0.22418759  0.1050161  -0.28726461  0.24091593 -0.56968451
 -0.25399406 -0.82968581 -0.48337171 -0.23376814 -0.18423697]
376,[ 0.15609413  0.08700021  0.02196187  0.10719114  0.34414337  0.11665087
 -0.08478705  0.69445177  0.39638695 -0.55012638 -0.05195821 -0.16860316
  0.20462669  0.38439502 -0.32453558  0.1919054  -0.13332867 -0.63546873
  0.13001793  0.11673047 -0.46577115  0.23084678  0.26961629 -0.60506466
  0.02299244  0.40281519 -0.04791184  0.06328399 -0.5184833   0.46695409
  0.6182      0.54609819  0.6127346   0.23198256 -0.19445111  0.56530538
 -0.147018    0.43448016 -0.62706226  0.14995373  0.33704239 -0.67695665
  0.04868156 -0.22419327  0.10497675 -0.28727622  0.24095803 -0.56959055
 -0.25404776 -0.8296793  -0.48339352 -0.23376001 -0.18425233]
377,[ 0.15614949  0.08702249  0.02182001  0.10722178  0.34417501  0.11661695
 -0.08473733  0.69439876  0.39633221 -0.55010333 -0.05195018 -0.16854369
  0.20459736  0.3844509  -0.3245373   0.191952   -0.13329915 -0.63545104
  0.12998652  0.1167637  -0.465776    0.2308171   0.26960628 -0.60511137
  0.02294439  0.40279206 -0.04782555  0.06325514 -0.51852141  0.46703234
  0.61812472  0.54611853  0.6127692   0.231984   -0.19442191  0.56531358
 -0.14704981  0.4344591  -0.62704887  0.14991952  0.33705007 -0.6768989
  0.04861502 -0.22419895  0.10493744 -0.28728782  0.24100008 -0.5694967
 -0.25410141 -0.82967279 -0.48341532 -0.23375188 -0.18426768]
378,[ 0.15620479  0.08704474  0.0216783   0.10725239  0.34420661  0.11658307
 -0.08468767  0.69434581  0.39627753 -0.5500803  -0.05194217 -0.1684843
  0.20456807  0.3845067  -0.32453901  0.19199854 -0.13326966 -0.63543337
  0.12995514  0.11679689 -0.46578084  0.23078746  0.26959629 -0.60515802
  0.0228964   0.40276896 -0.04773937  0.06322633 -0.51855947  0.4671105
  0.61804953  0.54613885  0.61280377  0.23198543 -0.19439274  0.56532178
 -0.14708159  0.43443806 -0.62703551  0.14988535  0.33705773 -0.67684122
  0.04854857 -0.22420461  0.10489818 -0.28729941  0.24104209 -0.56940296
 -0.254155   -0.8296663  -0.48343708 -0.23374376 -0.18428301]
379,[ 0.15626002  0.08706697  0.02153676  0.10728296  0.34423818  0.11654923
 -0.08463806  0.69429293  0.39622291 -0.5500573  -0.05193416 -0.16842497
  0.20453881  0.38456245 -0.32454072  0.19204503 -0.1332402  -0.63541572
  0.12992381  0.11683004 -0.46578567  0.23075786  0.26958631 -0.60520463
  0.02284846  0.40274589 -0.04765328  0.06319755 -0.51859749  0.46718857
  0.61797442  0.54615915  0.6128383   0.23198687 -0.1943636   0.56532997
 -0.14711333  0.43441704 -0.62702215  0.14985121  0.33706538 -0.6767836
  0.04848219 -0.22421027  0.10485896 -0.28731098  0.24108405 -0.56930932
 -0.25420852 -0.82965981 -0.48345883 -0.23373566 -0.18429832]
380,[ 0.1563152   0.08708917  0.02139537  0.1073135   0.34426971  0.11651542
 -0.08458851  0.6942401   0.39616836 -0.55003433 -0.05192616 -0.1683657
  0.20450958  0.38461813 -0.32454243  0.19209147 -0.13321078 -0.63539809
  0.1298925   0.11686316 -0.4657905   0.23072828  0.26957634 -0.60525118
  0.02280057  0.40272284 -0.04756729  0.0631688  -0.51863547  0.46726655
  0.61789939  0.54617942  0.61287279  0.2319883  -0.19433449  0.56533815
 -0.14714503  0.43439605 -0.62700881  0.14981712  0.33707303 -0.67672604
  0.04841588 -0.22421593  0.10481978 -0.28732254  0.24112596 -0.56921579
 -0.25426199 -0.82965333 -0.48348055 -0.23372756 -0.18431362]
381,[ 0.15637031  0.08711135  0.02125414  0.107344    0.3443012   0.11648165
 -0.08453901  0.69418733  0.39611387 -0.55001137 -0.05191817 -0.16830651
  0.20448039  0.38467375 -0.32454414  0.19213785 -0.13318139 -0.63538048
  0.12986124  0.11689624 -0.46579532  0.23069874  0.26956638 -0.60529768
  0.02275274  0.40269982 -0.0474814   0.06314008 -0.5186734   0.46734444
  0.61782445  0.54619967  0.61290724  0.23198973 -0.19430542  0.56534632
 -0.1471767   0.43437508 -0.62699549  0.14978306  0.33708066 -0.67666856
  0.04834965 -0.22422157  0.10478065 -0.28733409  0.24116782 -0.56912236
 -0.25431539 -0.82964685 -0.48350224 -0.23371947 -0.1843289 ]
382,[ 0.15642536  0.0871335   0.02111308  0.10737447  0.34433266  0.11644792
 -0.08448957  0.69413462  0.39605943 -0.54998845 -0.05191019 -0.16824738
  0.20445122  0.38472931 -0.32454584  0.19218419 -0.13315203 -0.63536289
  0.12983     0.11692928 -0.46580014  0.23066924  0.26955643 -0.60534412
  0.02270497  0.40267683 -0.0473956   0.0631114  -0.5187113   0.46742225
  0.61774959  0.5462199   0.61294165  0.23199116 -0.19427638  0.56535447
 -0.14720833  0.43435413 -0.62698218  0.14974904  0.33708829 -0.67661113
  0.04828349 -0.22422721  0.10474156 -0.28734563  0.24120964 -0.56902904
 -0.25436873 -0.82964038 -0.48352391 -0.23371138 -0.18434416]
383,[ 0.15648034  0.08715563  0.02097217  0.1074049   0.34436408  0.11641423
 -0.08444019  0.69408197  0.39600506 -0.54996555 -0.05190221 -0.16818832
  0.2044221   0.3847848  -0.32454755  0.19223047 -0.1331227  -0.63534532
  0.12979881  0.11696228 -0.46580495  0.23063976  0.2695465  -0.60539052
  0.02265724  0.40265386 -0.0473099   0.06308275 -0.51874915  0.46749997
  0.61767482  0.5462401   0.61297602  0.23199259 -0.19424738  0.56536263
 -0.14723993  0.43433321 -0.62696889  0.14971507  0.33709591 -0.67655377
  0.04821741 -0.22423285  0.10470252 -0.28735715  0.24125141 -0.56893582
 -0.25442202 -0.82963392 -0.48354556 -0.23370331 -0.18435941]
384,[ 0.15653527  0.08717774  0.02083142  0.1074353   0.34439547  0.11638058
 -0.08439086  0.69402938  0.39595076 -0.54994268 -0.05189425 -0.16812932
  0.204393    0.38484024 -0.32454925  0.1922767  -0.13309341 -0.63532777
  0.12976764  0.11699525 -0.46580976  0.23061032  0.26953657 -0.60543686
  0.02260957  0.40263092 -0.04722429  0.06305413 -0.51878695  0.4675776
  0.61760013  0.54626029  0.61301036  0.23199401 -0.1942184   0.56537077
 -0.14727149  0.43431232 -0.62695561  0.14968112  0.33710352 -0.67649648
  0.0481514  -0.22423848  0.10466352 -0.28736866  0.24129313 -0.56884271
 -0.25447524 -0.82962747 -0.48356718 -0.23369525 -0.18437463]
385,[ 0.15659013  0.08719981  0.02069083  0.10746567  0.34442682  0.11634696
 -0.08434159  0.69397685  0.39589651 -0.54991983 -0.0518863  -0.16807039
  0.20436393  0.3848956  -0.32455095  0.19232288 -0.13306415 -0.63531024
  0.12973652  0.11702818 -0.46581456  0.23058092  0.26952666 -0.60548315
  0.02256196  0.402608   -0.04713878  0.06302554 -0.51882472  0.46765514
  0.61752552  0.54628045  0.61304465  0.23199544 -0.19418946  0.5653789
 -0.14730302  0.43429144 -0.62694235  0.14964722  0.33711112 -0.67643925
  0.04808546 -0.2242441   0.10462456 -0.28738016  0.24133481 -0.5687497
 -0.25452841 -0.82962103 -0.48358878 -0.23368719 -0.18438984]
386,[ 0.15664493  0.08722187  0.02055039  0.107496    0.34445814  0.11631339
 -0.08429237  0.69392438  0.39584232 -0.54989701 -0.05187835 -0.16801153
  0.2043349   0.38495091 -0.32455265  0.192369   -0.13303493 -0.63529273
  0.12970542  0.11706108 -0.46581935  0.23055154  0.26951675 -0.60552939
  0.0225144   0.40258511 -0.04705337  0.06299699 -0.51886244  0.4677326
  0.617451    0.54630058  0.61307891  0.23199686 -0.19416055  0.56538702
 -0.14733451  0.43427059 -0.6269291   0.14961336  0.33711872 -0.67638208
  0.0480196  -0.22424971  0.10458565 -0.28739164  0.24137644 -0.5686568
 -0.25458151 -0.82961459 -0.48361035 -0.23367915 -0.18440504]
387,[ 0.15669967  0.08724389  0.02041012  0.1075263   0.34448942  0.11627985
 -0.08424321  0.69387197  0.3957882  -0.54987422 -0.05187042 -0.16795273
  0.20430591  0.38500616 -0.32455434  0.19241508 -0.13300574 -0.63527523
  0.12967437  0.11709393 -0.46582414  0.2305222   0.26950686 -0.60557557
  0.02246689  0.40256224 -0.04696806  0.06296846 -0.51890012  0.46780997
  0.61737657  0.5463207   0.61311313  0.23199828 -0.19413168  0.56539514
 -0.14736596  0.43424976 -0.62691586  0.14957953  0.3371263  -0.67632498
  0.04795382 -0.22425532  0.10454678 -0.28740311  0.24141802 -0.568564
 -0.25463456 -0.82960816 -0.4836319  -0.23367111 -0.18442021]
388,[ 0.15675435  0.0872659   0.02027     0.10755656  0.34452067  0.11624634
 -0.08419411  0.69381961  0.39573413 -0.54985145 -0.05186249 -0.167894
  0.20427694  0.38506134 -0.32455604  0.1924611  -0.13297658 -0.63525776
  0.12964335  0.11712675 -0.46582893  0.23049289  0.26949698 -0.60562171
  0.02241943  0.4025394  -0.04688284  0.06293997 -0.51893776  0.46788725
  0.61730221  0.54634079  0.61314731  0.2319997  -0.19410283  0.56540324
 -0.14739738  0.43422896 -0.62690264  0.14954574  0.33713388 -0.67626794
  0.04788811 -0.22426093  0.10450796 -0.28741457  0.24145955 -0.5684713
 -0.25468754 -0.82960173 -0.48365342 -0.23366309 -0.18443537]
389,[ 0.15680897  0.08728788  0.02013004  0.10758679  0.34455188  0.11621288
 -0.08414505  0.69376732  0.39568013 -0.5498287  -0.05185457 -0.16783533
  0.20424801  0.38511646 -0.32455773  0.19250707 -0.13294745 -0.63524031
  0.12961236  0.11715954 -0.46583371  0.23046362  0.26948711 -0.60566779
  0.02237203  0.40251659 -0.04679771  0.06291152 -0.51897535  0.46796444
  0.61722794  0.54636086  0.61318145  0.23200112 -0.19407402  0.56541134
 -0.14742876  0.43420818 -0.62688944  0.14951199  0.33714145 -0.67621097
  0.04782247 -0.22426652  0.10446918 -0.28742601  0.24150104 -0.56837872
 -0.25474047 -0.82959532 -0.48367492 -0.23365507 -0.18445051]
390,[ 0.15686352  0.08730983  0.01999024  0.10761698  0.34458306  0.11617945
 -0.08409606  0.69371508  0.39562618 -0.54980598 -0.05184666 -0.16777674
  0.20421911  0.38517152 -0.32455942  0.19255298 -0.13291835 -0.63522288
  0.12958141  0.11719228 -0.46583848  0.23043438  0.26947725 -0.60571382
  0.02232468  0.4024938  -0.04671269  0.06288309 -0.51901291  0.46804155
  0.61715376  0.54638091  0.61321555  0.23200254 -0.19404524  0.56541942
 -0.14746011  0.43418742 -0.62687625  0.14947828  0.337149   -0.67615406
  0.0477569  -0.22427211  0.10443044 -0.28743745  0.24154248 -0.56828623
 -0.25479333 -0.82958891 -0.4836964  -0.23364706 -0.18446564]
391,[ 0.15691801  0.08733176  0.01985059  0.10764714  0.3446142   0.11614607
 -0.08404712  0.69366291  0.3955723  -0.54978329 -0.05183876 -0.1677182
  0.20419024  0.38522652 -0.32456111  0.19259885 -0.13288929 -0.63520546
  0.12955049  0.11722499 -0.46584325  0.23040517  0.26946741 -0.6057598
  0.02227739  0.40247104 -0.04662775  0.0628547  -0.51905042  0.46811857
  0.61707966  0.54640093  0.61324962  0.23200395 -0.1940165   0.5654275
 -0.14749142  0.43416669 -0.62686308  0.1494446   0.33715656 -0.67609721
  0.04769141 -0.2242777   0.10439175 -0.28744887  0.24158388 -0.56819385
 -0.25484614 -0.8295825  -0.48371785 -0.23363906 -0.18448075]
392,[ 0.15697245  0.08735366  0.01971111  0.10767727  0.3446453   0.11611271
 -0.08399823  0.69361079  0.39551848 -0.54976062 -0.05183087 -0.16765974
  0.2041614   0.38528145 -0.32456279  0.19264467 -0.13286026 -0.63518807
  0.12951961  0.11725766 -0.46584801  0.23037599  0.26945757 -0.60580572
  0.02223015  0.4024483  -0.04654292  0.06282633 -0.51908789  0.46819551
  0.61700564  0.54642093  0.61328364  0.23200536 -0.19398778  0.56543557
 -0.1475227   0.43414598 -0.62684992  0.14941097  0.3371641  -0.67604043
  0.047626   -0.22428327  0.1043531  -0.28746027  0.24162522 -0.56810157
 -0.25489889 -0.82957611 -0.48373928 -0.23363107 -0.18449584]
393,[ 0.15702682  0.08737554  0.01957178  0.10770737  0.34467638  0.1160794
 -0.0839494   0.69355873  0.39546472 -0.54973798 -0.05182299 -0.16760134
  0.2041326   0.38533632 -0.32456448  0.19269043 -0.13283127 -0.6351707
  0.12948876  0.1172903  -0.46585277  0.23034685  0.26944774 -0.6058516
  0.02218296  0.40242559 -0.04645818  0.062798   -0.51912531  0.46827236
  0.6169317   0.54644091  0.61331763  0.23200678 -0.1939591   0.56544363
 -0.14755395  0.43412529 -0.62683677  0.14937737  0.33717163 -0.67598371
  0.04756066 -0.22428885  0.10431449 -0.28747167  0.24166653 -0.5680094
 -0.25495157 -0.82956972 -0.48376068 -0.23362309 -0.18451091]
394,[ 0.15708113  0.0873974   0.0194326   0.10773742  0.34470741  0.11604612
 -0.08390063  0.69350673  0.39541102 -0.54971536 -0.05181511 -0.167543
  0.20410383  0.38539114 -0.32456616  0.19273614 -0.1328023  -0.63515334
  0.12945795  0.1173229  -0.46585752  0.23031774  0.26943793 -0.60589742
  0.02213582  0.4024029  -0.04637353  0.0627697  -0.5191627   0.46834912
  0.61685785  0.54646087  0.61335158  0.23200819 -0.19393045  0.56545168
 -0.14758515  0.43410463 -0.62682364  0.14934381  0.33717916 -0.67592706
  0.04749539 -0.22429441  0.10427593 -0.28748305  0.24170778 -0.56791733
 -0.2550042  -0.82956334 -0.48378206 -0.23361512 -0.18452597]
395,[ 0.15713537  0.08741923  0.01929359  0.10776745  0.34473841  0.11601288
 -0.08385191  0.69345479  0.39535738 -0.54969277 -0.05180725 -0.16748473
  0.20407509  0.38544588 -0.32456784  0.1927818  -0.13277337 -0.63513601
  0.12942717  0.11735546 -0.46586227  0.23028866  0.26942813 -0.60594319
  0.02208874  0.40238024 -0.04628898  0.06274144 -0.51920004  0.46842579
  0.61678408  0.5464808   0.61338549  0.23200959 -0.19390183  0.56545972
 -0.14761633  0.43408399 -0.62681053  0.14931028  0.33718667 -0.67587047
  0.04743019 -0.22429997  0.10423741 -0.28749441  0.24174899 -0.56782536
 -0.25505677 -0.82955697 -0.48380341 -0.23360715 -0.18454101]
396,[ 0.15718956  0.08744104  0.01915473  0.10779744  0.34476938  0.11597968
 -0.08380324  0.6934029   0.3953038  -0.54967021 -0.05179939 -0.16742653
  0.20404639  0.38550057 -0.32456952  0.19282741 -0.13274447 -0.63511869
  0.12939642  0.11738798 -0.46586701  0.23025962  0.26941834 -0.60598891
  0.02204171  0.40235761 -0.04620453  0.0627132  -0.51923734  0.46850238
  0.6167104   0.54650071  0.61341936  0.232011   -0.19387325  0.56546775
 -0.14764746  0.43406337 -0.62679743  0.1492768   0.33719418 -0.67581395
  0.04736507 -0.22430552  0.10419893 -0.28750577  0.24179015 -0.5677335
 -0.25510928 -0.8295506  -0.48382474 -0.2335992  -0.18455603]
397,[ 0.15724369  0.08746282  0.01901602  0.1078274   0.34480031  0.11594652
 -0.08375463  0.69335108  0.39525028 -0.54964767 -0.05179154 -0.16736839
  0.20401771  0.3855552  -0.3245712   0.19287297 -0.13271561 -0.6351014
  0.12936571  0.11742047 -0.46587175  0.23023061  0.26940855 -0.60603458
  0.02199473  0.402335   -0.04612017  0.062685   -0.51927459  0.46857888
  0.61663679  0.5465206   0.6134532   0.23201241 -0.1938447   0.56547577
 -0.14767857  0.43404277 -0.62678434  0.14924335  0.33720168 -0.67575748
  0.04730002 -0.22431107  0.1041605  -0.28751711  0.24183127 -0.56764174
 -0.25516173 -0.82954424 -0.48384605 -0.23359125 -0.18457104]
398,[ 0.15729775  0.08748457  0.01887748  0.10785732  0.34483121  0.11591339
 -0.08370607  0.69329931  0.39519682 -0.54962515 -0.0517837  -0.16731032
  0.20398907  0.38560976 -0.32457287  0.19291847 -0.13268678 -0.63508412
  0.12933504  0.11745292 -0.46587648  0.23020163  0.26939879 -0.6060802
  0.02194781  0.40231242 -0.0460359   0.06265683 -0.51931181  0.4686553
  0.61656327  0.54654047  0.613487    0.23201381 -0.19381618  0.56548379
 -0.14770963  0.4340222  -0.62677127  0.14920994  0.33720917 -0.67570109
  0.04723504 -0.22431661  0.10412211 -0.28752844  0.24187234 -0.56755009
 -0.25521412 -0.82953789 -0.48386733 -0.23358331 -0.18458603]
399,[ 0.15735176  0.08750631  0.01873909  0.10788721  0.34486207  0.1158803
 -0.08365757  0.6932476   0.39514342 -0.54960266 -0.05177587 -0.16725231
  0.20396046  0.38566427 -0.32457454  0.19296393 -0.13265797 -0.63506686
  0.1293044   0.11748534 -0.4658812   0.23017268  0.26938903 -0.60612576
  0.02190094  0.40228986 -0.04595173  0.06262869 -0.51934898  0.46873163
  0.61648984  0.54656031  0.61352075  0.23201521 -0.19378769  0.56549179
 -0.14774067  0.43400166 -0.62675822  0.14917657  0.33721666 -0.67564475
  0.04717014 -0.22432214  0.10408377 -0.28753976  0.24191336 -0.56745854
 -0.25526645 -0.82953155 -0.48388859 -0.23357539 -0.184601  ]
400,[ 0.1574057   0.08752801  0.01860085  0.10791707  0.3448929   0.11584725
 -0.08360913  0.69319595  0.39509008 -0.5495802  -0.05176805 -0.16719437
  0.20393189  0.38571871 -0.32457622  0.19300933 -0.13262921 -0.63504963
  0.12927379  0.11751772 -0.46588592  0.23014377  0.26937928 -0.60617128
  0.02185412  0.40226732 -0.04586766  0.06260058 -0.51938612  0.46880787
  0.61641648  0.54658014  0.61355447  0.23201661 -0.19375923  0.56549979
 -0.14777166  0.43398113 -0.62674517  0.14914323  0.33722413 -0.67558848
  0.04710531 -0.22432767  0.10404546 -0.28755106  0.24195434 -0.56736709
 -0.25531873 -0.82952521 -0.48390983 -0.23356747 -0.18461596]
401,[ 0.15745958  0.0875497   0.01846277  0.10794689  0.34492369  0.11581424
 -0.08356073  0.69314436  0.39503681 -0.54955776 -0.05176024 -0.16713649
  0.20390334  0.38577309 -0.32457789  0.19305468 -0.13260047 -0.63503241
  0.12924322  0.11755006 -0.46589064  0.23011488  0.26936954 -0.60621674
  0.02180736  0.40224482 -0.04578368  0.06257251 -0.51942321  0.46888403
  0.61634321  0.54659994  0.61358816  0.23201801 -0.19373081  0.56550777
 -0.14780262  0.43396063 -0.62673215  0.14910993  0.3372316  -0.67553227
  0.04704056 -0.22433319  0.1040072  -0.28756235  0.24199527 -0.56727574
 -0.25537094 -0.82951888 -0.48393104 -0.23355956 -0.18463089]
402,[ 0.15751341  0.08757136  0.01832485  0.10797668  0.34495445  0.11578126
 -0.0835124   0.69309283  0.39498359 -0.54953535 -0.05175244 -0.16707868
  0.20387483  0.38582741 -0.32457955  0.19309998 -0.13257177 -0.63501521
  0.12921269  0.11758236 -0.46589535  0.23008603  0.26935982 -0.60626215
  0.02176065  0.40222233 -0.04569979  0.06254446 -0.51946025  0.4689601
  0.61627002  0.54661971  0.6136218   0.23201941 -0.19370242  0.56551575
 -0.14783355  0.43394015 -0.62671914  0.14907667  0.33723905 -0.67547613
  0.04697587 -0.22433871  0.10396899 -0.28757363  0.24203615 -0.5671845
 -0.2554231  -0.82951256 -0.48395223 -0.23355166 -0.18464582]
403,[ 0.15756717  0.08759299  0.01818708  0.10800644  0.34498517  0.11574832
 -0.08346411  0.69304135  0.39493043 -0.54951296 -0.05174464 -0.16702093
  0.20384635  0.38588167 -0.32458122  0.19314523 -0.1325431  -0.63499803
  0.12918218  0.11761463 -0.46590005  0.23005722  0.2693501  -0.60630751
  0.02171399  0.40219988 -0.045616    0.06251645 -0.51949726  0.46903609
  0.61619691  0.54663947  0.61365541  0.2320208  -0.19367406  0.56552372
 -0.14786445  0.4339197  -0.62670614  0.14904345  0.3372465  -0.67542004
  0.04691126 -0.22434421  0.10393081 -0.2875849   0.24207699 -0.56709336
 -0.25547519 -0.82950624 -0.48397339 -0.23354376 -0.18466072]
404,[ 0.15762087  0.0876146   0.01804946  0.10803616  0.34501586  0.11571542
 -0.08341588  0.69298993  0.39487733 -0.54949059 -0.05173686 -0.16696325
  0.2038179   0.38593586 -0.32458288  0.19319043 -0.13251446 -0.63498087
  0.12915172  0.11764687 -0.46590475  0.23002843  0.2693404  -0.60635282
  0.02166738  0.40217745 -0.0455323   0.06248847 -0.51953423  0.46911199
  0.61612389  0.5466592   0.61368898  0.2320222  -0.19364573  0.56553168
 -0.1478953   0.43389926 -0.62669316  0.14901027  0.33725395 -0.67536403
  0.04684672 -0.22434972  0.10389268 -0.28759615  0.24211779 -0.56700232
 -0.25552723 -0.82949993 -0.48399453 -0.23353588 -0.18467561]
405,[ 0.15767451  0.08763619  0.01791201  0.10806585  0.34504651  0.11568255
 -0.08336771  0.69293857  0.39482429 -0.54946826 -0.05172908 -0.16690563
  0.20378949  0.38599    -0.32458454  0.19323558 -0.13248585 -0.63496373
  0.12912128  0.11767906 -0.46590945  0.22999968  0.2693307  -0.60639808
  0.02162082  0.40215504 -0.0454487   0.06246052 -0.51957115  0.46918781
  0.61605095  0.54667891  0.61372251  0.23202359 -0.19361743  0.56553963
 -0.14792613  0.43387885 -0.62668019  0.14897712  0.33726138 -0.67530807
  0.04678226 -0.22435521  0.10385459 -0.28760739  0.24215853 -0.56691139
 -0.25557921 -0.82949363 -0.48401565 -0.233528   -0.18469048]
406,[ 0.15772809  0.08765775  0.0177747   0.10809551  0.34507713  0.11564972
 -0.08331959  0.69288727  0.39477131 -0.54944594 -0.05172131 -0.16684808
  0.2037611   0.38604407 -0.3245862   0.19328068 -0.13245727 -0.63494661
  0.12909088  0.11771122 -0.46591414  0.22997096  0.26932102 -0.60644329
  0.02157432  0.40213266 -0.04536519  0.0624326  -0.51960803  0.46926354
  0.61597809  0.5466986   0.613756    0.23202498 -0.19358917  0.56554757
 -0.14795691  0.43385847 -0.62666723  0.14894401  0.3372688  -0.67525218
  0.04671787 -0.2243607   0.10381655 -0.28761862  0.24219923 -0.56682055
 -0.25563113 -0.82948734 -0.48403674 -0.23352014 -0.18470534]
407,[ 0.15778161  0.08767929  0.01763755  0.10812513  0.34510772  0.11561693
 -0.08327152  0.69283602  0.39471839 -0.54942366 -0.05171355 -0.16679059
  0.20373275  0.38609809 -0.32458786  0.19332572 -0.13242873 -0.63492951
  0.12906052  0.11774335 -0.46591882  0.22994228  0.26931135 -0.60648844
  0.02152787  0.4021103  -0.04528178  0.06240471 -0.51964487  0.46933918
  0.61590531  0.54671827  0.61378946  0.23202637 -0.19356093  0.56555551
 -0.14798767  0.43383811 -0.6266543   0.14891093  0.33727622 -0.67519635
  0.04665355 -0.22436619  0.10377855 -0.28762983  0.24223989 -0.56672982
 -0.255683   -0.82948105 -0.48405781 -0.23351228 -0.18472017]
408,[ 0.15783507  0.0877008   0.01750056  0.10815472  0.34513827  0.11558417
 -0.08322351  0.69278484  0.39466553 -0.54940139 -0.0517058  -0.16673317
  0.20370443  0.38615204 -0.32458952  0.19337072 -0.13240022 -0.63491243
  0.12903019  0.11777544 -0.4659235   0.22991362  0.26930169 -0.60653355
  0.02148147  0.40208797 -0.04519846  0.06237686 -0.51968167  0.46941474
  0.61583261  0.54673791  0.61382288  0.23202776 -0.19353273  0.56556343
 -0.14801839  0.43381776 -0.62664137  0.1488779   0.33728363 -0.67514058
  0.0465893  -0.22437167  0.10374059 -0.28764104  0.2422805  -0.56663919
 -0.2557348  -0.82947477 -0.48407885 -0.23350443 -0.184735  ]
409,[ 0.15788847  0.08772229  0.01736372  0.10818427  0.34516878  0.11555145
 -0.08317555  0.69273371  0.39461273 -0.54937916 -0.05169806 -0.16667582
  0.20367614  0.38620593 -0.32459117  0.19341567 -0.13237174 -0.63489536
  0.12899989  0.11780749 -0.46592817  0.229885    0.26929204 -0.6065786
  0.02143513  0.40206566 -0.04511523  0.06234903 -0.51971843  0.46949022
  0.61576     0.54675753  0.61385626  0.23202915 -0.19350456  0.56557135
 -0.14804907  0.43379745 -0.62662846  0.1488449   0.33729102 -0.67508488
  0.04652512 -0.22437714  0.10370267 -0.28765223  0.24232106 -0.56654867
 -0.25578655 -0.82946849 -0.48409987 -0.2334966  -0.1847498 ]
410,[ 0.15794181  0.08774375  0.01722703  0.1082138   0.34519927  0.11551877
 -0.08312765  0.69268264  0.39455999 -0.54935694 -0.05169033 -0.16661852
  0.20364788  0.38625977 -0.32459282  0.19346056 -0.1323433  -0.63487832
  0.12896963  0.1178395  -0.46593284  0.22985641  0.2692824  -0.60662361
  0.02138884  0.40204338 -0.0450321   0.06232124 -0.51975514  0.46956561
  0.61568747  0.54677713  0.6138896   0.23203053 -0.19347643  0.56557925
 -0.14807972  0.43377715 -0.62661557  0.14881194  0.33729842 -0.67502924
  0.04646102 -0.2243826   0.1036648  -0.2876634   0.24236158 -0.56645824
 -0.25583823 -0.82946223 -0.48412087 -0.23348876 -0.18476459]
411,[ 0.15799509  0.08776519  0.0170905   0.10824328  0.34522971  0.11548613
 -0.0830798   0.69263162  0.39450731 -0.54933476 -0.0516826  -0.16656129
  0.20361966  0.38631354 -0.32459448  0.19350541 -0.13231488 -0.63486129
  0.1289394   0.11787148 -0.4659375   0.22982785  0.26927277 -0.60666856
  0.02134259  0.40202113 -0.04494906  0.06229348 -0.51979182  0.46964091
  0.61561502  0.54679671  0.61392291  0.23203191 -0.19344832  0.56558715
 -0.14811034  0.43375688 -0.62660269  0.14877901  0.3373058  -0.67497366
  0.04639699 -0.22438806  0.10362697 -0.28767457  0.24240205 -0.56636792
 -0.25588986 -0.82945597 -0.48414184 -0.23348094 -0.18477936]
412,[ 0.15804831  0.08778661  0.01695412  0.10827274  0.34526013  0.11545352
 -0.083032    0.69258066  0.39445469 -0.54931259 -0.05167489 -0.16650413
  0.20359147  0.38636725 -0.32459612  0.1935502  -0.1322865  -0.63484429
  0.12890921  0.11790343 -0.46594216  0.22979932  0.26926316 -0.60671346
  0.02129641  0.4019989  -0.04486611  0.06226575 -0.51982845  0.46971613
  0.61554265  0.54681627  0.61395617  0.2320333  -0.19342025  0.56559504
 -0.14814092  0.43373663 -0.62658982  0.14874613  0.33731317 -0.67491814
  0.04633303 -0.22439352  0.10358918 -0.28768572  0.24244248 -0.5662777
 -0.25594144 -0.82944972 -0.48416279 -0.23347313 -0.18479411]
413,[ 0.15810147  0.087808    0.01681789  0.10830216  0.34529051  0.11542095
 -0.08298426  0.69252977  0.39440212 -0.54929046 -0.05166718 -0.16644703
  0.20356331  0.3864209  -0.32459777  0.19359494 -0.13225815 -0.6348273
  0.12887905  0.11793534 -0.46594681  0.22977083  0.26925355 -0.60675832
  0.02125027  0.40197669 -0.04478326  0.06223805 -0.51986504  0.46979127
  0.61547036  0.5468358   0.61398941  0.23203468 -0.1933922   0.56560292
 -0.14817147  0.43371641 -0.62657697  0.14871328  0.33732054 -0.67486269
  0.04626914 -0.22439896  0.10355143 -0.28769686  0.24248286 -0.56618758
 -0.25599295 -0.82944347 -0.48418372 -0.23346533 -0.18480885]
414,[ 0.15815457  0.08782937  0.01668182  0.10833155  0.34532085  0.11538841
 -0.08293657  0.69247892  0.39434962 -0.54926834 -0.05165948 -0.16639
  0.20353518  0.38647449 -0.32459942  0.19363963 -0.13222983 -0.63481033
  0.12884892  0.11796721 -0.46595146  0.22974237  0.26924396 -0.60680312
  0.02120418  0.40195451 -0.0447005   0.06221038 -0.51990159  0.46986632
  0.61539815  0.54685531  0.6140226   0.23203605 -0.19336419  0.56561079
 -0.14820198  0.4336962  -0.62656413  0.14868046  0.3373279  -0.6748073
  0.04620533 -0.2244044   0.10351373 -0.28770799  0.2425232  -0.56609756
 -0.2560444  -0.82943723 -0.48420462 -0.23345753 -0.18482357]
415,[ 0.1582076   0.08785072  0.0165459   0.10836091  0.34535116  0.11535591
 -0.08288894  0.69242814  0.39429717 -0.54924626 -0.05165179 -0.16633302
  0.20350708  0.38652802 -0.32460106  0.19368428 -0.13220155 -0.63479338
  0.12881883  0.11799904 -0.4659561   0.22971394  0.26923437 -0.60684787
  0.02115815  0.40193236 -0.04461783  0.06218274 -0.5199381   0.46994129
  0.61532603  0.5468748   0.61405575  0.23203743 -0.19333621  0.56561865
 -0.14823246  0.43367602 -0.62655131  0.14864769  0.33733525 -0.67475197
  0.04614159 -0.22440984  0.10347607 -0.2877191   0.24256349 -0.56600765
 -0.2560958  -0.829431   -0.4842255  -0.23344975 -0.18483828]
416,[ 0.15826058  0.08787204  0.01641014  0.10839023  0.34538144  0.11532345
 -0.08284136  0.69237741  0.39424479 -0.54922419 -0.05164411 -0.16627612
  0.20347901  0.38658149 -0.3246027   0.19372887 -0.13217329 -0.63477645
  0.12878877  0.11803084 -0.46596073  0.22968554  0.2692248  -0.60689257
  0.02111217  0.40191023 -0.04453526  0.06215514 -0.51997457  0.47001617
  0.61525398  0.54689427  0.61408887  0.23203881 -0.19330827  0.5656265
 -0.1482629   0.43365586 -0.6265385   0.14861495  0.33734259 -0.6746967
  0.04607792 -0.22441527  0.10343845 -0.2877302   0.24260373 -0.56591783
 -0.25614714 -0.82942478 -0.48424636 -0.23344197 -0.18485297]
417,[ 0.1583135   0.08789333  0.01627452  0.10841952  0.34541168  0.11529103
 -0.08279383  0.69232674  0.39419246 -0.54920216 -0.05163644 -0.16621927
  0.20345098  0.3866349  -0.32460434  0.19377341 -0.13214507 -0.63475954
  0.12875874  0.11806261 -0.46596536  0.22965718  0.26921523 -0.60693722
  0.02106624  0.40188812 -0.04445278  0.06212756 -0.520011    0.47009096
  0.61518202  0.54691372  0.61412195  0.23204018 -0.19328035  0.56563435
 -0.14829331  0.43363573 -0.62652571  0.14858224  0.33734992 -0.6746415
  0.04601432 -0.22442069  0.10340087 -0.28774129  0.24264393 -0.56582812
 -0.25619842 -0.82941856 -0.48426719 -0.2334342  -0.18486764]
418,[ 0.15836637  0.0879146   0.01613906  0.10844878  0.34544189  0.11525864
 -0.08274635  0.69227613  0.39414019 -0.54918014 -0.05162877 -0.1661625
  0.20342298  0.38668824 -0.32460598  0.1938179  -0.13211688 -0.63474265
  0.12872875  0.11809434 -0.46596999  0.22962884  0.26920568 -0.60698182
  0.02102036  0.40186604 -0.04437039  0.06210002 -0.52004739  0.47016568
  0.61511014  0.54693314  0.614155    0.23204155 -0.19325247  0.56564218
 -0.14832368  0.43361562 -0.62651293  0.14854958  0.33735724 -0.67458636
  0.04595079 -0.22442611  0.10336334 -0.28775237  0.24268409 -0.5657385
 -0.25624965 -0.82941235 -0.484288   -0.23342644 -0.18488229]
419,[ 0.15841917  0.08793585  0.01600376  0.108478    0.34547206  0.11522629
 -0.08269893  0.69222557  0.39408799 -0.54915815 -0.05162112 -0.16610578
  0.203395    0.38674153 -0.32460761  0.19386235 -0.13208872 -0.63472578
  0.1286988   0.11812603 -0.46597461  0.22960054  0.26919614 -0.60702637
  0.02097454  0.40184398 -0.0442881   0.06207251 -0.52008373  0.47024031
  0.61503834  0.54695254  0.614188    0.23204292 -0.19322461  0.56565001
 -0.14835402  0.43359553 -0.62650016  0.14851695  0.33736456 -0.67453128
  0.04588733 -0.22443152  0.10332585 -0.28776343  0.2427242  -0.56564899
 -0.25630081 -0.82940615 -0.48430878 -0.23341869 -0.18489693]
420,[ 0.15847191  0.08795708  0.0158686   0.1085072   0.3455022   0.11519397
 -0.08265157  0.69217507  0.39403584 -0.54913619 -0.05161347 -0.16604913
  0.20336706  0.38679476 -0.32460925  0.19390674 -0.13206059 -0.63470893
  0.12866887  0.11815769 -0.46597922  0.22957227  0.26918661 -0.60707087
  0.02092876  0.40182195 -0.0442059   0.06204503 -0.52012004  0.47031485
  0.61496662  0.54697192  0.61422097  0.23204429 -0.19319679  0.56565783
 -0.14838433  0.43357546 -0.62648741  0.14848436  0.33737187 -0.67447626
  0.04582395 -0.22443692  0.1032884  -0.28777449  0.24276426 -0.56555958
 -0.25635192 -0.82939995 -0.48432954 -0.23341095 -0.18491155]
421,[ 0.15852459  0.08797828  0.0157336   0.10853635  0.34553231  0.11516169
 -0.08260425  0.69212463  0.39398374 -0.54911425 -0.05160583 -0.16599254
  0.20333916  0.38684793 -0.32461088  0.19395108 -0.1320325  -0.63469209
  0.12863898  0.11818931 -0.46598383  0.22954403  0.26917709 -0.60711532
  0.02088304  0.40179995 -0.04412379  0.06201758 -0.5201563   0.47038931
  0.61489498  0.54699128  0.61425391  0.23204566 -0.193169    0.56566564
 -0.1484146   0.43355542 -0.62647467  0.1484518   0.33737917 -0.67442131
  0.04576063 -0.22444232  0.10325099 -0.28778553  0.24280428 -0.56547027
 -0.25640297 -0.82939376 -0.48435028 -0.23340321 -0.18492616]
422,[ 0.15857721  0.08799945  0.01559875  0.10856548  0.34556238  0.11512945
 -0.08255699  0.69207424  0.39393171 -0.54909234 -0.0515982  -0.16593602
  0.20331128  0.38690104 -0.32461251  0.19399537 -0.13200443 -0.63467528
  0.12860913  0.1182209  -0.46598844  0.22951583  0.26916758 -0.60715972
  0.02083737  0.40177797 -0.04404177  0.06199016 -0.52019252  0.47046369
  0.61482342  0.54701062  0.6142868   0.23204703 -0.19314124  0.56567344
 -0.14844484  0.43353539 -0.62646195  0.14841928  0.33738646 -0.67436641
  0.04569739 -0.22444771  0.10321363 -0.28779655  0.24284425 -0.56538106
 -0.25645397 -0.82938758 -0.484371   -0.23339549 -0.18494075]
423,[ 0.15862978  0.08802061  0.01546405  0.10859457  0.34559242  0.11509724
 -0.08250979  0.69202391  0.39387974 -0.54907045 -0.05159058 -0.16587956
  0.20328343  0.38695409 -0.32461414  0.19403961 -0.1319764  -0.63465848
  0.1285793   0.11825245 -0.46599304  0.22948765  0.26915808 -0.60720407
  0.02079175  0.40175601 -0.04395985  0.06196277 -0.52022871  0.47053798
  0.61475194  0.54702994  0.61431966  0.23204839 -0.19311351  0.56568123
 -0.14847505  0.43351539 -0.62644924  0.1483868   0.33739374 -0.67431158
  0.04563422 -0.2244531   0.1031763  -0.28780757  0.24288418 -0.56529195
 -0.2565049  -0.8293814  -0.48439169 -0.23338777 -0.18495532]
424,[ 0.15868228  0.08804174  0.0153295   0.10862363  0.34562242  0.11506507
 -0.08246263  0.69197364  0.39382782 -0.54904858 -0.05158297 -0.16582316
  0.20325562  0.38700708 -0.32461576  0.1940838  -0.1319484  -0.6346417
  0.12854951  0.11828396 -0.46599763  0.22945951  0.26914859 -0.60724837
  0.02074618  0.40173408 -0.04387801  0.06193541 -0.52026485  0.47061219
  0.61468055  0.54704923  0.61435248  0.23204975 -0.19308581  0.56568901
 -0.14850522  0.43349542 -0.62643655  0.14835436  0.33740102 -0.67425681
  0.04557112 -0.22445848  0.10313902 -0.28781857  0.24292407 -0.56520294
 -0.25655578 -0.82937523 -0.48441236 -0.23338006 -0.18496988]
425,[ 0.15873473  0.08806284  0.0151951   0.10865266  0.34565239  0.11503294
 -0.08241553  0.69192342  0.39377596 -0.54902674 -0.05157537 -0.16576683
  0.20322784  0.38706001 -0.32461739  0.19412795 -0.13192043 -0.63462495
  0.12851976  0.11831544 -0.46600222  0.2294314   0.26913912 -0.60729262
  0.02070066  0.40171217 -0.04379627  0.06190808 -0.52030095  0.47068632
  0.61460923  0.5470685   0.61438526  0.23205112 -0.19305815  0.56569678
 -0.14853535  0.43347546 -0.62642387  0.14832195  0.33740829 -0.6742021
  0.04550809 -0.22446385  0.10310178 -0.28782956  0.24296391 -0.56511403
 -0.2566066  -0.82936907 -0.484433   -0.23337236 -0.18498442]
426,[ 0.15878711  0.08808392  0.01506086  0.10868166  0.34568233  0.11500084
 -0.08236848  0.69187327  0.39372417 -0.54900493 -0.05156777 -0.16571056
  0.20320009  0.38711288 -0.32461901  0.19417204 -0.13189249 -0.63460821
  0.12849004  0.11834688 -0.46600681  0.22940332  0.26912965 -0.60733682
  0.02065519  0.40169029 -0.04371463  0.06188079 -0.52033701  0.47076036
  0.61453799  0.54708775  0.61441801  0.23205248 -0.19303051  0.56570455
 -0.14856546  0.43345553 -0.62641121  0.14828957  0.33741554 -0.67414745
  0.04544513 -0.22446922  0.10306459 -0.28784054  0.2430037  -0.56502522
 -0.25665737 -0.82936292 -0.48445363 -0.23336467 -0.18499894]
427,[ 0.15883944  0.08810498  0.01492677  0.10871062  0.34571224  0.11496878
 -0.08232149  0.69182316  0.39367243 -0.54898314 -0.05156019 -0.16565435
  0.20317236  0.38716569 -0.32462063  0.19421608 -0.13186459 -0.63459148
  0.12846035  0.11837829 -0.46601139  0.22937527  0.2691202  -0.60738097
  0.02060978  0.40166843 -0.04363307  0.06185352 -0.52037303  0.47083432
  0.61446684  0.54710698  0.61445072  0.23205383 -0.19300291  0.5657123
 -0.14859552  0.43343562 -0.62639856  0.14825724  0.33742279 -0.67409287
  0.04538225 -0.22447458  0.10302743 -0.2878515   0.24304345 -0.56493652
 -0.25670807 -0.82935677 -0.48447423 -0.23335699 -0.18501345]
428,[ 0.15889171  0.08812601  0.01479282  0.10873955  0.34574211  0.11493675
 -0.08227454  0.69177312  0.39362074 -0.54896137 -0.05155261 -0.16559821
  0.20314468  0.38721844 -0.32462225  0.19426008 -0.13183671 -0.63457478
  0.12843069  0.11840967 -0.46601596  0.22934726  0.26911075 -0.60742507
  0.02056442  0.4016466  -0.04355161  0.06182629 -0.52040901  0.4709082
  0.61439576  0.54712618  0.6144834   0.23205519 -0.19297534  0.56572005
 -0.14862556  0.43341573 -0.62638592  0.14822494  0.33743004 -0.67403835
  0.04531943 -0.22447994  0.10299032 -0.28786246  0.24308315 -0.56484791
 -0.25675872 -0.82935063 -0.4844948  -0.23334932 -0.18502794]
429,[ 0.15894392  0.08814702  0.01465903  0.10876844  0.34577194  0.11490476
 -0.08222766  0.69172313  0.39356912 -0.54893963 -0.05154504 -0.16554213
  0.20311702  0.38727113 -0.32462387  0.19430402 -0.13180887 -0.6345581
  0.12840107  0.118441   -0.46602053  0.22931927  0.26910132 -0.60746912
  0.0205191   0.40162479 -0.04347023  0.06179908 -0.52044494  0.47098199
  0.61432476  0.54714537  0.61451603  0.23205655 -0.1929478   0.56572779
 -0.14865556  0.43339587 -0.6263733   0.14819267  0.33743727 -0.67398388
  0.04525669 -0.22448529  0.10295325 -0.2878734   0.24312281 -0.5647594
 -0.25680932 -0.8293445  -0.48451535 -0.23334165 -0.18504242]
430,[ 0.15899607  0.08816801  0.01452539  0.10879731  0.34580174  0.11487281
 -0.08218082  0.69167319  0.39351755 -0.54891791 -0.05153748 -0.16548612
  0.20308939  0.38732376 -0.32462549  0.19434791 -0.13178106 -0.63454143
  0.12837148  0.11847231 -0.46602509  0.22929132  0.26909189 -0.60751312
  0.02047384  0.401603   -0.04338895  0.06177191 -0.52048084  0.4710557
  0.61425385  0.54716453  0.61454863  0.2320579  -0.19292029  0.56573552
 -0.14868553  0.43337603 -0.62636069  0.14816045  0.3374445  -0.67392948
  0.04519401 -0.22449063  0.10291622 -0.28788433  0.24316243 -0.56467099
 -0.25685985 -0.82933837 -0.48453588 -0.233334   -0.18505687]
431,[ 0.15904816  0.08818897  0.0143919   0.10882614  0.34583151  0.11484089
 -0.08213404  0.69162331  0.39346605 -0.54889622 -0.05152992 -0.16543016
  0.2030618   0.38737634 -0.3246271   0.19439176 -0.13175327 -0.63452479
  0.12834193  0.11850357 -0.46602965  0.2292634   0.26908248 -0.60755708
  0.02042863  0.40158124 -0.04330776  0.06174477 -0.5205167   0.47112933
  0.61418301  0.54718367  0.6145812   0.23205925 -0.19289281  0.56574324
 -0.14871546  0.43335621 -0.6263481   0.14812826  0.33745172 -0.67387514
  0.04513141 -0.22449597  0.10287923 -0.28789524  0.243202   -0.56458268
 -0.25691033 -0.82933225 -0.48455639 -0.23332635 -0.18507132]
432,[ 0.15910019  0.08820991  0.01425856  0.10885494  0.34586125  0.11480901
 -0.0820873   0.69157349  0.3934146  -0.54887455 -0.05152238 -0.16537427
  0.20303423  0.38742885 -0.32462871  0.19443556 -0.13172553 -0.63450816
  0.12831241  0.11853481 -0.4660342   0.22923551  0.26907308 -0.60760098
  0.02038347  0.40155951 -0.04322667  0.06171765 -0.52055252  0.47120287
  0.61411225  0.54720279  0.61461372  0.2320606  -0.19286536  0.56575095
 -0.14874536  0.43333641 -0.62633552  0.1480961   0.33745893 -0.67382086
  0.04506887 -0.2245013   0.10284228 -0.28790614  0.24324153 -0.56449447
 -0.25696076 -0.82932614 -0.48457687 -0.23331871 -0.18508574]
433,[ 0.15915217  0.08823083  0.01412537  0.10888371  0.34589095  0.11477717
 -0.08204063  0.69152373  0.3933632  -0.5488529  -0.05151484 -0.16531845
  0.2030067   0.3874813  -0.32463032  0.1944793  -0.13169781 -0.63449155
  0.12828292  0.118566   -0.46603875  0.22920765  0.26906368 -0.60764483
  0.02033836  0.4015378  -0.04314566  0.06169057 -0.52058829  0.47127634
  0.61404158  0.54722189  0.61464621  0.23206195 -0.19283794  0.56575866
 -0.14877523  0.43331663 -0.62632295  0.14806398  0.33746613 -0.67376665
  0.04500641 -0.22450663  0.10280538 -0.28791704  0.24328101 -0.56440636
 -0.25701112 -0.82932003 -0.48459733 -0.23331108 -0.18510015]
434,[ 0.15920409  0.08825172  0.01399233  0.10891244  0.34592062  0.11474536
 -0.081994    0.69147402  0.39331187 -0.54883128 -0.05150732 -0.16526268
  0.20297919  0.3875337  -0.32463193  0.194523   -0.13167012 -0.63447496
  0.12825346  0.11859716 -0.4660433   0.22917982  0.2690543  -0.60768863
  0.0202933   0.40151611 -0.04306474  0.06166352 -0.52062403  0.47134971
  0.61397098  0.54724097  0.61467867  0.2320633  -0.19281055  0.56576635
 -0.14880506  0.43329688 -0.6263104   0.1480319   0.33747332 -0.67371249
  0.04494402 -0.22451195  0.10276851 -0.28792792  0.24332044 -0.56431834
 -0.25706143 -0.82931393 -0.48461777 -0.23330346 -0.18511455]
435,[ 0.15925594  0.08827259  0.01385944  0.10894114  0.34595025  0.11471358
 -0.08194743  0.69142437  0.39326059 -0.54880969 -0.0514998  -0.16520698
  0.20295172  0.38758604 -0.32463354  0.19456665 -0.13164246 -0.63445839
  0.12822404  0.11862829 -0.46604783  0.22915202  0.26904493 -0.60773239
  0.0202483   0.40149445 -0.04298392  0.0616365  -0.52065973  0.47142301
  0.61390046  0.54726003  0.61471108  0.23206465 -0.1927832   0.56577404
 -0.14883486  0.43327715 -0.62629786  0.14799986  0.33748051 -0.67365839
  0.0448817  -0.22451726  0.10273169 -0.28793878  0.24335984 -0.56423043
 -0.25711168 -0.82930784 -0.48463818 -0.23329585 -0.18512892]
436,[ 0.15930774  0.08829343  0.0137267   0.10896981  0.34597986  0.11468184
 -0.08190091  0.69137477  0.39320938 -0.54878812 -0.05149229 -0.16515134
  0.20292428  0.38763831 -0.32463514  0.19461024 -0.13161484 -0.63444184
  0.12819465  0.11865938 -0.46605237  0.22912426  0.26903557 -0.60777609
  0.02020334  0.40147281 -0.04290319  0.06160951 -0.52069538  0.47149622
  0.61383002  0.54727906  0.61474346  0.23206599 -0.19275587  0.56578172
 -0.14886462  0.43325744 -0.62628534  0.14796785  0.33748768 -0.67360436
  0.04481944 -0.22452257  0.10269491 -0.28794964  0.24339918 -0.56414262
 -0.25716188 -0.82930175 -0.48465857 -0.23328824 -0.18514328]
437,[ 0.15935948  0.08831425  0.01359411  0.10899845  0.34600942  0.11465014
 -0.08185444  0.69132523  0.39315821 -0.54876657 -0.05148479 -0.16509576
  0.20289687  0.38769053 -0.32463674  0.19465379 -0.13158724 -0.63442531
  0.1281653   0.11869044 -0.46605689  0.22909653  0.26902622 -0.60781975
  0.02015843  0.4014512  -0.04282255  0.06158255 -0.520731    0.47156935
  0.61375966  0.54729807  0.61477581  0.23206734 -0.19272858  0.56578939
 -0.14889435  0.43323775 -0.62627283  0.14793587  0.33749485 -0.67355038
  0.04475726 -0.22452787  0.10265817 -0.28796048  0.24343849 -0.5640549
 -0.25721202 -0.82929567 -0.48467894 -0.23328065 -0.18515763]
438,[ 0.15941117  0.08833505  0.01346167  0.10902706  0.34603896  0.11461847
 -0.08180802  0.69127574  0.39310711 -0.54874505 -0.05147729 -0.16504025
  0.20286949  0.38774269 -0.32463835  0.19469729 -0.13155968 -0.63440879
  0.12813597  0.11872146 -0.46606142  0.22906882  0.26901688 -0.60786336
  0.02011358  0.40142961 -0.04274199  0.06155562 -0.52076657  0.4716424
  0.61368938  0.54731706  0.61480811  0.23206868 -0.19270131  0.56579705
 -0.14892405  0.43321809 -0.62626034  0.14790393  0.33750202 -0.67349647
  0.04469515 -0.22453317  0.10262148 -0.28797131  0.24347775 -0.56396729
 -0.2572621  -0.8292896  -0.48469929 -0.23327306 -0.18517196]
439,[ 0.15946279  0.08835583  0.01332938  0.10905563  0.34606846  0.11458684
 -0.08176166  0.69122631  0.39305607 -0.54872355 -0.05146981 -0.1649848
  0.20284215  0.3877948  -0.32463994  0.19474075 -0.13153215 -0.6343923
  0.12810669  0.11875245 -0.46606593  0.22904115  0.26900755 -0.60790691
  0.02006877  0.40140805 -0.04266153  0.06152872 -0.52080211  0.47171537
  0.61361918  0.54733603  0.61484039  0.23207002 -0.19267408  0.5658047
 -0.14895372  0.43319845 -0.62624786  0.14787203  0.33750917 -0.67344262
  0.04463311 -0.22453846  0.10258482 -0.28798213  0.24351696 -0.56387977
 -0.25731212 -0.82928354 -0.48471961 -0.23326548 -0.18518627]
440,[ 0.15951436  0.08837658  0.01319723  0.10908417  0.34609793  0.11455525
 -0.08171535  0.69117694  0.39300508 -0.54870208 -0.05146233 -0.16492941
  0.20281483  0.38784684 -0.32464154  0.19478415 -0.13150465 -0.63437582
  0.12807743  0.1187834  -0.46607045  0.22901351  0.26899823 -0.60795042
  0.02002402  0.40138651 -0.04258116  0.06150185 -0.5208376   0.47178825
  0.61354906  0.54735498  0.61487262  0.23207136 -0.19264688  0.56581234
 -0.14898335  0.43317883 -0.62623539  0.14784017  0.33751631 -0.67338883
  0.04457113 -0.22454374  0.1025482  -0.28799293  0.24355614 -0.56379235
 -0.25736209 -0.82927748 -0.48473991 -0.23325791 -0.18520057]
441,[ 0.15956587  0.08839731  0.01306524  0.10911268  0.34612737  0.11452369
 -0.08166909  0.69112762  0.39295415 -0.54868063 -0.05145487 -0.16487408
  0.20278754  0.38789882 -0.32464314  0.1948275  -0.13147718 -0.63435936
  0.1280482   0.11881432 -0.46607495  0.2289859   0.26898893 -0.60799388
  0.01997932  0.40136499 -0.04250088  0.06147501 -0.52087306  0.47186106
  0.61347902  0.54737391  0.61490482  0.23207269 -0.19261971  0.56581998
 -0.14901295  0.43315923 -0.62622294  0.14780834  0.33752345 -0.6733351
  0.04450923 -0.22454902  0.10251163 -0.28800373  0.24359526 -0.56370503
 -0.25741201 -0.82927143 -0.48476019 -0.23325035 -0.18521485]
442,[ 0.15961732  0.08841801  0.01293339  0.10914116  0.34615677  0.11449216
 -0.08162288  0.69107836  0.39290327 -0.5486592  -0.05144741 -0.16481882
  0.20276029  0.38795075 -0.32464473  0.19487081 -0.13144974 -0.63434292
  0.12801901  0.1188452  -0.46607946  0.22895833  0.26897963 -0.60803729
  0.01993466  0.4013435  -0.04242069  0.0614482  -0.52090848  0.47193378
  0.61340906  0.54739282  0.61493698  0.23207403 -0.19259257  0.5658276
 -0.14904251  0.43313965 -0.6262105   0.14777654  0.33753058 -0.67328143
  0.0444474  -0.22455429  0.1024751  -0.28801451  0.24363435 -0.56361781
 -0.25746187 -0.82926538 -0.48478044 -0.2332428  -0.18522911]
443,[ 0.15966871  0.08843869  0.01280169  0.1091696   0.34618614  0.11446067
 -0.08157672  0.69102915  0.39285246 -0.5486378  -0.05143996 -0.16476362
  0.20273306  0.38800261 -0.32464632  0.19491406 -0.13142233 -0.6343265
  0.12798986  0.11887605 -0.46608395  0.22893078  0.26897034 -0.60808065
  0.01989006  0.40132203 -0.0423406   0.06142142 -0.52094385  0.47200641
  0.61333917  0.5474117   0.61496911  0.23207536 -0.19256546  0.56583522
 -0.14907204  0.4331201  -0.62619807  0.14774478  0.3375377  -0.67322782
  0.04438564 -0.22455956  0.10243861 -0.28802528  0.24367338 -0.56353068
 -0.25751167 -0.82925935 -0.48480067 -0.23323525 -0.18524336]
444,[ 0.15972004  0.08845935  0.01267014  0.10919802  0.34621547  0.11442922
 -0.08153062  0.69098     0.3928017  -0.54861642 -0.05143251 -0.16470848
  0.20270587  0.38805442 -0.32464791  0.19495727 -0.13139496 -0.63431009
  0.12796073  0.11890686 -0.46608844  0.22890326  0.26896107 -0.60812397
  0.0198455   0.40130059 -0.04226059  0.06139468 -0.52097919  0.47207897
  0.61326936  0.54743056  0.6150012   0.2320767  -0.19253838  0.56584283
 -0.14910154  0.43310057 -0.62618566  0.14771306  0.33754481 -0.67317427
  0.04432394 -0.22456482  0.10240216 -0.28803603  0.24371238 -0.56344366
 -0.25756141 -0.82925332 -0.48482088 -0.23322772 -0.18525759]
445,[ 0.15977132  0.08847999  0.01253874  0.1092264   0.34624478  0.1143978
 -0.08148457  0.6909309   0.392751   -0.54859507 -0.05142508 -0.1646534
  0.2026787   0.38810617 -0.3246495   0.19500043 -0.13136761 -0.63429371
  0.12793164  0.11893764 -0.46609293  0.22887578  0.2689518  -0.60816723
  0.019801    0.40127917 -0.04218067  0.06136796 -0.52101448  0.47215144
  0.61319964  0.54744941  0.61503325  0.23207803 -0.19251133  0.56585043
 -0.149131    0.43308106 -0.62617327  0.14768137  0.33755192 -0.67312078
  0.04426232 -0.22457007  0.10236575 -0.28804678  0.24375133 -0.56335673
 -0.2576111  -0.82924729 -0.48484106 -0.23322019 -0.18527181]
446,[ 0.15982254  0.0885006   0.01240749  0.10925474  0.34627405  0.11436642
 -0.08143857  0.69088186  0.39270035 -0.54857374 -0.05141765 -0.16459839
  0.20265157  0.38815787 -0.32465109  0.19504354 -0.1313403  -0.63427734
  0.12790258  0.11896838 -0.46609741  0.22884832  0.26894254 -0.60821044
  0.01975655  0.40125778 -0.04210084  0.06134127 -0.52104974  0.47222384
  0.61312999  0.54746823  0.61506527  0.23207936 -0.19248431  0.56585802
 -0.14916044  0.43306157 -0.62616088  0.14764972  0.33755902 -0.67306735
  0.04420076 -0.22457532  0.10232938 -0.28805751  0.24379024 -0.5632699
 -0.25766073 -0.82924127 -0.48486123 -0.23321267 -0.18528601]
447,[ 0.1598737   0.08852118  0.01227638  0.10928306  0.34630328  0.11433507
 -0.08139262  0.69083287  0.39264977 -0.54855243 -0.05141024 -0.16454343
  0.20262447  0.3882095  -0.32465267  0.1950866  -0.13131301 -0.63426099
  0.12787355  0.11899909 -0.46610189  0.2288209   0.2689333  -0.60825361
  0.01971215  0.4012364  -0.0420211   0.06131461 -0.52108496  0.47229615
  0.61306042  0.54748703  0.61509725  0.23208069 -0.19245732  0.56586561
 -0.14918983  0.4330421  -0.62614852  0.14761811  0.33756611 -0.67301398
  0.04413928 -0.22458056  0.10229305 -0.28806823  0.2438291  -0.56318317
 -0.25771031 -0.82923526 -0.48488137 -0.23320516 -0.18530019]
448,[ 0.1599248   0.08854175  0.01214543  0.10931135  0.34633249  0.11430376
 -0.08134672  0.69078394  0.39259923 -0.54853115 -0.05140283 -0.16448854
  0.20259739  0.38826107 -0.32465426  0.19512961 -0.13128576 -0.63424466
  0.12784456  0.11902976 -0.46610636  0.22879351  0.26892407 -0.60829673
  0.01966779  0.40121506 -0.04194145  0.06128798 -0.52112013  0.47236838
  0.61299092  0.54750581  0.6151292   0.23208201 -0.19243036  0.56587318
 -0.1492192   0.43302266 -0.62613616  0.14758653  0.33757319 -0.67296067
  0.04407786 -0.2245858   0.10225677 -0.28807894  0.24386792 -0.56309653
 -0.25775983 -0.82922926 -0.48490148 -0.23319766 -0.18531436]
449,[ 0.15997585  0.08856229  0.01201462  0.1093396   0.34636166  0.11427248
 -0.08130088  0.69073506  0.39254876 -0.54850989 -0.05139543 -0.16443371
  0.20257035  0.38831259 -0.32465584  0.19517258 -0.13125853 -0.63422835
  0.1278156   0.1190604  -0.46611083  0.22876615  0.26891484 -0.6083398
  0.01962349  0.40119374 -0.04186189  0.06126139 -0.52115527  0.47244053
  0.61292151  0.54752456  0.61516111  0.23208334 -0.19240343  0.56588075
 -0.14924853  0.43300324 -0.62612382  0.14755498  0.33758026 -0.67290742
  0.04401651 -0.22459103  0.10222052 -0.28808964  0.2439067  -0.56301
 -0.2578093  -0.82922326 -0.48492158 -0.23319016 -0.18532851]
450,[ 0.16002684  0.08858281  0.01188395  0.10936782  0.3463908   0.11424124
 -0.08125509  0.69068624  0.39249834 -0.54848866 -0.05138803 -0.16437894
  0.20254334  0.38836405 -0.32465742  0.1952155  -0.13123134 -0.63421206
  0.12778667  0.11909101 -0.46611529  0.22873882  0.26890563 -0.60838282
  0.01957924  0.40117244 -0.04178242  0.06123482 -0.52119037  0.4725126
  0.61285217  0.5475433   0.61519298  0.23208466 -0.19237654  0.56588831
 -0.14927783  0.43298384 -0.62611149  0.14752347  0.33758732 -0.67285423
  0.04395524 -0.22459626  0.10218432 -0.28810032  0.24394543 -0.56292356
 -0.25785871 -0.82921727 -0.48494165 -0.23318268 -0.18534265]
451,[ 0.16007777  0.08860331  0.01175344  0.10939601  0.3464199   0.11421004
 -0.08120935  0.69063748  0.39244798 -0.54846745 -0.05138065 -0.16432424
  0.20251636  0.38841545 -0.324659    0.19525836 -0.13120418 -0.63419578
  0.12775777  0.11912158 -0.46611975  0.22871152  0.26889642 -0.60842579
  0.01953503  0.40115116 -0.04170304  0.06120828 -0.52122543  0.47258458
  0.61278291  0.54756201  0.61522482  0.23208598 -0.19234967  0.56589586
 -0.1493071   0.43296446 -0.62609918  0.147492    0.33759438 -0.6728011
  0.04389403 -0.22460147  0.10214815 -0.288111    0.24398412 -0.56283722
 -0.25790806 -0.82921129 -0.4849617  -0.2331752  -0.18535677]
452,[ 0.16012864  0.08862378  0.01162307  0.10942417  0.34644898  0.11417887
 -0.08116366  0.69058876  0.39239768 -0.54844626 -0.05137327 -0.16426959
  0.20248941  0.3884668  -0.32466057  0.19530118 -0.13117705 -0.63417953
  0.12772891  0.11915212 -0.4661242   0.22868425  0.26888723 -0.60846872
  0.01949088  0.40112991 -0.04162375  0.06118177 -0.52126045  0.47265649
  0.61271373  0.54758071  0.61525662  0.23208731 -0.19232283  0.5659034
 -0.14933633  0.4329451  -0.62608688  0.14746056  0.33760143 -0.67274803
  0.04383289 -0.22460669  0.10211203 -0.28812166  0.24402277 -0.56275097
 -0.25795736 -0.82920531 -0.48498172 -0.23316773 -0.18537087]
453,[ 0.16017946  0.08864423  0.01149285  0.10945229  0.34647802  0.11414773
 -0.08111802  0.69054011  0.39234743 -0.5484251  -0.05136591 -0.16421501
  0.20246249  0.38851808 -0.32466215  0.19534395 -0.13114995 -0.63416329
  0.12770008  0.11918262 -0.46612865  0.22865701  0.26887805 -0.60851159
  0.01944678  0.40110868 -0.04154455  0.06115529 -0.52129543  0.47272831
  0.61264463  0.54759938  0.61528838  0.23208862 -0.19229603  0.56591093
 -0.14936553  0.43292577 -0.6260746   0.14742916  0.33760847 -0.67269502
  0.04377182 -0.22461189  0.10207595 -0.28813231  0.24406137 -0.56266482
 -0.2580066  -0.82919934 -0.48500173 -0.23316027 -0.18538496]
454,[ 0.16023022  0.08866466  0.01136277  0.10948039  0.34650702  0.11411663
 -0.08107243  0.69049151  0.39229724 -0.54840396 -0.05135855 -0.16416049
  0.2024356   0.38856931 -0.32466372  0.19538668 -0.13112288 -0.63414707
  0.12767128  0.11921308 -0.46613309  0.2286298   0.26886888 -0.60855442
  0.01940272  0.40108748 -0.04146544  0.06112885 -0.52133037  0.47280006
  0.61257561  0.54761803  0.61532011  0.23208994 -0.19226925  0.56591845
 -0.1493947   0.43290646 -0.62606232  0.14739779  0.33761551 -0.67264207
  0.04371081 -0.2246171   0.1020399  -0.28814294  0.24409993 -0.56257877
 -0.25805579 -0.82919338 -0.48502171 -0.23315282 -0.18539903]
455,[ 0.16028092  0.08868506  0.01123284  0.10950845  0.346536    0.11408556
 -0.08102689  0.69044296  0.39224711 -0.54838285 -0.0513512  -0.16410603
  0.20240874  0.38862048 -0.32466529  0.19542935 -0.13109584 -0.63413087
  0.12764251  0.11924352 -0.46613753  0.22860263  0.26885971 -0.6085972
  0.01935872  0.4010663  -0.04138642  0.06110243 -0.52136527  0.47287172
  0.61250666  0.54763666  0.61535181  0.23209126 -0.1922425   0.56592597
 -0.14942383  0.43288716 -0.62605007  0.14736646  0.33762253 -0.67258918
  0.04364988 -0.22462229  0.1020039  -0.28815357  0.24413844 -0.56249282
 -0.25810492 -0.82918742 -0.48504167 -0.23314538 -0.18541309]
456,[ 0.16033157  0.08870544  0.01110306  0.10953648  0.34656494  0.11405453
 -0.08098141  0.69039447  0.39219703 -0.54836176 -0.05134385 -0.16405163
  0.20238191  0.38867159 -0.32466686  0.19547198 -0.13106883 -0.63411468
  0.12761378  0.11927392 -0.46614196  0.22857548  0.26885056 -0.60863993
  0.01931476  0.40104515 -0.04130748  0.06107604 -0.52140013  0.4729433
  0.61243779  0.54765527  0.61538347  0.23209257 -0.19221579  0.56593348
 -0.14945294  0.43286789 -0.62603782  0.14733516  0.33762955 -0.67253635
  0.04358901 -0.22462748  0.10196794 -0.28816418  0.24417691 -0.56240696
 -0.258154   -0.82918147 -0.48506161 -0.23313794 -0.18542713]
457,[ 0.16038215  0.0887258   0.01097342  0.10956448  0.34659385  0.11402354
 -0.08093598  0.69034603  0.39214701 -0.54834069 -0.05133652 -0.16399729
  0.20235511  0.38872265 -0.32466843  0.19551456 -0.13104185 -0.63409852
  0.12758508  0.11930428 -0.46614638  0.22854837  0.26884142 -0.60868261
  0.01927086  0.40102402 -0.04122864  0.06104968 -0.52143495  0.4730148
  0.612369    0.54767386  0.61541509  0.23209389 -0.1921891   0.56594097
 -0.14948201  0.43284865 -0.62602559  0.1473039   0.33763656 -0.67248358
  0.04352822 -0.22463266  0.10193202 -0.28817478  0.24421534 -0.5623212
 -0.25820302 -0.82917553 -0.48508152 -0.23313052 -0.18544116]
458,[ 0.16043269  0.08874613  0.01084393  0.10959245  0.34662273  0.11399257
 -0.08089059  0.69029765  0.39209705 -0.54831965 -0.05132919 -0.16394301
  0.20232834  0.38877365 -0.32466999  0.19555709 -0.1310149  -0.63408237
  0.12755641  0.11933461 -0.46615081  0.22852128  0.26883229 -0.60872525
  0.019227    0.40100291 -0.04114988  0.06102335 -0.52146973  0.47308622
  0.61230029  0.54769243  0.61544668  0.2320952  -0.19216245  0.56594846
 -0.14951104  0.43282942 -0.62601338  0.14727268  0.33764356 -0.67243087
  0.04346749 -0.22463784  0.10189614 -0.28818537  0.24425372 -0.56223554
 -0.25825199 -0.82916959 -0.48510141 -0.2331231  -0.18545517]
459,[ 0.16048316  0.08876644  0.01071459  0.10962039  0.34665157  0.11396165
 -0.08084526  0.69024932  0.39204714 -0.54829863 -0.05132187 -0.1638888
  0.20230161  0.38882459 -0.32467156  0.19559957 -0.13098798 -0.63406624
  0.12752777  0.11936491 -0.46615522  0.22849423  0.26882317 -0.60876783
  0.01918319  0.40098182 -0.04107121  0.06099705 -0.52150448  0.47315756
  0.61223165  0.54771098  0.61547823  0.23209651 -0.19213582  0.56595595
 -0.14954005  0.43281022 -0.62600117  0.14724149  0.33765055 -0.67237822
  0.04340683 -0.22464301  0.1018603  -0.28819595  0.24429207 -0.56214997
 -0.2583009  -0.82916366 -0.48512128 -0.23311569 -0.18546916]
460,[ 0.16053358  0.08878673  0.01058539  0.10964829  0.34668038  0.11393076
 -0.08079998  0.69020104  0.39199729 -0.54827764 -0.05131456 -0.16383464
  0.2022749   0.38887547 -0.32467312  0.19564201 -0.1309611  -0.63405013
  0.12749916  0.11939517 -0.46615963  0.2284672   0.26881406 -0.60881037
  0.01913944  0.40096076 -0.04099263  0.06097078 -0.52153918  0.47322882
  0.61216309  0.54772951  0.61550975  0.23209782 -0.19210922  0.56596342
 -0.14956902  0.43279103 -0.62598898  0.14721033  0.33765754 -0.67232562
  0.04334624 -0.22464818  0.1018245  -0.28820651  0.24433036 -0.5620645
 -0.25834976 -0.82915774 -0.48514113 -0.23310829 -0.18548314]
461,[ 0.16058394  0.088807    0.01045633  0.10967616  0.34670916  0.1138999
 -0.08075476  0.69015282  0.39194749 -0.54825666 -0.05130726 -0.16378055
  0.20224822  0.3889263  -0.32467468  0.1956844  -0.13093424 -0.63403404
  0.12747059  0.1194254  -0.46616404  0.22844021  0.26880496 -0.60885286
  0.01909573  0.40093973 -0.04091414  0.06094454 -0.52157385  0.4733
  0.61209461  0.54774801  0.61554123  0.23209913 -0.19208266  0.56597088
 -0.14959795  0.43277187 -0.62597681  0.14717921  0.33766452 -0.67227309
  0.04328571 -0.22465334  0.10178874 -0.28821707  0.24436862 -0.56197912
 -0.25839856 -0.82915182 -0.48516095 -0.23310089 -0.1854971 ]
462,[ 0.16063424  0.08882724  0.01032743  0.10970401  0.34673791  0.11386908
 -0.08070958  0.69010466  0.39189775 -0.54823572 -0.05129997 -0.16372652
  0.20222157  0.38897707 -0.32467624  0.19572674 -0.13090741 -0.63401797
  0.12744205  0.11945559 -0.46616844  0.22841325  0.26879587 -0.60889531
  0.01905207  0.40091872 -0.04083574  0.06091833 -0.52160847  0.4733711
  0.6120262   0.5477665   0.61557267  0.23210043 -0.19205612  0.56597834
 -0.14962686  0.43275273 -0.62596465  0.14714812  0.33767149 -0.67222062
  0.04322526 -0.2246585   0.10175303 -0.28822761  0.24440683 -0.56189385
 -0.25844731 -0.82914591 -0.48518076 -0.23309351 -0.18551105]
463,[ 0.16068449  0.08884746  0.01019866  0.10973182  0.34676662  0.11383829
 -0.08066445  0.69005655  0.39184807 -0.54821479 -0.05129268 -0.16367255
  0.20219495  0.38902778 -0.32467779  0.19576903 -0.13088061 -0.63400191
  0.12741354  0.11948575 -0.46617284  0.22838631  0.26878679 -0.6089377
  0.01900846  0.40089773 -0.04075743  0.06089214 -0.52164306  0.47344212
  0.61195788  0.54778496  0.61560408  0.23210174 -0.19202961  0.56598579
 -0.14965573  0.43273361 -0.6259525   0.14711707  0.33767845 -0.6721682
  0.04316487 -0.22466364  0.10171735 -0.28823814  0.244445   -0.56180866
 -0.258496   -0.82914001 -0.48520054 -0.23308613 -0.18552498]
464,[ 0.16073468  0.08886766  0.01007005  0.1097596   0.34679531  0.11380754
 -0.08061937  0.69000849  0.39179844 -0.54819389 -0.05128541 -0.16361863
  0.20216836  0.38907843 -0.32467935  0.19581127 -0.13085385 -0.63398587
  0.12738507  0.11951588 -0.46617723  0.22835941  0.26877772 -0.60898005
  0.0189649   0.40087676 -0.0406792   0.06086599 -0.52167761  0.47351306
  0.61188963  0.5478034   0.61563546  0.23210304 -0.19200314  0.56599323
 -0.14968457  0.43271452 -0.62594037  0.14708606  0.33768541 -0.67211584
  0.04310455 -0.22466879  0.10168171 -0.28824865  0.24448313 -0.56172358
 -0.25854463 -0.82913411 -0.48522029 -0.23307876 -0.18553889]
465,[ 0.16078481  0.08888783  0.00994157  0.10978735  0.34682396  0.11377682
 -0.08057435  0.68996049  0.39174887 -0.54817301 -0.05127814 -0.16356478
  0.2021418   0.38912903 -0.3246809   0.19585347 -0.13082711 -0.63396985
  0.12735662  0.11954597 -0.46618162  0.22833254  0.26876866 -0.60902235
  0.01892139  0.40085582 -0.04060106  0.06083987 -0.52171212  0.47358392
  0.61182145  0.54782182  0.6156668   0.23210434 -0.19197669  0.56600066
 -0.14971338  0.43269544 -0.62592825  0.14705508  0.33769235 -0.67206355
  0.0430443  -0.22467392  0.10164611 -0.28825916  0.24452121 -0.56163859
 -0.25859322 -0.82912822 -0.48524003 -0.2330714  -0.18555279]
466,[ 0.16083489  0.08890799  0.00981324  0.10981506  0.34685258  0.11374614
 -0.08052937  0.68991254  0.39169935 -0.54815216 -0.05127088 -0.16351099
  0.20211528  0.38917957 -0.32468245  0.19589562 -0.1308004  -0.63395385
  0.12732821  0.11957603 -0.466186    0.2283057   0.26875961 -0.6090646
  0.01887793  0.4008349  -0.04052301  0.06081378 -0.52174659  0.4736547
  0.61175335  0.54784023  0.6156981   0.23210564 -0.19195027  0.56600808
 -0.14974216  0.43267639 -0.62591614  0.14702413  0.33769929 -0.67201131
  0.04298412 -0.22467906  0.10161055 -0.28826965  0.24455925 -0.56155369
 -0.25864174 -0.82912234 -0.48525974 -0.23306405 -0.18556667]
467,[ 0.16088491  0.08892812  0.00968506  0.10984275  0.34688116  0.11371549
 -0.08048445  0.68986464  0.39164989 -0.54813133 -0.05126363 -0.16345727
  0.20208878  0.38923005 -0.324684    0.19593772 -0.13077373 -0.63393787
  0.12729983  0.11960605 -0.46619038  0.22827888  0.26875057 -0.60910681
  0.01883451  0.40081401 -0.04044505  0.06078771 -0.52178102  0.4737254
  0.61168533  0.54785861  0.61572937  0.23210694 -0.19192389  0.5660155
 -0.1497709   0.43265736 -0.62590405  0.14699322  0.33770622 -0.67195913
  0.042924   -0.22468418  0.10157504 -0.28828014  0.24459725 -0.56146889
 -0.25869022 -0.82911646 -0.48527943 -0.23305671 -0.18558054]
468,[ 0.16093488  0.08894822  0.00955702  0.1098704   0.34690971  0.11368487
 -0.08043958  0.6898168   0.39160049 -0.54811052 -0.05125638 -0.1634036
  0.20206231  0.38928048 -0.32468555  0.19597978 -0.13074708 -0.6339219
  0.12727148  0.11963604 -0.46619475  0.2282521   0.26874154 -0.60914896
  0.01879115  0.40079314 -0.04036718  0.06076168 -0.52181542  0.47379602
  0.61161739  0.54787697  0.61576061  0.23210824 -0.19189753  0.5660229
 -0.14979961  0.43263835 -0.62589197  0.14696234  0.33771315 -0.67190701
  0.04286396 -0.2246893   0.10153956 -0.28829061  0.2446352  -0.56138419
 -0.25873863 -0.82911059 -0.4852991  -0.23304938 -0.1855944 ]
469,[ 0.16098479  0.08896831  0.00942912  0.10989803  0.34693824  0.11365429
 -0.08039475  0.68976902  0.39155114 -0.54808974 -0.05124915 -0.16334999
  0.20203587  0.38933085 -0.3246871   0.19602178 -0.13072046 -0.63390595
  0.12724317  0.119666   -0.46619912  0.22822535  0.26873252 -0.60919107
  0.01874783  0.40077229 -0.04028939  0.06073567 -0.52184977  0.47386656
  0.61154952  0.54789531  0.6157918   0.23210953 -0.1918712   0.5660303
 -0.14982829  0.43261936 -0.6258799   0.1469315   0.33772006 -0.67185494
  0.04280398 -0.22469442  0.10150412 -0.28830106  0.24467312 -0.56129958
 -0.258787   -0.82910473 -0.48531875 -0.23304205 -0.18560823]
470,[ 0.16103464  0.08898837  0.00930137  0.10992562  0.34696673  0.11362375
 -0.08034998  0.68972128  0.39150185 -0.54806897 -0.05124192 -0.16329644
  0.20200946  0.38938116 -0.32468864  0.19606374 -0.13069388 -0.63389002
  0.12721488  0.11969592 -0.46620348  0.22819863  0.26872351 -0.60923314
  0.01870456  0.40075146 -0.04021169  0.0607097  -0.52188409  0.47393703
  0.61148173  0.54791363  0.61582297  0.23211083 -0.1918449   0.56603769
 -0.14985694  0.43260039 -0.62586785  0.14690069  0.33772697 -0.67180294
  0.04274406 -0.22469952  0.10146872 -0.28831151  0.24471099 -0.56121506
 -0.25883531 -0.82909887 -0.48533837 -0.23303473 -0.18562205]
471,[ 0.16108444  0.08900841  0.00917376  0.10995318  0.34699518  0.11359324
 -0.08030526  0.6896736   0.39145261 -0.54804824 -0.0512347  -0.16324295
  0.20198308  0.38943142 -0.32469018  0.19610566 -0.13066732 -0.63387411
  0.12718663  0.11972581 -0.46620784  0.22817194  0.26871451 -0.60927515
  0.01866135  0.40073066 -0.04013408  0.06068375 -0.52191836  0.47400741
  0.61141402  0.54793192  0.6158541   0.23211212 -0.19181864  0.56604507
 -0.14988555  0.43258144 -0.62585581  0.14686992  0.33773387 -0.67175099
  0.04268422 -0.22470463  0.10143336 -0.28832195  0.24474881 -0.56113065
 -0.25888356 -0.82909302 -0.48535798 -0.23302742 -0.18563586]
472,[ 0.16113418  0.08902842  0.0090463   0.10998071  0.34702361  0.11356276
 -0.08026059  0.68962598  0.39140343 -0.54802752 -0.05122749 -0.16318953
  0.20195673  0.38948162 -0.32469172  0.19614752 -0.13064079 -0.63385822
  0.12715841  0.11975567 -0.46621219  0.22814528  0.26870553 -0.60931712
  0.01861818  0.40070989 -0.04005656  0.06065783 -0.5219526   0.47407771
  0.61134638  0.5479502   0.61588519  0.23211341 -0.1917924   0.56605244
 -0.14991414  0.43256252 -0.62584379  0.14683918  0.33774076 -0.67169911
  0.04262444 -0.22470972  0.10139805 -0.28833237  0.2447866  -0.56104632
 -0.25893176 -0.82908718 -0.48537756 -0.23302012 -0.18564965]
473,[ 0.16118386  0.08904842  0.00891898  0.11000821  0.347052    0.11353232
 -0.08021597  0.68957841  0.3913543  -0.54800683 -0.05122028 -0.16313616
  0.20193041  0.38953176 -0.32469326  0.19618934 -0.1306143  -0.63384234
  0.12713022  0.11978549 -0.46621654  0.22811865  0.26869655 -0.60935904
  0.01857506  0.40068913 -0.03997912  0.06063194 -0.5219868   0.47414793
  0.61127882  0.54796846  0.61591625  0.2321147  -0.19176619  0.56605981
 -0.14994268  0.43254361 -0.62583177  0.14680848  0.33774765 -0.67164728
  0.04256473 -0.22471481  0.10136277 -0.28834278  0.24482434 -0.5609621
 -0.25897991 -0.82908134 -0.48539711 -0.23301282 -0.18566342]
474,[ 0.16123349  0.08906839  0.0087918   0.11003568  0.34708036  0.11350191
 -0.0801714   0.68953089  0.39130523 -0.54798617 -0.05121309 -0.16308285
  0.20190412  0.38958185 -0.3246948   0.19623111 -0.13058783 -0.63382648
  0.12710206  0.11981528 -0.46622088  0.22809205  0.26868758 -0.60940091
  0.01853198  0.4006684  -0.03990177  0.06060608 -0.52202096  0.47421808
  0.61121133  0.54798669  0.61594727  0.23211599 -0.19174001  0.56606716
 -0.1499712   0.43252473 -0.62581978  0.14677781  0.33775452 -0.67159551
  0.04250509 -0.2247199   0.10132753 -0.28835318  0.24486204 -0.56087796
 -0.259028   -0.82907551 -0.48541665 -0.23300554 -0.18567718]
475,[ 0.16128306  0.08908834  0.00866477  0.11006312  0.34710869  0.11347154
 -0.08012687  0.68948342  0.39125621 -0.54796552 -0.0512059  -0.16302961
  0.20187786  0.38963188 -0.32469634  0.19627284 -0.13056139 -0.63381064
  0.12707394  0.11984503 -0.46622522  0.22806547  0.26867862 -0.60944274
  0.01848896  0.40064769 -0.03982451  0.06058025 -0.52205509  0.47428815
  0.61114392  0.54800491  0.61597826  0.23211728 -0.19171386  0.56607451
 -0.14999969  0.43250587 -0.62580779  0.14674718  0.33776139 -0.6715438
  0.04244551 -0.22472498  0.10129233 -0.28836357  0.24489969 -0.56079392
 -0.25907604 -0.82906969 -0.48543617 -0.23299826 -0.18569093]
476,[ 0.16133258  0.08910827  0.00853788  0.11009052  0.34713699  0.1134412
 -0.0800824   0.68943601  0.39120725 -0.5479449  -0.05119872 -0.16297642
  0.20185163  0.38968185 -0.32469787  0.19631451 -0.13053498 -0.63379482
  0.12704584  0.11987476 -0.46622955  0.22803893  0.26866967 -0.60948452
  0.01844598  0.40062701 -0.03974733  0.06055445 -0.52208917  0.47435813
  0.61107658  0.54802311  0.61600921  0.23211856 -0.19168774  0.56608185
 -0.15002814  0.43248703 -0.62579582  0.14671658  0.33776825 -0.67149214
  0.042386   -0.22473005  0.10125717 -0.28837394  0.24493731 -0.56070998
 -0.25912402 -0.82906387 -0.48545566 -0.23299099 -0.18570465]
477,[ 0.16138204  0.08912817  0.00841113  0.1101179   0.34716525  0.11341089
 -0.08003798  0.68938865  0.39115834 -0.54792431 -0.05119155 -0.16292329
  0.20182543  0.38973177 -0.3246994   0.19635614 -0.13050861 -0.63377901
  0.12701778  0.11990444 -0.46623388  0.22801242  0.26866074 -0.60952625
  0.01840306  0.40060635 -0.03967025  0.06052868 -0.52212322  0.47442804
  0.61100933  0.54804128  0.61604013  0.23211985 -0.19166165  0.56608918
 -0.15005656  0.43246821 -0.62578386  0.14668602  0.33777511 -0.67144055
  0.04232656 -0.22473512  0.10122205 -0.28838431  0.24497488 -0.56062613
 -0.25917195 -0.82905806 -0.48547513 -0.23298373 -0.18571837]
478,[ 0.16143144  0.08914805  0.00828453  0.11014524  0.34719349  0.11338062
 -0.07999361  0.68934135  0.39110949 -0.54790373 -0.05118439 -0.16287022
  0.20179925  0.38978163 -0.32470093  0.19639773 -0.13048226 -0.63376323
  0.12698975  0.1199341  -0.4662382   0.22798594  0.26865181 -0.60956793
  0.01836018  0.40058571 -0.03959324  0.06050294 -0.52215723  0.47449787
  0.61094214  0.54805943  0.61607101  0.23212113 -0.19163558  0.56609651
 -0.15008495  0.43244941 -0.62577192  0.14665549  0.33778195 -0.67138901
  0.04226718 -0.22474018  0.10118697 -0.28839466  0.24501241 -0.56054237
 -0.25921982 -0.82905226 -0.48549458 -0.23297648 -0.18573206]
479,[ 0.16148079  0.08916791  0.00815806  0.11017256  0.34722169  0.11335038
 -0.07994929  0.6892941   0.3910607  -0.54788318 -0.05117723 -0.16281722
  0.20177311  0.38983143 -0.32470246  0.19643927 -0.13045594 -0.63374746
  0.12696175  0.11996372 -0.46624252  0.22795949  0.26864289 -0.60960957
  0.01831735  0.4005651  -0.03951633  0.06047722 -0.5221912   0.47456762
  0.61087504  0.54807757  0.61610186  0.23212241 -0.19160955  0.56610382
 -0.15011331  0.43243064 -0.62575999  0.14662499  0.33778879 -0.67133753
  0.04220788 -0.22474524  0.10115193 -0.288405    0.2450499  -0.56045871
 -0.25926765 -0.82904646 -0.485514   -0.23296923 -0.18574575]
480,[ 0.16153009  0.08918775  0.00803174  0.11019984  0.34724986  0.11332018
 -0.07990502  0.6892469   0.39101196 -0.54786265 -0.05117009 -0.16276427
  0.201747    0.38988118 -0.32470399  0.19648075 -0.13042965 -0.6337317
  0.12693378  0.11999331 -0.46624684  0.22793307  0.26863398 -0.60965116
  0.01827457  0.40054451 -0.0394395   0.06045154 -0.52222513  0.47463729
  0.610808    0.54809568  0.61613268  0.23212369 -0.19158355  0.56611113
 -0.15014164  0.43241188 -0.62574807  0.14659453  0.33779562 -0.67128611
  0.04214864 -0.22475029  0.10111693 -0.28841533  0.24508734 -0.56037515
 -0.25931541 -0.82904067 -0.48553341 -0.232962   -0.18575941]
481,[ 0.16157932  0.08920756  0.00790556  0.11022709  0.347278    0.11329001
 -0.0798608   0.68919975  0.39096327 -0.54784215 -0.05116295 -0.16271138
  0.20172091  0.38993088 -0.32470552  0.1965222  -0.13040339 -0.63371597
  0.12690585  0.12002286 -0.46625114  0.22790667  0.26862509 -0.60969271
  0.01823183  0.40052394 -0.03936276  0.06042588 -0.52225902  0.47470689
  0.61074105  0.54811378  0.61616346  0.23212497 -0.19155757  0.56611842
 -0.15016993  0.43239315 -0.62573617  0.1465641   0.33780244 -0.67123475
  0.04208946 -0.22475534  0.10108197 -0.28842565  0.24512475 -0.56029168
 -0.25936313 -0.82903488 -0.48555279 -0.23295477 -0.18577306]
482,[ 0.16162851  0.08922735  0.00777953  0.11025431  0.3473061   0.11325988
 -0.07981663  0.68915266  0.39091464 -0.54782167 -0.05115582 -0.16265855
  0.20169486  0.38998051 -0.32470704  0.19656359 -0.13037716 -0.63370025
  0.12687794  0.12005238 -0.46625545  0.22788031  0.2686162  -0.6097342
  0.01818915  0.4005034  -0.0392861   0.06040026 -0.52229288  0.4747764
  0.61067417  0.54813185  0.6161942   0.23212624 -0.19153163  0.56612572
 -0.15019819  0.43237443 -0.62572428  0.14653371  0.33780926 -0.67118344
  0.04203035 -0.22476038  0.10104704 -0.28843596  0.24516211 -0.5602083
 -0.25941079 -0.8290291  -0.48557215 -0.23294755 -0.1857867 ]
483,[ 0.16167764  0.08924712  0.00765364  0.11028151  0.34733418  0.11322978
 -0.07977251  0.68910562  0.39086606 -0.54780121 -0.0511487  -0.16260578
  0.20166883  0.3900301  -0.32470856  0.19660494 -0.13035096 -0.63368456
  0.12685007  0.12008187 -0.46625975  0.22785398  0.26860732 -0.60977565
  0.01814651  0.40048287 -0.03920953  0.06037466 -0.52232669  0.47484584
  0.61060736  0.5481499   0.61622491  0.23212752 -0.19150571  0.566133
 -0.15022642  0.43235574 -0.6257124   0.14650335  0.33781607 -0.6711322
  0.04197131 -0.22476541  0.10101216 -0.28844625  0.24519943 -0.56012501
 -0.25945839 -0.82902333 -0.48559149 -0.23294034 -0.18580032]
484,[ 0.16172671  0.08926687  0.00752788  0.11030867  0.34736222  0.11319971
 -0.07972843  0.68905863  0.39081754 -0.54778077 -0.05114158 -0.16255307
  0.20164284  0.39007962 -0.32471008  0.19664625 -0.13032479 -0.63366888
  0.12682223  0.12011133 -0.46626404  0.22782768  0.26859845 -0.60981706
  0.01810392  0.40046238 -0.03913305  0.06034909 -0.52236047  0.4749152
  0.61054063  0.54816793  0.61625559  0.23212879 -0.19147983  0.56614027
 -0.15025462  0.43233707 -0.62570054  0.14647302  0.33782286 -0.67108101
  0.04191234 -0.22477044  0.10097732 -0.28845653  0.2452367  -0.56004182
 -0.25950595 -0.82901757 -0.48561081 -0.23293313 -0.18581392]
485,[ 0.16177572  0.0892866   0.00740227  0.1103358   0.34739023  0.11316967
 -0.07968441  0.6890117   0.39076907 -0.54776036 -0.05113447 -0.16250042
  0.20161687  0.39012909 -0.3247116   0.1966875  -0.13029865 -0.63365321
  0.12679442  0.12014075 -0.46626833  0.2278014   0.2685896  -0.60985842
  0.01806138  0.4004419  -0.03905666  0.06032355 -0.52239421  0.47498448
  0.61047398  0.54818594  0.61628623  0.23213007 -0.19145397  0.56614754
 -0.15028279  0.43231842 -0.62568869  0.14644273  0.33782966 -0.67102987
  0.04185343 -0.22477546  0.10094251 -0.28846681  0.24527394 -0.55995872
 -0.25955345 -0.82901181 -0.4856301  -0.23292594 -0.18582751]
486,[ 0.16182469  0.0893063   0.0072768   0.1103629   0.34741821  0.11313968
 -0.07964044  0.68896482  0.39072066 -0.54773997 -0.05112738 -0.16244783
  0.20159093  0.3901785  -0.32471312  0.19672872 -0.13027254 -0.63363757
  0.12676664  0.12017014 -0.46627262  0.22777516  0.26858075 -0.60989973
  0.01801888  0.40042145 -0.03898034  0.06029804 -0.52242791  0.47505368
  0.6104074   0.54820394  0.61631684  0.23213134 -0.19142814  0.56615479
 -0.15031092  0.43229979 -0.62567685  0.14641248  0.33783644 -0.6709788
  0.04179459 -0.22478048  0.10090775 -0.28847707  0.24531113 -0.55987572
 -0.25960089 -0.82900606 -0.48564938 -0.23291875 -0.18584109]
487,[ 0.16187359  0.08932598  0.00715148  0.11038997  0.34744616  0.11310971
 -0.07959652  0.68891799  0.3906723  -0.5477196  -0.05112028 -0.1623953
  0.20156502  0.39022786 -0.32471463  0.19676988 -0.13024646 -0.63362194
  0.12673889  0.12019949 -0.46627689  0.22774895  0.26857191 -0.60994099
  0.01797644  0.40040102 -0.03890412  0.06027255 -0.52246158  0.47512281
  0.61034089  0.54822191  0.61634741  0.23213261 -0.19140234  0.56616204
 -0.15033902  0.43228118 -0.62566502  0.14638225  0.33784322 -0.67092778
  0.04173581 -0.22478549  0.10087302 -0.28848732  0.24534828 -0.55979281
 -0.25964829 -0.82900031 -0.48566863 -0.23291157 -0.18585465]
488,[ 0.16192244  0.08934564  0.00702629  0.110417    0.34747408  0.11307978
 -0.07955264  0.68887122  0.390624   -0.54769926 -0.0511132  -0.16234283
  0.20153915  0.39027717 -0.32471615  0.196811   -0.13022041 -0.63360633
  0.12671118  0.12022881 -0.46628117  0.22772276  0.26856308 -0.60998221
  0.01793404  0.40038061 -0.03882798  0.0602471  -0.52249521  0.47519185
  0.61027446  0.54823986  0.61637795  0.23213388 -0.19137657  0.56616928
 -0.15036709  0.4322626  -0.62565321  0.14635207  0.33784999 -0.67087682
  0.0416771  -0.2247905   0.10083833 -0.28849755  0.24538539 -0.55970999
 -0.25969562 -0.82899457 -0.48568786 -0.2329044  -0.18586819]
489,[ 0.16197124  0.08936528  0.00690124  0.11044401  0.34750197  0.11304988
 -0.07950882  0.6888245   0.39057575 -0.54767894 -0.05110613 -0.16229041
  0.2015133   0.39032641 -0.32471766  0.19685207 -0.13019438 -0.63359074
  0.12668349  0.1202581  -0.46628544  0.2276966   0.26855426 -0.61002338
  0.01789169  0.40036023 -0.03875193  0.06022167 -0.5225288   0.47526082
  0.61020811  0.54825779  0.61640845  0.23213514 -0.19135083  0.56617652
 -0.15039513  0.43224403 -0.62564142  0.14632191  0.33785675 -0.67082592
  0.04161846 -0.2247955   0.10080368 -0.28850778  0.24542246 -0.55962727
 -0.25974291 -0.82898884 -0.48570707 -0.23289723 -0.18588172]
490,[ 0.16201998  0.08938489  0.00677634  0.11047099  0.34752982  0.11302001
 -0.07946504  0.68877783  0.39052755 -0.54765864 -0.05109906 -0.16223806
  0.20148747  0.3903756  -0.32471917  0.19689309 -0.13016839 -0.63357516
  0.12665584  0.12028736 -0.46628971  0.22767048  0.26854546 -0.61006451
  0.01784938  0.40033987 -0.03867596  0.06019627 -0.52256235  0.47532971
  0.61014183  0.5482757   0.61643892  0.23213641 -0.19132512  0.56618374
 -0.15042314  0.43222548 -0.62562963  0.14629179  0.3378635  -0.67077507
  0.04155988 -0.22480049  0.10076908 -0.28851799  0.24545948 -0.55954464
 -0.25979014 -0.82898311 -0.48572626 -0.23289008 -0.18589523]
491,[ 0.16206867  0.08940448  0.00665157  0.11049794  0.34755764  0.11299018
 -0.07942132  0.68873121  0.39047941 -0.54763837 -0.051092   -0.16218576
  0.20146168  0.39042474 -0.32472068  0.19693407 -0.13014242 -0.6335596
  0.12662821  0.12031658 -0.46629397  0.22764438  0.26853666 -0.61010558
  0.01780713  0.40031953 -0.03860008  0.06017091 -0.52259586  0.47539853
  0.61007562  0.54829359  0.61646935  0.23213767 -0.19129944  0.56619096
 -0.15045112  0.43220696 -0.62561786  0.1462617   0.33787025 -0.67072429
  0.04150137 -0.22480548  0.10073451 -0.28852819  0.24549647 -0.5594621
 -0.25983732 -0.82897739 -0.48574542 -0.23288293 -0.18590873]
492,[ 0.1621173   0.08942405  0.00652695  0.11052485  0.34758543  0.11296039
 -0.07937764  0.68868464  0.39043133 -0.54761811 -0.05108495 -0.16213353
  0.20143592  0.39047382 -0.32472218  0.196975   -0.13011649 -0.63354406
  0.12660062  0.12034577 -0.46629822  0.22761832  0.26852787 -0.61014662
  0.01776492  0.40029922 -0.03852428  0.06014557 -0.52262934  0.47546727
  0.61000949  0.54831146  0.61649975  0.23213893 -0.19127378  0.56619817
 -0.15047906  0.43218846 -0.62560611  0.14623165  0.33787699 -0.67067356
  0.04144292 -0.22481046  0.10069997 -0.28853838  0.24553341 -0.55937966
 -0.25988445 -0.82897168 -0.48576457 -0.23287579 -0.18592221]
493,[ 0.16216588  0.0894436   0.00640247  0.11055174  0.34761319  0.11293062
 -0.07933402  0.68863813  0.39038329 -0.54759788 -0.05107791 -0.16208135
  0.20141019  0.39052285 -0.32472369  0.19701589 -0.13009058 -0.63352854
  0.12657306  0.12037493 -0.46630247  0.22759228  0.26851909 -0.6101876
  0.01772276  0.40027893 -0.03844857  0.06012025 -0.52266277  0.47553592
  0.60994343  0.54832931  0.61653012  0.2321402  -0.19124816  0.56620537
 -0.15050698  0.43216997 -0.62559436  0.14620163  0.33788372 -0.67062288
  0.04138454 -0.22481544  0.10066548 -0.28854856  0.24557031 -0.55929731
 -0.25993152 -0.82896597 -0.48578369 -0.23286866 -0.18593568]
494,[ 0.1622144   0.08946313  0.00627812  0.1105786   0.34764092  0.11290089
 -0.07929044  0.68859167  0.39033532 -0.54757768 -0.05107087 -0.16202923
  0.20138448  0.39057182 -0.32472519  0.19705673 -0.1300647  -0.63351304
  0.12654553  0.12040406 -0.46630672  0.22756627  0.26851032 -0.61022854
  0.01768065  0.40025866 -0.03837295  0.06009497 -0.52269617  0.47560451
  0.60987745  0.54834714  0.61656045  0.23214146 -0.19122256  0.56621256
 -0.15053486  0.43215151 -0.62558263  0.14617165  0.33789044 -0.67057227
  0.04132623 -0.22482041  0.10063103 -0.28855873  0.24560717 -0.55921505
 -0.25997854 -0.82896027 -0.48580279 -0.23286154 -0.18594913]
495,[ 0.16226287  0.08948263  0.00615392  0.11060542  0.34766862  0.11287119
 -0.07924691  0.68854527  0.39028739 -0.54755749 -0.05106385 -0.16197717
  0.20135881  0.39062073 -0.32472669  0.19709753 -0.13003886 -0.63349755
  0.12651803  0.12043315 -0.46631096  0.22754029  0.26850157 -0.61026944
  0.01763858  0.40023841 -0.0382974   0.06006972 -0.52272954  0.47567301
  0.60981154  0.54836495  0.61659075  0.23214271 -0.19119699  0.56621974
 -0.15056271  0.43213307 -0.62557091  0.1461417   0.33789716 -0.67052171
  0.04126798 -0.22482538  0.10059661 -0.28856889  0.24564399 -0.55913288
 -0.26002551 -0.82895458 -0.48582187 -0.23285442 -0.18596257]
496,[ 0.16231128  0.08950212  0.00602986  0.11063222  0.34769629  0.11284153
 -0.07920343  0.68849891  0.39023952 -0.54753733 -0.05105683 -0.16192517
  0.20133316  0.39066959 -0.32472819  0.19713827 -0.13001304 -0.63348208
  0.12649057  0.12046221 -0.4663152   0.22751434  0.26849282 -0.61031028
  0.01759656  0.40021819 -0.03822195  0.06004449 -0.52276286  0.47574144
  0.60974571  0.54838274  0.61662101  0.23214397 -0.19117145  0.56622692
 -0.15059053  0.43211465 -0.62555921  0.14611178  0.33790387 -0.6704712
  0.0412098  -0.22483034  0.10056224 -0.28857903  0.24568076 -0.55905081
 -0.26007242 -0.82894889 -0.48584093 -0.23284732 -0.18597599]
497,[ 0.16235964  0.08952158  0.00590593  0.11065898  0.34772392  0.1128119
 -0.07916     0.68845261  0.3901917  -0.54751719 -0.05104982 -0.16187322
  0.20130754  0.3907184  -0.32472969  0.19717898 -0.12998725 -0.63346663
  0.12646313  0.12049123 -0.46631943  0.22748842  0.26848408 -0.61035109
  0.01755459  0.40019799 -0.03814658  0.06001929 -0.52279615  0.47580979
  0.60967995  0.54840051  0.61665124  0.23214523 -0.19114594  0.56623409
 -0.15061832  0.43209625 -0.62554752  0.1460819   0.33791057 -0.67042076
  0.04115168 -0.2248353   0.1005279  -0.28858917  0.2457175  -0.55896883
 -0.26011928 -0.82894321 -0.48585997 -0.23284022 -0.1859894 ]
498,[ 0.16240795  0.08954101  0.00578215  0.11068572  0.34775153  0.1127823
 -0.07911662  0.68840636  0.39014394 -0.54749708 -0.05104281 -0.16182134
  0.20128195  0.39076715 -0.32473119  0.19721963 -0.12996149 -0.63345119
  0.12643572  0.12052023 -0.46632365  0.22746253  0.26847535 -0.61039184
  0.01751267  0.40017781 -0.03807129  0.05999412 -0.5228294   0.47587806
  0.60961426  0.54841826  0.61668144  0.23214648 -0.19112046  0.56624125
 -0.15064607  0.43207787 -0.62553584  0.14605205  0.33791726 -0.67037037
  0.04109363 -0.22484025  0.1004936  -0.28859929  0.24575419 -0.55888694
 -0.26016609 -0.82893753 -0.48587898 -0.23283313 -0.18600279]
499,[ 0.1624562   0.08956043  0.0056585   0.11071242  0.3477791   0.11275274
 -0.07907328  0.68836016  0.39009623 -0.54747699 -0.05103582 -0.16176951
  0.20125639  0.39081585 -0.32473268  0.19726025 -0.12993575 -0.63343577
  0.12640835  0.12054919 -0.46632788  0.22743667  0.26846663 -0.61043255
  0.01747079  0.40015766 -0.03799609  0.05996898 -0.52286261  0.47594626
  0.60954865  0.54843599  0.6167116   0.23214773 -0.19109501  0.5662484
 -0.1506738   0.43205951 -0.62552418  0.14602223  0.33792395 -0.67032004
  0.04103564 -0.22484519  0.10045934 -0.2886094   0.24579084 -0.55880514
 -0.26021285 -0.82893186 -0.48589797 -0.23282604 -0.18601617]
500,[ 0.16250439  0.08957983  0.005535    0.1107391   0.34780664  0.11272321
 -0.07903     0.68831401  0.39004858 -0.54745692 -0.05102883 -0.16171775
  0.20123086  0.39086449 -0.32473417  0.19730081 -0.12991005 -0.63342037
  0.126381    0.12057812 -0.46633209  0.22741083  0.26845792 -0.61047322
  0.01742897  0.40013753 -0.03792098  0.05994387 -0.52289579  0.47601438
  0.60948311  0.5484537   0.61674173  0.23214898 -0.19106958  0.56625554
 -0.15070149  0.43204118 -0.62551252  0.14599245  0.33793062 -0.67026976
  0.04097772 -0.22485013  0.10042512 -0.2886195   0.24582745 -0.55872344
 -0.26025955 -0.8289262  -0.48591695 -0.23281897 -0.18602953]
501,[ 0.16255253  0.0895992   0.00541163  0.11076575  0.34783416  0.11269371
 -0.07898676  0.68826792  0.39000098 -0.54743687 -0.05102185 -0.16166604
  0.20120536  0.39091307 -0.32473567  0.19734133 -0.12988438 -0.63340499
  0.12635369  0.12060701 -0.46633631  0.22738503  0.26844922 -0.61051384
  0.01738718  0.40011742 -0.03784594  0.05991879 -0.52292893  0.47608242
  0.60941765  0.54847139  0.61677182  0.23215023 -0.19104419  0.56626268
 -0.15072916  0.43202286 -0.62550089  0.1459627   0.33793729 -0.67021954
  0.04091986 -0.22485506  0.10039094 -0.28862959  0.24586402 -0.55864183
 -0.2603062  -0.82892055 -0.4859359  -0.2328119  -0.18604288]
502,[ 0.16260062  0.08961855  0.00528841  0.11079236  0.34786164  0.11266425
 -0.07894358  0.68822187  0.38995343 -0.54741684 -0.05101488 -0.16161438
  0.20117988  0.3909616  -0.32473716  0.1973818  -0.12985873 -0.63338962
  0.12632641  0.12063588 -0.46634051  0.22735925  0.26844053 -0.61055441
  0.01734545  0.40009733 -0.037771    0.05989373 -0.52296203  0.47615039
  0.60935226  0.54848906  0.61680188  0.23215148 -0.19101882  0.56626981
 -0.15075679  0.43200456 -0.62548926  0.14593298  0.33794396 -0.67016938
  0.04086207 -0.22485999  0.10035679 -0.28863966  0.24590055 -0.55856031
 -0.2603528  -0.8289149  -0.48595483 -0.23280484 -0.18605621]
503,[ 0.16264865  0.08963788  0.00516532  0.11081895  0.34788909  0.11263482
 -0.07890044  0.68817588  0.38990593 -0.54739684 -0.05100791 -0.16156279
  0.20115444  0.39101008 -0.32473864  0.19742223 -0.12983312 -0.63337427
  0.12629916  0.12066471 -0.46634472  0.22733351  0.26843185 -0.61059494
  0.01730376  0.40007727 -0.03769613  0.0598687  -0.52299509  0.47621828
  0.60928694  0.54850671  0.61683191  0.23215273 -0.19099348  0.56627693
 -0.15078439  0.43198629 -0.62547765  0.1459033   0.33795061 -0.67011928
  0.04080434 -0.22486491  0.10032269 -0.28864973  0.24593704 -0.55847888
 -0.26039935 -0.82890925 -0.48597374 -0.23279779 -0.18606953]
504,[ 0.16269663  0.08965719  0.00504237  0.1108455   0.3479165   0.11260542
 -0.07885735  0.68812994  0.38985849 -0.54737686 -0.05100096 -0.16151126
  0.20112902  0.3910585  -0.32474013  0.19746262 -0.12980753 -0.63335894
  0.12627193  0.12069351 -0.46634892  0.22730779  0.26842318 -0.61063542
  0.01726212  0.40005722 -0.03762136  0.0598437  -0.52302812  0.47628609
  0.6092217   0.54852434  0.6168619   0.23215398 -0.19096817  0.56628404
 -0.15081196  0.43196803 -0.62546605  0.14587365  0.33795726 -0.67006923
  0.04074668 -0.22486983  0.10028862 -0.28865978  0.24597348 -0.55839754
 -0.26044584 -0.82890362 -0.48599262 -0.23279075 -0.18608283]
505,[ 0.16274456  0.08967647  0.00491956  0.11087203  0.34794389  0.11257606
 -0.07881431  0.68808406  0.38981111 -0.5473569  -0.05099401 -0.16145978
  0.20110363  0.39110687 -0.32474161  0.19750295 -0.12978197 -0.63334363
  0.12624474  0.12072227 -0.46635311  0.2272821   0.26841452 -0.61067585
  0.01722053  0.40003721 -0.03754666  0.05981873 -0.5230611   0.47635383
  0.60915653  0.54854195  0.61689186  0.23215522 -0.19094289  0.56629114
 -0.1508395   0.4319498  -0.62545446  0.14584403  0.3379639  -0.67001923
  0.04068909 -0.22487474  0.10025459 -0.28866983  0.24600989 -0.5583163
 -0.26049228 -0.82889799 -0.48601149 -0.23278371 -0.18609612]
506,[ 0.16279243  0.08969574  0.00479688  0.11089852  0.34797125  0.11254673
 -0.07877131  0.68803822  0.38976377 -0.54733697 -0.05098707 -0.16140836
  0.20107827  0.39115518 -0.3247431   0.19754325 -0.12975644 -0.63332833
  0.12621758  0.12075101 -0.4663573   0.22725644  0.26840587 -0.61071624
  0.01717898  0.40001721 -0.03747205  0.05979379 -0.52309406  0.47642149
  0.60909143  0.54855954  0.61692178  0.23215646 -0.19091764  0.56629824
 -0.15086701  0.43193158 -0.62544289  0.14581445  0.33797053 -0.6699693
  0.04063156 -0.22487964  0.1002206  -0.28867986  0.24604625 -0.55823514
 -0.26053867 -0.82889236 -0.48603033 -0.23277668 -0.18610939]
507,[ 0.16284024  0.08971498  0.00467435  0.11092499  0.34799857  0.11251743
 -0.07872837  0.68799244  0.38971649 -0.54731705 -0.05098014 -0.161357
  0.20105294  0.39120344 -0.32474458  0.19758349 -0.12973094 -0.63331305
  0.12619045  0.12077971 -0.46636148  0.22723081  0.26839723 -0.61075659
  0.01713748  0.39999724 -0.03739752  0.05976887 -0.52312697  0.47648907
  0.60902641  0.54857711  0.61695167  0.2321577  -0.19089242  0.56630533
 -0.15089448  0.43191339 -0.62543133  0.1457849   0.33797716 -0.66991942
  0.04057409 -0.22488454  0.10018665 -0.28868988  0.24608258 -0.55815408
 -0.26058501 -0.82888675 -0.48604916 -0.23276966 -0.18612265]
508,[ 0.16288801  0.0897342   0.00455195  0.11095142  0.34802587  0.11248816
 -0.07868547  0.6879467   0.38966926 -0.54729716 -0.05097321 -0.1613057
  0.20102764  0.39125165 -0.32474606  0.19762369 -0.12970547 -0.63329779
  0.12616336  0.12080838 -0.46636566  0.22720521  0.2683886  -0.61079689
  0.01709602  0.39997728 -0.03732308  0.05974398 -0.52315985  0.47655658
  0.60896146  0.54859466  0.61698153  0.23215894 -0.19086722  0.56631241
 -0.15092193  0.43189522 -0.62541978  0.14575539  0.33798378 -0.66986959
  0.04051669 -0.22488944  0.10015273 -0.28869989  0.24611886 -0.55807311
 -0.26063129 -0.82888113 -0.48606796 -0.23276265 -0.18613589]
509,[ 0.16293572  0.0897534   0.00442969  0.11097783  0.34805313  0.11245893
 -0.07864263  0.68790102  0.38962209 -0.5472773  -0.05096629 -0.16125445
  0.20100237  0.3912998  -0.32474754  0.19766385 -0.12968002 -0.63328254
  0.12613629  0.12083701 -0.46636984  0.22717964  0.26837998 -0.61083714
  0.01705462  0.39995736 -0.03724872  0.05971912 -0.52319269  0.47662402
  0.60889658  0.54861219  0.61701135  0.23216018 -0.19084205  0.56631948
 -0.15094934  0.43187706 -0.62540825  0.14572591  0.33799039 -0.66981982
  0.04045935 -0.22489433  0.10011886 -0.28870988  0.2461551  -0.55799223
 -0.26067752 -0.82887553 -0.48608674 -0.23275565 -0.18614911]
510,[ 0.16298337  0.08977258  0.00430757  0.11100421  0.34808037  0.11242973
 -0.07859983  0.68785539  0.38957497 -0.54725745 -0.05095939 -0.16120326
  0.20097712  0.39134789 -0.32474901  0.19770396 -0.12965461 -0.63326732
  0.12610925  0.12086562 -0.46637401  0.2271541   0.26837137 -0.61087735
  0.01701326  0.39993745 -0.03717445  0.05969429 -0.52322549  0.47669137
  0.60883178  0.54862971  0.61704114  0.23216142 -0.19081691  0.56632654
 -0.15097673  0.43185893 -0.62539673  0.14569646  0.33799699 -0.66977011
  0.04040208 -0.22489921  0.10008502 -0.28871987  0.2461913  -0.55791144
 -0.2607237  -0.82886993 -0.4861055  -0.23274865 -0.18616233]
511,[ 0.16303097  0.08979173  0.00418558  0.11103055  0.34810757  0.11240057
 -0.07855707  0.68780981  0.3895279  -0.54723763 -0.05095248 -0.16115213
  0.2009519   0.39139593 -0.32475049  0.19774403 -0.12962922 -0.63325211
  0.12608224  0.12089419 -0.46637817  0.22712858  0.26836277 -0.61091751
  0.01697194  0.39991757 -0.03710026  0.05966949 -0.52325826  0.47675865
  0.60876705  0.5486472   0.6170709   0.23216266 -0.1907918   0.5663336
 -0.15100408  0.43184082 -0.62538522  0.14566704  0.33800359 -0.66972046
  0.04034487 -0.22490409  0.10005122 -0.28872985  0.24622746 -0.55783074
 -0.26076983 -0.82886434 -0.48612424 -0.23274166 -0.18617552]
512,[ 0.16307852  0.08981087  0.00406374  0.11105687  0.34813474  0.11237143
 -0.07851437  0.68776429  0.38948089 -0.54721783 -0.05094559 -0.16110106
  0.20092671  0.39144392 -0.32475196  0.19778405 -0.12960386 -0.63323691
  0.12605526  0.12092273 -0.46638233  0.2271031   0.26835417 -0.61095763
  0.01693068  0.3998977  -0.03702615  0.05964471 -0.52329099  0.47682586
  0.60870239  0.54866467  0.61710062  0.23216389 -0.19076672  0.56634064
 -0.1510314   0.43182273 -0.62537372  0.14563766  0.33801018 -0.66967086
  0.04028773 -0.22490896  0.10001746 -0.28873981  0.24626358 -0.55775013
 -0.26081591 -0.82885875 -0.48614296 -0.23273468 -0.18618871]
513,[ 0.16312602  0.08982998  0.00394203  0.11108316  0.34816188  0.11234233
 -0.07847172  0.68771881  0.38943392 -0.54719805 -0.0509387  -0.16105004
  0.20090155  0.39149185 -0.32475343  0.19782402 -0.12957853 -0.63322173
  0.12602832  0.12095124 -0.46638649  0.22707764  0.26834559 -0.6109977
  0.01688946  0.39987786 -0.03695213  0.05961997 -0.52332368  0.47689299
  0.6086378   0.54868212  0.61713031  0.23216512 -0.19074167  0.56634768
 -0.1510587   0.43180466 -0.62536224  0.14560831  0.33801676 -0.66962131
  0.04023065 -0.22491383  0.09998373 -0.28874976  0.24629966 -0.55766962
 -0.26086193 -0.82885317 -0.48616165 -0.23272771 -0.18620187]
514,[ 0.16317346  0.08984907  0.00382046  0.11110942  0.348189    0.11231326
 -0.07842911  0.68767339  0.38938701 -0.54717829 -0.05093183 -0.16099909
  0.20087642  0.39153973 -0.3247549   0.19786395 -0.12955323 -0.63320658
  0.1260014   0.12097971 -0.46639064  0.22705221  0.26833702 -0.61103773
  0.01684828  0.39985805 -0.03687819  0.05959525 -0.52335634  0.47696004
  0.60857329  0.54869956  0.61715997  0.23216635 -0.19071664  0.56635472
 -0.15108596  0.43178661 -0.62535077  0.14557899  0.33802333 -0.66957182
  0.04017363 -0.22491869  0.09995005 -0.2887597   0.2463357  -0.55758919
 -0.2609079  -0.8288476  -0.48618033 -0.23272075 -0.18621503]
515,[ 0.16322085  0.08986814  0.00369902  0.11113564  0.34821608  0.11228423
 -0.07838655  0.68762801  0.38934016 -0.54715856 -0.05092496 -0.16094819
  0.20085132  0.39158756 -0.32475637  0.19790384 -0.12952796 -0.63319143
  0.12597452  0.12100816 -0.46639479  0.22702681  0.26832846 -0.61107772
  0.01680715  0.39983825 -0.03680433  0.05957056 -0.52338896  0.47702702
  0.60850885  0.54871697  0.61718959  0.23216758 -0.19069164  0.56636174
 -0.15111319  0.43176858 -0.62533932  0.14554971  0.3380299  -0.66952239
  0.04011668 -0.22492354  0.0999164  -0.28876963  0.24637169 -0.55750886
 -0.26095382 -0.82884203 -0.48619898 -0.23271379 -0.18622816]
516,[ 0.16326818  0.08988719  0.00357772  0.11116184  0.34824313  0.11225523
 -0.07834404  0.68758269  0.38929335 -0.54713885 -0.05091809 -0.16089734
  0.20082624  0.39163533 -0.32475784  0.19794368 -0.12950272 -0.63317631
  0.12594766  0.12103657 -0.46639893  0.22700144  0.2683199  -0.61111765
  0.01676607  0.39981848 -0.03673055  0.05954589 -0.52342154  0.47709392
  0.60844448  0.54873436  0.61721918  0.23216881 -0.19066667  0.56636876
 -0.15114039  0.43175057 -0.62532787  0.14552046  0.33803646 -0.66947301
  0.0400598  -0.22492839  0.09988279 -0.28877955  0.24640765 -0.55742861
 -0.26099969 -0.82883647 -0.48621762 -0.23270684 -0.18624129]
517,[ 0.16331546  0.08990622  0.00345656  0.11118801  0.34827015  0.11222626
 -0.07830158  0.68753742  0.3892466  -0.54711916 -0.05091124 -0.16084656
  0.2008012   0.39168305 -0.3247593   0.19798348 -0.1294775  -0.6331612
  0.12592083  0.12106495 -0.46640307  0.22697609  0.26831136 -0.61115755
  0.01672504  0.39979873 -0.03665686  0.05952126 -0.52345409  0.47716075
  0.60838019  0.54875174  0.61724874  0.23217004 -0.19064173  0.56637576
 -0.15116756  0.43173258 -0.62531644  0.14549124  0.33804301 -0.66942369
  0.04000298 -0.22493324  0.09984922 -0.28878946  0.24644357 -0.55734846
 -0.26104551 -0.82883092 -0.48623623 -0.2326999  -0.1862544 ]
518,[ 0.16336269  0.08992522  0.00333553  0.11121415  0.34829714  0.11219732
 -0.07825916  0.6874922   0.38919991 -0.54709949 -0.05090439 -0.16079583
  0.20077618  0.39173071 -0.32476076  0.19802323 -0.12945232 -0.63314611
  0.12589404  0.1210933  -0.4664072   0.22695078  0.26830282 -0.61119739
  0.01668405  0.399779   -0.03658325  0.05949665 -0.5234866   0.4772275
  0.60831597  0.54876909  0.61727826  0.23217127 -0.19061682  0.56638277
 -0.15119469  0.43171461 -0.62530502  0.14546205  0.33804955 -0.66937442
  0.03994622 -0.22493808  0.09981568 -0.28879936  0.24647944 -0.55726839
 -0.26109128 -0.82882537 -0.48625482 -0.23269297 -0.18626749]
519,[ 0.16340986  0.08994421  0.00321464  0.11124026  0.34832409  0.11216841
 -0.07821679  0.68744703  0.38915326 -0.54707984 -0.05089755 -0.16074516
  0.20075119  0.39177832 -0.32476223  0.19806293 -0.12942716 -0.63313103
  0.12586727  0.12112161 -0.46641133  0.22692549  0.2682943  -0.6112372
  0.0166431   0.3997593  -0.03650973  0.05947207 -0.52351907  0.47729418
  0.60825182  0.54878642  0.61730775  0.23217249 -0.19059193  0.56638976
 -0.1512218   0.43169666 -0.62529362  0.1454329   0.33805609 -0.66932521
  0.03988952 -0.22494291  0.09978219 -0.28880924  0.24651528 -0.55718842
 -0.26113699 -0.82881983 -0.48627339 -0.23268604 -0.18628057]
520,[ 0.16345699  0.08996317  0.00309389  0.11126634  0.34835102  0.11213954
 -0.07817447  0.68740191  0.38910667 -0.54706022 -0.05089072 -0.16069454
  0.20072622  0.39182588 -0.32476369  0.19810259 -0.12940203 -0.63311598
  0.12584054  0.1211499  -0.46641545  0.22690024  0.26828578 -0.61127695
  0.01660221  0.39973961 -0.03643629  0.05944751 -0.5235515   0.47736078
  0.60818774  0.54880374  0.61733721  0.23217372 -0.19056707  0.56639674
 -0.15124888  0.43167873 -0.62528223  0.14540378  0.33806262 -0.66927606
  0.03983289 -0.22494774  0.09974873 -0.28881912  0.24655107 -0.55710854
 -0.26118265 -0.82881429 -0.48629194 -0.23267912 -0.18629363]
521,[ 0.16350405  0.08998211  0.00297327  0.11129239  0.34837792  0.1121107
 -0.0781322   0.68735684  0.38906013 -0.54704062 -0.0508839  -0.16064398
  0.20070129  0.39187338 -0.32476514  0.19814221 -0.12937693 -0.63310094
  0.12581383  0.12117815 -0.46641957  0.22687501  0.26827728 -0.61131667
  0.01656136  0.39971995 -0.03636293  0.05942299 -0.5235839   0.47742731
  0.60812374  0.54882104  0.61736663  0.23217494 -0.19054224  0.56640372
 -0.15127593  0.43166082 -0.62527085  0.1453747   0.33806914 -0.66922696
  0.03977632 -0.22495256  0.09971531 -0.28882898  0.24658683 -0.55702874
 -0.26122826 -0.82880876 -0.48631047 -0.23267221 -0.18630668]
522,[ 0.16355107  0.09000103  0.00285279  0.11131842  0.34840479  0.11208189
 -0.07808998  0.68731183  0.38901364 -0.54702104 -0.05087708 -0.16059348
  0.20067638  0.39192083 -0.3247666   0.19818178 -0.12935185 -0.63308591
  0.12578716  0.12120637 -0.46642369  0.22684981  0.26826878 -0.61135634
  0.01652055  0.39970031 -0.03628965  0.05939849 -0.52361627  0.47749376
  0.6080598   0.54883831  0.61739602  0.23217616 -0.19051744  0.56641069
 -0.15130294  0.43164293 -0.62525948  0.14534564  0.33807566 -0.66917791
  0.03971982 -0.22495738  0.09968192 -0.28883883  0.24662254 -0.55694904
 -0.26127382 -0.82880324 -0.48632898 -0.23266531 -0.18631972]
523,[ 0.16359803  0.09001993  0.00273244  0.11134441  0.34843163  0.11205312
 -0.0780478   0.68726686  0.3889672  -0.54700148 -0.05087027 -0.16054304
  0.2006515   0.39196823 -0.32476806  0.19822131 -0.12932681 -0.6330709
  0.12576052  0.12123456 -0.46642779  0.22682463  0.2682603  -0.61139596
  0.01647979  0.3996807  -0.03621646  0.05937402 -0.52364859  0.47756014
  0.60799594  0.54885557  0.61742538  0.23217738 -0.19049267  0.56641765
 -0.15132993  0.43162507 -0.62524813  0.14531662  0.33808216 -0.66912893
  0.03966338 -0.22496219  0.09964858 -0.28884867  0.24665822 -0.55686942
 -0.26131933 -0.82879772 -0.48634746 -0.23265842 -0.18633274]
524,[ 0.16364494  0.09003881  0.00261223  0.11137037  0.34845843  0.11202438
 -0.07800567  0.68722195  0.38892082 -0.54698195 -0.05086347 -0.16049265
  0.20062665  0.39201557 -0.32476951  0.19826079 -0.12930179 -0.63305592
  0.1257339   0.12126271 -0.4664319   0.22679949  0.26825182 -0.61143554
  0.01643908  0.3996611  -0.03614334  0.05934958 -0.52368088  0.47762644
  0.60793215  0.54887281  0.6174547   0.2321786  -0.19046792  0.5664246
 -0.15135688  0.43160722 -0.62523679  0.14528763  0.33808866 -0.66907999
  0.03960701 -0.224967    0.09961527 -0.2888585   0.24669385 -0.5567899
 -0.26136479 -0.82879221 -0.48636593 -0.23265153 -0.18634574]
525,[ 0.1636918   0.09005766  0.00249216  0.11139631  0.34848521  0.11199567
 -0.07796359  0.68717708  0.38887449 -0.54696244 -0.05085668 -0.16044232
  0.20060183  0.39206286 -0.32477096  0.19830023 -0.1292768  -0.63304094
  0.12570732  0.12129084 -0.466436    0.22677437  0.26824335 -0.61147507
  0.01639841  0.39964153 -0.03607031  0.05932516 -0.52371314  0.47769267
  0.60786843  0.54889002  0.61748399  0.23217981 -0.19044321  0.56643155
 -0.15138381  0.43158939 -0.62522546  0.14525868  0.33809516 -0.66903111
  0.03955069 -0.2249718   0.099582   -0.28886832  0.24672944 -0.55671046
 -0.2614102  -0.8287867  -0.48638437 -0.23264465 -0.18635873]
526,[ 0.1637386   0.0900765   0.00237222  0.11142221  0.34851196  0.11196699
 -0.07792155  0.68713227  0.38882821 -0.54694294 -0.05084989 -0.16039205
  0.20057704  0.3921101  -0.32477241  0.19833963 -0.12925184 -0.63302599
  0.12568076  0.12131893 -0.4664401   0.22674929  0.26823489 -0.61151457
  0.01635779  0.39962198 -0.03599737  0.05930077 -0.52374535  0.47775882
  0.60780479  0.54890722  0.61751325  0.23218103 -0.19041852  0.56643849
 -0.1514107   0.43157158 -0.62521414  0.14522975  0.33810164 -0.66898229
  0.03949444 -0.2249766   0.09954876 -0.28887813  0.246765   -0.55663112
 -0.26145555 -0.8287812  -0.4864028  -0.23263778 -0.18637171]
527,[ 0.16378535  0.09009531  0.00225241  0.11144809  0.34853868  0.11193835
 -0.07787957  0.6870875   0.38878198 -0.54692348 -0.05084311 -0.16034183
  0.20055227  0.39215728 -0.32477386  0.19837898 -0.12922691 -0.63301105
  0.12565424  0.12134699 -0.46644419  0.22672423  0.26822645 -0.61155401
  0.01631722  0.39960245 -0.0359245   0.05927641 -0.52377754  0.4778249
  0.60774121  0.5489244   0.61754247  0.23218224 -0.19039385  0.56644541
 -0.15143757  0.43155379 -0.62520284  0.14520086  0.33810812 -0.66893352
  0.03943826 -0.22498139  0.09951557 -0.28888793  0.24680051 -0.55655186
 -0.26150086 -0.82877571 -0.4864212  -0.23263092 -0.18638467]
528,[ 0.16383205  0.0901141   0.00213274  0.11147394  0.34856536  0.11190973
 -0.07783763  0.68704279  0.38873581 -0.54690403 -0.05083634 -0.16029167
  0.20052753  0.39220441 -0.32477531  0.19841828 -0.129202   -0.63299612
  0.12562774  0.12137502 -0.46644827  0.2266992   0.26821801 -0.61159341
  0.01627669  0.39958294 -0.03585172  0.05925208 -0.52380968  0.4778909
  0.60767771  0.54894156  0.61757166  0.23218345 -0.19036922  0.56645234
 -0.1514644   0.43153603 -0.62519155  0.145172    0.33811459 -0.66888481
  0.03938214 -0.22498617  0.09948241 -0.28889771  0.24683598 -0.5564727
 -0.26154611 -0.82877023 -0.48643959 -0.23262406 -0.18639762]
529,[ 0.1638787   0.09013287  0.00201321  0.11149975  0.34859202  0.11188115
 -0.07779573  0.68699813  0.38868968 -0.5468846  -0.05082958 -0.16024157
  0.20050282  0.39225149 -0.32477675  0.19845754 -0.12917713 -0.63298122
  0.12560128  0.12140302 -0.46645236  0.22667419  0.26820958 -0.61163277
  0.0162362   0.39956346 -0.03577901  0.05922778 -0.52384179  0.47795683
  0.60761428  0.5489587   0.61760082  0.23218466 -0.19034461  0.56645925
 -0.15149121  0.43151828 -0.62518027  0.14514318  0.33812105 -0.66883615
  0.03932608 -0.22499095  0.09944929 -0.28890749  0.24687142 -0.55639362
 -0.26159131 -0.82876475 -0.48645795 -0.23261722 -0.18641055]
530,[ 0.16392529  0.09015163  0.00189381  0.11152554  0.34861865  0.1118526
 -0.07775389  0.68695351  0.38864361 -0.5468652  -0.05082282 -0.16019152
  0.20047814  0.39229851 -0.32477819  0.19849676 -0.12915228 -0.63296633
  0.12557484  0.12143099 -0.46645643  0.22664922  0.26820116 -0.61167208
  0.01619576  0.39954399 -0.0357064   0.0592035  -0.52387386  0.47802269
  0.60755092  0.54897582  0.61762995  0.23218587 -0.19032003  0.56646616
 -0.15151798  0.43150055 -0.62516901  0.14511439  0.33812751 -0.66878754
  0.03927008 -0.22499573  0.0994162  -0.28891725  0.24690681 -0.55631463
 -0.26163646 -0.82875927 -0.48647629 -0.23261037 -0.18642347]
531,[ 0.16397183  0.09017035  0.00177454  0.1115513   0.34864524  0.11182409
 -0.07771209  0.68690895  0.38859759 -0.54684582 -0.05081608 -0.16014153
  0.20045348  0.39234548 -0.32477964  0.19853593 -0.12912746 -0.63295146
  0.12554843  0.12145893 -0.46646051  0.22662427  0.26819275 -0.61171135
  0.01615537  0.39952455 -0.03563386  0.05917925 -0.5239059   0.47808847
  0.60748763  0.54899293  0.61765904  0.23218708 -0.19029548  0.56647306
 -0.15154472  0.43148284 -0.62515776  0.14508563  0.33813396 -0.66873899
  0.03921415 -0.2250005   0.09938316 -0.288927    0.24694217 -0.55623573
 -0.26168156 -0.8287538  -0.48649461 -0.23260354 -0.18643637]
532,[ 0.16401832  0.09018906  0.00165541  0.11157703  0.34867181  0.1117956
 -0.07767034  0.68686444  0.38855162 -0.54682646 -0.05080934 -0.1600916
  0.20042886  0.3923924  -0.32478108  0.19857506 -0.12910266 -0.6329366
  0.12552206  0.12148683 -0.46646457  0.22659936  0.26818435 -0.61175057
  0.01611502  0.39950513 -0.0355614   0.05915502 -0.5239379   0.47815418
  0.60742441  0.54901001  0.6176881   0.23218829 -0.19027096  0.56647995
 -0.15157144  0.43146515 -0.62514652  0.1450569   0.3381404  -0.6686905
  0.03915828 -0.22500526  0.09935015 -0.28893675  0.24697748 -0.55615692
 -0.26172661 -0.82874834 -0.48651291 -0.23259672 -0.18644926]
533,[ 0.16406476  0.09020775  0.00153641  0.11160273  0.34869835  0.11176715
 -0.07762863  0.68681997  0.38850571 -0.54680712 -0.0508026  -0.16004172
  0.20040426  0.39243927 -0.32478251  0.19861415 -0.1290779  -0.63292176
  0.12549571  0.1215147  -0.46646864  0.22657446  0.26817596 -0.61178975
  0.01607472  0.39948574 -0.03548903  0.05913083 -0.52396986  0.47821981
  0.60736127  0.54902707  0.61771713  0.23218949 -0.19024646  0.56648683
 -0.15159812  0.43144748 -0.62513529  0.1450282   0.33814683 -0.66864206
  0.03910247 -0.22501002  0.09931717 -0.28894648  0.24701276 -0.5560782
 -0.26177161 -0.82874289 -0.48653119 -0.2325899  -0.18646213]
534,[ 0.16411114  0.09022641  0.00141755  0.11162841  0.34872486  0.11173873
 -0.07758697  0.68677556  0.38845985 -0.5467878  -0.05079588 -0.1599919
  0.20037968  0.39248608 -0.32478395  0.19865319 -0.12905316 -0.63290694
  0.1254694   0.12154254 -0.4664727   0.2265496   0.26816757 -0.61182889
  0.01603446  0.39946636 -0.03541673  0.05910666 -0.52400179  0.47828537
  0.60729819  0.54904412  0.61774613  0.2321907  -0.19022199  0.56649371
 -0.15162477  0.43142984 -0.62512408  0.14499954  0.33815326 -0.66859367
  0.03904673 -0.22501477  0.09928424 -0.2889562   0.24704799 -0.55599956
 -0.26181656 -0.82873744 -0.48654945 -0.23258309 -0.18647499]
535,[ 0.16415748  0.09024506  0.00129882  0.11165405  0.34875133  0.11171034
 -0.07754536  0.6867312   0.38841403 -0.54676851 -0.05078916 -0.15994213
  0.20035514  0.39253284 -0.32478539  0.19869218 -0.12902845 -0.63289214
  0.12544311  0.12157035 -0.46647675  0.22652477  0.2681592  -0.61186798
  0.01599425  0.39944701 -0.03534452  0.05908252 -0.52403368  0.47835085
  0.60723519  0.54906114  0.61777509  0.2321919  -0.19019755  0.56650057
 -0.1516514   0.43141221 -0.62511288  0.14497091  0.33815968 -0.66854534
  0.03899104 -0.22501952  0.09925134 -0.28896591  0.24708319 -0.55592102
 -0.26186145 -0.82873199 -0.48656769 -0.23257629 -0.18648784]
536,[ 0.16420376  0.09026368  0.00118022  0.11167967  0.34877778  0.11168198
 -0.0775038   0.68668689  0.38836827 -0.54674924 -0.05078245 -0.15989242
  0.20033062  0.39257955 -0.32478682  0.19873114 -0.12900377 -0.63287735
  0.12541685  0.12159813 -0.4664808   0.22649996  0.26815084 -0.61190703
  0.01595409  0.39942768 -0.03527239  0.0590584  -0.52406554  0.47841627
  0.60717226  0.54907815  0.61780402  0.2321931  -0.19017314  0.56650743
 -0.15167799  0.4313946  -0.62510169  0.14494231  0.33816609 -0.66849706
  0.03893542 -0.22502426  0.09921848 -0.2889756   0.24711834 -0.55584256
 -0.2619063  -0.82872656 -0.48658591 -0.2325695  -0.18650067]
537,[ 0.16424998  0.09028229  0.00106176  0.11170525  0.3488042   0.11165366
 -0.07746228  0.68664263  0.38832256 -0.54672999 -0.05077575 -0.15984276
  0.20030613  0.3926262  -0.32478825  0.19877005 -0.12897912 -0.63286258
  0.12539062  0.12162588 -0.46648485  0.22647518  0.26814249 -0.61194603
  0.01591396  0.39940837 -0.03520034  0.05903432 -0.52409736  0.47848161
  0.6071094   0.54909513  0.61783292  0.2321943  -0.19014875  0.56651428
 -0.15170455  0.43137701 -0.62509051  0.14491374  0.3381725  -0.66844884
  0.03887987 -0.225029    0.09918566 -0.28898529  0.24715346 -0.55576419
 -0.2619511  -0.82872113 -0.48660411 -0.23256271 -0.18651349]
538,[ 0.16429616  0.09030087  0.00094343  0.11173081  0.34883059  0.11162537
 -0.07742081  0.68659841  0.38827691 -0.54671076 -0.05076905 -0.15979317
  0.20028167  0.3926728  -0.32478968  0.19880891 -0.12895449 -0.63284782
  0.12536443  0.1216536  -0.46648889  0.22645043  0.26813414 -0.61198499
  0.01587389  0.39938908 -0.03512837  0.05901026 -0.52412915  0.47854687
  0.6070466   0.5491121   0.61786178  0.2321955  -0.1901244   0.56652113
 -0.15173109  0.43135944 -0.62507935  0.14488521  0.3381789  -0.66840067
  0.03882437 -0.22503373  0.09915287 -0.28899497  0.24718853 -0.55568591
 -0.26199584 -0.8287157  -0.48662228 -0.23255593 -0.18652629]
539,[ 1.64342282e-01  9.03194296e-02  8.25237102e-04  1.11756338e-01
  3.48856944e-01  1.11597107e-01 -7.73793897e-02  6.86554250e-01
  3.88231299e-01 -5.46691550e-01 -5.07623664e-02 -1.59743624e-01
  2.00257238e-01  3.92719352e-01 -3.24791112e-01  1.98847734e-01
 -1.28929894e-01 -6.32833084e-01  1.25338258e-01  1.21681280e-01
 -4.66492922e-01  2.26425711e-01  2.68125806e-01 -6.12023910e-01
  1.58338576e-02  3.99369812e-01 -3.50564870e-02  5.89862223e-02
 -5.24160896e-01  4.78612061e-01  6.06983884e-01  5.49129051e-01
  6.17890615e-01  2.32196700e-01 -1.90100065e-01  5.66527966e-01
 -1.51757592e-01  4.31341893e-01 -6.25068198e-01  1.44856704e-01
  3.38185288e-01 -6.68352558e-01  3.87689437e-02 -2.25038455e-01
  9.91201183e-02 -2.89004633e-01  2.47223570e-01 -5.55607720e-01
 -2.62040539e-01 -8.28710282e-01 -4.86640439e-01 -2.32549160e-01
 -1.86539075e-01]
540,[ 1.64388354e-01  9.03379697e-02  7.07174369e-04  1.11781838e-01
  3.48883272e-01  1.11568878e-01 -7.73380128e-02  6.86510136e-01
  3.88185744e-01 -5.46672364e-01 -5.07556868e-02 -1.59694137e-01
  2.00232832e-01  3.92765849e-01 -3.24792539e-01  1.98886511e-01
 -1.28905324e-01 -6.32818362e-01  1.25312119e-01  1.21708934e-01
 -4.66496953e-01  2.26401016e-01  2.68117481e-01 -6.12062783e-01
  1.57938720e-02  3.99350567e-01 -3.49846810e-02  5.89622163e-02
 -5.24192609e-01  4.78677179e-01  6.06921234e-01  5.49145981e-01
  6.17919415e-01  2.32197896e-01 -1.90075761e-01  5.66534795e-01
 -1.51784066e-01  4.31324363e-01 -6.25057060e-01  1.44828233e-01
  3.38191672e-01 -6.68304498e-01  3.87135749e-02 -2.25043176e-01
  9.90874050e-02 -2.89014287e-01  2.47258567e-01 -5.55529616e-01
 -2.62085185e-01 -8.28704870e-01 -4.86658576e-01 -2.32542397e-01
 -1.86551848e-01]
541,[ 1.64434374e-01  9.03564889e-02  5.89244585e-04  1.11807309e-01
  3.48909571e-01  1.11540681e-01 -7.72966825e-02  6.86466073e-01
  3.88140240e-01 -5.46653200e-01 -5.07490147e-02 -1.59644706e-01
  2.00208453e-01  3.92812294e-01 -3.24793965e-01  1.98925245e-01
 -1.28880781e-01 -6.32803657e-01  1.25286009e-01  1.21736557e-01
 -4.66500980e-01  2.26376349e-01  2.68109165e-01 -6.12101611e-01
  1.57539314e-02  3.99331344e-01 -3.49129558e-02  5.89382373e-02
 -5.24224287e-01  4.78742224e-01  6.06858655e-01  5.49162891e-01
  6.17948183e-01  2.32199091e-01 -1.90051485e-01  5.66541616e-01
 -1.51810510e-01  4.31306853e-01 -6.25045935e-01  1.44799795e-01
  3.38198049e-01 -6.68256493e-01  3.86582684e-02 -2.25047892e-01
  9.90547285e-02 -2.89023931e-01  2.47293525e-01 -5.55451600e-01
 -2.62129779e-01 -8.28699463e-01 -4.86676692e-01 -2.32535641e-01
 -1.86564607e-01]
542,[ 1.64480342e-01  9.03749873e-02  4.71447601e-04  1.11832752e-01
  3.48935840e-01  1.11512516e-01 -7.72553987e-02  6.86422059e-01
  3.88094788e-01 -5.46634057e-01 -5.07423502e-02 -1.59595331e-01
  2.00184101e-01  3.92858686e-01 -3.24795389e-01  1.98963936e-01
 -1.28856266e-01 -6.32788968e-01  1.25259928e-01  1.21764148e-01
 -4.66505003e-01  2.26351710e-01  2.68100858e-01 -6.12140396e-01
  1.57140358e-02  3.99312143e-01 -3.48413114e-02  5.89142854e-02
 -5.24255929e-01  4.78807195e-01  6.06796146e-01  5.49179782e-01
  6.17976918e-01  2.32200284e-01 -1.90027236e-01  5.66548430e-01
 -1.51836925e-01  4.31289364e-01 -6.25034821e-01  1.44771389e-01
  3.38204418e-01 -6.68208541e-01  3.86030243e-02 -2.25052602e-01
  9.90220888e-02 -2.89033563e-01  2.47328444e-01 -5.55373672e-01
 -2.62174324e-01 -8.28694063e-01 -4.86694787e-01 -2.32528893e-01
 -1.86577351e-01]
543,[ 1.64526258e-01  9.03934649e-02  3.53783268e-04  1.11858165e-01
  3.48962080e-01  1.11484383e-01 -7.72141615e-02  6.86378095e-01
  3.88049387e-01 -5.46614936e-01 -5.07356931e-02 -1.59546012e-01
  2.00159777e-01  3.92905026e-01 -3.24796812e-01  1.99002583e-01
 -1.28831779e-01 -6.32774296e-01  1.25233877e-01  1.21791709e-01
 -4.66509021e-01  2.26327099e-01  2.68092561e-01 -6.12179137e-01
  1.56741851e-02  3.99292963e-01 -3.47697477e-02  5.88903604e-02
 -5.24287535e-01  4.78872093e-01  6.06733708e-01  5.49196655e-01
  6.18005621e-01  2.32201476e-01 -1.90003014e-01  5.66555236e-01
 -1.51863309e-01  4.31271893e-01 -6.25023721e-01  1.44743014e-01
  3.38210781e-01 -6.68160643e-01  3.85478423e-02 -2.25057307e-01
  9.89894858e-02 -2.89043185e-01  2.47363323e-01 -5.55295832e-01
 -2.62218819e-01 -8.28688668e-01 -4.86712862e-01 -2.32522152e-01
 -1.86590081e-01]
544,[ 1.64572122e-01  9.04119216e-02  2.36251435e-04  1.11883550e-01
  3.48988290e-01  1.11456281e-01 -7.71729706e-02  6.86334180e-01
  3.88004037e-01 -5.46595836e-01 -5.07290435e-02 -1.59496748e-01
  2.00135480e-01  3.92951314e-01 -3.24798232e-01  1.99041186e-01
 -1.28807319e-01 -6.32759640e-01  1.25207856e-01  1.21819238e-01
 -4.66513034e-01  2.26302515e-01  2.68084273e-01 -6.12217834e-01
  1.56343793e-02  3.99273804e-01 -3.46982645e-02  5.88664624e-02
 -5.24319106e-01  4.78936918e-01  6.06671340e-01  5.49213508e-01
  6.18034291e-01  2.32202667e-01 -1.89978820e-01  5.66562034e-01
 -1.51889664e-01  4.31254443e-01 -6.25012633e-01  1.44714672e-01
  3.38217136e-01 -6.68112800e-01  3.84927225e-02 -2.25062007e-01
  9.89569196e-02 -2.89052796e-01  2.47398163e-01 -5.55218080e-01
 -2.62263263e-01 -8.28683280e-01 -4.86730917e-01 -2.32515419e-01
 -1.86602796e-01]
545,[ 1.64617935e-01  9.04303576e-02  1.18851954e-04  1.11908907e-01
  3.49014471e-01  1.11428211e-01 -7.71318262e-02  6.86290315e-01
  3.87958738e-01 -5.46576758e-01 -5.07224014e-02 -1.59447539e-01
  2.00111211e-01  3.92997550e-01 -3.24799652e-01  1.99079746e-01
 -1.28782887e-01 -6.32745001e-01  1.25181863e-01  1.21846736e-01
 -4.66517043e-01  2.26277959e-01  2.68075995e-01 -6.12256488e-01
  1.55946183e-02  3.99254668e-01 -3.46268619e-02  5.88425912e-02
 -5.24350641e-01  4.79001670e-01  6.06609042e-01  5.49230342e-01
  6.18062929e-01  2.32203856e-01 -1.89954653e-01  5.66568825e-01
 -1.51915989e-01  4.31237012e-01 -6.25001557e-01  1.44686362e-01
  3.38223484e-01 -6.68065010e-01  3.84376647e-02 -2.25066701e-01
  9.89243900e-02 -2.89062396e-01  2.47432964e-01 -5.55140415e-01
 -2.62307657e-01 -8.28677898e-01 -4.86748951e-01 -2.32508693e-01
 -1.86615498e-01]
546,[ 1.64663696e-01  9.04487728e-02  1.58467659e-06  1.11934235e-01
  3.49040622e-01  1.11400172e-01 -7.70907281e-02  6.86246499e-01
  3.87913490e-01 -5.46557701e-01 -5.07157668e-02 -1.59398386e-01
  2.00086969e-01  3.93043734e-01 -3.24801069e-01  1.99118262e-01
 -1.28758482e-01 -6.32730378e-01  1.25155900e-01  1.21874204e-01
 -4.66521048e-01  2.26253431e-01  2.68067725e-01 -6.12295099e-01
  1.55549021e-02  3.99235553e-01 -3.45555396e-02  5.88187470e-02
 -5.24382140e-01  4.79066349e-01  6.06546814e-01  5.49247158e-01
  6.18091535e-01  2.32205044e-01 -1.89930513e-01  5.66575608e-01
 -1.51942285e-01  4.31219601e-01 -6.24990494e-01  1.44658083e-01
  3.38229825e-01 -6.68017274e-01  3.83826690e-02 -2.25071390e-01
  9.88918971e-02 -2.89071986e-01  2.47467725e-01 -5.55062837e-01
 -2.62352002e-01 -8.28672522e-01 -4.86766965e-01 -2.32501976e-01
 -1.86628185e-01]
547,[ 1.64709406e-01  9.04671673e-02 -1.15550547e-04  1.11959534e-01
  3.49066744e-01  1.11372165e-01 -7.70496762e-02  6.86202733e-01
  3.87868293e-01 -5.46538666e-01 -5.07091397e-02 -1.59349288e-01
  2.00062754e-01  3.93089866e-01 -3.24802486e-01  1.99156735e-01
 -1.28734105e-01 -6.32715772e-01  1.25129967e-01  1.21901640e-01
 -4.66525048e-01  2.26228930e-01  2.68059465e-01 -6.12333665e-01
  1.55152306e-02  3.99216459e-01 -3.44842977e-02  5.87949296e-02
 -5.24413605e-01  4.79130955e-01  6.06484657e-01  5.49263954e-01
  6.18120109e-01  2.32206231e-01 -1.89906400e-01  5.66582383e-01
 -1.51968551e-01  4.31202209e-01 -6.24979443e-01  1.44629836e-01
  3.38236158e-01 -6.67969592e-01  3.83277352e-02 -2.25076074e-01
  9.88594407e-02 -2.89081564e-01  2.47502448e-01 -5.54985347e-01
 -2.62396296e-01 -8.28667151e-01 -4.86784959e-01 -2.32495265e-01
 -1.86640857e-01]
548,[ 1.64755064e-01  9.04855410e-02 -2.32553866e-04  1.11984805e-01
  3.49092836e-01  1.11344190e-01 -7.70086706e-02  6.86159015e-01
  3.87823147e-01 -5.46519652e-01 -5.07025200e-02 -1.59300245e-01
  2.00038567e-01  3.93135946e-01 -3.24803900e-01  1.99195165e-01
 -1.28709756e-01 -6.32701182e-01  1.25104062e-01  1.21929046e-01
 -4.66529043e-01  2.26204457e-01  2.68051215e-01 -6.12372189e-01
  1.54756038e-02  3.99197387e-01 -3.44131360e-02  5.87711390e-02
 -5.24445033e-01  4.79195489e-01  6.06422569e-01  5.49280732e-01
  6.18148650e-01  2.32207416e-01 -1.89882315e-01  5.66589151e-01
 -1.51994787e-01  4.31184837e-01 -6.24968405e-01  1.44601621e-01
  3.38242485e-01 -6.67921963e-01  3.82728632e-02 -2.25080753e-01
  9.88270210e-02 -2.89091132e-01  2.47537131e-01 -5.54907944e-01
 -2.62440541e-01 -8.28661787e-01 -4.86802933e-01 -2.32488563e-01
 -1.86653516e-01]
549,[ 1.64800671e-01  9.05038941e-02 -3.49425428e-04  1.12010048e-01
  3.49118899e-01  1.11316246e-01 -7.69677112e-02  6.86115347e-01
  3.87778051e-01 -5.46500660e-01 -5.06959078e-02 -1.59251258e-01
  2.00014407e-01  3.93181974e-01 -3.24805313e-01  1.99233552e-01
 -1.28685433e-01 -6.32686609e-01  1.25078186e-01  1.21956421e-01
 -4.66533034e-01  2.26180011e-01  2.68042973e-01 -6.12410669e-01
  1.54360216e-02  3.99178336e-01 -3.43420545e-02  5.87473752e-02
 -5.24476427e-01  4.79259950e-01  6.06360551e-01  5.49297491e-01
  6.18177160e-01  2.32208600e-01 -1.89858257e-01  5.66595911e-01
 -1.52020994e-01  4.31167484e-01 -6.24957379e-01  1.44573438e-01
  3.38248804e-01 -6.67874388e-01  3.82180530e-02 -2.25085426e-01
  9.87946377e-02 -2.89100689e-01  2.47571775e-01 -5.54830628e-01
 -2.62484736e-01 -8.28656429e-01 -4.86820886e-01 -2.32481867e-01
 -1.86666160e-01]
550,[ 1.64846226e-01  9.05222265e-02 -4.66165382e-04  1.12035262e-01
  3.49144933e-01  1.11288333e-01 -7.69267979e-02  6.86071728e-01
  3.87733007e-01 -5.46481689e-01 -5.06893031e-02 -1.59202326e-01
  1.99990274e-01  3.93227950e-01 -3.24806724e-01  1.99271895e-01
 -1.28661138e-01 -6.32672052e-01  1.25052340e-01  1.21983764e-01
 -4.66537020e-01  2.26155593e-01  2.68034741e-01 -6.12449106e-01
  1.53964839e-02  3.99159307e-01 -3.42710530e-02  5.87236382e-02
 -5.24507785e-01  4.79324338e-01  6.06298604e-01  5.49314230e-01
  6.18205637e-01  2.32209783e-01 -1.89834225e-01  5.66602663e-01
 -1.52047171e-01  4.31150151e-01 -6.24946366e-01  1.44545287e-01
  3.38255117e-01 -6.67826867e-01  3.81633046e-02 -2.25090094e-01
  9.87622909e-02 -2.89110235e-01  2.47606381e-01 -5.54753399e-01
 -2.62528881e-01 -8.28651077e-01 -4.86838819e-01 -2.32475180e-01
 -1.86678790e-01]
551,[ 1.64891731e-01  9.05405383e-02 -5.82773875e-04  1.12060448e-01
  3.49170937e-01  1.11260452e-01 -7.68859307e-02  6.86028159e-01
  3.87688013e-01 -5.46462739e-01 -5.06827057e-02 -1.59153449e-01
  1.99966168e-01  3.93273875e-01 -3.24808134e-01  1.99310195e-01
 -1.28636871e-01 -6.32657511e-01  1.25026523e-01  1.22011077e-01
 -4.66541002e-01  2.26131203e-01  2.68026518e-01 -6.12487499e-01
  1.53569908e-02  3.99140299e-01 -3.42001314e-02  5.86999279e-02
 -5.24539107e-01  4.79388654e-01  6.06236725e-01  5.49330951e-01
  6.18234082e-01  2.32210965e-01 -1.89810221e-01  5.66609408e-01
 -1.52073319e-01  4.31132838e-01 -6.24935365e-01  1.44517167e-01
  3.38261422e-01 -6.67779399e-01  3.81086178e-02 -2.25094757e-01
  9.87299805e-02 -2.89119771e-01  2.47640947e-01 -5.54676258e-01
 -2.62572976e-01 -8.28645731e-01 -4.86856732e-01 -2.32468500e-01
 -1.86691406e-01]
552,[ 1.64937184e-01  9.05588294e-02 -6.99251057e-04  1.12085605e-01
  3.49196912e-01  1.11232603e-01 -7.68451094e-02  6.85984638e-01
  3.87643070e-01 -5.46443811e-01 -5.06761158e-02 -1.59104627e-01
  1.99942089e-01  3.93319747e-01 -3.24809542e-01  1.99348452e-01
 -1.28612630e-01 -6.32642987e-01  1.25000735e-01  1.22038360e-01
 -4.66544980e-01  2.26106840e-01  2.68018305e-01 -6.12525849e-01
  1.53175422e-02  3.99121313e-01 -3.41292897e-02  5.86762443e-02
 -5.24570395e-01  4.79452897e-01  6.06174917e-01  5.49347653e-01
  6.18262495e-01  2.32212145e-01 -1.89786244e-01  5.66616145e-01
 -1.52099437e-01  4.31115544e-01 -6.24924376e-01  1.44489079e-01
  3.38267720e-01 -6.67731985e-01  3.80539926e-02 -2.25099414e-01
  9.86977065e-02 -2.89129295e-01  2.47675474e-01 -5.54599203e-01
 -2.62617021e-01 -8.28640392e-01 -4.86874625e-01 -2.32461827e-01
 -1.86704007e-01]
553,[ 1.64982585e-01  9.05770999e-02 -8.15597074e-04  1.12110734e-01
  3.49222858e-01  1.11204784e-01 -7.68043342e-02  6.85941166e-01
  3.87598177e-01 -5.46424904e-01 -5.06695333e-02 -1.59055860e-01
  1.99918038e-01  3.93365568e-01 -3.24810949e-01  1.99386666e-01
 -1.28588417e-01 -6.32628479e-01  1.24974976e-01  1.22065611e-01
 -4.66548953e-01  2.26082504e-01  2.68010101e-01 -6.12564156e-01
  1.52781380e-02  3.99102348e-01 -3.40585278e-02  5.86525874e-02
 -5.24601647e-01  4.79517068e-01  6.06113178e-01  5.49364337e-01
  6.18290876e-01  2.32213323e-01 -1.89762294e-01  5.66622875e-01
 -1.52125526e-01  4.31098269e-01 -6.24913400e-01  1.44461023e-01
  3.38274011e-01 -6.67684624e-01  3.79994289e-02 -2.25104066e-01
  9.86654688e-02 -2.89138809e-01  2.47709963e-01 -5.54522235e-01
 -2.62661017e-01 -8.28635058e-01 -4.86892497e-01 -2.32455162e-01
 -1.86716594e-01]
554,[ 0.16502794  0.09059535 -0.00093181  0.11213583  0.34924877  0.111177
 -0.0767636   0.68589774  0.38755334 -0.54640602 -0.05066296 -0.15900715
  0.19989401  0.39341134 -0.32481235  0.19942484 -0.12856423 -0.63261399
  0.12494925  0.12209283 -0.46655292  0.2260582   0.26800191 -0.61260242
  0.01523878  0.3990834  -0.03398785  0.05862896 -0.52463286  0.47958117
  0.60605151  0.549381    0.61831923  0.2322145  -0.18973837  0.5666296
 -0.15215159  0.43108101 -0.62490244  0.144433    0.33828029 -0.66763732
  0.03794493 -0.22510871  0.09863327 -0.28914831  0.24774441 -0.55444535
 -0.26270496 -0.82862973 -0.48691035 -0.2324485  -0.18672917]
555,[ 0.16507324  0.09061358 -0.0010479   0.11216091  0.34927466  0.11114924
 -0.07672292  0.68585437  0.38750854 -0.54638715 -0.05065639 -0.15895849
  0.19987002  0.39345706 -0.32481376  0.19946296 -0.12854007 -0.63259951
  0.12492354  0.12212002 -0.46655689  0.22603392  0.26799372 -0.61264064
  0.01519946  0.39906448 -0.03391724  0.05860535 -0.52466405  0.47964519
  0.60598991  0.54939765  0.61834754  0.23221568 -0.18971447  0.56663631
 -0.15217762  0.43106378 -0.62489148  0.144405    0.33828657 -0.66759006
  0.03789049 -0.22511336  0.0986011  -0.28915781  0.24777882 -0.55436856
 -0.26274886 -0.82862441 -0.48692818 -0.23244185 -0.18674173]
556,[ 0.16511848  0.09063179 -0.00116385  0.11218595  0.34930052  0.11112152
 -0.07668228  0.68581104  0.3874638  -0.54636831 -0.05064983 -0.15890989
  0.19984605  0.39350272 -0.32481516  0.19950105 -0.12851594 -0.63258505
  0.12489787  0.12214718 -0.46656084  0.22600966  0.26798554 -0.61267882
  0.01516019  0.39904558 -0.03384672  0.05858178 -0.52469519  0.47970915
  0.60592838  0.54941427  0.61837583  0.23221685 -0.1896906   0.56664302
 -0.15220362  0.43104656 -0.62488055  0.14437704  0.33829284 -0.66754286
  0.03783611 -0.22511799  0.09856897 -0.28916729  0.2478132  -0.55429185
 -0.26279271 -0.82861909 -0.48694599 -0.23243521 -0.18675427]
557,[ 0.16516368  0.09064998 -0.00127967  0.11221097  0.34932635  0.11109382
 -0.07664169  0.68576777  0.38741911 -0.54634949 -0.05064328 -0.15886134
  0.1998221   0.39354834 -0.32481656  0.19953909 -0.12849184 -0.63257061
  0.12487223  0.12217431 -0.4665648   0.22598544  0.26797738 -0.61271695
  0.01512096  0.3990267  -0.03377628  0.05855823 -0.5247263   0.47977303
  0.60586692  0.54943088  0.61840408  0.23221802 -0.18966676  0.56664972
 -0.15222959  0.43102937 -0.62486962  0.14434911  0.3382991  -0.66749571
  0.03778179 -0.22512262  0.09853688 -0.28917676  0.24784753 -0.55421523
 -0.26283651 -0.82861378 -0.48696379 -0.23242858 -0.1867668 ]
558,[ 0.16520883  0.09066814 -0.00139536  0.11223596  0.34935215  0.11106616
 -0.07660115  0.68572454  0.38737447 -0.54633069 -0.05063673 -0.15881285
  0.19979819  0.3935939  -0.32481796  0.19957709 -0.12846776 -0.63255618
  0.12484661  0.12220141 -0.46656875  0.22596124  0.26796922 -0.61275505
  0.01508178  0.39900784 -0.03370591  0.0585347  -0.52475738  0.47983684
  0.60580553  0.54944747  0.6184323   0.2322192  -0.18964295  0.56665641
 -0.15225553  0.43101219 -0.6248587   0.14432121  0.33830536 -0.66744862
  0.03772753 -0.22512725  0.09850482 -0.28918622  0.24788182 -0.55413869
 -0.26288026 -0.82860848 -0.48698156 -0.23242195 -0.18677932]
559,[ 0.16525392  0.09068629 -0.00151093  0.11226091  0.34937792  0.11103853
 -0.07656065  0.68568136  0.38732988 -0.54631191 -0.05063019 -0.15876441
  0.1997743   0.39363941 -0.32481935  0.19961505 -0.12844371 -0.63254177
  0.12482103  0.12222848 -0.4665727   0.22593706  0.26796107 -0.61279309
  0.01504264  0.39898901 -0.03363563  0.0585112  -0.52478842  0.47990058
  0.6057442   0.54946404  0.61846049  0.23222037 -0.18961916  0.56666309
 -0.15228144  0.43099503 -0.6248478   0.14429335  0.33831161 -0.66740158
  0.03767333 -0.22513187  0.0984728  -0.28919567  0.24791608 -0.55406224
 -0.26292396 -0.82860318 -0.48699931 -0.23241533 -0.18679182]
560,[ 0.16529897  0.09070442 -0.00162636  0.11228585  0.34940366  0.11101093
 -0.07652019  0.68563823  0.38728534 -0.54629315 -0.05062366 -0.15871602
  0.19975043  0.39368487 -0.32482075  0.19965296 -0.12841969 -0.63252738
  0.12479547  0.12225552 -0.46657664  0.22591292  0.26795293 -0.6128311
  0.01500355  0.39897019 -0.03356542  0.05848773 -0.52481943  0.47996425
  0.60568295  0.54948059  0.61848865  0.23222154 -0.1895954   0.56666977
 -0.15230733  0.43097789 -0.62483691  0.14426551  0.33831785 -0.66735459
  0.0376192  -0.22513649  0.09844082 -0.28920511  0.2479503  -0.55398588
 -0.26296761 -0.82859789 -0.48701704 -0.23240872 -0.18680431]
561,[ 0.16534396  0.09072253 -0.00174166  0.11231075  0.34942937  0.11098336
 -0.07647978  0.68559515  0.38724085 -0.54627441 -0.05061714 -0.1586677
  0.1997266   0.39373028 -0.32482214  0.19969083 -0.12839569 -0.632513
  0.12476994  0.12228252 -0.46658058  0.2258888   0.2679448  -0.61286906
  0.0149645   0.3989514  -0.03349529  0.05846429 -0.5248504   0.48002784
  0.60562176  0.54949713  0.61851678  0.23222271 -0.18957166  0.56667644
 -0.15233318  0.43096077 -0.62482603  0.14423771  0.33832408 -0.66730765
  0.03756513 -0.2251411   0.09840887 -0.28921454  0.24798448 -0.5539096
 -0.26301121 -0.8285926  -0.48703475 -0.23240211 -0.18681678]
562,[ 0.16538891  0.09074061 -0.00185683  0.11233563  0.34945506  0.11095582
 -0.07643942  0.68555212  0.38719641 -0.5462557  -0.05061062 -0.15861942
  0.19970279  0.39377564 -0.32482354  0.19972866 -0.12837172 -0.63249864
  0.12474445  0.1223095  -0.46658451  0.22586471  0.26793668 -0.61290698
  0.01492549  0.39893262 -0.03342525  0.05844087 -0.52488134  0.48009136
  0.60556065  0.54951364  0.61854487  0.23222387 -0.18954795  0.5666831
 -0.15235901  0.43094367 -0.62481517  0.14420993  0.33833031 -0.66726077
  0.03751111 -0.2251457   0.09837696 -0.28922395  0.24801862 -0.55383341
 -0.26305476 -0.82858732 -0.48705245 -0.23239551 -0.18682924]
563,[ 0.1654338   0.09075868 -0.00197188  0.11236047  0.34948071  0.11092832
 -0.0763991   0.68550913  0.38715202 -0.546237   -0.05060411 -0.1585712
  0.19967901  0.39382095 -0.32482493  0.19976645 -0.12834778 -0.6324843
  0.12471897  0.12233645 -0.46658844  0.22584065  0.26792856 -0.61294486
  0.01488653  0.39891387 -0.03335528  0.05841748 -0.52491224  0.48015482
  0.6054996   0.54953014  0.61857294  0.23222504 -0.18952427  0.56668976
 -0.15238481  0.43092659 -0.62480431  0.14418219  0.33833653 -0.66721394
  0.03745716 -0.2251503   0.09834508 -0.28923336  0.24805272 -0.5537573
 -0.26309826 -0.82858205 -0.48707012 -0.23238892 -0.18684169]
564,[ 0.16547864  0.09077672 -0.00208679  0.11238529  0.34950634  0.11090084
 -0.07635883  0.6854662   0.38710768 -0.54621833 -0.05059761 -0.15852303
  0.19965525  0.39386621 -0.32482632  0.19980419 -0.12832387 -0.63246997
  0.12469353  0.12236336 -0.46659236  0.22581661  0.26792046 -0.6129827
  0.01484761  0.39889514 -0.03328539  0.05839411 -0.52494311  0.4802182
  0.60543862  0.54954662  0.61860097  0.2322262  -0.18950061  0.5666964
 -0.15241057  0.43090953 -0.62479347  0.14415448  0.33834275 -0.66716716
  0.03740327 -0.2251549   0.09831324 -0.28924276  0.24808678 -0.55368128
 -0.26314172 -0.82857678 -0.48708777 -0.23238234 -0.18685412]
565,[ 0.16552343  0.09079475 -0.00220157  0.11241008  0.34953194  0.1108734
 -0.0763186   0.68542331  0.38706339 -0.54619967 -0.05059112 -0.15847492
  0.19963152  0.39391141 -0.3248277   0.19984189 -0.12829998 -0.63245565
  0.12466812  0.12239025 -0.46659628  0.22579261  0.26791237 -0.61302049
  0.01480873  0.39887643 -0.03321557  0.05837077 -0.52497394  0.48028151
  0.60537771  0.54956308  0.61862897  0.23222736 -0.18947699  0.56670304
 -0.15243631  0.43089249 -0.62478265  0.1441268   0.33834895 -0.66712043
  0.03734944 -0.22515949  0.09828144 -0.28925215  0.24812081 -0.55360535
 -0.26318512 -0.82857152 -0.4871054  -0.23237576 -0.18686654]
566,[ 0.16556818  0.09081275 -0.00231623  0.11243485  0.34955751  0.11084598
 -0.07627842  0.68538047  0.38701915 -0.54618104 -0.05058463 -0.15842686
  0.19960782  0.39395657 -0.32482909  0.19987955 -0.12827612 -0.63244136
  0.12464273  0.1224171  -0.4666002   0.22576862  0.26790428 -0.61305824
  0.0147699   0.39885774 -0.03314584  0.05834746 -0.52500474  0.48034474
  0.60531687  0.54957952  0.61865694  0.23222853 -0.18945338  0.56670967
 -0.15246202  0.43087546 -0.62477183  0.14409915  0.33835515 -0.66707376
  0.03729567 -0.22516407  0.09824967 -0.28926152  0.24815479 -0.5535295
 -0.26322848 -0.82856626 -0.48712302 -0.2323692  -0.18687895]
567,[ 0.16561287  0.09083074 -0.00243075  0.11245958  0.34958304  0.1108186
 -0.07623828  0.68533768  0.38697496 -0.54616243 -0.05057815 -0.15837886
  0.19958415  0.39400167 -0.32483047  0.19991716 -0.12825229 -0.63242708
  0.12461738  0.12244393 -0.46660411  0.22574467  0.26789621 -0.61309595
  0.01473112  0.39883907 -0.03307619  0.05832417 -0.5250355   0.48040791
  0.6052561   0.54959594  0.61868487  0.23222969 -0.18942981  0.5667163
 -0.1524877   0.43085846 -0.62476102  0.14407153  0.33836135 -0.66702714
  0.03724196 -0.22516865  0.09821793 -0.28927089  0.24818874 -0.55345374
 -0.26327178 -0.82856101 -0.48714061 -0.23236264 -0.18689134]
568,[ 0.16565751  0.0908487  -0.00254515  0.11248429  0.34960856  0.11079125
 -0.07619819  0.68529493  0.38693082 -0.54614384 -0.05057168 -0.15833091
  0.1995605   0.39404672 -0.32483186  0.19995474 -0.12822848 -0.63241281
  0.12459205  0.12247072 -0.46660801  0.22572074  0.26788814 -0.61313361
  0.01469237  0.39882042 -0.03300661  0.05830091 -0.52506623  0.48047101
  0.6051954   0.54961234  0.61871278  0.23223085 -0.18940626  0.56672292
 -0.15251335  0.43084147 -0.62475023  0.14404395  0.33836753 -0.66698058
  0.03718831 -0.22517323  0.09818624 -0.28928024  0.24822265 -0.55337806
 -0.26331504 -0.82855577 -0.48715818 -0.23235608 -0.18690371]
569,[ 0.1657021   0.09086665 -0.00265942  0.11250897  0.34963404  0.11076393
 -0.07615814  0.68525224  0.38688673 -0.54612527 -0.05056522 -0.15828301
  0.19953688  0.39409173 -0.32483324  0.19999227 -0.1282047  -0.63239856
  0.12456675  0.12249749 -0.46661191  0.22569684  0.26788008 -0.61317123
  0.01465367  0.3988018  -0.03293711  0.05827768 -0.52509692  0.48053403
  0.60513476  0.54962873  0.61874065  0.232232   -0.18938274  0.56672953
 -0.15253898  0.43082451 -0.62473945  0.14401639  0.33837371 -0.66693406
  0.03713472 -0.22517779  0.09815458 -0.28928958  0.24825653 -0.55330247
 -0.26335825 -0.82855053 -0.48717574 -0.23234954 -0.18691607]
570,[ 0.16574664  0.09088457 -0.00277355  0.11253362  0.34965949  0.11073664
 -0.07611814  0.68520959  0.38684269 -0.54610672 -0.05055876 -0.15823517
  0.19951328  0.39413668 -0.32483462  0.20002976 -0.12818094 -0.63238433
  0.12454148  0.12252422 -0.46661581  0.22567297  0.26787203 -0.61320882
  0.01461501  0.39878319 -0.03286769  0.05825447 -0.52512758  0.48059698
  0.60507419  0.5496451   0.6187685   0.23223316 -0.18935924  0.56673613
 -0.15256457  0.43080756 -0.62472868  0.14398887  0.33837988 -0.6668876
  0.03708119 -0.22518236  0.09812295 -0.28929892  0.24829036 -0.55322696
 -0.26340141 -0.82854529 -0.48719327 -0.232343   -0.18692842]
571,[ 0.16579113  0.09090247 -0.00288756  0.11255825  0.34968492  0.11070938
 -0.07607818  0.68516699  0.3867987  -0.5460882  -0.05055231 -0.15818738
  0.19948971  0.39418158 -0.324836    0.2000672  -0.12815722 -0.63237011
  0.12451624  0.12255093 -0.46661971  0.22564912  0.26786399 -0.61324635
  0.0145764   0.39876461 -0.03279835  0.05823129 -0.52515821  0.48065987
  0.60501369  0.54966144  0.61879631  0.23223431 -0.18933577  0.56674272
 -0.15259014  0.43079063 -0.62471793  0.14396137  0.33838605 -0.66684119
  0.03702772 -0.22518692  0.09809136 -0.28930824  0.24832416 -0.55315154
 -0.26344453 -0.82854007 -0.48721078 -0.23233647 -0.18694076]
572,[ 0.16583557  0.09092036 -0.00300145  0.11258284  0.34971031  0.11068215
 -0.07603827  0.68512444  0.38675476 -0.54606969 -0.05054587 -0.15813965
  0.19946617  0.39422643 -0.32483737  0.20010461 -0.12813352 -0.63235591
  0.12449103  0.1225776  -0.46662359  0.2256253   0.26785596 -0.61328385
  0.01453783  0.39874604 -0.03272909  0.05820813 -0.5251888   0.48072268
  0.60495326  0.54967777  0.61882409  0.23223547 -0.18931233  0.56674931
 -0.15261567  0.43077372 -0.62470718  0.14393391  0.3383922  -0.66679483
  0.03697431 -0.22519147  0.0980598  -0.28931755  0.24835791 -0.5530762
 -0.26348759 -0.82853485 -0.48722828 -0.23232994 -0.18695308]
573,[ 0.16587996  0.09093822 -0.0031152   0.11260741  0.34973568  0.11065495
 -0.0759984   0.68508194  0.38671087 -0.5460512  -0.05053943 -0.15809197
  0.19944265  0.39427123 -0.32483875  0.20014197 -0.12810984 -0.63234173
  0.12446584  0.12260424 -0.46662748  0.22560151  0.26784794 -0.6133213
  0.01449931  0.3987275  -0.0326599   0.058185   -0.52521935  0.48078542
  0.6048929   0.54969409  0.61885184  0.23223662 -0.18928891  0.56675589
 -0.15264118  0.43075684 -0.62469645  0.14390648  0.33839835 -0.66674852
  0.03692097 -0.22519602  0.09802828 -0.28932686  0.24839163 -0.55300094
 -0.26353061 -0.82852963 -0.48724575 -0.23232343 -0.18696539]
574,[ 0.1659243   0.09095606 -0.00322882  0.11263196  0.34976102  0.11062778
 -0.07595858  0.68503948  0.38666702 -0.54603274 -0.050533   -0.15804434
  0.19941917  0.39431598 -0.32484012  0.20017929 -0.1280862  -0.63232756
  0.12444068  0.12263086 -0.46663136  0.22557774  0.26783993 -0.61335871
  0.01446082  0.39870898 -0.0325908   0.0581619  -0.52524987  0.48084809
  0.6048326   0.54971038  0.61887955  0.23223777 -0.18926552  0.56676246
 -0.15266666  0.43073996 -0.62468573  0.14387908  0.3384045  -0.66670227
  0.03686768 -0.22520056  0.0979968  -0.28933615  0.24842532 -0.55292578
 -0.26357357 -0.82852442 -0.48726321 -0.23231692 -0.18697768]
575,[ 0.16596859  0.09097389 -0.00334232  0.11265647  0.34978633  0.11060064
 -0.0759188   0.68499708  0.38662323 -0.5460143  -0.05052658 -0.15799677
  0.1993957   0.39436068 -0.3248415   0.20021657 -0.12806258 -0.63231341
  0.12441556  0.12265744 -0.46663523  0.225554    0.26783193 -0.61339608
  0.01442238  0.39869048 -0.03252177  0.05813882 -0.52528036  0.48091069
  0.60477238  0.54972665  0.61890724  0.23223892 -0.18924216  0.56676903
 -0.15269211  0.43072311 -0.62467503  0.14385171  0.33841064 -0.66665607
  0.03681445 -0.2252051   0.09796535 -0.28934543  0.24845896 -0.55285069
 -0.26361649 -0.82851922 -0.48728064 -0.23231041 -0.18698996]
576,[ 0.16601283  0.09099169 -0.00345569  0.11268096  0.34981161  0.11057354
 -0.07587907  0.68495472  0.38657949 -0.54599587 -0.05052017 -0.15794925
  0.19937227  0.39440533 -0.32484287  0.20025381 -0.12803898 -0.63229927
  0.12439046  0.122684   -0.46663911  0.22553029  0.26782393 -0.61343341
  0.01438399  0.398672   -0.03245282  0.05811577 -0.52531081  0.48097322
  0.60471222  0.54974291  0.61893489  0.23224007 -0.18921882  0.56677558
 -0.15271753  0.43070628 -0.62466433  0.14382437  0.33841677 -0.66660992
  0.03676128 -0.22520963  0.09793394 -0.2893547   0.24849257 -0.55277569
 -0.26365936 -0.82851402 -0.48729806 -0.23230392 -0.18700222]
577,[ 0.16605702  0.09100947 -0.00356893  0.11270541  0.34983686  0.11054646
 -0.07583939  0.68491241  0.38653579 -0.54597747 -0.05051376 -0.15790178
  0.19934886  0.39444993 -0.32484423  0.200291   -0.12801542 -0.63228515
  0.12436538  0.12271052 -0.46664297  0.2255066   0.26781595 -0.61347069
  0.01434563  0.39865354 -0.03238394  0.05809274 -0.52534123  0.48103568
  0.60465212  0.54975915  0.61896252  0.23224122 -0.18919551  0.56678213
 -0.15274292  0.43068947 -0.62465365  0.14379707  0.33842289 -0.66656382
  0.03670818 -0.22521416  0.09790256 -0.28936396  0.24852614 -0.55270078
 -0.26370219 -0.82850883 -0.48731545 -0.23229743 -0.18701447]
578,[ 0.16610116  0.09102724 -0.00368205  0.11272984  0.34986209  0.11051942
 -0.07579974  0.68487014  0.38649215 -0.54595909 -0.05050736 -0.15785437
  0.19932547  0.39449447 -0.3248456   0.20032815 -0.12799188 -0.63227105
  0.12434034  0.12273702 -0.46664684  0.22548294  0.26780797 -0.61350794
  0.01430732  0.3986351  -0.03231515  0.05806974 -0.52537162  0.48109807
  0.6045921   0.54977537  0.61899011  0.23224236 -0.18917223  0.56678868
 -0.15276829  0.43067267 -0.62464297  0.14376979  0.338429   -0.66651778
  0.03665513 -0.22521869  0.09787122 -0.28937321  0.24855967 -0.55262595
 -0.26374496 -0.82850364 -0.48733283 -0.23229095 -0.18702671]
579,[ 0.16614525  0.09104498 -0.00379504  0.11275425  0.34988729  0.1104924
 -0.07576014  0.68482793  0.38644855 -0.54594073 -0.05050097 -0.15780701
  0.19930212  0.39453897 -0.32484697  0.20036526 -0.12796836 -0.63225696
  0.12431533  0.12276348 -0.46665069  0.22545931  0.2678     -0.61354514
  0.01426906  0.39861669 -0.03224643  0.05804677 -0.52540197  0.48116039
  0.60453214  0.54979157  0.61901767  0.23224351 -0.18914897  0.56679521
 -0.15279362  0.4306559  -0.62463232  0.14374254  0.33843511 -0.66647178
  0.03660214 -0.2252232   0.09783991 -0.28938245  0.24859316 -0.5525512
 -0.26378769 -0.82849846 -0.48735019 -0.23228448 -0.18703894]
580,[ 0.16618929  0.0910627  -0.0039079   0.11277862  0.34991245  0.11046542
 -0.07572059  0.68478576  0.386405   -0.54592239 -0.05049458 -0.15775971
  0.19927879  0.39458342 -0.32484833  0.20040233 -0.12794487 -0.63224288
  0.12429034  0.12278992 -0.46665455  0.2254357   0.26779204 -0.6135823
  0.01423083  0.39859829 -0.03217778  0.05802382 -0.52543228  0.48122263
  0.60447226  0.54980775  0.6190452   0.23224465 -0.18912573  0.56680174
 -0.15281893  0.43063914 -0.62462167  0.14371533  0.33844122 -0.66642584
  0.03654921 -0.22522772  0.09780864 -0.28939168  0.24862661 -0.55247654
 -0.26383036 -0.82849329 -0.48736752 -0.23227801 -0.18705115]
581,[ 0.16623329  0.09108041 -0.00402063  0.11280297  0.34993759  0.11043846
 -0.07568108  0.68474363  0.3863615  -0.54590407 -0.0504882  -0.15771245
  0.19925548  0.39462782 -0.3248497   0.20043936 -0.12792141 -0.63222883
  0.12426538  0.12281632 -0.4666584   0.22541212  0.26778409 -0.61361942
  0.01419265  0.39857991 -0.03210922  0.0580009  -0.52546256  0.48128481
  0.60441243  0.54982392  0.6190727   0.23224579 -0.18910253  0.56680826
 -0.15284421  0.4306224  -0.62461103  0.14368814  0.33844731 -0.66637995
  0.03649634 -0.22523222  0.0977774  -0.2894009   0.24866003 -0.55240196
 -0.26387299 -0.82848812 -0.48738484 -0.23227156 -0.18706334]
582,[ 0.16627723  0.09109809 -0.00413323  0.11282729  0.34996271  0.11041154
 -0.07564162  0.68470156  0.38631806 -0.54588577 -0.05048183 -0.15766525
  0.1992322   0.39467217 -0.32485106  0.20047634 -0.12789798 -0.63221478
  0.12424045  0.1228427  -0.46666224  0.22538857  0.26777615 -0.61365649
  0.01415452  0.39856156 -0.03204073  0.057978   -0.52549281  0.48134692
  0.60435268  0.54984007  0.61910017  0.23224693 -0.18907935  0.56681477
 -0.15286946  0.43060568 -0.62460041  0.14366099  0.3384534  -0.66633411
  0.03644353 -0.22523673  0.0977462  -0.2894101   0.24869341 -0.55232747
 -0.26391558 -0.82848296 -0.48740214 -0.23226511 -0.18707553]
583,[ 0.16632112  0.09111575 -0.00424571  0.11285159  0.34998779  0.11038464
 -0.0756022   0.68465953  0.38627465 -0.54586749 -0.05047547 -0.15761811
  0.19920895  0.39471647 -0.32485242  0.20051329 -0.12787457 -0.63220076
  0.12421554  0.12286904 -0.46666608  0.22536504  0.26776822 -0.61369352
  0.01411642  0.39854322 -0.03197232  0.05795513 -0.52552302  0.48140896
  0.60429299  0.54985619  0.61912761  0.23224807 -0.18905619  0.56682128
 -0.15289468  0.43058898 -0.6245898   0.14363386  0.33845948 -0.66628833
  0.03639078 -0.22524123  0.09771504 -0.2894193   0.24872675 -0.55225306
 -0.26395811 -0.8284778  -0.48741942 -0.23225866 -0.18708769]
584,[ 0.16636496  0.0911334  -0.00435807  0.11287585  0.35001284  0.11035778
 -0.07556282  0.68461755  0.3862313  -0.54584923 -0.05046911 -0.15757102
  0.19918572  0.39476071 -0.32485377  0.20055019 -0.12785119 -0.63218675
  0.12419067  0.12289536 -0.46666992  0.22534154  0.2677603  -0.61373052
  0.01407837  0.39852491 -0.03190399  0.05793229 -0.5255532   0.48147093
  0.60423337  0.5498723   0.61915502  0.23224921 -0.18903306  0.56682778
 -0.15291987  0.4305723  -0.6245792   0.14360677  0.33846556 -0.66624259
  0.03633809 -0.22524572  0.09768391 -0.28942849  0.24876006 -0.55217873
 -0.26400059 -0.82847265 -0.48743668 -0.23225223 -0.18709985]
585,[ 0.16640876  0.09115102 -0.00447029  0.11290009  0.35003787  0.11033095
 -0.07552349  0.68457562  0.386188   -0.54583099 -0.05046276 -0.15752398
  0.19916252  0.39480491 -0.32485513  0.20058705 -0.12782783 -0.63217275
  0.12416582  0.12292165 -0.46667375  0.22531807  0.26775238 -0.61376747
  0.01404036  0.39850662 -0.03183573  0.05790947 -0.52558335  0.48153282
  0.60417382  0.5498884   0.61918239  0.23225035 -0.18900996  0.56683427
 -0.15294504  0.43055564 -0.62456861  0.14357971  0.33847163 -0.66619691
  0.03628546 -0.22525021  0.09765281 -0.28943767  0.24879333 -0.55210449
 -0.26404303 -0.82846751 -0.48745391 -0.2322458  -0.18711199]
586,[ 0.1664525   0.09116862 -0.00458239  0.11292431  0.35006287  0.11030414
 -0.0754842   0.68453374  0.38614475 -0.54581278 -0.05045642 -0.15747699
  0.19913935  0.39484906 -0.32485649  0.20062387 -0.1278045  -0.63215878
  0.124141    0.1229479  -0.46667758  0.22529462  0.26774448 -0.61380438
  0.0140024   0.39848834 -0.03176756  0.05788668 -0.52561346  0.48159465
  0.60411434  0.54990447  0.61920974  0.23225149 -0.18898689  0.56684075
 -0.15297018  0.43053899 -0.62455804  0.14355267  0.33847769 -0.66615127
  0.03623289 -0.22525469  0.09762175 -0.28944683  0.24882655 -0.55203033
 -0.26408542 -0.82846237 -0.48747114 -0.23223937 -0.18712412]
587,[ 0.1664962   0.09118621 -0.00469436  0.11294849  0.35008784  0.11027737
 -0.07544496  0.6844919   0.38610154 -0.54579458 -0.05045009 -0.15743005
  0.1991162   0.39489316 -0.32485784  0.20066065 -0.1277812  -0.63214481
  0.12411621  0.12297413 -0.4666814   0.2252712   0.26773658 -0.61384124
  0.01396447  0.39847009 -0.03169945  0.05786391 -0.52564354  0.48165641
  0.60405492  0.54992053  0.61923705  0.23225262 -0.18896384  0.56684723
 -0.15299528  0.43052237 -0.62454747  0.14352567  0.33848374 -0.66610569
  0.03618037 -0.22525917  0.09759072 -0.28945599  0.24885975 -0.55195626
 -0.26412777 -0.82845723 -0.48748834 -0.23223296 -0.18713623]
588,[ 0.16653984  0.09120377 -0.00480621  0.11297265  0.35011278  0.11025063
 -0.07540576  0.68445011  0.38605838 -0.5457764  -0.05044376 -0.15738317
  0.19909308  0.39493721 -0.32485919  0.20069738 -0.12775792 -0.63213087
  0.12409145  0.12300033 -0.46668522  0.2252478   0.2677287  -0.61387807
  0.01392659  0.39845186 -0.03163143  0.05784117 -0.52567358  0.4817181
  0.60399557  0.54993657  0.61926434  0.23225375 -0.18894081  0.5668537
 -0.15302036  0.43050576 -0.62453692  0.1434987   0.33848979 -0.66606016
  0.03612792 -0.22526364  0.09755973 -0.28946514  0.2488929  -0.55188226
 -0.26417006 -0.82845211 -0.48750552 -0.23222655 -0.18714833]
589,[ 0.16658344  0.09122132 -0.00491793  0.11299678  0.3501377   0.11022392
 -0.07536661  0.68440836  0.38601528 -0.54575825 -0.05043744 -0.15733634
  0.19906999  0.39498121 -0.32486054  0.20073408 -0.12773467 -0.63211694
  0.12406671  0.1230265  -0.46668904  0.22522444  0.26772082 -0.61391485
  0.01388875  0.39843365 -0.03156348  0.05781845 -0.52570359  0.48177972
  0.60393628  0.54995259  0.61929159  0.23225488 -0.18891781  0.56686016
 -0.15304542  0.43048917 -0.62452638  0.14347176  0.33849583 -0.66601469
  0.03607552 -0.2252681   0.09752878 -0.28947427  0.24892602 -0.55180836
 -0.26421231 -0.82844698 -0.48752268 -0.23222015 -0.18716042]
590,[ 0.16662699  0.09123884 -0.00502953  0.11302088  0.35016258  0.11019723
 -0.0753275   0.68436667  0.38597222 -0.54574011 -0.05043112 -0.15728957
  0.19904692  0.39502516 -0.32486189  0.20077073 -0.12771145 -0.63210302
  0.12404201  0.12305264 -0.46669285  0.22520109  0.26771295 -0.6139516
  0.01385096  0.39841546 -0.03149561  0.05779576 -0.52573357  0.48184127
  0.60387706  0.54996859  0.61931881  0.23225602 -0.18889484  0.56686662
 -0.15307044  0.4304726  -0.62451585  0.14344485  0.33850187 -0.66596926
  0.03602319 -0.22527257  0.09749785 -0.2894834   0.2489591  -0.55173453
 -0.26425451 -0.82844187 -0.48753982 -0.23221376 -0.18717249]
591,[ 0.16667049  0.09125634 -0.005141    0.11304496  0.35018744  0.11017058
 -0.07528843  0.68432502  0.38592921 -0.545722   -0.05042482 -0.15724285
  0.19902387  0.39506906 -0.32486324  0.20080734 -0.12768825 -0.63208912
  0.12401733  0.12307875 -0.46669666  0.22517778  0.26770509 -0.6139883
  0.01381321  0.39839729 -0.03142781  0.05777309 -0.52576351  0.48190275
  0.60381791  0.54998457  0.619346    0.23225714 -0.1888719   0.56687307
 -0.15309544  0.43045605 -0.62450534  0.14341797  0.33850789 -0.66592388
  0.03597091 -0.22527702  0.09746697 -0.28949251  0.24899214 -0.55166079
 -0.26429666 -0.82843676 -0.48755695 -0.23220737 -0.18718455]
592,[ 0.16671394  0.09127383 -0.00525234  0.113069    0.35021227  0.11014396
 -0.07524941  0.68428342  0.38588624 -0.54570391 -0.05041852 -0.15719617
  0.19900086  0.39511291 -0.32486459  0.20084392 -0.12766508 -0.63207524
  0.12399268  0.12310483 -0.46670046  0.22515449  0.26769724 -0.61402496
  0.0137755   0.39837914 -0.03136009  0.05775045 -0.52579342  0.48196417
  0.60375883  0.55000054  0.61937317  0.23225827 -0.18884898  0.56687951
 -0.1531204   0.43043952 -0.62449483  0.14339112  0.33851391 -0.66587856
  0.03591869 -0.22528148  0.09743612 -0.28950162  0.24902515 -0.55158713
 -0.26433876 -0.82843165 -0.48757405 -0.232201   -0.1871966 ]
593,[ 0.16675734  0.09129129 -0.00536356  0.11309303  0.35023708  0.11011737
 -0.07521043  0.68424186  0.38584333 -0.54568583 -0.05041222 -0.15714956
  0.19897786  0.39515671 -0.32486593  0.20088045 -0.12764193 -0.63206137
  0.12396805  0.12313088 -0.46670426  0.22513122  0.26768939 -0.61406158
  0.01373783  0.39836101 -0.03129245  0.05772784 -0.52582329  0.48202551
  0.60369981  0.55001649  0.6194003   0.2322594  -0.18882608  0.56688594
 -0.15314534  0.43042301 -0.62448434  0.1433643   0.33851993 -0.66583328
  0.03586653 -0.22528592  0.0974053  -0.28951071  0.24905812 -0.55151355
 -0.26438082 -0.82842656 -0.48759113 -0.23219462 -0.18720863]
594,[ 0.16680069  0.09130874 -0.00547465  0.11311702  0.35026185  0.1100908
 -0.0751715   0.68420035  0.38580046 -0.54566778 -0.05040594 -0.15710299
  0.1989549   0.39520046 -0.32486727  0.20091693 -0.12761881 -0.63204751
  0.12394346  0.1231569  -0.46670805  0.22510799  0.26768156 -0.61409815
  0.0137002   0.3983429  -0.03122488  0.05770525 -0.52585314  0.48208678
  0.60364086  0.55003242  0.6194274   0.23226053 -0.18880321  0.56689236
 -0.15317025  0.43040651 -0.62447386  0.14333751  0.33852593 -0.66578806
  0.03581443 -0.22529037  0.09737452 -0.2895198   0.24909105 -0.55144006
 -0.26442283 -0.82842146 -0.4876082  -0.23218826 -0.18722065]
595,[ 0.16684399  0.09132617 -0.00558562  0.11314099  0.3502866   0.11006427
 -0.07513261  0.68415889  0.38575765 -0.54564975 -0.05039966 -0.15705648
  0.19893196  0.39524417 -0.32486862  0.20095338 -0.12759572 -0.63203368
  0.12391889  0.12318289 -0.46671184  0.22508478  0.26767374 -0.61413469
  0.01366262  0.39832481 -0.03115739  0.05768269 -0.52588294  0.48214799
  0.60358197  0.55004833  0.61945446  0.23226165 -0.18878037  0.56689878
 -0.15319514  0.43039004 -0.62446339  0.14331075  0.33853193 -0.66574289
  0.03576239 -0.2252948   0.09734377 -0.28952887  0.24912394 -0.55136665
 -0.26446479 -0.82841637 -0.48762525 -0.2321819  -0.18723266]
596,[ 0.16688725  0.09134357 -0.00569647  0.11316493  0.35031131  0.11003777
 -0.07509376  0.68411747  0.38571488 -0.54563173 -0.05039339 -0.15701002
  0.19890904  0.39528782 -0.32486996  0.20098979 -0.12757265 -0.63201986
  0.12389435  0.12320885 -0.46671562  0.22506159  0.26766592 -0.61417119
  0.01362508  0.39830674 -0.03108997  0.05766015 -0.52591272  0.48220912
  0.60352315  0.55006422  0.6194815   0.23226277 -0.18875755  0.56690519
 -0.15321999  0.43037358 -0.62445293  0.14328402  0.33853793 -0.66569777
  0.03571041 -0.22529924  0.09731306 -0.28953793  0.2491568  -0.55129332
 -0.26450671 -0.82841129 -0.48764227 -0.23217555 -0.18724465]
597,[ 0.16693045  0.09136096 -0.00580718  0.11318884  0.35033601  0.1100113
 -0.07505496  0.6840761   0.38567216 -0.54561374 -0.05038713 -0.15696361
  0.19888616  0.39533143 -0.32487129  0.20102615 -0.12754961 -0.63200605
  0.12386983  0.12323479 -0.4667194   0.22503843  0.26765811 -0.61420764
  0.01358758  0.39828869 -0.03102263  0.05763764 -0.52594246  0.48227019
  0.6034644   0.5500801   0.61950851  0.23226389 -0.18873476  0.5669116
 -0.15324482  0.43035714 -0.62444249  0.14325732  0.33854391 -0.6656527
  0.03565849 -0.22530366  0.09728238 -0.28954699  0.24918962 -0.55122007
 -0.26454858 -0.82840622 -0.48765928 -0.23216921 -0.18725663]
598,[ 0.16697361  0.09137833 -0.00591778  0.11321273  0.35036067  0.10998485
 -0.0750162   0.68403478  0.38562948 -0.54559577 -0.05038087 -0.15691725
  0.19886329  0.39537498 -0.32487263  0.20106248 -0.12752659 -0.63199226
  0.12384535  0.12326069 -0.46672318  0.2250153   0.26765031 -0.61424405
  0.01355013  0.39827067 -0.03095537  0.05761515 -0.52597216  0.48233119
  0.60340571  0.55009596  0.61953549  0.23226501 -0.18871199  0.566918
 -0.15326962  0.43034072 -0.62443205  0.14323065  0.33854989 -0.66560768
  0.03560662 -0.22530809  0.09725173 -0.28955603  0.2492224  -0.55114691
 -0.2645904  -0.82840115 -0.48767627 -0.23216287 -0.18726859]
599,[ 0.16701672  0.09139567 -0.00602825  0.11323659  0.3503853   0.10995844
 -0.07497748  0.6839935   0.38558686 -0.54557782 -0.05037462 -0.15687095
  0.19884046  0.39541849 -0.32487397  0.20109876 -0.1275036  -0.63197848
  0.12382089  0.12328657 -0.46672695  0.22499219  0.26764252 -0.61428043
  0.01351271  0.39825266 -0.03088818  0.05759269 -0.52600184  0.48239212
  0.60334709  0.5501118   0.61956244  0.23226613 -0.18868925  0.56692439
 -0.15329439  0.43032432 -0.62442163  0.14320401  0.33855587 -0.66556271
  0.03555481 -0.2253125   0.09722112 -0.28956507  0.24925515 -0.55107383
 -0.26463217 -0.82839608 -0.48769324 -0.23215655 -0.18728054]
600,[ 0.16705978  0.091413   -0.00613859  0.11326042  0.35040991  0.10993206
 -0.07493881  0.68395228  0.38554428 -0.54555988 -0.05036838 -0.1568247
  0.19881765  0.39546195 -0.3248753   0.20113501 -0.12748064 -0.63196472
  0.12379646  0.12331241 -0.46673072  0.22496911  0.26763474 -0.61431676
  0.01347534  0.39823467 -0.03082107  0.05757025 -0.52603148  0.48245298
  0.60328854  0.55012762  0.61958936  0.23226725 -0.18866654  0.56693077
 -0.15331913  0.43030794 -0.62441122  0.1431774   0.33856183 -0.66551779
  0.03550306 -0.22531691  0.09719055 -0.28957409  0.24928786 -0.55100083
 -0.2646739  -0.82839102 -0.48771019 -0.23215022 -0.18729248]
601,[ 0.16710279  0.09143031 -0.00624881  0.11328423  0.35043449  0.1099057
 -0.07490018  0.68391109  0.38550175 -0.54554197 -0.05036214 -0.1567785
  0.19879486  0.39550535 -0.32487663  0.20117121 -0.1274577  -0.63195098
  0.12377206  0.12333823 -0.46673448  0.22494606  0.26762697 -0.61435305
  0.01343801  0.39821671 -0.03075403  0.05754784 -0.52606109  0.48251377
  0.60323005  0.55014343  0.61961624  0.23226837 -0.18864385  0.56693714
 -0.15334385  0.43029157 -0.62440082  0.14315082  0.33856779 -0.66547292
  0.03545137 -0.22532132  0.09716001 -0.2895831   0.24932053 -0.55092792
 -0.26471558 -0.82838597 -0.48772712 -0.23214391 -0.18730441]
602,[ 0.16714575  0.0914476  -0.00635891  0.11330801  0.35045904  0.10987938
 -0.07486159  0.68386996  0.38545927 -0.54552408 -0.05035591 -0.15673235
  0.1987721   0.39554871 -0.32487796  0.20120737 -0.12743479 -0.63193725
  0.12374768  0.12336402 -0.46673824  0.22492303  0.26761921 -0.6143893
  0.01340072  0.39819876 -0.03068707  0.05752545 -0.52609066  0.4825745
  0.60317163  0.55015921  0.6196431   0.23226948 -0.18862118  0.56694351
 -0.15336854  0.43027522 -0.62439044  0.14312427  0.33857375 -0.66542811
  0.03539974 -0.22532572  0.0971295  -0.2895921   0.24935317 -0.55085508
 -0.26475721 -0.82838092 -0.48774404 -0.2321376  -0.18731632]
603,[ 0.16718867  0.09146487 -0.00646888  0.11333176  0.35048357  0.10985309
 -0.07482305  0.68382887  0.38541684 -0.54550621 -0.05034969 -0.15668625
  0.19874937  0.39559203 -0.32487929  0.20124349 -0.1274119  -0.63192354
  0.12372333  0.12338978 -0.466742    0.22490003  0.26761145 -0.61442551
  0.01336348  0.39818083 -0.03062019  0.05750309 -0.5261202   0.48263515
  0.60311327  0.55017498  0.61966993  0.2322706  -0.18859855  0.56694987
 -0.1533932   0.4302589  -0.62438006  0.14309775  0.33857969 -0.66538334
  0.03534816 -0.22533012  0.09709903 -0.2896011   0.24938577 -0.55078233
 -0.2647988  -0.82837588 -0.48776093 -0.2321313  -0.18732822]
604,[ 0.16723153  0.09148212 -0.00657873  0.11335549  0.35050806  0.10982682
 -0.07478456  0.68378782  0.38537445 -0.54548836 -0.05034347 -0.15664021
  0.19872666  0.39563529 -0.32488062  0.20127957 -0.12738904 -0.63190984
  0.12369901  0.1234155  -0.46674575  0.22487705  0.26760371 -0.61446167
  0.01332627  0.39816293 -0.03055338  0.05748075 -0.52614971  0.48269574
  0.60305498  0.55019074  0.61969672  0.23227171 -0.18857593  0.56695623
 -0.15341783  0.43024259 -0.6243697   0.14307126  0.33858563 -0.66533862
  0.03529665 -0.22533451  0.09706859 -0.28961008  0.24941833 -0.55070966
 -0.26484034 -0.82837085 -0.4877778  -0.23212501 -0.1873401 ]
605,[ 0.16727435  0.09149935 -0.00668846  0.11337918  0.35053253  0.10980058
 -0.0747461   0.68374682  0.38533211 -0.54547053 -0.05033727 -0.15659422
  0.19870398  0.3956785  -0.32488195  0.20131561 -0.12736621 -0.63189616
  0.12367472  0.12344121 -0.4667495   0.2248541   0.26759597 -0.6144978
  0.01328911  0.39814504 -0.03048664  0.05745844 -0.52617918  0.48275626
  0.60299676  0.55020647  0.61972349  0.23227282 -0.18855335  0.56696257
 -0.15344243  0.43022629 -0.62435935  0.1430448   0.33859157 -0.66529396
  0.03524519 -0.2253389   0.09703819 -0.28961905  0.24945086 -0.55063707
 -0.26488183 -0.82836581 -0.48779466 -0.23211872 -0.18735197]
606,[ 0.16731712  0.09151656 -0.00679806  0.11340286  0.35055698  0.10977438
 -0.07470769  0.68370587  0.38528982 -0.54545272 -0.05033107 -0.15654828
  0.19868132  0.39572167 -0.32488327  0.20135161 -0.1273434  -0.63188249
  0.12365045  0.12346688 -0.46675324  0.22483118  0.26758824 -0.61453389
  0.01325199  0.39812718 -0.03041998  0.05743616 -0.52620862  0.48281671
  0.6029386   0.55022219  0.61975022  0.23227393 -0.18853078  0.56696891
 -0.15346701  0.43021002 -0.62434901  0.14301837  0.33859749 -0.66524934
  0.03519379 -0.22534328  0.09700782 -0.28962802  0.24948335 -0.55056457
 -0.26492327 -0.82836079 -0.4878115  -0.23211245 -0.18736383]
607,[ 0.16735984  0.09153376 -0.00690754  0.1134265   0.35058139  0.1097482
 -0.07466932  0.68366497  0.38524758 -0.54543493 -0.05032487 -0.15650239
  0.19865869  0.39576478 -0.3248846   0.20138757 -0.12732061 -0.63186884
  0.12362621  0.12349252 -0.46675698  0.22480828  0.26758052 -0.61456993
  0.01321491  0.39810933 -0.0303534   0.0574139  -0.52623803  0.48287709
  0.6028805   0.55023788  0.61977693  0.23227504 -0.18850825  0.56697525
 -0.15349156  0.43019377 -0.62433868  0.14299197  0.33860341 -0.66520478
  0.03514244 -0.22534766  0.09697749 -0.28963697  0.2495158  -0.55049214
 -0.26496467 -0.82835577 -0.48782831 -0.23210617 -0.18737567]
608,[ 0.16740252  0.09155093 -0.00701689  0.11345012  0.35060578  0.10972206
 -0.074631    0.68362411  0.38520539 -0.54541715 -0.05031868 -0.15645655
  0.19863608  0.39580785 -0.32488592  0.20142348 -0.12729786 -0.6318552
  0.123602    0.12351813 -0.46676071  0.2247854   0.26757281 -0.61460594
  0.01317788  0.39809151 -0.03028689  0.05739166 -0.5262674   0.48293741
  0.60282247  0.55025356  0.61980361  0.23227615 -0.18848574  0.56698157
 -0.15351608  0.43017753 -0.62432836  0.1429656   0.33860933 -0.66516026
  0.03509116 -0.22535203  0.09694719 -0.28964591  0.24954821 -0.5504198
 -0.26500602 -0.82835076 -0.48784511 -0.23209991 -0.1873875 ]
609,[ 0.16744514  0.09156808 -0.00712612  0.11347371  0.35063014  0.10969594
 -0.07459271  0.68358329  0.38516324 -0.5453994  -0.0503125  -0.15641077
  0.1986135   0.39585087 -0.32488724  0.20145936 -0.12727512 -0.63184158
  0.12357782  0.12354372 -0.46676444  0.22476256  0.26756511 -0.6146419
  0.01314088  0.3980737  -0.03022045  0.05736945 -0.52629674  0.48299766
  0.60276451  0.55026923  0.61983025  0.23227726 -0.18846325  0.56698789
 -0.15354057  0.43016131 -0.62431806  0.14293926  0.33861523 -0.6651158
  0.03503993 -0.2253564   0.09691692 -0.28965484  0.24958059 -0.55034754
 -0.26504733 -0.82834575 -0.48786189 -0.23209365 -0.18739932]
610,[ 0.16748772  0.09158522 -0.00723523  0.11349728  0.35065447  0.10966985
 -0.07455447  0.68354253  0.38512114 -0.54538167 -0.05030633 -0.15636504
  0.19859094  0.39589384 -0.32488856  0.2014952  -0.12725242 -0.63182798
  0.12355366  0.12356928 -0.46676817  0.22473973  0.26755741 -0.61467783
  0.01310393  0.39805592 -0.03015409  0.05734727 -0.52632605  0.48305784
  0.60270661  0.55028487  0.61985687  0.23227836 -0.18844079  0.5669942
 -0.15356504  0.43014511 -0.62430776  0.14291295  0.33862113 -0.66507138
  0.03498876 -0.22536077  0.09688669 -0.28966376  0.24961294 -0.55027536
 -0.26508859 -0.82834075 -0.48787865 -0.2320874  -0.18741113]
611,[ 0.16753025  0.09160233 -0.00734422  0.11352082  0.35067877  0.10964379
 -0.07451628  0.6835018   0.38507909 -0.54536396 -0.05030017 -0.15631935
  0.19856841  0.39593676 -0.32488988  0.20153099 -0.12722974 -0.63181439
  0.12352953  0.1235948  -0.46677189  0.22471694  0.26754973 -0.61471371
  0.01306702  0.39803815 -0.0300878   0.05732511 -0.52635533  0.48311795
  0.60264878  0.5503005   0.61988345  0.23227947 -0.18841836  0.5670005
 -0.15358948  0.43012893 -0.62429748  0.14288667  0.33862702 -0.66502702
  0.03493765 -0.22536512  0.09685649 -0.28967268  0.24964524 -0.55020326
 -0.2651298  -0.82833575 -0.48789539 -0.23208116 -0.18742292]
612,[ 0.16757273  0.09161943 -0.00745308  0.11354433  0.35070305  0.10961776
 -0.07447813  0.68346113  0.38503708 -0.54534627 -0.05029401 -0.15627372
  0.19854591  0.39597964 -0.32489119  0.20156675 -0.12720708 -0.63180081
  0.12350543  0.1236203  -0.46677561  0.22469417  0.26754205 -0.61474955
  0.01303015  0.39802041 -0.03002159  0.05730297 -0.52638457  0.48317799
  0.60259101  0.55031611  0.61991001  0.23228057 -0.18839595  0.5670068
 -0.15361389  0.43011277 -0.62428721  0.14286042  0.33863291 -0.6649827
  0.0348866  -0.22536948  0.09682633 -0.28968158  0.24967751 -0.55013124
 -0.26517097 -0.82833076 -0.48791212 -0.23207492 -0.18743469]
613,[ 0.16761517  0.0916365  -0.00756182  0.11356782  0.3507273   0.10959176
 -0.07444002  0.6834205   0.38499512 -0.5453286  -0.05028785 -0.15622814
  0.19852343  0.39602246 -0.32489251  0.20160247 -0.12718445 -0.63178725
  0.12348136  0.12364577 -0.46677932  0.22467142  0.26753438 -0.61478536
  0.01299332  0.39800268 -0.02995546  0.05728086 -0.52641378  0.48323797
  0.60253331  0.5503317   0.61993653  0.23228167 -0.18837356  0.56701309
 -0.15363827  0.43009662 -0.62427695  0.14283419  0.33863879 -0.66493844
  0.0348356  -0.22537382  0.0967962  -0.28969047  0.24970975 -0.5500593
 -0.26521209 -0.82832578 -0.48792882 -0.23206869 -0.18744646]
614,[ 0.16765755  0.09165356 -0.00767044  0.11359128  0.35075152  0.10956579
 -0.07440195  0.68337991  0.38495321 -0.54531095 -0.05028171 -0.15618262
  0.19850098  0.39606524 -0.32489382  0.20163814 -0.12716184 -0.63177371
  0.12345731  0.12367121 -0.46678303  0.2246487   0.26752672 -0.61482112
  0.01295653  0.39798498 -0.0298894   0.05725878 -0.52644295  0.48329788
  0.60247567  0.55034728  0.61996303  0.23228277 -0.1883512   0.56701937
 -0.15366263  0.43008049 -0.6242667   0.142808    0.33864466 -0.66489422
  0.03478466 -0.22537817  0.0967661  -0.28969935  0.24974195 -0.54998745
 -0.26525316 -0.8283208  -0.48794551 -0.23206247 -0.18745821]
615,[ 0.16769989  0.0916706  -0.00777894  0.11361471  0.35077572  0.10953985
 -0.07436393  0.68333938  0.38491135 -0.54529332 -0.05027557 -0.15613714
  0.19847855  0.39610797 -0.32489513  0.20167378 -0.12713927 -0.63176018
  0.12343329  0.12369663 -0.46678674  0.22462601  0.26751907 -0.61485684
  0.01291979  0.39796729 -0.02982341  0.05723671 -0.5264721   0.48335772
  0.60241809  0.55036284  0.6199895   0.23228387 -0.18832887  0.56702565
 -0.15368696  0.43006439 -0.62425647  0.14278184  0.33865053 -0.66485006
  0.03473378 -0.22538251  0.09673604 -0.28970823  0.24977411 -0.54991567
 -0.26529419 -0.82831582 -0.48796217 -0.23205626 -0.18746995]
616,[ 0.16774218  0.09168761 -0.00788731  0.11363812  0.35079988  0.10951394
 -0.07432594  0.68329888  0.38486953 -0.54527571 -0.05026944 -0.15609171
  0.19845614  0.39615065 -0.32489644  0.20170937 -0.12711671 -0.63174667
  0.12340929  0.12372201 -0.46679044  0.22460334  0.26751143 -0.61489252
  0.01288308  0.39794962 -0.0297575   0.05721468 -0.52650121  0.48341749
  0.60236059  0.55037838  0.62001593  0.23228497 -0.18830656  0.56703192
 -0.15371126  0.43004829 -0.62424624  0.1427557   0.33865639 -0.66480594
  0.03468295 -0.22538684  0.09670601 -0.28971709  0.24980623 -0.54984398
 -0.26533517 -0.82831085 -0.48797882 -0.23205005 -0.18748167]
617,[ 0.16778442  0.09170461 -0.00799556  0.1136615   0.35082402  0.10948806
 -0.07428801  0.68325844  0.38482776 -0.54525812 -0.05026331 -0.15604634
  0.19843377  0.39619328 -0.32489775  0.20174493 -0.12709418 -0.63173317
  0.12338533  0.12374737 -0.46679413  0.2245807   0.2675038  -0.61492817
  0.01284642  0.39793198 -0.02969166  0.05719267 -0.52653029  0.4834772
  0.60230314  0.5503939   0.62004234  0.23228606 -0.18828427  0.56703818
 -0.15373553  0.43003222 -0.62423603  0.1427296   0.33866224 -0.66476187
  0.03463218 -0.22539117  0.09667601 -0.28972594  0.24983832 -0.54977237
 -0.26537611 -0.82830589 -0.48799545 -0.23204385 -0.18749338]
618,[ 0.16782662  0.09172159 -0.00810369  0.11368485  0.35084814  0.1094622
 -0.07425011  0.68321803  0.38478604 -0.54524054 -0.0502572  -0.15600102
  0.19841141  0.39623587 -0.32489906  0.20178044 -0.12707168 -0.63171969
  0.12336139  0.12377269 -0.46679782  0.22455808  0.26749617 -0.61496377
  0.0128098   0.39791435 -0.02962589  0.05717068 -0.52655933  0.48353684
  0.60224576  0.5504094   0.62006872  0.23228716 -0.18826202  0.56704443
 -0.15375978  0.43001617 -0.62422583  0.14270352  0.33866809 -0.66471786
  0.03458147 -0.22539549  0.09664605 -0.28973478  0.24987037 -0.54970083
 -0.265417   -0.82830093 -0.48801206 -0.23203765 -0.18750508]
619,[ 0.16786877  0.09173856 -0.0082117   0.11370818  0.35087222  0.10943638
 -0.07421226  0.68317768  0.38474436 -0.54522299 -0.05025109 -0.15595574
  0.19838909  0.39627841 -0.32490036  0.20181592 -0.1270492  -0.63170622
  0.12333747  0.12379799 -0.46680151  0.22453549  0.26748855 -0.61499933
  0.01277322  0.39789675 -0.0295602   0.05714872 -0.52658834  0.48359641
  0.60218845  0.55042489  0.62009506  0.23228825 -0.18823978  0.56705068
 -0.153784    0.43000013 -0.62421564  0.14267748  0.33867393 -0.66467389
  0.03453082 -0.22539981  0.09661612 -0.28974361  0.24990239 -0.54962938
 -0.26545784 -0.82829598 -0.48802865 -0.23203146 -0.18751677]
620,[ 0.16791087  0.0917555  -0.00831959  0.11373148  0.35089628  0.10941058
 -0.07417445  0.68313737  0.38470274 -0.54520546 -0.05024498 -0.15591052
  0.19836678  0.3963209  -0.32490167  0.20185135 -0.12702675 -0.63169276
  0.12331359  0.12382326 -0.4668052   0.22451292  0.26748095 -0.61503485
  0.01273668  0.39787916 -0.02949458  0.05712678 -0.52661732  0.48365591
  0.6021312   0.55044036  0.62012138  0.23228935 -0.18821757  0.56705692
 -0.15380819  0.42998411 -0.62420546  0.14265146  0.33867976 -0.66462997
  0.03448022 -0.22540413  0.09658623 -0.28975244  0.24993437 -0.54955801
 -0.26549864 -0.82829104 -0.48804523 -0.23202528 -0.18752844]
621,[ 0.16795292  0.09177242 -0.00842735  0.11375476  0.35092031  0.10938482
 -0.07413668  0.6830971   0.38466115 -0.54518795 -0.05023888 -0.15586535
  0.1983445   0.39636334 -0.32490297  0.20188675 -0.12700432 -0.63167933
  0.12328973  0.1238485  -0.46680888  0.22449038  0.26747335 -0.61507033
  0.01270018  0.3978616  -0.02942904  0.05710487 -0.52664627  0.48371535
  0.60207401  0.55045582  0.62014767  0.23229044 -0.18819539  0.56706315
 -0.15383235  0.42996811 -0.6241953   0.14262548  0.33868559 -0.66458611
  0.03442969 -0.22540843  0.09655637 -0.28976125  0.24996632 -0.54948672
 -0.26553939 -0.82828609 -0.48806178 -0.23201911 -0.1875401 ]
622,[ 0.16799493  0.09178932 -0.00853499  0.11377801  0.35094432  0.10935908
 -0.07409895  0.68305688  0.38461962 -0.54517045 -0.05023279 -0.15582023
  0.19832225  0.39640573 -0.32490427  0.2019221  -0.12698192 -0.6316659
  0.12326589  0.12387372 -0.46681255  0.22446787  0.26746576 -0.61510577
  0.01266372  0.39784405 -0.02936357  0.05708298 -0.52667519  0.48377472
  0.60201689  0.55047125  0.62017393  0.23229153 -0.18817323  0.56706938
 -0.15385649  0.42995213 -0.62418514  0.14259952  0.33869141 -0.66454229
  0.0343792  -0.22541274  0.09652654 -0.28977005  0.24999823 -0.54941551
 -0.26558009 -0.82828116 -0.48807832 -0.23201294 -0.18755175]
623,[ 0.16803688  0.09180621 -0.00864252  0.11380123  0.3509683   0.10933337
 -0.07406127  0.68301671  0.38457813 -0.54515298 -0.05022671 -0.15577517
  0.19830002  0.39644808 -0.32490557  0.20195742 -0.12695954 -0.6316525
  0.12324209  0.1238989  -0.46681622  0.22444538  0.26745817 -0.61514118
  0.01262731  0.39782652 -0.02929818  0.05706112 -0.52670407  0.48383403
  0.60195984  0.55048667  0.62020016  0.23229262 -0.1881511   0.5670756
 -0.1538806   0.42993617 -0.624175    0.14257359  0.33869723 -0.66449852
  0.03432878 -0.22541704  0.09649675 -0.28977884  0.2500301  -0.54934438
 -0.26562075 -0.82827623 -0.48809483 -0.23200678 -0.18756338]
624,[ 0.1680788   0.09182308 -0.00874992  0.11382443  0.35099225  0.10930769
 -0.07402363  0.68297658  0.38453669 -0.54513553 -0.05022064 -0.15573015
  0.19827782  0.39649037 -0.32490687  0.2019927  -0.12693719 -0.6316391
  0.12321831  0.12392406 -0.46681989  0.22442291  0.2674506  -0.61517654
  0.01259093  0.39780902 -0.02923286  0.05703928 -0.52673292  0.48389326
  0.60190285  0.55050207  0.62022636  0.23229371 -0.18812899  0.56708181
 -0.15390469  0.42992022 -0.62416487  0.14254769  0.33870303 -0.6644548
  0.03427841 -0.22542133  0.09646699 -0.28978763  0.25006194 -0.54927333
 -0.26566136 -0.82827131 -0.48811133 -0.23200063 -0.187575  ]
625,[ 0.16812066  0.09183992 -0.0088572   0.1138476   0.35101617  0.10928204
 -0.07398603  0.68293649  0.3844953  -0.54511809 -0.05021457 -0.15568518
  0.19825564  0.39653263 -0.32490817  0.20202793 -0.12691487 -0.63162573
  0.12319456  0.12394919 -0.46682356  0.22440047  0.26744304 -0.61521186
  0.0125546   0.39779153 -0.02916761  0.05701747 -0.52676173  0.48395243
  0.60184592  0.55051745  0.62025252  0.23229479 -0.1881069   0.56708802
 -0.15392874  0.42990429 -0.62415474  0.14252182  0.33870883 -0.66441113
  0.0342281  -0.22542562  0.09643727 -0.2897964   0.25009374 -0.54920235
 -0.26570193 -0.82826639 -0.48812781 -0.23199448 -0.1875866 ]
626,[ 0.16816248  0.09185675 -0.00896436  0.11387074  0.35104007  0.10925642
 -0.07394848  0.68289645  0.38445395 -0.54510068 -0.0502085  -0.15564026
  0.19823349  0.39657483 -0.32490946  0.20206313 -0.12689257 -0.63161236
  0.12317083  0.12397429 -0.46682721  0.22437806  0.26743548 -0.61524714
  0.01251831  0.39777406 -0.02910243  0.05699568 -0.52679052  0.48401154
  0.60178905  0.55053282  0.62027867  0.23229588 -0.18808484  0.56709422
 -0.15395277  0.42988838 -0.62414463  0.14249598  0.33871463 -0.66436751
  0.03417784 -0.22542991  0.09640757 -0.28980516  0.2501255  -0.54913146
 -0.26574245 -0.82826148 -0.48814427 -0.23198835 -0.1875982 ]
627,[ 0.16820425  0.09187356 -0.0090714   0.11389386  0.35106394  0.10923083
 -0.07391096  0.68285646  0.38441265 -0.54508329 -0.05020245 -0.1555954
  0.19821137  0.39661698 -0.32491076  0.20209828 -0.12687029 -0.63159902
  0.12314713  0.12399936 -0.46683087  0.22435567  0.26742793 -0.61528238
  0.01248205  0.39775661 -0.02903733  0.05697392 -0.52681927  0.48407058
  0.60173225  0.55054817  0.62030478  0.23229696 -0.18806281  0.56710041
 -0.15397677  0.42987249 -0.62413454  0.14247017  0.33872042 -0.66432394
  0.03412764 -0.22543419  0.09637792 -0.28981391  0.25015723 -0.54906065
 -0.26578293 -0.82825657 -0.48816072 -0.23198221 -0.18760978]
628,[ 0.16824597  0.09189035 -0.00917831  0.11391696  0.35108778  0.10920526
 -0.07387349  0.68281651  0.38437139 -0.54506591 -0.0501964  -0.15555058
  0.19818926  0.39665909 -0.32491205  0.2021334  -0.12684804 -0.63158568
  0.12312346  0.1240244  -0.46683452  0.22433331  0.26742039 -0.61531759
  0.01244584  0.39773918 -0.0289723   0.05695218 -0.52684799  0.48412955
  0.60167552  0.5505635   0.62033086  0.23229805 -0.1880408   0.56710659
 -0.15400075  0.42985661 -0.62412445  0.14244438  0.3387262  -0.66428041
  0.0340775  -0.22543846  0.09634829 -0.28982266  0.25018893 -0.54898992
 -0.26582336 -0.82825167 -0.48817714 -0.23197609 -0.18762135]
629,[ 0.16828765  0.09190712 -0.00928511  0.11394002  0.3511116   0.10917973
 -0.07383606  0.68277661  0.38433018 -0.54504856 -0.05019036 -0.15550582
  0.19816718  0.39670115 -0.32491334  0.20216848 -0.12682581 -0.63157237
  0.12309982  0.12404942 -0.46683817  0.22431097  0.26741286 -0.61535275
  0.01240967  0.39772178 -0.02890735  0.05693046 -0.52687668  0.48418845
  0.60161885  0.55057881  0.62035691  0.23229913 -0.18801882  0.56711277
 -0.15402469  0.42984076 -0.62411437  0.14241863  0.33873197 -0.66423694
  0.03402741 -0.22544273  0.0963187  -0.28983139  0.25022058 -0.54891927
 -0.26586375 -0.82824677 -0.48819355 -0.23196997 -0.1876329 ]
630,[ 0.16832927  0.09192387 -0.00939179  0.11396306  0.35113539  0.10915422
 -0.07379868  0.68273675  0.38428902 -0.54503122 -0.05018432 -0.1554611
  0.19814513  0.39674317 -0.32491463  0.20220352 -0.12680361 -0.63155906
  0.1230762   0.1240744  -0.46684181  0.22428866  0.26740534 -0.61538787
  0.01237354  0.39770439 -0.02884247  0.05690877 -0.52690533  0.48424729
  0.60156224  0.55059411  0.62038293  0.23230021 -0.18799686  0.56711894
 -0.15404862  0.42982492 -0.62410431  0.1423929   0.33873774 -0.66419351
  0.03397739 -0.225447    0.09628914 -0.28984011  0.25025221 -0.5488487
 -0.26590409 -0.82824188 -0.48820993 -0.23196386 -0.18764444]
631,[ 0.16837086  0.09194061 -0.00949835  0.11398608  0.35115915  0.10912874
 -0.07376133  0.68269693  0.38424791 -0.5450139  -0.05017829 -0.15541644
  0.1981231   0.39678513 -0.32491592  0.20223852 -0.12678144 -0.63154578
  0.12305261  0.12409936 -0.46684545  0.22426637  0.26739782 -0.61542296
  0.01233745  0.39768702 -0.02877766  0.0568871  -0.52693396  0.48430606
  0.60150569  0.55060939  0.62040893  0.23230129 -0.18797492  0.5671251
 -0.15407251  0.4298091  -0.62409426  0.14236721  0.3387435  -0.66415014
  0.03392741 -0.22545126  0.09625961 -0.28984883  0.25028379 -0.54877821
 -0.26594438 -0.82823699 -0.4882263  -0.23195776 -0.18765597]
632,[ 0.16841239  0.09195732 -0.00960478  0.11400907  0.35118289  0.10910329
 -0.07372403  0.68265716  0.38420684 -0.54499661 -0.05017227 -0.15537183
  0.1981011   0.39682705 -0.3249172   0.20227348 -0.12675929 -0.63153251
  0.12302904  0.12412429 -0.46684908  0.2242441   0.26739032 -0.615458
  0.01230141  0.39766967 -0.02871292  0.05686546 -0.52696255  0.48436477
  0.60144921  0.55062465  0.62043489  0.23230237 -0.18795301  0.56713126
 -0.15409638  0.42979329 -0.62408422  0.14234154  0.33874926 -0.66410681
  0.0338775  -0.22545552  0.09623012 -0.28985753  0.25031534 -0.54870779
 -0.26598463 -0.82823211 -0.48824265 -0.23195166 -0.18766748]
633,[ 0.16845388  0.09197402 -0.0097111   0.11403203  0.3512066   0.10907787
 -0.07368677  0.68261744  0.38416581 -0.54497933 -0.05016625 -0.15532726
  0.19807912  0.39686892 -0.32491849  0.2023084  -0.12673716 -0.63151925
  0.1230055   0.1241492  -0.46685271  0.22422187  0.26738282 -0.61549301
  0.0122654   0.39765234 -0.02864826  0.05684384 -0.5269911   0.48442341
  0.60139279  0.5506399   0.62046082  0.23230345 -0.18793113  0.56713741
 -0.15412022  0.42977751 -0.62407419  0.1423159   0.33875501 -0.66406353
  0.03382763 -0.22545977  0.09620066 -0.28986622  0.25034686 -0.54863746
 -0.26602483 -0.82822724 -0.48825898 -0.23194557 -0.18767899]
634,[ 0.16849532  0.09199069 -0.0098173   0.11405497  0.35123028  0.10905248
 -0.07364955  0.68257776  0.38412484 -0.54496207 -0.05016025 -0.15528275
  0.19805717  0.39691075 -0.32491977  0.20234328 -0.12671506 -0.63150601
  0.12298199  0.12417407 -0.46685634  0.22419965  0.26737533 -0.61552797
  0.01222943  0.39763503 -0.02858367  0.05682225 -0.52701963  0.48448198
  0.60133644  0.55065513  0.62048673  0.23230452 -0.18790926  0.56714355
 -0.15414403  0.42976174 -0.62406417  0.14229029  0.33876075 -0.6640203
  0.03377783 -0.22546401  0.09617124 -0.28987491  0.25037834 -0.5485672
 -0.26606499 -0.82822237 -0.4882753  -0.23193948 -0.18769048]
635,[ 0.16853672  0.09200735 -0.00992338  0.11407788  0.35125394  0.10902712
 -0.07361237  0.68253812  0.38408391 -0.54494483 -0.05015424 -0.15523829
  0.19803524  0.39695252 -0.32492106  0.20237812 -0.12669298 -0.63149278
  0.1229585   0.12419892 -0.46685996  0.22417747  0.26736785 -0.6155629
  0.0121935   0.39761774 -0.02851915  0.05680068 -0.52704812  0.48454049
  0.60128015  0.55067034  0.62051261  0.2323056  -0.18788743  0.56714969
 -0.15416782  0.42974599 -0.62405416  0.14226471  0.33876648 -0.66397712
  0.03372808 -0.22546826  0.09614185 -0.28988358  0.25040979 -0.54849703
 -0.26610511 -0.82821751 -0.48829159 -0.23193341 -0.18770195]
636,[ 0.16857806  0.09202399 -0.01002934  0.11410076  0.35127757  0.10900178
 -0.07357524  0.68249853  0.38404302 -0.54492761 -0.05014825 -0.15519387
  0.19801334  0.39699425 -0.32492234  0.20241292 -0.12667093 -0.63147957
  0.12293505  0.12422374 -0.46686358  0.2241553   0.26736038 -0.61559779
  0.01215762  0.39760046 -0.02845471  0.05677913 -0.52707659  0.48459893
  0.60122392  0.55068553  0.62053845  0.23230667 -0.18786562  0.56715582
 -0.15419158  0.42973026 -0.62404416  0.14223916  0.33877221 -0.66393399
  0.03367839 -0.22547249  0.09611249 -0.28989225  0.25044119 -0.54842693
 -0.26614517 -0.82821265 -0.48830787 -0.23192734 -0.18771342]
637,[ 0.16861937  0.09204061 -0.01013518  0.11412362  0.35130117  0.10897648
 -0.07353814  0.68245899  0.38400218 -0.54491041 -0.05014226 -0.15514951
  0.19799146  0.39703594 -0.32492362  0.20244768 -0.1266489  -0.63146637
  0.12291161  0.12424853 -0.4668672   0.22413317  0.26735292 -0.61563264
  0.01212177  0.39758321 -0.02839034  0.05675761 -0.52710502  0.48465731
  0.60116776  0.55070071  0.62056427  0.23230774 -0.18784383  0.56716194
 -0.15421531  0.42971454 -0.62403418  0.14221364  0.33877794 -0.6638909
  0.03362875 -0.22547672  0.09608316 -0.2899009   0.25047257 -0.54835691
 -0.2661852  -0.8282078  -0.48832413 -0.23192127 -0.18772487]
638,[ 0.16866062  0.09205721 -0.0102409   0.11414646  0.35132474  0.1089512
 -0.07350109  0.68241949  0.38396139 -0.54489323 -0.05013628 -0.1551052
  0.1979696   0.39707757 -0.32492489  0.20248241 -0.1266269  -0.63145318
  0.12288821  0.12427329 -0.46687081  0.22411105  0.26734546 -0.61566744
  0.01208597  0.39756598 -0.02832604  0.05673612 -0.52713341  0.48471562
  0.60111166  0.55071587  0.62059006  0.23230881 -0.18782207  0.56716805
 -0.15423902  0.42969885 -0.6240242   0.14218814  0.33878365 -0.66384787
  0.03357917 -0.22548095  0.09605387 -0.28990955  0.25050391 -0.54828698
 -0.26622518 -0.82820295 -0.48834037 -0.23191522 -0.1877363 ]
639,[ 0.16870183  0.0920738  -0.0103465   0.11416927  0.35134829  0.10892595
 -0.07346408  0.68238003  0.38392065 -0.54487607 -0.05013031 -0.15506093
  0.19794777  0.39711916 -0.32492617  0.20251709 -0.12660493 -0.63144002
  0.12286483  0.12429802 -0.46687441  0.22408896  0.26733802 -0.61570221
  0.0120502   0.39754876 -0.02826181  0.05671465 -0.52716178  0.48477386
  0.60105562  0.55073101  0.62061582  0.23230988 -0.18780033  0.56717416
 -0.1542627   0.42968317 -0.62401424  0.14216268  0.33878936 -0.66380488
  0.03352965 -0.22548517  0.09602461 -0.28991818  0.25053521 -0.54821712
 -0.26626511 -0.82819811 -0.48835659 -0.23190917 -0.18774773]
640,[ 0.16874299  0.09209036 -0.01045198  0.11419205  0.35137182  0.10890073
 -0.07342712  0.68234062  0.38387994 -0.54485893 -0.05012434 -0.15501672
  0.19792596  0.3971607  -0.32492745  0.20255174 -0.12658297 -0.63142686
  0.12284147  0.12432273 -0.46687801  0.2240669   0.26733058 -0.61573694
  0.01201448  0.39753157 -0.02819766  0.0566932  -0.52719011  0.48483204
  0.60099965  0.55074614  0.62064155  0.23231095 -0.18777861  0.56718026
 -0.15428635  0.4296675  -0.62400429  0.14213724  0.33879507 -0.66376194
  0.03348018 -0.22548939  0.09599538 -0.28992681  0.25056648 -0.54814733
 -0.266305   -0.82819328 -0.4883728  -0.23190313 -0.18775914]
641,[ 0.16878411  0.09210691 -0.01055734  0.11421481  0.35139531  0.10887554
 -0.07339019  0.68230125  0.38383929 -0.54484181 -0.05011838 -0.15497256
  0.19790418  0.3972022  -0.32492872  0.20258634 -0.12656105 -0.63141373
  0.12281814  0.12434741 -0.46688161  0.22404486  0.26732315 -0.61577163
  0.01197879  0.3975144  -0.02813357  0.05667177 -0.52721842  0.48489015
  0.60094374  0.55076124  0.62066725  0.23231202 -0.18775692  0.56718636
 -0.15430997  0.42965186 -0.62399435  0.14211183  0.33880076 -0.66371905
  0.03343077 -0.22549361  0.09596618 -0.28993542  0.25059771 -0.54807763
 -0.26634484 -0.82818844 -0.48838898 -0.23189709 -0.18777054]
642,[ 0.16882518  0.09212343 -0.01066259  0.11423754  0.35141878  0.10885037
 -0.07335331  0.68226192  0.38379868 -0.54482471 -0.05011242 -0.15492844
  0.19788243  0.39724365 -0.32492999  0.20262091 -0.12653914 -0.6314006
  0.12279484  0.12437206 -0.46688521  0.22402285  0.26731573 -0.61580629
  0.01194315  0.39749724 -0.02806956  0.05665037 -0.52724669  0.4849482
  0.60088789  0.55077633  0.62069293  0.23231308 -0.18773526  0.56719245
 -0.15433357  0.42963623 -0.62398442  0.14208646  0.33880645 -0.66367621
  0.03338141 -0.22549781  0.09593702 -0.28994403  0.25062891 -0.54800801
 -0.26638464 -0.82818362 -0.48840515 -0.23189106 -0.18778193]
643,[ 0.1688662   0.09213994 -0.01076771  0.11426024  0.35144223  0.10882524
 -0.07331646  0.68222265  0.38375812 -0.54480762 -0.05010647 -0.15488438
  0.19786069  0.39728505 -0.32493126  0.20265544 -0.12651727 -0.63138749
  0.12277157  0.12439669 -0.4668888   0.22400086  0.26730831 -0.6158409
  0.01190754  0.3974801  -0.02800563  0.056629   -0.52727493  0.48500619
  0.6008321   0.55079141  0.62071857  0.23231415 -0.18771362  0.56719853
 -0.15435715  0.42962063 -0.6239745   0.1420611   0.33881214 -0.66363341
  0.03333211 -0.22550202  0.09590789 -0.28995263  0.25066007 -0.54793846
 -0.26642439 -0.8281788  -0.4884213  -0.23188504 -0.1877933 ]
644,[ 0.16890718  0.09215643 -0.01087272  0.11428292  0.35146564  0.10880013
 -0.07327966  0.68218341  0.3837176  -0.54479056 -0.05010053 -0.15484036
  0.19783899  0.39732641 -0.32493253  0.20268993 -0.12649541 -0.6313744
  0.12274832  0.12442128 -0.46689238  0.2239789   0.26730091 -0.61587547
  0.01187198  0.39746299 -0.02794176  0.05660765 -0.52730313  0.4850641
  0.60077638  0.55080647  0.62074419  0.23231521 -0.187692    0.5672046
 -0.15438069  0.42960503 -0.6239646   0.14203578  0.33881782 -0.66359067
  0.03328286 -0.22550622  0.0958788  -0.28996121  0.2506912  -0.54786899
 -0.2664641  -0.82817399 -0.48843743 -0.23187902 -0.18780466]
645,[ 0.16894811  0.0921729  -0.01097761  0.11430558  0.35148904  0.10877505
 -0.0732429   0.68214422  0.38367713 -0.54477351 -0.0500946  -0.1547964
  0.1978173   0.39736772 -0.3249338   0.20272438 -0.12647358 -0.63136132
  0.1227251   0.12444585 -0.46689596  0.22395696  0.26729351 -0.61591001
  0.01183646  0.39744589 -0.02787797  0.05658632 -0.52733131  0.48512196
  0.60072072  0.55082151  0.62076977  0.23231628 -0.18767041  0.56721067
 -0.15440421  0.42958946 -0.6239547   0.14201049  0.33882349 -0.66354797
  0.03323367 -0.22551041  0.09584973 -0.28996979  0.25072229 -0.5477996
 -0.26650376 -0.82816918 -0.48845354 -0.23187301 -0.18781601]
646,[ 0.16898899  0.09218936 -0.01108238  0.11432821  0.3515124   0.10875
 -0.07320618  0.68210507  0.3836367  -0.54475649 -0.05008867 -0.15475248
  0.19779565  0.39740898 -0.32493507  0.20275879 -0.12645178 -0.63134825
  0.1227019   0.12447039 -0.46689954  0.22393504  0.26728612 -0.6159445
  0.01180097  0.39742881 -0.02781424  0.05656502 -0.52735945  0.48517974
  0.60066513  0.55083653  0.62079533  0.23231734 -0.18764884  0.56721673
 -0.15442771  0.42957391 -0.62394482  0.14198522  0.33882915 -0.66350532
  0.03318453 -0.2255146   0.0958207  -0.28997836  0.25075335 -0.54773029
 -0.26654338 -0.82816437 -0.48846964 -0.23186701 -0.18782734]
647,[ 0.16902983  0.09220579 -0.01118704  0.11435081  0.35153574  0.10872498
 -0.0731695   0.68206597  0.38359632 -0.54473948 -0.05008275 -0.15470862
  0.19777401  0.3974502  -0.32493633  0.20279317 -0.12643    -0.63133521
  0.12267873  0.1244949  -0.46690311  0.22391315  0.26727874 -0.61597896
  0.01176553  0.39741175 -0.02775059  0.05654374 -0.52738756  0.48523746
  0.60060959  0.55085154  0.62082086  0.2323184  -0.1876273   0.56722278
 -0.15445117  0.42955837 -0.62393494  0.14195999  0.33883481 -0.66346272
  0.03313545 -0.22551878  0.0957917  -0.28998692  0.25078437 -0.54766106
 -0.26658296 -0.82815958 -0.48848571 -0.23186102 -0.18783867]
648,[ 0.16907063  0.09222221 -0.01129157  0.11437339  0.35155905  0.10869998
 -0.07313287  0.68202691  0.38355598 -0.54472249 -0.05007684 -0.1546648
  0.1977524   0.39749137 -0.3249376   0.2028275  -0.12640825 -0.63132217
  0.12265559  0.12451939 -0.46690668  0.22389129  0.26727137 -0.61601338
  0.01173012  0.39739471 -0.02768701  0.05652248 -0.52741564  0.48529512
  0.60055412  0.55086653  0.62084636  0.23231946 -0.18760578  0.56722883
 -0.15447462  0.42954285 -0.62392508  0.14193478  0.33884046 -0.66342017
  0.03308643 -0.22552296  0.09576274 -0.28999547  0.25081536 -0.54759191
 -0.26662249 -0.82815478 -0.48850177 -0.23185503 -0.18784998]
649,[ 0.16911137  0.0922386  -0.01139599  0.11439594  0.35158234  0.10867501
 -0.07309627  0.68198789  0.38351569 -0.54470552 -0.05007093 -0.15462103
  0.19773081  0.39753249 -0.32493886  0.2028618  -0.12638651 -0.63130915
  0.12263247  0.12454385 -0.46691025  0.22386945  0.26726401 -0.61604776
  0.01169476  0.39737769 -0.02762351  0.05650125 -0.52744369  0.48535271
  0.60049871  0.5508815   0.62087183  0.23232052 -0.18758429  0.56723487
 -0.15449803  0.42952734 -0.62391523  0.1419096   0.33884611 -0.66337766
  0.03303746 -0.22552714  0.09573381 -0.290004    0.25084631 -0.54752283
 -0.26666197 -0.82815    -0.48851781 -0.23184905 -0.18786127]
650,[ 0.16915208  0.09225498 -0.01150029  0.11441847  0.3516056   0.10865008
 -0.07305972  0.68194892  0.38347545 -0.54468857 -0.05006503 -0.15457731
  0.19770925  0.39757357 -0.32494012  0.20289606 -0.12636481 -0.63129614
  0.12260937  0.12456828 -0.46691381  0.22384763  0.26725665 -0.6160821
  0.01165943  0.39736069 -0.02756007  0.05648004 -0.52747171  0.48541024
  0.60044336  0.55089646  0.62089727  0.23232157 -0.18756281  0.5672409
 -0.15452142  0.42951186 -0.62390539  0.14188445  0.33885175 -0.6633352
  0.03298854 -0.22553131  0.09570491 -0.29001253  0.25087723 -0.54745383
 -0.26670141 -0.82814521 -0.48853383 -0.23184307 -0.18787256]
651,[ 0.16919273  0.09227134 -0.01160447  0.11444097  0.35162883  0.10862517
 -0.07302321  0.68191     0.38343525 -0.54467164 -0.05005913 -0.15453364
  0.19768772  0.3976146  -0.32494138  0.20293028 -0.12634313 -0.63128315
  0.12258631  0.12459268 -0.46691737  0.22382584  0.26724931 -0.6161164
  0.01162415  0.39734371 -0.02749671  0.05645886 -0.52749969  0.4854677
  0.60038808  0.5509114   0.62092269  0.23232263 -0.18754137  0.56724693
 -0.15454478  0.42949639 -0.62389556  0.14185932  0.33885738 -0.66329279
  0.03293968 -0.22553548  0.09567604 -0.29002105  0.25090811 -0.54738491
 -0.26674081 -0.82814044 -0.48854984 -0.2318371  -0.18788383]
652,[ 0.16923334  0.09228769 -0.01170854  0.11446345  0.35165204  0.10860028
 -0.07298674  0.68187111  0.3833951  -0.54465473 -0.05005325 -0.15449002
  0.1976662   0.39765558 -0.32494264  0.20296446 -0.12632147 -0.63127018
  0.12256327  0.12461705 -0.46692092  0.22380407  0.26724197 -0.61615067
  0.0115889   0.39732675 -0.02743341  0.0564377  -0.52752764  0.4855251
  0.60033286  0.55092632  0.62094807  0.23232368 -0.18751995  0.56725295
 -0.15456811  0.42948094 -0.62388574  0.14183423  0.33886301 -0.66325043
  0.03289088 -0.22553964  0.0956472  -0.29002956  0.25093896 -0.54731606
 -0.26678016 -0.82813567 -0.48856582 -0.23183114 -0.18789509]
653,[ 0.1692739   0.09230401 -0.01181249  0.1144859   0.35167522  0.10857543
 -0.0729503   0.68183227  0.38335499 -0.54463784 -0.05004736 -0.15444645
  0.19764471  0.39769652 -0.32494389  0.2029986  -0.12629984 -0.63125721
  0.12254025  0.1246414  -0.46692447  0.22378233  0.26723464 -0.61618489
  0.0115537   0.3973098  -0.02737019  0.05641656 -0.52755557  0.48558243
  0.6002777   0.55094122  0.62097343  0.23232473 -0.18749855  0.56725896
 -0.15459142  0.4294655  -0.62387594  0.14180916  0.33886863 -0.66320812
  0.03284213 -0.22554379  0.0956184  -0.29003806  0.25096978 -0.5472473
 -0.26681947 -0.8281309  -0.48858179 -0.23182519 -0.18790633]
654,[ 0.16931442  0.09232032 -0.01191632  0.11450832  0.35169837  0.1085506
 -0.07291392  0.68179348  0.38331492 -0.54462097 -0.05004149 -0.15440293
  0.19762325  0.39773741 -0.32494515  0.2030327  -0.12627823 -0.63124427
  0.12251727  0.12466572 -0.46692802  0.22376061  0.26722732 -0.61621908
  0.01151853  0.39729288 -0.02730704  0.05639545 -0.52758346  0.4856397
  0.6002226   0.55095611  0.62099876  0.23232579 -0.18747717  0.56726496
 -0.15461471  0.42945009 -0.62386614  0.14178412  0.33887425 -0.66316585
  0.03279344 -0.22554795  0.09558963 -0.29004655  0.25100055 -0.54717861
 -0.26685873 -0.82812614 -0.48859774 -0.23181924 -0.18791757]
655,[ 0.16935489  0.0923366  -0.01202003  0.11453073  0.3517215   0.10852581
 -0.07287757  0.68175473  0.3832749  -0.54460411 -0.05003562 -0.15435946
  0.19760181  0.39777826 -0.3249464   0.20306677 -0.12625664 -0.63123133
  0.1224943   0.12469002 -0.46693156  0.22373892  0.26722    -0.61625323
  0.01148341  0.39727597 -0.02724396  0.05637436 -0.52761132  0.48569691
  0.60016756  0.55097098  0.62102406  0.23232684 -0.18745582  0.56727096
 -0.15463796  0.42943469 -0.62385636  0.14175911  0.33887985 -0.66312363
  0.0327448  -0.22555209  0.09556089 -0.29005503  0.2510313  -0.54711
 -0.26689795 -0.82812139 -0.48861367 -0.2318133  -0.18792879]
656,[ 0.16939532  0.09235287 -0.01212363  0.1145531   0.3517446   0.10850104
 -0.07284126  0.68171602  0.38323493 -0.54458728 -0.05002976 -0.15431604
  0.19758039  0.39781906 -0.32494766  0.20310079 -0.12623508 -0.63121842
  0.12247137  0.12471428 -0.4669351   0.22371725  0.2672127  -0.61628734
  0.01144832  0.39725908 -0.02718095  0.0563533  -0.52763914  0.48575405
  0.60011259  0.55098584  0.62104933  0.23232789 -0.1874345   0.56727696
 -0.15466119  0.42941931 -0.62384658  0.14173413  0.33888546 -0.66308146
  0.03269621 -0.22555624  0.09553219 -0.29006351  0.25106201 -0.54704146
 -0.26693713 -0.82811664 -0.48862959 -0.23180736 -0.18794   ]
657,[ 0.1694357   0.09236912 -0.01222711  0.11457545  0.35176768  0.10847629
 -0.07280499  0.68167735  0.383195   -0.54457046 -0.05002391 -0.15427266
  0.197559    0.39785981 -0.32494891  0.20313478 -0.12621355 -0.63120551
  0.12244846  0.12473852 -0.46693863  0.2236956   0.2672054  -0.61632141
  0.01141327  0.39724222 -0.02711802  0.05633226 -0.52766694  0.48581112
  0.60005768  0.55100068  0.62107457  0.23232894 -0.1874132   0.56728294
 -0.1546844   0.42940394 -0.62383682  0.14170918  0.33889105 -0.66303934
  0.03264768 -0.22556037  0.09550352 -0.29007197  0.25109268 -0.546973
 -0.26697626 -0.82811189 -0.48864548 -0.23180143 -0.18795119]
658,[ 0.16947604  0.09238535 -0.01233048  0.11459778  0.35179073  0.10845158
 -0.07276877  0.68163873  0.38315512 -0.54455366 -0.05001806 -0.15422934
  0.19753763  0.39790052 -0.32495016  0.20316873 -0.12619204 -0.63119262
  0.12242557  0.12476273 -0.46694216  0.22367398  0.26719811 -0.61635544
  0.01137826  0.39722537 -0.02705515  0.05631124 -0.52769471  0.48586813
  0.60000283  0.5510155   0.62109979  0.23232998 -0.18739192  0.56728892
 -0.15470758  0.42938859 -0.62382707  0.14168425  0.33889664 -0.66299726
  0.03259921 -0.22556451  0.09547488 -0.29008042  0.25112332 -0.54690462
 -0.26701535 -0.82810715 -0.48866136 -0.23179551 -0.18796237]
659,[ 0.16951633  0.09240157 -0.01243373  0.11462008  0.35181376  0.10842689
 -0.07273258  0.68160015  0.38311528 -0.54453689 -0.05001222 -0.15418606
  0.19751629  0.39794118 -0.3249514   0.20320264 -0.12617055 -0.63117975
  0.12240271  0.12478691 -0.46694569  0.22365239  0.26719083 -0.61638943
  0.0113433   0.39720854 -0.02699235  0.05629024 -0.52772244  0.48592508
  0.59994804  0.55103031  0.62112497  0.23233103 -0.18737066  0.56729489
 -0.15473073  0.42937326 -0.62381733  0.14165935  0.33890222 -0.66295523
  0.03255078 -0.22556864  0.09544627 -0.29008886  0.25115393 -0.54683632
 -0.26705439 -0.82810242 -0.48867722 -0.2317896  -0.18797354]
660,[ 0.16955657  0.09241776 -0.01253686  0.11464235  0.35183675  0.10840223
 -0.07269644  0.68156162  0.38307549 -0.54452013 -0.05000638 -0.15414283
  0.19749497  0.3979818  -0.32495265  0.20323652 -0.12614909 -0.63116689
  0.12237988  0.12481107 -0.46694921  0.22363081  0.26718356 -0.61642339
  0.01130837  0.39719173 -0.02692963  0.05626927 -0.52775014  0.48598196
  0.59989331  0.55104509  0.62115013  0.23233207 -0.18734943  0.56730086
 -0.15475385  0.42935795 -0.6238076   0.14163448  0.3389078  -0.66291325
  0.03250242 -0.22557276  0.09541769 -0.2900973   0.2511845  -0.54676809
 -0.26709339 -0.82809769 -0.48869307 -0.23178369 -0.1879847 ]
661,[ 0.16959677  0.09243394 -0.01263987  0.1146646   0.35185973  0.1083776
 -0.07266033  0.68152313  0.38303574 -0.54450339 -0.05000055 -0.15409965
  0.19747367  0.39802237 -0.3249539   0.20327035 -0.12612765 -0.63115404
  0.12235707  0.1248352  -0.46695273  0.22360927  0.2671763  -0.61645731
  0.01127348  0.39717493 -0.02686697  0.05624833 -0.52777781  0.48603878
  0.59983865  0.55105987  0.62117526  0.23233312 -0.18732823  0.56730682
 -0.15477695  0.42934266 -0.62379788  0.14160964  0.33891337 -0.66287131
  0.03245411 -0.22557688  0.09538915 -0.29010572  0.25121504 -0.54669994
 -0.26713234 -0.82809297 -0.48870889 -0.23177779 -0.18799585]
662,[ 0.16963693  0.0924501  -0.01274277  0.11468683  0.35188268  0.108353
 -0.07262427  0.68148468  0.38299603 -0.54448666 -0.04999473 -0.15405652
  0.1974524   0.3980629  -0.32495514  0.20330415 -0.12610623 -0.63114121
  0.12233429  0.1248593  -0.46695624  0.22358774  0.26716904 -0.61649119
  0.01123863  0.39715816 -0.02680439  0.0562274  -0.52780545  0.48609553
  0.59978404  0.55107462  0.62120036  0.23233416 -0.18730705  0.56731277
 -0.15480003  0.42932738 -0.62378817  0.14158483  0.33891893 -0.66282943
  0.03240585 -0.22558099  0.09536063 -0.29011413  0.25124554 -0.54663187
 -0.26717126 -0.82808825 -0.4887247  -0.23177189 -0.18800698]
663,[ 0.16967704  0.09246624 -0.01284556  0.11470903  0.3519056   0.10832842
 -0.07258825  0.68144628  0.38295637 -0.54446996 -0.04998892 -0.15401344
  0.19743115  0.39810338 -0.32495638  0.20333791 -0.12608484 -0.63112839
  0.12231153  0.12488338 -0.46695975  0.22356625  0.26716179 -0.61652503
  0.01120382  0.39714141 -0.02674188  0.05620651 -0.52783306  0.48615223
  0.5997295   0.55108936  0.62122544  0.2323352  -0.18728589  0.56731871
 -0.15482307  0.42931212 -0.62377848  0.14156004  0.33892449 -0.66278759
  0.03235764 -0.2255851   0.09533215 -0.29012254  0.25127601 -0.54656387
 -0.26721012 -0.82808354 -0.48874049 -0.231766   -0.1880181 ]
664,[ 0.1697171   0.09248236 -0.01294823  0.1147312   0.35192849  0.10830388
 -0.07255227  0.68140792  0.38291676 -0.54445328 -0.04998311 -0.1539704
  0.19740993  0.39814381 -0.32495762  0.20337163 -0.12606348 -0.63111559
  0.1222888   0.12490743 -0.46696325  0.22354477  0.26715455 -0.61655883
  0.01116905  0.39712467 -0.02667943  0.05618563 -0.52786064  0.48620885
  0.59967502  0.55110408  0.62125048  0.23233624 -0.18726475  0.56732465
 -0.1548461   0.42929687 -0.62376879  0.14153528  0.33893004 -0.66274579
  0.0323095  -0.22558921  0.09530371 -0.29013094  0.25130644 -0.54649596
 -0.26724895 -0.82807883 -0.48875626 -0.23176012 -0.18802921]
665,[ 0.16975712  0.09249847 -0.01305078  0.11475335  0.35195136  0.10827936
 -0.07251633  0.6813696   0.38287719 -0.54443661 -0.04997731 -0.15392742
  0.19738873  0.3981842  -0.32495886  0.20340531 -0.12604213 -0.6311028
  0.1222661   0.12493145 -0.46696676  0.22352332  0.26714732 -0.6165926
  0.01113431  0.39710795 -0.02661706  0.05616478 -0.52788819  0.48626542
  0.5996206   0.55111879  0.6212755   0.23233728 -0.18724364  0.56733058
 -0.15486909  0.42928165 -0.62375912  0.14151055  0.33893559 -0.66270405
  0.0322614  -0.22559331  0.09527529 -0.29013932  0.25133684 -0.54642811
 -0.26728773 -0.82807413 -0.48877201 -0.23175425 -0.1880403 ]
666,[ 0.1697971   0.09251455 -0.01315322  0.11477548  0.35197421  0.10825486
 -0.07248043  0.68133132  0.38283766 -0.54441996 -0.04997151 -0.15388448
  0.19736755  0.39822454 -0.3249601   0.20343896 -0.12602082 -0.63109003
  0.12224342  0.12495544 -0.46697025  0.22350189  0.2671401  -0.61662633
  0.01109962  0.39709126 -0.02655476  0.05614395 -0.5279157   0.48632192
  0.59956624  0.55113348  0.62130049  0.23233832 -0.18722255  0.56733651
 -0.15489206  0.42926644 -0.62374945  0.14148585  0.33894113 -0.66266235
  0.03221336 -0.22559741  0.09524691 -0.2901477   0.25136721 -0.54636035
 -0.26732646 -0.82806944 -0.48878775 -0.23174838 -0.18805138]
667,[ 0.16983702  0.09253062 -0.01325554  0.11479758  0.35199702  0.1082304
 -0.07244457  0.68129309  0.38279818 -0.54440334 -0.04996572 -0.15384159
  0.1973464   0.39826484 -0.32496134  0.20347257 -0.12599952 -0.63107727
  0.12222076  0.12497941 -0.46697375  0.22348049  0.26713288 -0.61666002
  0.01106496  0.39707458 -0.02649253  0.05612314 -0.52794319  0.48637835
  0.59951195  0.55114815  0.62132545  0.23233935 -0.18720149  0.56734243
 -0.15491501  0.42925125 -0.6237398   0.14146117  0.33894666 -0.6626207
  0.03216537 -0.2256015   0.09521856 -0.29015607  0.25139754 -0.54629265
 -0.26736516 -0.82806475 -0.48880347 -0.23174252 -0.18806245]
668,[ 0.16987691  0.09254667 -0.01335774  0.11481965  0.35201982  0.10820596
 -0.07240875  0.6812549   0.38275874 -0.54438673 -0.04995994 -0.15379875
  0.19732527  0.39830509 -0.32496258  0.20350614 -0.12597825 -0.63106453
  0.12219813  0.12500335 -0.46697724  0.22345911  0.26712567 -0.61669367
  0.01103035  0.39705792 -0.02643036  0.05610236 -0.52797064  0.48643472
  0.59945771  0.5511628   0.62135038  0.23234039 -0.18718045  0.56734834
 -0.15493793  0.42923607 -0.62373016  0.14143653  0.33895219 -0.66257909
  0.03211744 -0.22560558  0.09519024 -0.29016442  0.25142784 -0.54622504
 -0.2674038  -0.82806006 -0.48881917 -0.23173666 -0.18807351]
669,[ 0.16991675  0.0925627  -0.01345983  0.1148417   0.35204258  0.10818155
 -0.07237297  0.68121676  0.38271935 -0.54437014 -0.04995416 -0.15375596
  0.19730417  0.3983453  -0.32496381  0.20353967 -0.125957   -0.6310518
  0.12217553  0.12502726 -0.46698073  0.22343776  0.26711847 -0.61672728
  0.01099577  0.39704128 -0.02636827  0.0560816  -0.52799807  0.48649103
  0.59940354  0.55117744  0.62137528  0.23234142 -0.18715944  0.56735424
 -0.15496082  0.42922091 -0.62372052  0.14141191  0.33895771 -0.66253753
  0.03206956 -0.22560967  0.09516195 -0.29017277  0.2514581  -0.5461575
 -0.26744241 -0.82805538 -0.48883485 -0.23173081 -0.18808456]
670,[ 0.16995654  0.09257872 -0.01356181  0.11486373  0.35206532  0.10815717
 -0.07233723  0.68117866  0.38268    -0.54435356 -0.04994839 -0.15371322
  0.19728309  0.39838546 -0.32496504  0.20357316 -0.12593578 -0.63103908
  0.12215295  0.12505114 -0.46698421  0.22341643  0.26711128 -0.61676086
  0.01096124  0.39702465 -0.02630625  0.05606087 -0.52802546  0.48654728
  0.59934942  0.55119207  0.62140016  0.23234246 -0.18713844  0.56736014
 -0.15498368  0.42920577 -0.6237109   0.14138732  0.33896322 -0.66249602
  0.03202174 -0.22561374  0.09513369 -0.29018111  0.25148833 -0.54609004
 -0.26748097 -0.8280507  -0.48885051 -0.23172497 -0.18809559]
671,[ 0.16999629  0.09259471 -0.01366367  0.11488573  0.35208804  0.10813281
 -0.07230153  0.6811406   0.3826407  -0.54433701 -0.04994263 -0.15367052
  0.19726203  0.39842558 -0.32496627  0.20360662 -0.12591458 -0.63102638
  0.1221304   0.125075   -0.46698769  0.22339512  0.2671041  -0.6167944
  0.01092674  0.39700805 -0.0262443   0.05604016 -0.52805282  0.48660346
  0.59929537  0.55120667  0.62142501  0.23234349 -0.18711748  0.56736603
 -0.15500653  0.42919065 -0.62370129  0.14136275  0.33896873 -0.66245456
  0.03197397 -0.22561782  0.09510547 -0.29018944  0.25151852 -0.54602265
 -0.26751949 -0.82804603 -0.48886616 -0.23171914 -0.18810661]
672,[ 0.170036    0.09261069 -0.01376542  0.1149077   0.35211073  0.10810849
 -0.07226587  0.68110258  0.38260144 -0.54432048 -0.04993687 -0.15362787
  0.197241    0.39846565 -0.3249675   0.20364004 -0.12589341 -0.63101369
  0.12210787  0.12509884 -0.46699116  0.22337384  0.26709693 -0.6168279
  0.01089228  0.39699146 -0.02618242  0.05601947 -0.52808015  0.48665958
  0.59924138  0.55122126  0.62144982  0.23234452 -0.18709653  0.56737192
 -0.15502934  0.42917554 -0.6236917   0.14133822  0.33897423 -0.66241314
  0.03192625 -0.22562189  0.09507728 -0.29019776  0.25154868 -0.54595534
 -0.26755797 -0.82804137 -0.48888179 -0.23171331 -0.18811762]
673,[ 0.17007566  0.09262665 -0.01386705  0.11492965  0.35213339  0.10808418
 -0.07223025  0.6810646   0.38256223 -0.54430396 -0.04993112 -0.15358527
  0.19721999  0.39850568 -0.32496873  0.20367342 -0.12587226 -0.63100102
  0.12208537  0.12512264 -0.46699463  0.22335258  0.26708976 -0.61686136
  0.01085786  0.3969749  -0.0261206   0.0559988  -0.52810745  0.48671563
  0.59918745  0.55123584  0.62147462  0.23234555 -0.18707561  0.5673778
 -0.15505213  0.42916045 -0.62368211  0.14131371  0.33897973 -0.66237177
  0.03187859 -0.22562595  0.09504911 -0.29020607  0.25157881 -0.54588811
 -0.2675964  -0.82803671 -0.4888974  -0.23170749 -0.18812861]
674,[ 0.17011527  0.09264259 -0.01396857  0.11495158  0.35215603  0.10805991
 -0.07219467  0.68102667  0.38252306 -0.54428746 -0.04992538 -0.15354272
  0.197199    0.39854566 -0.32496996  0.20370676 -0.12585113 -0.63098836
  0.1220629   0.12514642 -0.4669981   0.22333135  0.2670826  -0.61689478
  0.01082347  0.39695835 -0.02605886  0.05597816 -0.52813472  0.48677163
  0.59913358  0.55125039  0.62149938  0.23234658 -0.18705471  0.56738367
 -0.15507489  0.42914538 -0.62367253  0.14128923  0.33898521 -0.66233044
  0.03183098 -0.22563001  0.09502099 -0.29021437  0.2516089  -0.54582095
 -0.26763479 -0.82803206 -0.488913   -0.23170167 -0.1881396 ]
675,[ 0.17015484  0.09265852 -0.01406997  0.11497348  0.35217865  0.10803567
 -0.07215913  0.68098878  0.38248393 -0.54427099 -0.04991964 -0.15350022
  0.19717804  0.39858559 -0.32497119  0.20374007 -0.12583003 -0.63097572
  0.12204044  0.12517017 -0.46700156  0.22331014  0.26707545 -0.61692817
  0.01078913  0.39694182 -0.02599718  0.05595754 -0.52816196  0.48682756
  0.59907977  0.55126493  0.62152412  0.23234761 -0.18703384  0.56738954
 -0.15509763  0.42913032 -0.62366296  0.14126478  0.3389907  -0.66228916
  0.03178342 -0.22563406  0.09499289 -0.29022266  0.25163896 -0.54575387
 -0.26767313 -0.82802741 -0.48892858 -0.23169586 -0.18815057]
676,[ 0.17019437  0.09267442 -0.01417126  0.11499536  0.35220123  0.10801145
 -0.07212364  0.68095094  0.38244485 -0.54425452 -0.04991391 -0.15345776
  0.1971571   0.39862549 -0.32497241  0.20377334 -0.12580895 -0.63096308
  0.12201802  0.1251939  -0.46700502  0.22328895  0.26706831 -0.61696152
  0.01075483  0.39692531 -0.02593558  0.05593695 -0.52818917  0.48688342
  0.59902602  0.55127946  0.62154883  0.23234863 -0.18701299  0.56739539
 -0.15512035  0.42911528 -0.62365341  0.14124035  0.33899617 -0.66224793
  0.03173592 -0.22563811  0.09496482 -0.29023095  0.25166899 -0.54568686
 -0.26771144 -0.82802276 -0.48894414 -0.23169006 -0.18816153]
677,[ 0.17023385  0.09269031 -0.01427244  0.11501721  0.3522238   0.10798726
 -0.07208818  0.68091314  0.38240581 -0.54423808 -0.04990819 -0.15341535
  0.19713618  0.39866533 -0.32497363  0.20380657 -0.12578789 -0.63095047
  0.12199562  0.12521759 -0.46700847  0.22326779  0.26706117 -0.61699483
  0.01072056  0.39690882 -0.02587405  0.05591637 -0.52821634  0.48693923
  0.59897233  0.55129397  0.62157351  0.23234966 -0.18699216  0.56740125
 -0.15514303  0.42910026 -0.62364386  0.14121595  0.33900165 -0.66220675
  0.03168847 -0.22564216  0.09493679 -0.29023922  0.25169898 -0.54561993
 -0.26774969 -0.82801813 -0.48895968 -0.23168426 -0.18817247]
678,[ 0.17027329  0.09270618 -0.0143735   0.11503904  0.35224633  0.10796309
 -0.07205276  0.68087538  0.38236681 -0.54422166 -0.04990247 -0.15337299
  0.19711529  0.39870513 -0.32497486  0.20383976 -0.12576686 -0.63093787
  0.12197324  0.12524127 -0.46701192  0.22324665  0.26705405 -0.61702811
  0.01068633  0.39689234 -0.02581258  0.05589583 -0.52824349  0.48699497
  0.5989187   0.55130846  0.62159816  0.23235068 -0.18697136  0.56740709
 -0.15516569  0.42908526 -0.62363433  0.14119158  0.33900711 -0.66216561
  0.03164107 -0.2256462   0.09490879 -0.29024748  0.25172894 -0.54555307
 -0.26778791 -0.82801349 -0.4889752  -0.23167847 -0.18818341]
679,[ 0.17031268  0.09272203 -0.01447445  0.11506084  0.35226885  0.10793896
 -0.07201738  0.68083766  0.38232786 -0.54420526 -0.04989676 -0.15333068
  0.19709442  0.39874489 -0.32497608  0.20387292 -0.12574585 -0.63092528
  0.12195089  0.12526491 -0.46701537  0.22322554  0.26704693 -0.61706134
  0.01065214  0.39687589 -0.02575118  0.0558753  -0.52827061  0.48705064
  0.59886513  0.55132293  0.62162278  0.2323517  -0.18695057  0.56741293
 -0.15518833  0.42907027 -0.6236248   0.14116724  0.33901257 -0.66212451
  0.03159373 -0.22565024  0.09488082 -0.29025574  0.25175886 -0.54548629
 -0.26782608 -0.82800886 -0.48899071 -0.23167269 -0.18819433]
680,[ 0.17035203  0.09273787 -0.01457528  0.11508262  0.35229133  0.10791485
 -0.07198204  0.68079998  0.38228895 -0.54418887 -0.04989105 -0.15328842
  0.19707358  0.3987846  -0.32497729  0.20390604 -0.12572487 -0.63091271
  0.12192857  0.12528853 -0.46701882  0.22320445  0.26703982 -0.61709454
  0.01061799  0.39685945 -0.02568986  0.0558548  -0.52829769  0.48710626
  0.59881163  0.55133739  0.62164738  0.23235273 -0.18692982  0.56741876
 -0.15521094  0.4290553  -0.62361529  0.14114292  0.33901802 -0.66208347
  0.03154644 -0.22565427  0.09485288 -0.29026399  0.25178875 -0.54541959
 -0.26786421 -0.82800424 -0.4890062  -0.23166691 -0.18820524]
681,[ 0.17039133  0.09275369 -0.014676    0.11510437  0.35231379  0.10789077
 -0.07194674  0.68076235  0.38225009 -0.5441725  -0.04988536 -0.1532462
  0.19705276  0.39882427 -0.32497851  0.20393912 -0.12570391 -0.63090015
  0.12190627  0.12531212 -0.46702225  0.22318338  0.26703271 -0.61712771
  0.01058388  0.39684303 -0.0256286   0.05583432 -0.52832475  0.48716181
  0.59875818  0.55135183  0.62167195  0.23235375 -0.18690908  0.56742459
 -0.15523353  0.42904034 -0.62360579  0.14111863  0.33902347 -0.66204247
  0.03149921 -0.2256583   0.09482497 -0.29027222  0.25181861 -0.54535295
 -0.2679023  -0.82799962 -0.48902167 -0.23166114 -0.18821613]
682,[ 0.17043059  0.09276948 -0.01477661  0.1151261   0.35233623  0.10786671
 -0.07191148  0.68072476  0.38221127 -0.54415615 -0.04987966 -0.15320403
  0.19703196  0.39886389 -0.32497973  0.20397216 -0.12568297 -0.6308876
  0.121884    0.12533569 -0.46702569  0.22316234  0.26702562 -0.61716083
  0.01054981  0.39682664 -0.02556741  0.05581386 -0.52835177  0.4872173
  0.59870479  0.55136626  0.62169649  0.23235476 -0.18688837  0.56743041
 -0.15525609  0.4290254  -0.6235963   0.14109437  0.33902891 -0.66200151
  0.03145202 -0.22566232  0.09479709 -0.29028045  0.25184843 -0.5452864
 -0.26794035 -0.82799501 -0.48903713 -0.23165538 -0.18822702]
683,[ 0.17046981  0.09278527 -0.0148771   0.11514781  0.35235864  0.10784268
 -0.07187626  0.68068721  0.38217249 -0.54413982 -0.04987398 -0.15316191
  0.19701119  0.39890347 -0.32498094  0.20400517 -0.12566205 -0.63087507
  0.12186175  0.12535922 -0.46702912  0.22314132  0.26701853 -0.61719392
  0.01051577  0.39681025 -0.02550629  0.05579343 -0.52837876  0.48727273
  0.59865147  0.55138067  0.62172101  0.23235578 -0.18686769  0.56743622
 -0.15527862  0.42901048 -0.62358682  0.14107014  0.33903434 -0.66196061
  0.0314049  -0.22566634  0.09476925 -0.29028867  0.25187822 -0.54521992
 -0.26797835 -0.8279904  -0.48905256 -0.23164962 -0.18823789]
684,[ 0.17050898  0.09280103 -0.01497748  0.11516949  0.35238103  0.10781868
 -0.07184108  0.6806497   0.38213376 -0.54412351 -0.0498683  -0.15311983
  0.19699043  0.398943   -0.32498216  0.20403814 -0.12564116 -0.63086255
  0.12183952  0.12538274 -0.46703255  0.22312032  0.26701146 -0.61722697
  0.01048177  0.39679389 -0.02544524  0.05577302 -0.52840573  0.48732809
  0.5985982   0.55139506  0.62174549  0.2323568  -0.18684702  0.56744203
 -0.15530113  0.42899558 -0.62357735  0.14104593  0.33903977 -0.66191974
  0.03135782 -0.22567035  0.09474143 -0.29029687  0.25190798 -0.54515351
 -0.26801631 -0.8279858  -0.48906798 -0.23164387 -0.18824875]
685,[ 0.17054811  0.09281677 -0.01507775  0.11519115  0.35240339  0.10779471
 -0.07180594  0.68061224  0.38209507 -0.54410722 -0.04986263 -0.1530778
  0.19696971  0.39898249 -0.32498337  0.20407107 -0.1256203  -0.63085005
  0.12181732  0.12540622 -0.46703597  0.22309935  0.26700439 -0.61725998
  0.01044782  0.39677755 -0.02538425  0.05575263 -0.52843266  0.4873834
  0.59854499  0.55140944  0.62176995  0.23235782 -0.18682638  0.56744783
 -0.15532361  0.42898069 -0.62356789  0.14102175  0.33904519 -0.66187893
  0.0313108  -0.22567436  0.09471365 -0.29030507  0.2519377  -0.54508718
 -0.26805422 -0.82798121 -0.48908339 -0.23163813 -0.1882596 ]
686,[ 0.17058719  0.0928325  -0.0151779   0.11521278  0.35242572  0.10777076
 -0.07177084  0.68057482  0.38205643 -0.54409094 -0.04985696 -0.15303582
  0.196949    0.39902194 -0.32498458  0.20410397 -0.12559945 -0.63083756
  0.12179515  0.12542968 -0.46703939  0.2230784   0.26699732 -0.61729296
  0.0104139   0.39676122 -0.02532334  0.05573226 -0.52845956  0.48743864
  0.59849184  0.5514238   0.62179438  0.23235883 -0.18680577  0.56745362
 -0.15534607  0.42896582 -0.62355844  0.1409976   0.33905061 -0.66183816
  0.03126383 -0.22567837  0.0946859  -0.29031326  0.25196739 -0.54502092
 -0.26809209 -0.82797661 -0.48909877 -0.23163239 -0.18827043]
687,[ 0.17062623  0.09284821 -0.01527795  0.11523439  0.35244803  0.10774684
 -0.07173578  0.68053744  0.38201783 -0.54407468 -0.0498513  -0.15299389
  0.19692832  0.39906133 -0.32498579  0.20413683 -0.12557863 -0.63082509
  0.121773    0.12545311 -0.46704281  0.22305747  0.26699027 -0.6173259
  0.01038001  0.39674491 -0.02526249  0.05571192 -0.52848644  0.48749382
  0.59843876  0.55143815  0.62181879  0.23235984 -0.18678517  0.56745941
 -0.1553685   0.42895097 -0.623549    0.14097348  0.33905601 -0.66179743
  0.03121691 -0.22568237  0.09465818 -0.29032144  0.25199704 -0.54495474
 -0.26812993 -0.82797203 -0.48911414 -0.23162666 -0.18828126]
688,[ 0.17066523  0.0928639  -0.01537787  0.11525597  0.35247032  0.10772295
 -0.07170076  0.6805001   0.38197927 -0.54405844 -0.04984565 -0.152952
  0.19690766  0.39910069 -0.324987    0.20416965 -0.12555784 -0.63081263
  0.12175087  0.12547652 -0.46704622  0.22303657  0.26698322 -0.6173588
  0.01034617  0.39672863 -0.02520172  0.0556916  -0.52851328  0.48754893
  0.59838573  0.55145248  0.62184316  0.23236086 -0.1867646   0.56746519
 -0.15539091  0.42893613 -0.62353957  0.14094938  0.33906142 -0.66175676
  0.03117004 -0.22568636  0.09463049 -0.29032962  0.25202666 -0.54488863
 -0.26816771 -0.82796745 -0.48912949 -0.23162094 -0.18829207]
689,[ 0.17070418  0.09287958 -0.01547769  0.11527753  0.35249257  0.10769908
 -0.07166578  0.6804628   0.38194076 -0.54404222 -0.04984    -0.15291017
  0.19688703  0.39914    -0.3249882   0.20420243 -0.12553707 -0.63080018
  0.12172877  0.1254999  -0.46704963  0.22301569  0.26697618 -0.61739166
  0.01031236  0.39671236 -0.02514101  0.05567131 -0.52854009  0.48760399
  0.59833276  0.55146679  0.62186751  0.23236187 -0.18674405  0.56747096
 -0.15541329  0.42892131 -0.62353016  0.14092531  0.33906682 -0.66171612
  0.03112323 -0.22569035  0.09460283 -0.29033778  0.25205625 -0.5448226
 -0.26820546 -0.82796287 -0.48914482 -0.23161522 -0.18830287]
690,[ 0.17074308  0.09289524 -0.0155774   0.11529906  0.35251481  0.10767524
 -0.07163084  0.68042555  0.38190228 -0.54402602 -0.04983436 -0.15286837
  0.19686642  0.39917927 -0.32498941  0.20423518 -0.12551632 -0.63078775
  0.1217067   0.12552325 -0.46705304  0.22299484  0.26696915 -0.61742449
  0.0102786   0.3966961  -0.02508037  0.05565103 -0.52856687  0.48765898
  0.59827986  0.55148109  0.62189183  0.23236288 -0.18672353  0.56747673
 -0.15543565  0.42890651 -0.62352075  0.14090127  0.33907221 -0.66167554
  0.03107647 -0.22569434  0.09457521 -0.29034593  0.25208581 -0.54475664
 -0.26824316 -0.8279583  -0.48916014 -0.23160951 -0.18831365]
691,[ 0.17078195  0.09291088 -0.01567699  0.11532057  0.35253702  0.10765143
 -0.07159593  0.68038834  0.38186386 -0.54400984 -0.04982872 -0.15282663
  0.19684583  0.39921849 -0.32499061  0.20426789 -0.12549559 -0.63077533
  0.12168465  0.12554658 -0.46705644  0.22297401  0.26696213 -0.61745728
  0.01024487  0.39667987 -0.0250198   0.05563078 -0.52859363  0.48771391
  0.59822701  0.55149537  0.62191613  0.23236389 -0.18670303  0.56748249
 -0.15545798  0.42889172 -0.62351136  0.14087725  0.33907759 -0.661635
  0.03102977 -0.22569832  0.09454761 -0.29035408  0.25211533 -0.54469076
 -0.26828082 -0.82795373 -0.48917544 -0.2316038  -0.18832443]
692,[ 0.17082077  0.0929265  -0.01577647  0.11534206  0.3525592   0.10762764
 -0.07156107  0.68035117  0.38182547 -0.54399367 -0.0498231  -0.15278493
  0.19682526  0.39925767 -0.32499182  0.20430057 -0.12547489 -0.63076292
  0.12166263  0.12556988 -0.46705983  0.2229532   0.26695511 -0.61749003
  0.01021117  0.39666365 -0.02495929  0.05561056 -0.52862035  0.48776878
  0.59817422  0.55150963  0.62194039  0.23236489 -0.18668255  0.56748824
 -0.15548029  0.42887695 -0.62350197  0.14085326  0.33908297 -0.6615945
  0.03098311 -0.2257023   0.09452005 -0.29036221  0.25214482 -0.54462495
 -0.26831844 -0.82794917 -0.48919072 -0.2315981  -0.18833519]
693,[ 0.17085954  0.0929421  -0.01587583  0.11536352  0.35258136  0.10760389
 -0.07152624  0.68031404  0.38178713 -0.54397752 -0.04981747 -0.15274328
  0.19680472  0.3992968  -0.32499302  0.2043332  -0.12545421 -0.63075053
  0.12164063  0.12559316 -0.46706323  0.22293241  0.26694811 -0.61752275
  0.01017752  0.39664746 -0.02489886  0.05559035 -0.52864704  0.48782358
  0.59812149  0.55152388  0.62196463  0.2323659  -0.18666209  0.56749399
 -0.15550257  0.4288622  -0.6234926   0.1408293   0.33908834 -0.66155405
  0.03093651 -0.22570627  0.09449251 -0.29037034  0.25217427 -0.54455921
 -0.26835602 -0.82794462 -0.48920598 -0.23159241 -0.18834594]
694,[ 0.17089828  0.09295769 -0.01597509  0.11538496  0.3526035   0.10758015
 -0.07149146  0.68027695  0.38174883 -0.54396139 -0.04981186 -0.15270168
  0.1967842   0.39933589 -0.32499422  0.2043658  -0.12543355 -0.63073816
  0.12161865  0.1256164  -0.46706662  0.22291165  0.26694111 -0.61755543
  0.0101439   0.39663128 -0.02483849  0.05557017 -0.5286737   0.48787833
  0.59806882  0.55153812  0.62198885  0.23236691 -0.18664166  0.56749973
 -0.15552483  0.42884746 -0.62348323  0.14080536  0.33909371 -0.66151365
  0.03088996 -0.22571024  0.09446501 -0.29037845  0.2522037  -0.54449355
 -0.26839355 -0.82794007 -0.48922123 -0.23158672 -0.18835668]
695,[ 0.17093697  0.09297326 -0.01607423  0.11540637  0.35262561  0.10755645
 -0.07145671  0.68023991  0.38171058 -0.54394528 -0.04980625 -0.15266012
  0.19676371  0.39937494 -0.32499542  0.20439837 -0.12541292 -0.63072579
  0.1215967   0.12563963 -0.46707     0.22289092  0.26693412 -0.61758808
  0.01011033  0.39661512 -0.02477819  0.05555001 -0.52870033  0.48793301
  0.59801621  0.55155233  0.62201303  0.23236791 -0.18662125  0.56750547
 -0.15554706  0.42883274 -0.62347388  0.14078146  0.33909907 -0.66147329
  0.03084347 -0.22571421  0.09443754 -0.29038656  0.25223309 -0.54442796
 -0.26843104 -0.82793552 -0.48923646 -0.23158104 -0.18836741]
696,[ 0.17097561  0.09298881 -0.01617327  0.11542776  0.35264769  0.10753277
 -0.071422    0.68020291  0.38167236 -0.54392919 -0.04980065 -0.15261861
  0.19674324  0.39941394 -0.32499661  0.2044309  -0.12539231 -0.63071344
  0.12157477  0.12566282 -0.46707338  0.2228702   0.26692713 -0.61762068
  0.01007678  0.39659897 -0.02471796  0.05552987 -0.52872693  0.48798763
  0.59796366  0.55156653  0.62203719  0.23236891 -0.18660087  0.56751119
 -0.15556927  0.42881804 -0.62346454  0.14075757  0.33910443 -0.66143298
  0.03079702 -0.22571817  0.0944101  -0.29039466  0.25226244 -0.54436245
 -0.26846849 -0.82793098 -0.48925167 -0.23157537 -0.18837812]
697,[ 0.17101421  0.09300434 -0.01627219  0.11544913  0.35266975  0.10750912
 -0.07138734  0.68016595  0.3816342  -0.54391311 -0.04979505 -0.15257715
  0.19672279  0.3994529  -0.32499781  0.20446339 -0.12537172 -0.63070111
  0.12155287  0.12568599 -0.46707676  0.22284951  0.26692016 -0.61765325
  0.01004328  0.39658285 -0.02465779  0.05550976 -0.5287535   0.48804219
  0.59791117  0.55158072  0.62206132  0.23236992 -0.1865805   0.56751692
 -0.15559145  0.42880335 -0.6234552   0.14073372  0.33910977 -0.66139271
  0.03075063 -0.22572212  0.09438269 -0.29040275  0.25229177 -0.54429701
 -0.2685059  -0.82792645 -0.48926687 -0.2315697  -0.18838882]
698,[ 0.17105277  0.09301986 -0.016371    0.11547047  0.35269179  0.10748549
 -0.07135271  0.68012903  0.38159607 -0.54389705 -0.04978946 -0.15253573
  0.19670236  0.39949182 -0.324999    0.20449584 -0.12535116 -0.63068879
  0.121531    0.12570914 -0.46708013  0.22282884  0.26691319 -0.61768578
  0.01000982  0.39656674 -0.0245977   0.05548967 -0.52878005  0.48809669
  0.59785873  0.55159489  0.62208542  0.23237092 -0.18656016  0.56752263
 -0.1556136   0.42878868 -0.62344588  0.14070989  0.33911512 -0.66135249
  0.03070429 -0.22572607  0.09435531 -0.29041083  0.25232106 -0.54423164
 -0.26854326 -0.82792192 -0.48928205 -0.23156404 -0.18839951]
699,[ 0.17109129  0.09303536 -0.01646969  0.11549179  0.3527138   0.10746189
 -0.07131812  0.68009215  0.38155799 -0.54388102 -0.04978388 -0.15249436
  0.19668196  0.39953069 -0.3250002   0.20452826 -0.12533062 -0.63067648
  0.12150914  0.12573226 -0.46708351  0.2228082   0.26690623 -0.61771828
  0.00997639  0.39655065 -0.02453767  0.0554696  -0.52880656  0.48815113
  0.59780636  0.55160904  0.6221095   0.23237192 -0.18653985  0.56752834
 -0.15563574  0.42877402 -0.62343657  0.14068609  0.33912045 -0.66131231
  0.030658   -0.22573002  0.09432796 -0.2904189   0.25235031 -0.54416634
 -0.26858058 -0.82791739 -0.48929721 -0.23155839 -0.18841019]
700,[ 0.17112976  0.09305084 -0.01656828  0.11551308  0.35273578  0.10743832
 -0.07128356  0.68005531  0.38151995 -0.54386499 -0.0497783  -0.15245304
  0.19666158  0.39956951 -0.32500139  0.20456064 -0.1253101  -0.63066419
  0.12148732  0.12575535 -0.46708687  0.22278758  0.26689928 -0.61775074
  0.009943    0.39653458 -0.02447771  0.05544955 -0.52883304  0.4882055
  0.59775404  0.55162318  0.62213355  0.23237292 -0.18651955  0.56753404
 -0.15565784  0.42875939 -0.62342727  0.14066232  0.33912579 -0.66127218
  0.03061177 -0.22573396  0.09430065 -0.29042696  0.25237954 -0.54410113
 -0.26861786 -0.82791287 -0.48931235 -0.23155274 -0.18842086]
701,[ 0.17116819  0.09306631 -0.01666676  0.11553435  0.35275774  0.10741478
 -0.07124905  0.68001852  0.38148195 -0.54384899 -0.04977273 -0.15241176
  0.19664122  0.3996083  -0.32500258  0.20459298 -0.12528961 -0.63065191
  0.12146551  0.12577841 -0.46709023  0.22276698  0.26689233 -0.61778316
  0.00990965  0.39651853 -0.02441781  0.05542953 -0.52885949  0.48825982
  0.59770179  0.5516373   0.62215757  0.23237391 -0.18649928  0.56753974
 -0.15567992  0.42874476 -0.62341798  0.14063857  0.33913111 -0.66123209
  0.03056559 -0.2257379   0.09427336 -0.29043501  0.25240873 -0.54403598
 -0.2686551  -0.82790836 -0.48932748 -0.2315471  -0.18843151]
702,[ 0.17120657  0.09308175 -0.01676512  0.11555559  0.35277968  0.10739126
 -0.07121458  0.67998177  0.38144399 -0.54383301 -0.04976716 -0.15237053
  0.19662089  0.39964704 -0.32500377  0.20462529 -0.12526914 -0.63063964
  0.12144374  0.12580145 -0.46709359  0.22274641  0.2668854  -0.61781555
  0.00987633  0.3965025  -0.02435799  0.05540953 -0.52888591  0.48831407
  0.59764959  0.5516514   0.62218157  0.23237491 -0.18647903  0.56754543
 -0.15570198  0.42873016 -0.6234087   0.14061485  0.33913643 -0.66119205
  0.03051945 -0.22574183  0.0942461  -0.29044306  0.25243789 -0.54397091
 -0.2686923  -0.82790385 -0.48934259 -0.23154147 -0.18844215]
703,[ 0.17124491  0.09309718 -0.01686338  0.11557682  0.35280159  0.10736776
 -0.07118014  0.67994505  0.38140608 -0.54381704 -0.0497616  -0.15232935
  0.19660057  0.39968573 -0.32500496  0.20465756 -0.12524869 -0.63062739
  0.12142198  0.12582447 -0.46709695  0.22272585  0.26687847 -0.6178479
  0.00984306  0.39648648 -0.02429823  0.05538955 -0.52891231  0.48836827
  0.59759745  0.55166549  0.62220553  0.23237591 -0.18645881  0.56755111
 -0.15572401  0.42871557 -0.62339943  0.14059116  0.33914174 -0.66115205
  0.03047338 -0.22574576  0.09421888 -0.29045109  0.25246701 -0.54390591
 -0.26872945 -0.82789934 -0.48935769 -0.23153584 -0.18845278]
704,[ 0.17128321  0.09311259 -0.01696152  0.11559801  0.35282348  0.1073443
 -0.07114575  0.67990838  0.38136821 -0.54380109 -0.04975605 -0.15228821
  0.19658029  0.39972438 -0.32500614  0.2046898  -0.12522826 -0.63061515
  0.12140025  0.12584746 -0.4671003   0.22270533  0.26687155 -0.61788022
  0.00980982  0.39647048 -0.02423854  0.0553696  -0.52893867  0.4884224
  0.59754537  0.55167956  0.62222947  0.2323769  -0.1864386   0.56755679
 -0.15574602  0.428701   -0.62339017  0.14056749  0.33914705 -0.6611121
  0.03042735 -0.22574969  0.09419169 -0.29045912  0.2524961  -0.54384098
 -0.26876657 -0.82789484 -0.48937276 -0.23153021 -0.1884634 ]
705,[ 0.17132147  0.09312799 -0.01705955  0.11561919  0.35284534  0.10732086
 -0.07111139  0.67987175  0.38133039 -0.54378516 -0.0497505  -0.15224712
  0.19656002  0.39976299 -0.32500733  0.204722   -0.12520786 -0.63060293
  0.12137855  0.12587042 -0.46710365  0.22268482  0.26686464 -0.61791249
  0.00977662  0.3964545  -0.02417891  0.05534966 -0.528965    0.48847647
  0.59749335  0.55169362  0.62225339  0.23237789 -0.18641842  0.56756246
 -0.155768    0.42868644 -0.62338092  0.14054385  0.33915235 -0.66107219
  0.03038137 -0.22575361  0.09416452 -0.29046713  0.25252516 -0.54377613
 -0.26880364 -0.82789035 -0.48938782 -0.2315246  -0.18847401]
706,[ 0.17135968  0.09314337 -0.01715748  0.11564034  0.35286718  0.10729745
 -0.07107707  0.67983517  0.3812926  -0.54376925 -0.04974496 -0.15220607
  0.19653978  0.39980156 -0.32500851  0.20475416 -0.12518748 -0.63059072
  0.12135687  0.12589335 -0.46710699  0.22266434  0.26685773 -0.61794473
  0.00974345  0.39643854 -0.02411936  0.05532975 -0.52899131  0.48853048
  0.59744139  0.55170766  0.62227728  0.23237889 -0.18639826  0.56756812
 -0.15578996  0.4286719  -0.62337168  0.14052024  0.33915764 -0.66103233
  0.03033545 -0.22575752  0.09413739 -0.29047514  0.25255419 -0.54371135
 -0.26884067 -0.82788586 -0.48940286 -0.23151899 -0.1884846 ]
707,[ 0.17139785  0.09315873 -0.01725529  0.11566146  0.35288899  0.10727406
 -0.07104279  0.67979862  0.38125486 -0.54375335 -0.04973943 -0.15216508
  0.19651956  0.39984008 -0.32500969  0.20478629 -0.12516713 -0.63057852
  0.12133521  0.12591626 -0.46711033  0.22264388  0.26685083 -0.61797694
  0.00971032  0.3964226  -0.02405987  0.05530986 -0.52901758  0.48858443
  0.59738948  0.55172169  0.62230114  0.23237988 -0.18637813  0.56757378
 -0.15581189  0.42865738 -0.62336246  0.14049665  0.33916293 -0.66099252
  0.03028958 -0.22576143  0.09411029 -0.29048314  0.25258319 -0.54364664
 -0.26887765 -0.82788138 -0.48941789 -0.23151339 -0.18849518]
708,[ 0.17143598  0.09317407 -0.01735299  0.11568256  0.35291078  0.1072507
 -0.07100855  0.67976211  0.38121716 -0.54373747 -0.0497339  -0.15212412
  0.19649936  0.39987856 -0.32501088  0.20481838 -0.12514679 -0.63056634
  0.12131358  0.12593915 -0.46711367  0.22262344  0.26684394 -0.61800911
  0.00967723  0.39640667 -0.02400045  0.05529    -0.52904382  0.48863831
  0.59733764  0.5517357   0.62232497  0.23238087 -0.18635802  0.56757943
 -0.1558338   0.42864288 -0.62335324  0.14047309  0.33916822 -0.66095274
  0.03024376 -0.22576534  0.09408322 -0.29049113  0.25261215 -0.543582
 -0.2689146  -0.8278769  -0.4894329  -0.23150779 -0.18850575]
709,[ 0.17147406  0.0931894  -0.01745058  0.11570364  0.35293254  0.10722736
 -0.07097435  0.67972565  0.38117951 -0.54372161 -0.04972838 -0.15208322
  0.19647918  0.39991699 -0.32501206  0.20485043 -0.12512648 -0.63055417
  0.12129197  0.12596201 -0.467117    0.22260303  0.26683706 -0.61804124
  0.00964418  0.39639076 -0.02394109  0.05527015 -0.52907004  0.48869214
  0.59728585  0.55174969  0.62234878  0.23238186 -0.18633793  0.56758508
 -0.15585569  0.42862839 -0.62334403  0.14044955  0.33917349 -0.66091302
  0.03019799 -0.22576924  0.09405617 -0.29049911  0.25264108 -0.54351744
 -0.2689515  -0.82787242 -0.48944789 -0.2315022  -0.18851631]
710,[ 0.1715121   0.0932047  -0.01754807  0.1157247   0.35295428  0.10720406
 -0.07094018  0.67968923  0.38114189 -0.54370577 -0.04972286 -0.15204236
  0.19645903  0.39995539 -0.32501323  0.20488245 -0.1251062  -0.63054201
  0.12127039  0.12598484 -0.46712033  0.22258264  0.26683019 -0.61807334
  0.00961117  0.39637487 -0.0238818   0.05525033 -0.52909622  0.48874591
  0.59723412  0.55176367  0.62237255  0.23238284 -0.18631786  0.56759072
 -0.15587755  0.42861391 -0.62333484  0.14042605  0.33917876 -0.66087334
  0.03015227 -0.22577314  0.09402916 -0.29050708  0.25266997 -0.54345295
 -0.26898837 -0.82786795 -0.48946286 -0.23149661 -0.18852686]
711,[ 0.1715501   0.09321999 -0.01764544  0.11574573  0.35297599  0.10718077
 -0.07090606  0.67965284  0.38110432 -0.54368995 -0.04971736 -0.15200154
  0.1964389   0.39999373 -0.32501441  0.20491443 -0.12508593 -0.63052987
  0.12124883  0.12600765 -0.46712365  0.22256227  0.26682332 -0.6181054
  0.00957819  0.396359   -0.02382258  0.05523053 -0.52912238  0.48879961
  0.59718245  0.55177763  0.62239631  0.23238383 -0.18629782  0.56759635
 -0.15589938  0.42859945 -0.62332565  0.14040257  0.33918403 -0.6608337
  0.03010661 -0.22577703  0.09400218 -0.29051504  0.25269884 -0.54338854
 -0.26902519 -0.82786349 -0.48947782 -0.23149104 -0.18853739]
712,[ 0.17158805  0.09323527 -0.0177427   0.11576674  0.35299768  0.10715752
 -0.07087197  0.6796165   0.38106679 -0.54367414 -0.04971185 -0.15196077
  0.1964188   0.40003204 -0.32501559  0.20494638 -0.12506569 -0.63051774
  0.1212273   0.12603043 -0.46712698  0.22254193  0.26681646 -0.61813742
  0.00954525  0.39634315 -0.02376342  0.05521076 -0.52914851  0.48885326
  0.59713084  0.55179158  0.62242003  0.23238481 -0.18627779  0.56760197
 -0.15592119  0.42858501 -0.62331647  0.14037911  0.33918929 -0.66079411
  0.03006099 -0.22578092  0.09397523 -0.290523    0.25272767 -0.54332419
 -0.26906197 -0.82785903 -0.48949276 -0.23148546 -0.18854791]
713,[ 0.17162596  0.09325052 -0.01783986  0.11578772  0.35301935  0.10713429
 -0.07083792  0.6795802   0.38102931 -0.54365836 -0.04970636 -0.15192005
  0.19639871  0.4000703  -0.32501676  0.20497829 -0.12504547 -0.63050563
  0.12120579  0.12605319 -0.46713029  0.22252161  0.26680961 -0.61816941
  0.00951234  0.39632731 -0.02370433  0.055191   -0.5291746   0.48890684
  0.59707928  0.55180551  0.62244373  0.2323858  -0.18625779  0.56760759
 -0.15594298  0.42857059 -0.62330731  0.14035568  0.33919454 -0.66075456
  0.03001543 -0.22578481  0.09394831 -0.29053094  0.25275647 -0.54325992
 -0.26909871 -0.82785458 -0.48950769 -0.2314799  -0.18855843]
714,[ 0.17166383  0.09326576 -0.0179369   0.11580868  0.35304099  0.10711109
 -0.07080391  0.67954394  0.38099186 -0.54364259 -0.04970087 -0.15187937
  0.19637865  0.40010852 -0.32501793  0.20501016 -0.12502528 -0.63049353
  0.1211843   0.12607592 -0.46713361  0.22250131  0.26680277 -0.61820136
  0.00947948  0.39631149 -0.02364531  0.05517127 -0.52920067  0.48896037
  0.59702779  0.55181943  0.62246741  0.23238678 -0.18623782  0.56761321
 -0.15596474  0.42855618 -0.62329815  0.14033228  0.33919979 -0.66071505
  0.02996992 -0.22578869  0.09392142 -0.29053888  0.25278524 -0.54319572
 -0.2691354  -0.82785013 -0.4895226  -0.23147434 -0.18856892]
715,[ 0.17170166  0.09328099 -0.01803383  0.11582962  0.35306261  0.10708791
 -0.07076994  0.67950772  0.38095446 -0.54362683 -0.04969538 -0.15183874
  0.19635861  0.4001467  -0.32501911  0.205042   -0.1250051  -0.63048144
  0.12116284  0.12609862 -0.46713692  0.22248103  0.26679593 -0.61823328
  0.00944665  0.39629569 -0.02358635  0.05515156 -0.52922671  0.48901383
  0.59697635  0.55183333  0.62249105  0.23238776 -0.18621786  0.56761881
 -0.15598647  0.42854179 -0.62328901  0.14030891  0.33920503 -0.66067559
  0.02992446 -0.22579256  0.09389456 -0.2905468   0.25281397 -0.5431316
 -0.26917206 -0.82784568 -0.48953749 -0.23146879 -0.18857941]
716,[ 0.17173945  0.09329619 -0.01813066  0.11585053  0.3530842   0.10706476
 -0.070736    0.67947154  0.3809171  -0.5436111  -0.0496899  -0.15179816
  0.1963386   0.40018483 -0.32502028  0.2050738  -0.12498495 -0.63046936
  0.12114141  0.1261213  -0.46714022  0.22246078  0.2667891  -0.61826516
  0.00941385  0.39627991 -0.02352747  0.05513187 -0.52925272  0.48906724
  0.59692497  0.55184721  0.62251467  0.23238875 -0.18619793  0.56762441
 -0.15600818  0.42852741 -0.62327987  0.14028556  0.33921027 -0.66063618
  0.02987905 -0.22579644  0.09386774 -0.29055472  0.25284267 -0.54306754
 -0.26920867 -0.82784124 -0.48955236 -0.23146324 -0.18858989]
717,[ 0.17177719  0.09331138 -0.01822738  0.11587142  0.35310577  0.10704163
 -0.07070211  0.67943541  0.38087978 -0.54359538 -0.04968443 -0.15175762
  0.1963186   0.40022292 -0.32502145  0.20510557 -0.12496482 -0.6304573
  0.12111999  0.12614396 -0.46714353  0.22244055  0.26678228 -0.618297
  0.0093811   0.39626414 -0.02346864  0.05511221 -0.5292787   0.48912058
  0.59687365  0.55186108  0.62253826  0.23238973 -0.18617802  0.56763001
 -0.15602987  0.42851305 -0.62327075  0.14026223  0.3392155  -0.66059681
  0.02983369 -0.2258003   0.09384094 -0.29056263  0.25287134 -0.54300356
 -0.26924525 -0.82783681 -0.48956722 -0.2314577  -0.18860035]
718,[ 0.17181489  0.09332655 -0.01832398  0.11589228  0.35312731  0.10701853
 -0.07066825  0.67939931  0.3808425  -0.54357968 -0.04967897 -0.15171713
  0.19629863  0.40026097 -0.32502261  0.2051373  -0.12494472 -0.63044526
  0.1210986   0.12616658 -0.46714682  0.22242034  0.26677547 -0.61832881
  0.00934838  0.3962484  -0.02340988  0.05509256 -0.52930465  0.48917387
  0.59682238  0.55187493  0.62256183  0.2323907  -0.18615814  0.5676356
 -0.15605153  0.42849871 -0.62326163  0.14023894  0.33922072 -0.66055748
  0.02978838 -0.22580417  0.09381417 -0.29057053  0.25289998 -0.54293965
 -0.26928178 -0.82783238 -0.48958206 -0.23145216 -0.1886108 ]
719,[ 0.17185254  0.0933417  -0.01842048  0.11591313  0.35314883  0.10699546
 -0.07063443  0.67936325  0.38080527 -0.543564   -0.04967351 -0.15167668
  0.19627868  0.40029897 -0.32502378  0.205169   -0.12492464 -0.63043323
  0.12107724  0.12618919 -0.46715012  0.22240016  0.26676867 -0.61836058
  0.00931569  0.39623267 -0.02335119  0.05507294 -0.52933057  0.48922709
  0.59677118  0.55188877  0.62258537  0.23239168 -0.18613827  0.56764118
 -0.15607317  0.42848438 -0.62325253  0.14021567  0.33922594 -0.6605182
  0.02974313 -0.22580803  0.09378743 -0.29057842  0.25292859 -0.54287581
 -0.26931827 -0.82782796 -0.48959688 -0.23144664 -0.18862124]
720,[ 0.17189016  0.09335684 -0.01851687  0.11593395  0.35317033  0.10697241
 -0.07060065  0.67932724  0.38076808 -0.54354834 -0.04966805 -0.15163628
  0.19625876  0.40033694 -0.32502495  0.20520065 -0.12490458 -0.63042121
  0.1210559   0.12621176 -0.46715341  0.22238     0.26676187 -0.61839232
  0.00928305  0.39621695 -0.02329257  0.05505334 -0.52935646  0.48928026
  0.59672003  0.55190259  0.62260888  0.23239266 -0.18611843  0.56764675
 -0.15609479  0.42847007 -0.62324344  0.14019242  0.33923115 -0.66047896
  0.02969792 -0.22581188  0.09376072 -0.2905863   0.25295716 -0.54281204
 -0.26935472 -0.82782354 -0.48961169 -0.23144111 -0.18863167]
721,[ 0.17192773  0.09337196 -0.01861316  0.11595474  0.3531918   0.10694939
 -0.07056691  0.67929126  0.38073092 -0.54353269 -0.04966261 -0.15159592
  0.19623885  0.40037485 -0.32502611  0.20523228 -0.12488454 -0.6304092
  0.12103458  0.12623432 -0.4671567   0.22235986  0.26675508 -0.61842402
  0.00925044  0.39620126 -0.02323401  0.05503377 -0.52938232  0.48933336
  0.59666893  0.5519164   0.62263237  0.23239363 -0.18609861  0.56765232
 -0.15611638  0.42845577 -0.62323435  0.1401692   0.33923635 -0.66043977
  0.02965277 -0.22581573  0.09373404 -0.29059418  0.2529857  -0.54274835
 -0.26939113 -0.82781912 -0.48962648 -0.2314356  -0.18864209]
722,[ 0.17196526  0.09338706 -0.01870933  0.11597551  0.35321325  0.1069264
 -0.0705332   0.67925533  0.38069382 -0.54351706 -0.04965716 -0.15155561
  0.19621897  0.40041273 -0.32502727  0.20526387 -0.12486452 -0.63039721
  0.12101329  0.12625684 -0.46715998  0.22233974  0.2667483  -0.61845568
  0.00921787  0.39618558 -0.02317552  0.05501421 -0.52940816  0.4893864
  0.5966179   0.55193019  0.62265583  0.23239461 -0.18607881  0.56765789
 -0.15613794  0.42844149 -0.62322528  0.14014601  0.33924156 -0.66040062
  0.02960767 -0.22581958  0.0937074  -0.29060204  0.25301421 -0.54268473
 -0.2694275  -0.82781471 -0.48964125 -0.23143009 -0.18865249]
723,[ 0.17200275  0.09340215 -0.01880539  0.11599626  0.35323467  0.10690343
 -0.07049953  0.67921944  0.38065675 -0.54350145 -0.04965173 -0.15151534
  0.19619911  0.40045056 -0.32502843  0.20529542 -0.12484453 -0.63038523
  0.12099202  0.12627934 -0.46716326  0.22231965  0.26674153 -0.61848731
  0.00918533  0.39616992 -0.02311709  0.05499468 -0.52943396  0.48943939
  0.59656692  0.55194396  0.62267926  0.23239558 -0.18605904  0.56766344
 -0.15615948  0.42842723 -0.62321622  0.14012285  0.33924675 -0.66036152
  0.02956261 -0.22582342  0.09368078 -0.2906099   0.25304268 -0.54262117
 -0.26946382 -0.82781031 -0.48965601 -0.23142459 -0.18866289]
724,[ 0.17204019  0.09341722 -0.01890135  0.11601699  0.35325607  0.10688049
 -0.0704659   0.67918358  0.38061972 -0.54348586 -0.0496463  -0.15147512
  0.19617928  0.40048836 -0.32502959  0.20532694 -0.12482456 -0.63037326
  0.12097077  0.12630182 -0.46716654  0.22229958  0.26673476 -0.61851891
  0.00915283  0.39615428 -0.02305873  0.05497517 -0.52945973  0.48949232
  0.596516    0.55195772  0.62270267  0.23239655 -0.18603928  0.56766899
 -0.156181    0.42841298 -0.62320716  0.14009971  0.33925194 -0.66032245
  0.02951761 -0.22582725  0.09365419 -0.29061774  0.25307113 -0.5425577
 -0.26950011 -0.82780591 -0.48967075 -0.23141909 -0.18867327]
725,[ 0.17207759  0.09343227 -0.0189972   0.11603769  0.35327744  0.10685757
 -0.07043231  0.67914777  0.38058274 -0.54347028 -0.04964088 -0.15143494
  0.19615946  0.4005261  -0.32503075  0.20535842 -0.12480461 -0.63036131
  0.12094955  0.12632427 -0.46716981  0.22227953  0.266728   -0.61855046
  0.00912037  0.39613866 -0.02300043  0.05495568 -0.52948548  0.48954518
  0.59646514  0.55197147  0.62272605  0.23239752 -0.18601955  0.56767454
 -0.15620249  0.42839875 -0.62319812  0.14007659  0.33925712 -0.66028344
  0.02947266 -0.22583109  0.09362763 -0.29062558  0.25309954 -0.54249429
 -0.26953635 -0.82780152 -0.48968547 -0.2314136  -0.18868364]
726,[ 0.17211496  0.0934473  -0.01909294  0.11605837  0.35329879  0.10683468
 -0.07039876  0.679112    0.3805458  -0.54345472 -0.04963546 -0.15139481
  0.19613967  0.40056381 -0.32503191  0.20538986 -0.12478469 -0.63034937
  0.12092836  0.1263467  -0.46717308  0.2222595   0.26672125 -0.61858199
  0.00908795  0.39612305 -0.0229422   0.05493621 -0.5295112   0.48959799
  0.59641434  0.5519852   0.62274941  0.23239849 -0.18599984  0.56768007
 -0.15622396  0.42838454 -0.62318909  0.14005351  0.3392623  -0.66024446
  0.02942776 -0.22583491  0.0936011  -0.29063341  0.25312792 -0.54243095
 -0.26957256 -0.82779713 -0.48970018 -0.23140811 -0.18869399]
727,[ 0.17215227  0.09346232 -0.01918857  0.11607902  0.35332012  0.10681181
 -0.07036524  0.67907626  0.3805089  -0.54343918 -0.04963005 -0.15135473
  0.1961199   0.40060147 -0.32503307  0.20542127 -0.12476479 -0.63033745
  0.12090718  0.1263691  -0.46717635  0.2222395   0.2667145  -0.61861347
  0.00905556  0.39610746 -0.02288404  0.05491676 -0.52953689  0.48965073
  0.59636359  0.55199891  0.62277274  0.23239946 -0.18598016  0.56768561
 -0.15624541  0.42837034 -0.62318007  0.14003044  0.33926747 -0.66020553
  0.02938291 -0.22583874  0.0935746  -0.29064123  0.25315627 -0.54236768
 -0.26960872 -0.82779274 -0.48971487 -0.23140263 -0.18870434]
728,[ 0.17218955  0.09347732 -0.0192841   0.11609965  0.35334142  0.10678897
 -0.07033176  0.67904057  0.38047204 -0.54342366 -0.04962465 -0.15131469
  0.19610015  0.40063909 -0.32503422  0.20545265 -0.12474491 -0.63032554
  0.12088603  0.12639147 -0.46717961  0.22221952  0.26670777 -0.61864493
  0.0090232   0.39609189 -0.02282594  0.05489734 -0.52956255  0.48970342
  0.5963129   0.55201261  0.62279604  0.23240043 -0.18596049  0.56769113
 -0.15626683  0.42835615 -0.62317106  0.14000741  0.33927263 -0.66016665
  0.02933811 -0.22584256  0.09354814 -0.29064904  0.25318459 -0.54230449
 -0.26964484 -0.82778836 -0.48972955 -0.23139716 -0.18871468]
729,[ 0.17222679  0.09349231 -0.01937952  0.11612026  0.3533627   0.10676616
 -0.07029832  0.67900492  0.38043522 -0.54340815 -0.04961925 -0.15127469
  0.19608043  0.40067667 -0.32503537  0.20548399 -0.12472505 -0.63031364
  0.12086491  0.12641382 -0.46718287  0.22219956  0.26670104 -0.61867634
  0.00899089  0.39607634 -0.02276791  0.05487794 -0.52958818  0.48975605
  0.59626227  0.55202629  0.62281931  0.2324014  -0.18594085  0.56769665
 -0.15628822  0.42834199 -0.62316205  0.1399844   0.33927779 -0.66012781
  0.02929336 -0.22584637  0.0935217  -0.29065684  0.25321287 -0.54224137
 -0.26968093 -0.82778399 -0.4897442  -0.2313917  -0.188725  ]
730,[ 0.17226398  0.09350727 -0.01947483  0.11614085  0.35338396  0.10674337
 -0.07026492  0.67896931  0.38039845 -0.54339266 -0.04961385 -0.15123474
  0.19606072  0.40071421 -0.32503653  0.20551529 -0.12470521 -0.63030175
  0.12084381  0.12643614 -0.46718612  0.22217963  0.26669432 -0.61870772
  0.00895861  0.3960608  -0.02270994  0.05485856 -0.52961378  0.48980862
  0.59621169  0.55203996  0.62284256  0.23240236 -0.18592123  0.56770216
 -0.15630959  0.42832784 -0.62315306  0.13996141  0.33928295 -0.66008901
  0.02924866 -0.22585019  0.09349529 -0.29066464  0.25324112 -0.54217832
 -0.26971697 -0.82777962 -0.48975884 -0.23138624 -0.18873531]
731,[ 0.17230113  0.09352222 -0.01957003  0.11616141  0.35340519  0.1067206
 -0.07023156  0.67893374  0.38036171 -0.54337719 -0.04960847 -0.15119484
  0.19604104  0.4007517  -0.32503768  0.20554656 -0.1246854  -0.63028988
  0.12082273  0.12645844 -0.46718937  0.22215971  0.26668761 -0.61873907
  0.00892637  0.39604528 -0.02265204  0.0548392  -0.52963935  0.48986113
  0.59616117  0.55205361  0.62286579  0.23240333 -0.18590163  0.56770767
 -0.15633094  0.4283137  -0.62314408  0.13993846  0.33928809 -0.66005025
  0.02920402 -0.22585399  0.09346891 -0.29067242  0.25326935 -0.54211533
 -0.26975297 -0.82777526 -0.48977347 -0.23138078 -0.18874561]
732,[ 0.17233824  0.09353716 -0.01966513  0.11618195  0.35342639  0.10669787
 -0.07019823  0.67889821  0.38032502 -0.54336174 -0.04960309 -0.15115498
  0.19602139  0.40078916 -0.32503883  0.2055778  -0.12466561 -0.63027802
  0.12080167  0.12648072 -0.46719262  0.22213982  0.2666809  -0.61877038
  0.00889416  0.39602978 -0.0225942   0.05481987 -0.5296649   0.48991358
  0.59611071  0.55206724  0.62288898  0.23240429 -0.18588206  0.56771317
 -0.15635227  0.42829958 -0.62313511  0.13991553  0.33929324 -0.66001154
  0.02915942 -0.22585779  0.09344256 -0.2906802   0.25329753 -0.54205242
 -0.26978893 -0.8277709  -0.48978808 -0.23137533 -0.1887559 ]
733,[ 0.17237531  0.09355207 -0.01976011  0.11620247  0.35344758  0.10667516
 -0.07016494  0.67886271  0.38028837 -0.5433463  -0.04959771 -0.15111516
  0.19600175  0.40082657 -0.32503998  0.205609   -0.12464584 -0.63026618
  0.12078064  0.12650297 -0.46719587  0.22211995  0.2666742  -0.61880165
  0.00886199  0.3960143  -0.02253643  0.05480055 -0.52969041  0.48996597
  0.5960603   0.55208086  0.62291216  0.23240525 -0.1858625   0.56771867
 -0.15637357  0.42828548 -0.62312615  0.13989262  0.33929837 -0.65997288
  0.02911487 -0.22586159  0.09341624 -0.29068797  0.25332569 -0.54198958
 -0.26982485 -0.82776654 -0.48980267 -0.23136989 -0.18876618]
734,[ 0.17241233  0.09356697 -0.019855    0.11622296  0.35346873  0.10665247
 -0.07013168  0.67882726  0.38025176 -0.54333088 -0.04959235 -0.15107539
  0.19598213  0.40086393 -0.32504112  0.20564016 -0.1246261  -0.63025435
  0.12075964  0.12652519 -0.46719911  0.22210011  0.26666751 -0.61883289
  0.00882985  0.39599883 -0.02247872  0.05478126 -0.5297159   0.4900183
  0.59600995  0.55209447  0.6229353   0.23240621 -0.18584297  0.56772415
 -0.15639484  0.42827139 -0.6231172   0.13986974  0.3393035  -0.65993425
  0.02907037 -0.22586539  0.09338995 -0.29069573  0.25335382 -0.54192682
 -0.26986073 -0.82776219 -0.48981724 -0.23136446 -0.18877644]
735,[ 0.17244932  0.09358186 -0.01994977  0.11624343  0.35348987  0.10662981
 -0.07009847  0.67879185  0.38021519 -0.54331548 -0.04958698 -0.15103567
  0.19596254  0.40090126 -0.32504227  0.20567129 -0.12460637 -0.63024253
  0.12073865  0.12654739 -0.46720234  0.22208029  0.26666083 -0.6188641
  0.00879775  0.39598338 -0.02242108  0.05476199 -0.52974136  0.49007057
  0.59595966  0.55210806  0.62295842  0.23240718 -0.18582346  0.56772964
 -0.15641609  0.42825732 -0.62310826  0.13984688  0.33930863 -0.65989567
  0.02902593 -0.22586918  0.09336369 -0.29070348  0.25338191 -0.54186412
 -0.26989657 -0.82775785 -0.4898318  -0.23135903 -0.18878669]
736,[ 0.17248626  0.09359672 -0.02004444  0.11626388  0.35351098  0.10660717
 -0.07006529  0.67875648  0.38017866 -0.5433001  -0.04958163 -0.15099599
  0.19594297  0.40093854 -0.32504341  0.20570238 -0.12458667 -0.63023073
  0.12071769  0.12656956 -0.46720557  0.22206048  0.26665415 -0.61889527
  0.00876569  0.39596795 -0.0223635   0.05474274 -0.52976678  0.49012279
  0.59590943  0.55212164  0.62298151  0.23240813 -0.18580397  0.56773511
 -0.15643732  0.42824326 -0.62309932  0.13982405  0.33931375 -0.65985714
  0.02898153 -0.22587296  0.09333746 -0.29071122  0.25340997 -0.54180149
 -0.26993237 -0.82775351 -0.48984635 -0.2313536  -0.18879694]
737,[ 0.17252316  0.09361157 -0.020139    0.1162843   0.35353207  0.10658456
 -0.07003215  0.67872115  0.38014217 -0.54328473 -0.04957628 -0.15095635
  0.19592342  0.40097578 -0.32504456  0.20573344 -0.12456699 -0.63021893
  0.12069676  0.12659171 -0.4672088   0.2220407   0.26664748 -0.6189264
  0.00873367  0.39595254 -0.02230599  0.05472351 -0.52979218  0.49017494
  0.59585925  0.55213519  0.62300458  0.23240909 -0.18578451  0.56774058
 -0.15645853  0.42822922 -0.6230904   0.13980125  0.33931886 -0.65981864
  0.02893718 -0.22587674  0.09331126 -0.29071895  0.25343801 -0.54173893
 -0.26996812 -0.82774917 -0.48986087 -0.23134819 -0.18880717]
738,[ 0.17256002  0.09362641 -0.02023346  0.1163047   0.35355313  0.10656198
 -0.06999905  0.67868585  0.38010573 -0.54326938 -0.04957093 -0.15091676
  0.1959039   0.40101298 -0.3250457   0.20576447 -0.12454734 -0.63020716
  0.12067584  0.12661384 -0.46721203  0.22202095  0.26664082 -0.6189575
  0.00870168  0.39593714 -0.02224854  0.05470431 -0.52981756  0.49022704
  0.59580913  0.55214874  0.62302762  0.23241005 -0.18576506  0.56774604
 -0.15647971  0.4282152  -0.62308149  0.13977847  0.33932397 -0.65978019
  0.02889288 -0.22588052  0.09328508 -0.29072667  0.25346601 -0.54167645
 -0.27000384 -0.82774484 -0.48987538 -0.23134278 -0.18881739]
739,[ 0.17259684  0.09364122 -0.0203278   0.11632508  0.35357417  0.10653942
 -0.06996598  0.6786506   0.38006932 -0.54325405 -0.0495656  -0.15087721
  0.19588439  0.40105014 -0.32504684  0.20579545 -0.1245277  -0.63019539
  0.12065496  0.12663594 -0.46721525  0.22200121  0.26663417 -0.61898857
  0.00866972  0.39592176 -0.02219116  0.05468512 -0.5298429   0.49027908
  0.59575906  0.55216227  0.62305064  0.232411   -0.18574564  0.5677515
 -0.15650086  0.42820119 -0.62307259  0.13975572  0.33932907 -0.65974179
  0.02884864 -0.22588429  0.09325894 -0.29073439  0.25349397 -0.54161403
 -0.27003952 -0.82774052 -0.48988988 -0.23133737 -0.18882759]
740,[ 0.17263361  0.09365602 -0.02042205  0.11634543  0.35359519  0.10651689
 -0.06993295  0.67861539  0.38003296 -0.54323873 -0.04956026 -0.15083771
  0.19586491  0.40108726 -0.32504798  0.20582641 -0.12450809 -0.63018364
  0.12063409  0.12665801 -0.46721847  0.2219815   0.26662752 -0.6190196
  0.0086378   0.3959064  -0.02213384  0.05466596 -0.52986822  0.49033106
  0.59570905  0.55217578  0.62307363  0.23241196 -0.18572624  0.56775695
 -0.156522    0.4281872  -0.6230637   0.139733    0.33933416 -0.65970342
  0.02880444 -0.22588806  0.09323283 -0.2907421   0.25352191 -0.54155169
 -0.27007516 -0.82773619 -0.48990435 -0.23133197 -0.18883779]
741,[ 0.17267035  0.09367081 -0.02051618  0.11636577  0.35361618  0.10649438
 -0.06989996  0.67858022  0.37999664 -0.54322344 -0.04955494 -0.15079825
  0.19584545  0.40112433 -0.32504912  0.20585733 -0.1244885  -0.6301719
  0.12061325  0.12668006 -0.46722168  0.22196181  0.26662089 -0.61905059
  0.00860592  0.39589106 -0.02207659  0.05464682 -0.5298935   0.49038298
  0.5956591   0.55218928  0.62309659  0.23241291 -0.18570686  0.5677624
 -0.1565431   0.42817322 -0.62305482  0.1397103   0.33933925 -0.6596651
  0.02876029 -0.22589183  0.09320674 -0.29074979  0.25354981 -0.54148941
 -0.27011075 -0.82773188 -0.48991881 -0.23132658 -0.18884797]
742,[ 0.17270704  0.09368557 -0.02061021  0.11638608  0.35363715  0.1064719
 -0.06986701  0.67854508  0.37996035 -0.54320816 -0.04954962 -0.15075884
  0.19582601  0.40116136 -0.32505025  0.20588821 -0.12446893 -0.63016018
  0.12059243  0.12670208 -0.46722489  0.22194214  0.26661426 -0.61908155
  0.00857407  0.39587573 -0.0220194   0.0546277  -0.52991876  0.49043484
  0.5956092   0.55220276  0.62311953  0.23241387 -0.18568751  0.56776784
 -0.15656419  0.42815926 -0.62304595  0.13968762  0.33934434 -0.65962683
  0.02871619 -0.22589559  0.09318069 -0.29075748  0.25357769 -0.54142721
 -0.27014631 -0.82772757 -0.48993326 -0.23132119 -0.18885815]
743,[ 0.17274369  0.09370032 -0.02070414  0.11640636  0.3536581   0.10644944
 -0.06983409  0.67850999  0.37992411 -0.54319289 -0.0495443  -0.15071947
  0.1958066   0.40119835 -0.32505139  0.20591906 -0.12444938 -0.63014846
  0.12057163  0.12672408 -0.4672281   0.2219225   0.26660763 -0.61911247
  0.00854226  0.39586042 -0.02196227  0.0546086  -0.52994399  0.49048665
  0.59555936  0.55221623  0.62314244  0.23241482 -0.18566817  0.56777327
 -0.15658525  0.42814531 -0.62303709  0.13966497  0.33934942 -0.65958859
  0.02867214 -0.22589934  0.09315467 -0.29076516  0.25360553 -0.54136507
 -0.27018183 -0.82772326 -0.48994769 -0.23131581 -0.18886831]
744,[ 0.1727803   0.09371505 -0.02079796  0.11642663  0.35367902  0.10642701
 -0.06980121  0.67847493  0.37988791 -0.54317765 -0.049539   -0.15068015
  0.1957872   0.4012353  -0.32505252  0.20594988 -0.12442986 -0.63013676
  0.12055086  0.12674606 -0.46723131  0.22190287  0.26660102 -0.61914336
  0.00851049  0.39584513 -0.02190521  0.05458952 -0.52996919  0.49053839
  0.59550957  0.55222968  0.62316532  0.23241577 -0.18564886  0.5677787
 -0.15660629  0.42813138 -0.62302824  0.13964235  0.33935449 -0.6595504
  0.02862815 -0.22590309  0.09312867 -0.29077283  0.25363334 -0.54130301
 -0.27021731 -0.82771896 -0.4899621  -0.23131044 -0.18887846]
745,[ 0.17281687  0.09372977 -0.02089167  0.11644687  0.35369992  0.1064046
 -0.06976837  0.67843992  0.37985175 -0.54316242 -0.04953369 -0.15064087
  0.19576783  0.40127221 -0.32505366  0.20598066 -0.12441035 -0.63012508
  0.12053012  0.12676801 -0.46723451  0.22188327  0.26659441 -0.61917422
  0.00847875  0.39582985 -0.02184821  0.05457047 -0.52999436  0.49059008
  0.59545985  0.55224312  0.62318819  0.23241672 -0.18562957  0.56778412
 -0.1566273   0.42811747 -0.6230194   0.13961975  0.33935956 -0.65951225
  0.0285842  -0.22590684  0.0931027  -0.2907805   0.25366112 -0.54124101
 -0.27025274 -0.82771466 -0.48997649 -0.23130507 -0.1888886 ]
746,[ 0.1728534   0.09374447 -0.02098528  0.11646708  0.35372079  0.10638222
 -0.06973556  0.67840494  0.37981563 -0.54314721 -0.0495284  -0.15060163
  0.19574848  0.40130908 -0.32505479  0.2060114  -0.12439087 -0.63011341
  0.12050939  0.12678994 -0.4672377   0.22186369  0.26658781 -0.61920504
  0.00844705  0.39581459 -0.02179128  0.05455144 -0.53001951  0.49064171
  0.59541017  0.55225655  0.62321102  0.23241767 -0.1856103   0.56778953
 -0.15664829  0.42810357 -0.62301056  0.13959718  0.33936462 -0.65947415
  0.0285403  -0.22591058  0.09307677 -0.29078815  0.25368887 -0.54117908
 -0.27028814 -0.82771037 -0.48999087 -0.23129971 -0.18889872]
747,[ 0.17288989  0.09375915 -0.02107878  0.11648728  0.35374164  0.10635986
 -0.06970279  0.67837001  0.37977956 -0.54313201 -0.04952311 -0.15056244
  0.19572915  0.4013459  -0.32505592  0.20604211 -0.12437141 -0.63010175
  0.12048869  0.12681184 -0.46724089  0.22184414  0.26658121 -0.61923583
  0.00841538  0.39579935 -0.02173441  0.05453242 -0.53004462  0.49069328
  0.59536056  0.55226995  0.62323383  0.23241861 -0.18559105  0.56779494
 -0.15666926  0.42808969 -0.62300174  0.13957463  0.33936968 -0.65943609
  0.02849645 -0.22591432  0.09305086 -0.2907958   0.25371658 -0.54111723
 -0.2703235  -0.82770609 -0.49000524 -0.23129435 -0.18890884]
748,[ 0.17292634  0.09377382 -0.02117218  0.11650745  0.35376247  0.10633753
 -0.06967006  0.67833511  0.37974352 -0.54311683 -0.04951782 -0.15052329
  0.19570984  0.40138268 -0.32505705  0.20607279 -0.12435198 -0.6300901
  0.12046801  0.12683371 -0.46724408  0.2218246   0.26657463 -0.61926658
  0.00838375  0.39578413 -0.02167761  0.05451343 -0.53006971  0.49074479
  0.59531099  0.55228335  0.62325661  0.23241956 -0.18557183  0.56780034
 -0.1566902   0.42807582 -0.62299293  0.13955211  0.33937473 -0.65939807
  0.02845265 -0.22591806  0.09302498 -0.29080344  0.25374427 -0.54105544
 -0.27035882 -0.8277018  -0.49001958 -0.231289   -0.18891894]
749,[ 0.17296274  0.09378847 -0.02126547  0.1165276   0.35378328  0.10631523
 -0.06963736  0.67830025  0.37970752 -0.54310167 -0.04951255 -0.15048419
  0.19569056  0.40141943 -0.32505817  0.20610343 -0.12433256 -0.63007847
  0.12044736  0.12685556 -0.46724727  0.22180509  0.26656805 -0.61929729
  0.00835215  0.39576892 -0.02162087  0.05449446 -0.53009477  0.49079625
  0.59526149  0.55229672  0.62327937  0.2324205  -0.18555262  0.56780574
 -0.15671112  0.42806197 -0.62298413  0.13952961  0.33937977 -0.65936009
  0.02840889 -0.22592179  0.09299913 -0.29081106  0.25377192 -0.54099373
 -0.27039409 -0.82769753 -0.49003392 -0.23128366 -0.18892904]
750,[ 0.17299911  0.0938031  -0.02135865  0.11654773  0.35380406  0.10629294
 -0.0696047   0.67826543  0.37967156 -0.54308653 -0.04950727 -0.15044513
  0.19567129  0.40145613 -0.3250593   0.20613404 -0.12431317 -0.63006685
  0.12042672  0.12687739 -0.46725045  0.22178559  0.26656148 -0.61932797
  0.00832059  0.39575373 -0.02156419  0.05447552 -0.5301198   0.49084765
  0.59521204  0.55231009  0.6233021   0.23242145 -0.18553344  0.56781113
 -0.15673202  0.42804813 -0.62297534  0.13950714  0.33938481 -0.65932216
  0.02836519 -0.22592551  0.09297331 -0.29081868  0.25379955 -0.54093208
 -0.27042933 -0.82769326 -0.49004823 -0.23127832 -0.18893912]
751,[ 0.17303543  0.09381772 -0.02145174  0.11656783  0.35382482  0.10627069
 -0.06957208  0.67823065  0.37963565 -0.5430714  -0.04950201 -0.15040611
  0.19565205  0.40149278 -0.32506043  0.20616461 -0.1242938  -0.63005524
  0.12040612  0.12689919 -0.46725363  0.22176613  0.26655491 -0.61935862
  0.00828907  0.39573856 -0.02150758  0.05445659 -0.5301448   0.49089899
  0.59516265  0.55232343  0.62332481  0.23242239 -0.18551428  0.56781651
 -0.15675289  0.42803431 -0.62296656  0.13948469  0.33938984 -0.65928427
  0.02832154 -0.22592923  0.09294752 -0.2908263   0.25382714 -0.5408705
 -0.27046453 -0.82768899 -0.49006253 -0.23127299 -0.18894919]
752,[ 0.17307171  0.09383232 -0.02154471  0.11658791  0.35384555  0.10624846
 -0.0695395   0.67819591  0.37959977 -0.54305629 -0.04949675 -0.15036714
  0.19563283  0.4015294  -0.32506155  0.20619515 -0.12427445 -0.63004365
  0.12038553  0.12692097 -0.46725681  0.22174668  0.26654836 -0.61938923
  0.00825758  0.3957234  -0.02145103  0.05443768 -0.53016978  0.49095027
  0.59511331  0.55233677  0.62334749  0.23242333 -0.18549514  0.56782189
 -0.15677374  0.42802051 -0.62295779  0.13946227  0.33939487 -0.65924642
  0.02827793 -0.22593295  0.09292176 -0.2908339   0.2538547  -0.54080899
 -0.27049969 -0.82768473 -0.49007681 -0.23126766 -0.18895925]
753,[ 0.17310795  0.09384691 -0.02163758  0.11660797  0.35386626  0.10622625
 -0.06950695  0.67816121  0.37956394 -0.5430412  -0.04949149 -0.15032821
  0.19561363  0.40156598 -0.32506267  0.20622565 -0.12425512 -0.63003207
  0.12036497  0.12694273 -0.46725998  0.22172725  0.26654181 -0.61941981
  0.00822612  0.39570826 -0.02139455  0.0544188  -0.53019473  0.49100149
  0.59506403  0.55235008  0.62337014  0.23242427 -0.18547602  0.56782726
 -0.15679456  0.42800672 -0.62294902  0.13943987  0.33939989 -0.65920862
  0.02823438 -0.22593667  0.09289602 -0.29084149  0.25388223 -0.54074755
 -0.27053481 -0.82768047 -0.49009108 -0.23126234 -0.1889693 ]
754,[ 0.17314415  0.09386147 -0.02173035  0.11662801  0.35388695  0.10620407
 -0.06947444  0.67812655  0.37952814 -0.54302613 -0.04948624 -0.15028933
  0.19559445  0.40160251 -0.32506379  0.20625612 -0.12423581 -0.6300205
  0.12034443  0.12696445 -0.46726314  0.22170785  0.26653527 -0.61945036
  0.0081947   0.39569314 -0.02133812  0.05439994 -0.53021964  0.49105266
  0.5950148   0.55236338  0.62339277  0.23242521 -0.18545692  0.56783263
 -0.15681536  0.42799295 -0.62294027  0.1394175   0.33940491 -0.65917085
  0.02819087 -0.22594038  0.09287032 -0.29084908  0.25390973 -0.54068618
 -0.27056989 -0.82767621 -0.49010533 -0.23125702 -0.18897933]
755,[ 0.17318031  0.09387602 -0.02182301  0.11664802  0.35390761  0.10618192
 -0.06944196  0.67809193  0.37949239 -0.54301107 -0.049481   -0.15025049
  0.1955753   0.40163901 -0.32506492  0.20628656 -0.12421653 -0.63000894
  0.12032391  0.12698616 -0.46726631  0.22168847  0.26652873 -0.61948087
  0.00816332  0.39567804 -0.02128177  0.0543811  -0.53024453  0.49110377
  0.59496563  0.55237667  0.62341538  0.23242615 -0.18543785  0.56783799
 -0.15683614  0.42797919 -0.62293153  0.13939516  0.33940992 -0.65913313
  0.02814742 -0.22594408  0.09284464 -0.29085666  0.2539372  -0.54062488
 -0.27060493 -0.82767197 -0.49011956 -0.23125172 -0.18898936]
756,[ 0.17321643  0.09389056 -0.02191557  0.11666801  0.35392825  0.10615979
 -0.06940952  0.67805735  0.37945668 -0.54299603 -0.04947576 -0.15021169
  0.19555616  0.40167546 -0.32506603  0.20631696 -0.12419727 -0.6299974
  0.12030342  0.12700784 -0.46726947  0.22166911  0.26652221 -0.61951134
  0.00813197  0.39566295 -0.02122547  0.05436228 -0.5302694   0.49115482
  0.59491651  0.55238994  0.62343795  0.23242709 -0.18541879  0.56784334
 -0.1568569   0.42796544 -0.6229228   0.13937284  0.33941492 -0.65909545
  0.02810401 -0.22594778  0.092819   -0.29086423  0.25396464 -0.54056365
 -0.27063993 -0.82766772 -0.49013378 -0.23124641 -0.18899937]
757,[ 0.17325251  0.09390508 -0.02200803  0.11668798  0.35394887  0.10613768
 -0.06937712  0.6780228   0.379421   -0.542981   -0.04947053 -0.15017294
  0.19553705  0.40171187 -0.32506715  0.20634732 -0.12417803 -0.62998587
  0.12028295  0.12702949 -0.46727263  0.22164977  0.26651569 -0.61954178
  0.00810066  0.39564788 -0.02116924  0.05434348 -0.53029423  0.49120581
  0.59486745  0.5524032   0.62346051  0.23242803 -0.18539976  0.56784869
 -0.15687763  0.42795172 -0.62291408  0.13935054  0.33941992 -0.65905782
  0.02806065 -0.22595148  0.09279338 -0.29087179  0.25399204 -0.54050249
 -0.27067489 -0.82766348 -0.49014798 -0.23124112 -0.18900937]
758,[ 0.17328855  0.09391958 -0.02210038  0.11670793  0.35396947  0.1061156
 -0.06934476  0.67798829  0.37938537 -0.54296599 -0.04946531 -0.15013423
  0.19551796  0.40174824 -0.32506827  0.20637766 -0.12415881 -0.62997436
  0.12026251  0.12705112 -0.46727578  0.22163045  0.26650917 -0.61957219
  0.00806938  0.39563282 -0.02111307  0.0543247  -0.53031904  0.49125675
  0.59481845  0.55241644  0.62348303  0.23242896 -0.18538075  0.56785403
 -0.15689834  0.42793801 -0.62290536  0.13932827  0.33942491 -0.65902023
  0.02801734 -0.22595517  0.09276779 -0.29087934  0.25401942 -0.54044139
 -0.27070981 -0.82765925 -0.49016217 -0.23123583 -0.18901937]
759,[ 0.17332455  0.09393407 -0.02219262  0.11672785  0.35399004  0.10609354
 -0.06931243  0.67795383  0.37934977 -0.542951   -0.04946009 -0.15009557
  0.19549889  0.40178457 -0.32506938  0.20640796 -0.12413961 -0.62996286
  0.12024208  0.12707273 -0.46727893  0.22161116  0.26650267 -0.61960256
  0.00803814  0.39561779 -0.02105697  0.05430594 -0.53034382  0.49130763
  0.5947695   0.55242967  0.62350554  0.2324299  -0.18536176  0.56785937
 -0.15691902  0.42792431 -0.62289666  0.13930603  0.3394299  -0.65898267
  0.02797408 -0.22595886  0.09274223 -0.29088688  0.25404676 -0.54038037
 -0.2707447  -0.82765502 -0.49017634 -0.23123054 -0.18902935]
760,[ 0.1733605   0.09394854 -0.02228477  0.11674775  0.35401059  0.10607151
 -0.06928013  0.6779194   0.37931422 -0.54293603 -0.04945488 -0.15005694
  0.19547984  0.40182086 -0.3250705   0.20643822 -0.12412043 -0.62995137
  0.12022168  0.12709431 -0.46728208  0.22159188  0.26649617 -0.6196329
  0.00800693  0.39560277 -0.02100093  0.05428721 -0.53036857  0.49135845
  0.5947206   0.55244288  0.62352801  0.23243083 -0.1853428   0.5678647
 -0.15693968  0.42791063 -0.62288797  0.13928381  0.33943489 -0.65894517
  0.02793086 -0.22596254  0.0927167  -0.29089442  0.25407408 -0.54031941
 -0.27077954 -0.8276508  -0.4901905  -0.23122526 -0.18903931]
761,[ 0.17339642  0.09396299 -0.02237681  0.11676763  0.35403111  0.10604951
 -0.06924788  0.67788501  0.37927871 -0.54292107 -0.04944967 -0.15001836
  0.19546082  0.40185711 -0.32507161  0.20646845 -0.12410128 -0.62993989
  0.1202013   0.12711587 -0.46728522  0.22157263  0.26648968 -0.6196632
  0.00797576  0.39558777 -0.02094495  0.05426849 -0.53039329  0.49140921
  0.59467176  0.55245608  0.62355047  0.23243176 -0.18532385  0.56787002
 -0.15696032  0.42789696 -0.62287929  0.13926161  0.33943986 -0.6589077
  0.0278877  -0.22596623  0.09269119 -0.29090194  0.25410136 -0.54025853
 -0.27081434 -0.82764658 -0.49020463 -0.23121999 -0.18904927]
762,[ 0.17343229  0.09397743 -0.02246874  0.11678749  0.35405161  0.10602752
 -0.06921566  0.67785066  0.37924323 -0.54290613 -0.04944447 -0.14997983
  0.19544181  0.40189332 -0.32507272  0.20649865 -0.12408215 -0.62992842
  0.12018095  0.12713741 -0.46728836  0.2215534   0.2664832  -0.61969347
  0.00794463  0.39557278 -0.02088903  0.0542498  -0.53041799  0.49145992
  0.59462297  0.55246927  0.62357289  0.2324327  -0.18530492  0.56787534
 -0.15698094  0.42788331 -0.62287061  0.13923944  0.33944483 -0.65887028
  0.02784458 -0.2259699   0.09266572 -0.29090946  0.25412861 -0.54019771
 -0.27084911 -0.82764236 -0.49021876 -0.23121472 -0.18905922]
763,[ 0.17346813  0.09399185 -0.02256057  0.11680732  0.35407209  0.10600557
 -0.06918347  0.67781635  0.3792078  -0.54289121 -0.04943927 -0.14994134
  0.19542283  0.40192948 -0.32507383  0.20652881 -0.12406304 -0.62991697
  0.12016062  0.12715892 -0.46729149  0.22153419  0.26647672 -0.61972371
  0.00791352  0.39555781 -0.02083318  0.05423113 -0.53044265  0.49151057
  0.59457424  0.55248243  0.62359529  0.23243363 -0.18528602  0.56788065
 -0.15700153  0.42786968 -0.62286195  0.1392173   0.3394498  -0.65883289
  0.02780152 -0.22597357  0.09264028 -0.29091697  0.25415583 -0.54013696
 -0.27088384 -0.82763815 -0.49023286 -0.23120946 -0.18906915]
764,[ 0.17350393  0.09400625 -0.0226523   0.11682714  0.35409255  0.10598363
 -0.06915133  0.67778207  0.37917241 -0.5428763  -0.04943408 -0.14990289
  0.19540386  0.40196561 -0.32507494  0.20655894 -0.12404395 -0.62990554
  0.12014031  0.1271804  -0.46729463  0.22151501  0.26647026 -0.61975391
  0.00788246  0.39554286 -0.02077739  0.05421248 -0.53046729  0.49156116
  0.59452557  0.55249559  0.62361767  0.23243455 -0.18526714  0.56788596
 -0.1570221   0.42785606 -0.62285329  0.13919518  0.33945476 -0.65879555
  0.0277585  -0.22597724  0.09261486 -0.29092447  0.25418302 -0.54007627
 -0.27091852 -0.82763395 -0.49024695 -0.23120421 -0.18907908]
765,[ 0.17353968  0.09402064 -0.02274393  0.11684693  0.35411298  0.10596173
 -0.06911922  0.67774784  0.37913705 -0.54286141 -0.0494289  -0.14986448
  0.19538492  0.40200169 -0.32507605  0.20658903 -0.12402488 -0.62989411
  0.12012002  0.12720186 -0.46729776  0.22149584  0.26646379 -0.61978408
  0.00785143  0.39552792 -0.02072167  0.05419385 -0.5304919   0.4916117
  0.59447695  0.55250872  0.62364002  0.23243548 -0.18524828  0.56789126
 -0.15704264  0.42784246 -0.62284465  0.13917308  0.33945971 -0.65875826
  0.02771553 -0.22598091  0.09258947 -0.29093196  0.25421018 -0.54001566
 -0.27095317 -0.82762975 -0.49026103 -0.23119896 -0.18908899]
766,[ 0.17357539  0.09403501 -0.02283545  0.11686669  0.35413339  0.10593984
 -0.06908714  0.67771364  0.37910174 -0.54284654 -0.04942372 -0.14982612
  0.195366    0.40203774 -0.32507715  0.20661909 -0.12400583 -0.6298827
  0.12009976  0.1272233  -0.46730088  0.2214767   0.26645734 -0.61981421
  0.00782043  0.395513   -0.020666    0.05417524 -0.53051649  0.49166218
  0.59442838  0.55252185  0.62366235  0.23243641 -0.18522944  0.56789655
 -0.15706317  0.42782887 -0.62283602  0.13915101  0.33946466 -0.658721
  0.02767261 -0.22598456  0.09256411 -0.29093945  0.25423731 -0.53995511
 -0.27098778 -0.82762555 -0.49027509 -0.23119372 -0.18909889]
767,[ 0.17361107  0.09404937 -0.02292687  0.11688644  0.35415378  0.10591799
 -0.0690551   0.67767948  0.37906646 -0.54283168 -0.04941855 -0.1497878
  0.1953471   0.40207374 -0.32507826  0.20664912 -0.12398681 -0.6298713
  0.12007952  0.12724471 -0.467304    0.22145758  0.26645089 -0.61984431
  0.00778947  0.3954981  -0.0206104   0.05415665 -0.53054104  0.4917126
  0.59437987  0.55253496  0.62368465  0.23243734 -0.18521062  0.56790184
 -0.15708367  0.42781529 -0.62282739  0.13912897  0.3394696  -0.65868379
  0.02762973 -0.22598822  0.09253878 -0.29094692  0.25426441 -0.53989464
 -0.27102235 -0.82762136 -0.49028913 -0.23118848 -0.18910878]
768,[ 0.1736467   0.09406371 -0.02301818  0.11690616  0.35417414  0.10589615
 -0.0690231   0.67764537  0.37903123 -0.54281685 -0.04941338 -0.14974953
  0.19532823  0.4021097  -0.32507936  0.20667911 -0.1239678  -0.62985991
  0.1200593   0.1272661  -0.46730712  0.22143848  0.26644445 -0.61987438
  0.00775854  0.39548322 -0.02055486  0.05413808 -0.53056557  0.49176296
  0.59433142  0.55254805  0.62370692  0.23243826 -0.18519182  0.56790712
 -0.15710414  0.42780173 -0.62281878  0.13910695  0.33947454 -0.65864662
  0.02758691 -0.22599187  0.09251348 -0.29095439  0.25429148 -0.53983423
 -0.27105688 -0.82761717 -0.49030316 -0.23118325 -0.18911866]
769,[ 0.1736823   0.09407803 -0.02310939  0.11692586  0.35419448  0.10587434
 -0.06899113  0.67761128  0.37899604 -0.54280202 -0.04940822 -0.1497113
  0.19530937  0.40214563 -0.32508047  0.20670907 -0.12394882 -0.62984854
  0.12003911  0.12728747 -0.46731024  0.2214194   0.26643802 -0.61990441
  0.00772765  0.39546835 -0.02049939  0.05411953 -0.53059007  0.49181327
  0.59428301  0.55256113  0.62372917  0.23243919 -0.18517304  0.56791239
 -0.15712459  0.42778819 -0.62281017  0.13908495  0.33947947 -0.65860949
  0.02754413 -0.22599552  0.09248821 -0.29096185  0.25431852 -0.53977389
 -0.27109137 -0.82761299 -0.49031717 -0.23117802 -0.18912853]
770,[ 0.17371785  0.09409234 -0.0232005   0.11694554  0.3542148   0.10585256
 -0.0689592   0.67757724  0.37896088 -0.54278722 -0.04940307 -0.14967311
  0.19529054  0.40218151 -0.32508157  0.20673899 -0.12392986 -0.62983718
  0.12001894  0.12730881 -0.46731335  0.22140034  0.2664316  -0.61993441
  0.00769679  0.3954535  -0.02044397  0.05410101 -0.53061455  0.49186352
  0.59423467  0.5525742   0.6237514   0.23244011 -0.18515429  0.56791766
 -0.15714502  0.42777466 -0.62280158  0.13906298  0.3394844  -0.6585724
  0.0275014  -0.22599916  0.09246296 -0.2909693   0.25434553 -0.53971361
 -0.27112582 -0.82760882 -0.49033117 -0.2311728  -0.18913839]
771,[ 0.17375336  0.09410663 -0.02329151  0.1169652   0.35423509  0.1058308
 -0.06892731  0.67754324  0.37892576 -0.54277243 -0.04939792 -0.14963496
  0.19527172  0.40221735 -0.32508267  0.20676889 -0.12391092 -0.62982583
  0.11999879  0.12733012 -0.46731645  0.22138131  0.26642518 -0.61996437
  0.00766597  0.39543866 -0.02038862  0.0540825  -0.53063899  0.49191372
  0.59418637  0.55258725  0.6237736   0.23244103 -0.18513555  0.56792293
 -0.15716543  0.42776115 -0.62279299  0.13904103  0.33948932 -0.65853535
  0.02745872 -0.2260028   0.09243774 -0.29097674  0.25437251 -0.53965341
 -0.27116024 -0.82760464 -0.49034515 -0.23116759 -0.18914823]
772,[ 0.17378884  0.09412091 -0.02338242  0.11698483  0.35425537  0.10580906
 -0.06889545  0.67750927  0.37889069 -0.54275765 -0.04939278 -0.14959686
  0.19525293  0.40225315 -0.32508377  0.20679874 -0.123892   -0.62981449
  0.11997866  0.12735142 -0.46731956  0.22136229  0.26641877 -0.6199943
  0.00763518  0.39542385 -0.02033333  0.05406402 -0.53066341  0.49196386
  0.59413813  0.55260028  0.62379577  0.23244195 -0.18511684  0.56792819
 -0.15718582  0.42774765 -0.62278441  0.13901911  0.33949424 -0.65849835
  0.02741609 -0.22600644  0.09241256 -0.29098417  0.25439945 -0.53959327
 -0.27119461 -0.82760048 -0.49035911 -0.23116238 -0.18915807]
773,[ 0.17382427  0.09413517 -0.02347322  0.11700444  0.35427562  0.10578735
 -0.06886362  0.67747534  0.37885565 -0.5427429  -0.04938764 -0.1495588
  0.19523416  0.40228891 -0.32508487  0.20682857 -0.1238731  -0.62980317
  0.11995856  0.12737268 -0.46732266  0.2213433   0.26641237 -0.6200242
  0.00760443  0.39540904 -0.02027811  0.05404556 -0.5306878   0.49201394
  0.59408995  0.5526133   0.62381792  0.23244287 -0.18509815  0.56793344
 -0.15720618  0.42773417 -0.62277585  0.13899722  0.33949915 -0.65846138
  0.02737351 -0.22601007  0.0923874  -0.2909916   0.25442637 -0.5395332
 -0.27122895 -0.82759631 -0.49037306 -0.23115718 -0.18916789]
774,[ 0.17385967  0.09414941 -0.02356392  0.11702403  0.35429584  0.10576567
 -0.06883184  0.67744146  0.37882065 -0.54272816 -0.04938251 -0.14952078
  0.19521541  0.40232463 -0.32508596  0.20685836 -0.12385423 -0.62979186
  0.11993848  0.12739393 -0.46732576  0.22132433  0.26640597 -0.62005406
  0.00757371  0.39539426 -0.02022294  0.05402711 -0.53071217  0.49206397
  0.59404182  0.55262631  0.62384005  0.23244379 -0.18507948  0.56793869
 -0.15722652  0.42772071 -0.62276729  0.13897534  0.33950405 -0.65842446
  0.02733097 -0.22601369  0.09236226 -0.29099902  0.25445326 -0.5394732
 -0.27126325 -0.82759215 -0.49038699 -0.23115198 -0.1891777 ]
775,[ 0.17389502  0.09416364 -0.02365452  0.1170436   0.35431605  0.105744
 -0.06880008  0.6774076   0.3787857  -0.54271344 -0.04937738 -0.1494828
  0.19519668  0.40236032 -0.32508706  0.20688811 -0.12383537 -0.62978056
  0.11991842  0.12741515 -0.46732885  0.22130538  0.26639958 -0.62008389
  0.00754303  0.39537949 -0.02016784  0.05400869 -0.5307365   0.49211394
  0.59399374  0.5526393   0.62386215  0.23244471 -0.18506083  0.56794393
 -0.15724683  0.42770725 -0.62275874  0.1389535   0.33950895 -0.65838758
  0.02728848 -0.22601732  0.09233716 -0.29100643  0.25448011 -0.53941326
 -0.27129751 -0.827588   -0.49040091 -0.23114679 -0.18918751]
776,[ 0.17393034  0.09417785 -0.02374501  0.11706315  0.35433623  0.10572237
 -0.06876837  0.67737379  0.37875078 -0.54269873 -0.04937226 -0.14944487
  0.19517797  0.40239596 -0.32508815  0.20691784 -0.12381654 -0.62976928
  0.11989838  0.12743635 -0.46733194  0.22128645  0.2663932  -0.62011369
  0.00751238  0.39536474 -0.0201128   0.05399029 -0.53076081  0.49216385
  0.59394572  0.55265227  0.62388422  0.23244563 -0.1850422   0.56794916
 -0.15726712  0.42769382 -0.62275021  0.13893167  0.33951384 -0.65835074
  0.02724604 -0.22602094  0.09231209 -0.29101383  0.25450694 -0.53935339
 -0.27133173 -0.82758385 -0.49041481 -0.23114161 -0.1891973 ]
777,[ 0.17396561  0.09419204 -0.02383541  0.11708267  0.35435639  0.10570075
 -0.06873669  0.67734002  0.3787159  -0.54268404 -0.04936715 -0.14940698
  0.19515929  0.40243156 -0.32508924  0.20694753 -0.12379773 -0.62975801
  0.11987837  0.12745752 -0.46733503  0.22126754  0.26638683 -0.62014345
  0.00748176  0.39535001 -0.02005782  0.05397191 -0.53078509  0.49221371
  0.59389776  0.55266524  0.62390627  0.23244654 -0.18502359  0.56795439
 -0.15728739  0.4276804  -0.62274168  0.13890988  0.33951873 -0.65831395
  0.02720365 -0.22602455  0.09228704 -0.29102122  0.25453373 -0.53929359
 -0.27136591 -0.82757971 -0.4904287  -0.23113643 -0.18920708]
778,[ 0.17400084  0.09420622 -0.0239257   0.11710217  0.35437652  0.10567916
 -0.06870504  0.67730628  0.37868106 -0.54266937 -0.04936204 -0.14936914
  0.19514062  0.40246712 -0.32509034  0.20697718 -0.12377894 -0.62974675
  0.11985838  0.12747867 -0.46733811  0.22124866  0.26638046 -0.62017318
  0.00745118  0.39533529 -0.02000291  0.05395355 -0.53080935  0.49226351
  0.59384984  0.55267818  0.6239283   0.23244746 -0.185005    0.56795961
 -0.15730764  0.42766699 -0.62273316  0.1388881   0.33952361 -0.65827719
  0.0271613  -0.22602816  0.09226202 -0.2910286   0.2545605  -0.53923386
 -0.27140006 -0.82757557 -0.49044257 -0.23113126 -0.18921684]
779,[ 0.17403604  0.09422039 -0.02401589  0.11712165  0.35439663  0.1056576
 -0.06867344  0.67727258  0.37864626 -0.54265471 -0.04935694 -0.14933133
  0.19512198  0.40250264 -0.32509143  0.20700681 -0.12376017 -0.6297355
  0.11983841  0.12749979 -0.46734119  0.22122979  0.2663741  -0.62020287
  0.00742064  0.39532059 -0.01994805  0.05393521 -0.53083357  0.49231325
  0.59380198  0.55269112  0.6239503   0.23244837 -0.18498644  0.56796483
 -0.15732786  0.4276536  -0.62272465  0.13886635  0.33952849 -0.65824048
  0.02711901 -0.22603177  0.09223703 -0.29103598  0.25458723 -0.5391742
 -0.27143416 -0.82757143 -0.49045642 -0.23112609 -0.1892266 ]
780,[ 0.1740712   0.09423453 -0.02410598  0.11714111  0.35441672  0.10563606
 -0.06864186  0.67723892  0.3786115  -0.54264007 -0.04935184 -0.14929357
  0.19510335  0.40253812 -0.32509251  0.2070364  -0.12374142 -0.62972427
  0.11981846  0.1275209  -0.46734427  0.22121095  0.26636775 -0.62023253
  0.00739012  0.3953059  -0.01989326  0.0539169  -0.53085777  0.49236294
  0.59375418  0.55270404  0.62397228  0.23244928 -0.18496789  0.56797004
 -0.15734807  0.42764022 -0.62271615  0.13884463  0.33953336 -0.6582038
  0.02707676 -0.22603537  0.09221207 -0.29104334  0.25461394 -0.5391146
 -0.27146823 -0.8275673  -0.49047026 -0.23112093 -0.18923635]
781,[ 0.17410631  0.09424866 -0.02419597  0.11716055  0.35443679  0.10561454
 -0.06861032  0.6772053   0.37857678 -0.54262545 -0.04934675 -0.14925585
  0.19508475  0.40257356 -0.3250936   0.20706595 -0.12372269 -0.62971305
  0.11979854  0.12754197 -0.46734734  0.22119212  0.2663614  -0.62026216
  0.00735965  0.39529123 -0.01983853  0.0538986  -0.53088194  0.49241258
  0.59370642  0.55271694  0.62399423  0.23245019 -0.18494937  0.56797524
 -0.15736824  0.42762686 -0.62270766  0.13882293  0.33953823 -0.65816717
  0.02703455 -0.22603897  0.09218713 -0.2910507   0.25464061 -0.53905507
 -0.27150226 -0.82756318 -0.49048409 -0.23111578 -0.18924608]
782,[ 0.17414139  0.09426278 -0.02428586  0.11717996  0.35445684  0.10559305
 -0.06857882  0.67717171  0.37854209 -0.54261084 -0.04934166 -0.14921818
  0.19506617  0.40260896 -0.32509469  0.20709548 -0.12370398 -0.62970184
  0.11977864  0.12756303 -0.46735041  0.22117332  0.26635506 -0.62029176
  0.0073292   0.39527658 -0.01978386  0.05388032 -0.53090609  0.49246215
  0.59365873  0.55272983  0.62401615  0.2324511  -0.18493086  0.56798044
 -0.1573884   0.42761352 -0.62269918  0.13880125  0.33954309 -0.65813058
  0.0269924  -0.22604256  0.09216223 -0.29105805  0.25466726 -0.5389956
 -0.27153625 -0.82755906 -0.49049789 -0.23111063 -0.18925581]
783,[ 0.17417642  0.09427688 -0.02437564  0.11719935  0.35447686  0.10557158
 -0.06854736  0.67713816  0.37850745 -0.54259625 -0.04933658 -0.14918054
  0.19504761  0.40264432 -0.32509577  0.20712497 -0.1236853  -0.62969064
  0.11975876  0.12758406 -0.46735348  0.22115454  0.26634873 -0.62032132
  0.0072988   0.39526195 -0.01972925  0.05386207 -0.53093021  0.49251167
  0.59361108  0.5527427   0.62403806  0.23245201 -0.18491238  0.56798564
 -0.15740853  0.42760019 -0.62269071  0.1387796   0.33954794 -0.65809403
  0.02695029 -0.22604615  0.09213735 -0.29106539  0.25469387 -0.53893621
 -0.2715702  -0.82755494 -0.49051169 -0.23110548 -0.18926552]
784,[ 0.17421142  0.09429096 -0.02446532  0.11721872  0.35449686  0.10555014
 -0.06851592  0.67710465  0.37847284 -0.54258168 -0.04933151 -0.14914295
  0.19502907  0.40267964 -0.32509686  0.20715442 -0.12366663 -0.62967946
  0.1197389   0.12760506 -0.46735654  0.22113578  0.26634241 -0.62035085
  0.00726842  0.39524733 -0.01967471  0.05384383 -0.5309543   0.49256114
  0.59356349  0.55275556  0.62405993  0.23245292 -0.18489392  0.56799082
 -0.15742864  0.42758687 -0.62268225  0.13875797  0.33955279 -0.65805753
  0.02690823 -0.22604974  0.0921125  -0.29107273  0.25472046 -0.53887688
 -0.27160411 -0.82755083 -0.49052546 -0.23110035 -0.18927523]
785,[ 0.17424638  0.09430503 -0.02455491  0.11723807  0.35451684  0.10552872
 -0.06848453  0.67707118  0.37843828 -0.54256712 -0.04932644 -0.1491054
  0.19501055  0.40271492 -0.32509794  0.20718385 -0.12364799 -0.62966829
  0.11971907  0.12762605 -0.4673596   0.22111705  0.26633609 -0.62038034
  0.00723808  0.39523272 -0.01962022  0.05382561 -0.53097836  0.49261055
  0.59351595  0.55276841  0.62408179  0.23245383 -0.18487548  0.56799601
 -0.15744873  0.42757357 -0.6226738   0.13873637  0.33955764 -0.65802106
  0.02686622 -0.22605332  0.09208768 -0.29108005  0.25474701 -0.53881761
 -0.27163799 -0.82754672 -0.49053922 -0.23109521 -0.18928492]
786,[ 0.1742813   0.09431908 -0.02464439  0.1172574   0.35453679  0.10550733
 -0.06845317  0.67703775  0.37840375 -0.54255258 -0.04932138 -0.14906789
  0.19499205  0.40275016 -0.32509902  0.20721324 -0.12362937 -0.62965713
  0.11969926  0.12764701 -0.46736265  0.22109833  0.26632978 -0.62040981
  0.00720777  0.39521814 -0.0195658   0.05380742 -0.5310024   0.4926599
  0.59346847  0.55278124  0.62410361  0.23245474 -0.18485706  0.56800118
 -0.1574688   0.42756028 -0.62266536  0.13871479  0.33956247 -0.65798463
  0.02682425 -0.2260569   0.09206288 -0.29108737  0.25477354 -0.53875842
 -0.27167183 -0.82754262 -0.49055297 -0.23109009 -0.1892946 ]
787,[ 0.17431618  0.09433312 -0.02473377  0.1172767   0.35455673  0.10548596
 -0.06842184  0.67700435  0.37836926 -0.54253805 -0.04931632 -0.14903043
  0.19497357  0.40278536 -0.3251001   0.2072426  -0.12361077 -0.62964599
  0.11967947  0.12766794 -0.4673657   0.22107963  0.26632348 -0.62043924
  0.0071775   0.39520357 -0.01951144  0.05378925 -0.53102641  0.4927092
  0.59342104  0.55279406  0.62412542  0.23245564 -0.18483866  0.56800635
 -0.15748884  0.42754701 -0.62265693  0.13869324  0.33956731 -0.65794825
  0.02678234 -0.22606047  0.09203812 -0.29109468  0.25480004 -0.53869929
 -0.27170563 -0.82753852 -0.4905667  -0.23108497 -0.18930427]
788,[ 0.17435102  0.09434714 -0.02482305  0.11729599  0.35457664  0.10546461
 -0.06839055  0.67697099  0.37833481 -0.54252354 -0.04931127 -0.14899301
  0.19495512  0.40282052 -0.32510118  0.20727192 -0.12359219 -0.62963485
  0.1196597   0.12768885 -0.46736875  0.22106096  0.26631718 -0.62046863
  0.00714727  0.39518902 -0.01945714  0.05377109 -0.53105039  0.49275845
  0.59337366  0.55280686  0.6241472   0.23245655 -0.18482028  0.56801152
 -0.15750886  0.42753376 -0.6226485   0.13867171  0.33957213 -0.65791191
  0.02674046 -0.22606404  0.09201338 -0.29110198  0.2548265  -0.53864022
 -0.27173939 -0.82753443 -0.49058042 -0.23107985 -0.18931393]
789,[ 0.17438582  0.09436114 -0.02491223  0.11731525  0.35459652  0.10544328
 -0.0683593   0.67693767  0.3783004  -0.54250905 -0.04930622 -0.14895563
  0.19493668  0.40285565 -0.32510226  0.20730121 -0.12357363 -0.62962373
  0.11963996  0.12770974 -0.4673718   0.22104231  0.26631089 -0.62049799
  0.00711706  0.39517448 -0.0194029   0.05375296 -0.53107434  0.49280763
  0.59332634  0.55281965  0.62416895  0.23245745 -0.18480192  0.56801667
 -0.15752886  0.42752051 -0.62264009  0.1386502   0.33957696 -0.6578756
  0.02669864 -0.22606761  0.09198867 -0.29110927  0.25485294 -0.53858123
 -0.27177311 -0.82753034 -0.49059412 -0.23107474 -0.18932358]
790,[ 0.17442058  0.09437513 -0.02500131  0.11733449  0.35461639  0.10542199
 -0.06832808  0.67690439  0.37826603 -0.54249457 -0.04930118 -0.14891829
  0.19491827  0.40289073 -0.32510334  0.20733047 -0.12355509 -0.62961262
  0.11962024  0.12773061 -0.46737484  0.22102367  0.26630461 -0.62052732
  0.00708689  0.39515996 -0.01934872  0.05373485 -0.53109827  0.49285677
  0.59327907  0.55283242  0.62419068  0.23245835 -0.18478359  0.56802183
 -0.15754883  0.42750729 -0.62263169  0.13862872  0.33958177 -0.65783934
  0.02665686 -0.22607117  0.09196398 -0.29111656  0.25487934 -0.5385223
 -0.2718068  -0.82752626 -0.4906078  -0.23106964 -0.18933321]
791,[ 0.1744553   0.09438911 -0.02509029  0.11735371  0.35463623  0.10540071
 -0.06829689  0.67687114  0.3782317  -0.54248011 -0.04929615 -0.14888099
  0.19489987  0.40292577 -0.32510441  0.2073597  -0.12353657 -0.62960153
  0.11960054  0.12775145 -0.46737788  0.22100506  0.26629834 -0.62055662
  0.00705676  0.39514545 -0.0192946   0.05371675 -0.53112217  0.49290584
  0.59323185  0.55284518  0.62421239  0.23245925 -0.18476527  0.56802697
 -0.15756878  0.42749408 -0.62262329  0.13860727  0.33958658 -0.65780312
  0.02661514 -0.22607473  0.09193933 -0.29112383  0.25490572 -0.53846343
 -0.27184044 -0.82752218 -0.49062147 -0.23106454 -0.18934284]
792,[ 0.17448999  0.09440306 -0.02517917  0.1173729   0.35465605  0.10537946
 -0.06826575  0.67683793  0.3781974  -0.54246567 -0.04929112 -0.14884374
  0.1948815   0.40296078 -0.32510549  0.20738889 -0.12351807 -0.62959045
  0.11958086  0.12777227 -0.46738091  0.22098647  0.26629207 -0.62058588
  0.00702665  0.39513097 -0.01924054  0.05369868 -0.53114605  0.49295486
  0.59318469  0.55285792  0.62423407  0.23246016 -0.18474697  0.56803212
 -0.15758871  0.42748088 -0.62261491  0.13858583  0.33959139 -0.65776694
  0.02657345 -0.22607828  0.0919147  -0.2911311   0.25493207 -0.53840463
 -0.27187405 -0.8275181  -0.49063512 -0.23105945 -0.18935246]
793,[ 0.17452463  0.094417   -0.02526795  0.11739208  0.35467585  0.10535823
 -0.06823463  0.67680476  0.37816315 -0.54245124 -0.0492861  -0.14880653
  0.19486315  0.40299574 -0.32510656  0.20741805 -0.1234996  -0.62957938
  0.1195612   0.12779306 -0.46738395  0.2209679   0.26628581 -0.62061511
  0.00699659  0.39511649 -0.01918655  0.05368063 -0.53116989  0.49300383
  0.59313758  0.55287065  0.62425572  0.23246105 -0.1847287   0.56803725
 -0.15760862  0.4274677  -0.62260653  0.13856442  0.33959619 -0.6577308
  0.02653182 -0.22608183  0.0918901  -0.29113836  0.25495838 -0.5383459
 -0.27190763 -0.82751403 -0.49064876 -0.23105437 -0.18936206]
794,[ 0.17455924  0.09443093 -0.02535663  0.11741123  0.35469563  0.10533703
 -0.06820355  0.67677162  0.37812893 -0.54243683 -0.04928108 -0.14876936
  0.19484481  0.40303067 -0.32510763  0.20744717 -0.12348114 -0.62956832
  0.11954157  0.12781383 -0.46738697  0.22094935  0.26627956 -0.62064431
  0.00696655  0.39510204 -0.01913261  0.0536626  -0.53119371  0.49305274
  0.59309052  0.55288337  0.62427736  0.23246195 -0.18471044  0.56804238
 -0.15762851  0.42745453 -0.62259816  0.13854304  0.33960099 -0.6576947
  0.02649023 -0.22608538  0.09186553 -0.29114561  0.25498467 -0.53828724
 -0.27194116 -0.82750997 -0.49066238 -0.23104929 -0.18937165]
795,[ 0.1745938   0.09444484 -0.02544521  0.11743036  0.35471538  0.10531585
 -0.06817251  0.67673853  0.37809475 -0.54242244 -0.04927607 -0.14873223
  0.1948265   0.40306555 -0.32510871  0.20747627 -0.12346271 -0.62955727
  0.11952196  0.12783458 -0.46739     0.22093083  0.26627331 -0.62067348
  0.00693655  0.3950876  -0.01907874  0.05364459 -0.53121751  0.4931016
  0.59304352  0.55289607  0.62429896  0.23246285 -0.18469221  0.5680475
 -0.15764837  0.42744138 -0.62258981  0.13852168  0.33960578 -0.65765864
  0.02644869 -0.22608892  0.09184099 -0.29115286  0.25501093 -0.53822864
 -0.27197466 -0.82750591 -0.49067599 -0.23104421 -0.18938124]
796,[ 0.17462833  0.09445874 -0.02553369  0.11744947  0.35473511  0.10529469
 -0.0681415   0.67670547  0.37806061 -0.54240806 -0.04927106 -0.14869514
  0.19480821  0.4031004  -0.32510977  0.20750533 -0.12344429 -0.62954624
  0.11950237  0.12785531 -0.46739302  0.22091232  0.26626707 -0.62070261
  0.00690659  0.39507318 -0.01902493  0.0536266  -0.53124127  0.4931504
  0.59299656  0.55290876  0.62432055  0.23246375 -0.18467399  0.56805262
 -0.15766821  0.42742824 -0.62258146  0.13850034  0.33961056 -0.65762263
  0.02640719 -0.22609246  0.09181647 -0.29116009  0.25503716 -0.5381701
 -0.27200811 -0.82750185 -0.49068958 -0.23103914 -0.18939081]
797,[ 0.17466282  0.09447261 -0.02562207  0.11746856  0.35475482  0.10527356
 -0.06811053  0.67667245  0.37802651 -0.5423937  -0.04926606 -0.14865809
  0.19478994  0.4031352  -0.32511084  0.20753436 -0.1234259  -0.62953522
  0.1194828   0.12787601 -0.46739604  0.22089383  0.26626084 -0.62073171
  0.00687665  0.39505877 -0.01897117  0.05360863 -0.53126501  0.49319915
  0.59294967  0.55292143  0.62434211  0.23246464 -0.1846558   0.56805773
 -0.15768803  0.42741512 -0.62257312  0.13847903  0.33961534 -0.65758665
  0.02636574 -0.22609599  0.09179198 -0.29116732  0.25506335 -0.53811164
 -0.27204154 -0.8274978  -0.49070316 -0.23103408 -0.18940037]
798,[ 0.17469727  0.09448648 -0.02571035  0.11748763  0.35477451  0.10525246
 -0.06807959  0.67663946  0.37799245 -0.54237935 -0.04926107 -0.14862109
  0.19477169  0.40316997 -0.32511191  0.20756335 -0.12340753 -0.62952421
  0.11946325  0.12789669 -0.46739905  0.22087537  0.26625461 -0.62076077
  0.00684675  0.39504438 -0.01891748  0.05359068 -0.53128873  0.49324784
  0.59290282  0.55293409  0.62436364  0.23246554 -0.18463763  0.56806284
 -0.15770782  0.42740201 -0.62256479  0.13845774  0.33962011 -0.65755071
  0.02632434 -0.22609952  0.09176752 -0.29117454  0.25508952 -0.53805324
 -0.27207492 -0.82749375 -0.49071672 -0.23102902 -0.18940992]
799,[ 0.17473168  0.09450033 -0.02579853  0.11750668  0.35479417  0.10523137
 -0.06804868  0.67660651  0.37795842 -0.54236502 -0.04925608 -0.14858413
  0.19475346  0.4032047  -0.32511298  0.20759232 -0.12338918 -0.62951321
  0.11944373  0.12791734 -0.46740206  0.22085692  0.26624839 -0.62078981
  0.00681689  0.39503001 -0.01886385  0.05357274 -0.53131241  0.49329647
  0.59285603  0.55294674  0.62438515  0.23246643 -0.18461948  0.56806794
 -0.1577276   0.42738892 -0.62255647  0.13843648  0.33962488 -0.65751482
  0.02628299 -0.22610305  0.09174309 -0.29118175  0.25511566 -0.5379949
 -0.27210826 -0.82748971 -0.49073026 -0.23102397 -0.18941946]
800,[ 0.17476605  0.09451416 -0.02588661  0.1175257   0.35481381  0.10521031
 -0.06801781  0.6765736   0.37792443 -0.54235071 -0.0492511  -0.14854721
  0.19473525  0.40323939 -0.32511404  0.20762125 -0.12337085 -0.62950223
  0.11942423  0.12793797 -0.46740507  0.2208385   0.26624218 -0.62081881
  0.00678706  0.39501565 -0.01881028  0.05355484 -0.53133607  0.49334506
  0.59280929  0.55295937  0.62440664  0.23246732 -0.18460134  0.56807304
 -0.15774735  0.42737584 -0.62254817  0.13841523  0.33962964 -0.65747896
  0.02624168 -0.22610657  0.09171868 -0.29118895  0.25514177 -0.53793663
 -0.27214157 -0.82748567 -0.4907438  -0.23101893 -0.18942899]
801,[ 0.17480039  0.09452797 -0.0259746   0.1175447   0.35483343  0.10518927
 -0.06798698  0.67654073  0.37789049 -0.54233641 -0.04924612 -0.14851033
  0.19471707  0.40327404 -0.32511511  0.20765015 -0.12335254 -0.62949126
  0.11940475  0.12795858 -0.46740808  0.2208201   0.26623598 -0.62084778
  0.00675726  0.39500131 -0.01875676  0.05353695 -0.53135971  0.49339358
  0.5927626   0.55297198  0.6244281   0.23246821 -0.18458323  0.56807812
 -0.15776708  0.42736278 -0.62253986  0.13839402  0.3396344  -0.65744315
  0.02620042 -0.22611009  0.0916943  -0.29119615  0.25516785 -0.53787843
 -0.27217484 -0.82748164 -0.49075731 -0.23101389 -0.18943851]
802,[ 0.17483468  0.09454177 -0.02606248  0.11756368  0.35485303  0.10516826
 -0.06795618  0.67650789  0.37785658 -0.54232213 -0.04924115 -0.14847349
  0.1946989   0.40330865 -0.32511617  0.20767901 -0.12333425 -0.6294803
  0.11938529  0.12797916 -0.46741108  0.22080171  0.26622978 -0.62087671
  0.00672749  0.39498698 -0.01870331  0.05351908 -0.53138331  0.49344206
  0.59271596  0.55298459  0.62444954  0.2324691  -0.18456514  0.56808321
 -0.15778678  0.42734973 -0.62253157  0.13837283  0.33963915 -0.65740737
  0.0261592  -0.2261136   0.09166995 -0.29120333  0.2551939  -0.53782029
 -0.27220808 -0.82747761 -0.49077081 -0.23100885 -0.18944802]
803,[ 0.17486894  0.09455556 -0.02615026  0.11758264  0.35487261  0.10514727
 -0.06792541  0.67647509  0.3778227  -0.54230786 -0.04923618 -0.1484367
  0.19468075  0.40334323 -0.32511723  0.20770784 -0.12331598 -0.62946935
  0.11936586  0.12799973 -0.46741407  0.22078335  0.26622359 -0.62090562
  0.00669776  0.39497267 -0.01864992  0.05350123 -0.5314069   0.49349047
  0.59266938  0.55299717  0.62447095  0.23246999 -0.18454707  0.56808829
 -0.15780647  0.4273367  -0.62252329  0.13835166  0.3396439  -0.65737164
  0.02611803 -0.22611711  0.09164563 -0.29121051  0.25521993 -0.53776221
 -0.27224127 -0.82747358 -0.4907843  -0.23100382 -0.18945752]
804,[ 0.17490315  0.09456933 -0.02623795  0.11760158  0.35489216  0.10512631
 -0.06789468  0.67644233  0.37778887 -0.54229361 -0.04923122 -0.14839995
  0.19466262  0.40337776 -0.32511829  0.20773664 -0.12329773 -0.62945842
  0.11934644  0.12802026 -0.46741707  0.22076501  0.26621741 -0.62093449
  0.00666807  0.39495838 -0.01859659  0.0534834  -0.53143045  0.49353884
  0.59262285  0.55300975  0.62449234  0.23247088 -0.18452902  0.56809336
 -0.15782613  0.42732368 -0.62251502  0.13833051  0.33964864 -0.65733594
  0.02607691 -0.22612062  0.09162133 -0.29121768  0.25524592 -0.5377042
 -0.27227443 -0.82746956 -0.49079777 -0.2309988  -0.189467  ]
805,[ 0.17493733  0.09458308 -0.02632554  0.1176205   0.3549117   0.10510536
 -0.06786398  0.6764096   0.37775507 -0.54227938 -0.04922626 -0.14836323
  0.19464452  0.40341225 -0.32511935  0.20776541 -0.1232795  -0.6294475
  0.11932705  0.12804078 -0.46742006  0.22074669  0.26621123 -0.62096333
  0.0066384   0.3949441  -0.01854332  0.05346559 -0.53145398  0.49358715
  0.59257637  0.55302231  0.62451371  0.23247177 -0.18451099  0.56809842
 -0.15784577  0.42731067 -0.62250676  0.13830939  0.33965338 -0.65730029
  0.02603583 -0.22612412  0.09159706 -0.29122484  0.25527188 -0.53764626
 -0.27230755 -0.82746555 -0.49081122 -0.23099378 -0.18947648]
806,[ 0.17497147  0.09459682 -0.02641303  0.1176394   0.35493121  0.10508445
 -0.06783332  0.67637691  0.37772132 -0.54226516 -0.04922131 -0.14832656
  0.19462643  0.40344671 -0.32512041  0.20779415 -0.12326129 -0.62943659
  0.11930768  0.12806127 -0.46742305  0.22072839  0.26620506 -0.62099213
  0.00660877  0.39492984 -0.01849011  0.0534478  -0.53147748  0.4936354
  0.59252995  0.55303485  0.62453505  0.23247266 -0.18449298  0.56810348
 -0.15786539  0.42729768 -0.6224985   0.13828829  0.33965811 -0.65726468
  0.0259948  -0.22612762  0.09157282 -0.291232    0.25529782 -0.53758838
 -0.27234063 -0.82746154 -0.49082466 -0.23098877 -0.18948594]
807,[ 0.17500558  0.09461055 -0.02650042  0.11765827  0.3549507   0.10506355
 -0.0678027   0.67634426  0.3776876  -0.54225096 -0.04921637 -0.14828993
  0.19460837  0.40348113 -0.32512146  0.20782285 -0.12324311 -0.62942569
  0.11928833  0.12808174 -0.46742603  0.22071011  0.2661989  -0.6210209
  0.00657917  0.3949156  -0.01843696  0.05343003 -0.53150095  0.4936836
  0.59248357  0.55304738  0.62455637  0.23247354 -0.18447499  0.56810854
 -0.15788498  0.42728471 -0.62249026  0.13826722  0.33966283 -0.6572291
  0.02595382 -0.22613111  0.09154861 -0.29123914  0.25532372 -0.53753057
 -0.27237368 -0.82745753 -0.49083808 -0.23098376 -0.1894954 ]
808,[ 0.17503964  0.09462425 -0.02658771  0.11767713  0.35497016  0.10504268
 -0.0677721   0.67631164  0.37765392 -0.54223678 -0.04921143 -0.14825334
  0.19459032  0.40351551 -0.32512252  0.20785152 -0.12322494 -0.62941481
  0.11926901  0.12810219 -0.46742901  0.22069185  0.26619274 -0.62104964
  0.00654961  0.39490137 -0.01838387  0.05341228 -0.5315244   0.49373175
  0.59243725  0.5530599   0.62457766  0.23247443 -0.18445702  0.56811359
 -0.15790456  0.42727175 -0.62248202  0.13824617  0.33966755 -0.65719357
  0.02591288 -0.2261346   0.09152442 -0.29124628  0.2553496  -0.53747282
 -0.27240669 -0.82745353 -0.49085149 -0.23097876 -0.18950484]
809,[ 0.17507367  0.09463795 -0.0266749   0.11769596  0.35498961  0.10502183
 -0.06774154  0.67627906  0.37762027 -0.54222261 -0.0492065  -0.1482168
  0.1945723   0.40354985 -0.32512357  0.20788016 -0.1232068  -0.62940393
  0.1192497   0.12812261 -0.46743199  0.22067362  0.2661866  -0.62107835
  0.00652008  0.39488716 -0.01833084  0.05339455 -0.53154782  0.49377984
  0.59239098  0.5530724   0.62459893  0.23247531 -0.18443907  0.56811863
 -0.15792411  0.4272588  -0.6224738   0.13822514  0.33967227 -0.65715807
  0.02587199 -0.22613809  0.09150026 -0.29125341  0.25537544 -0.53741514
 -0.27243966 -0.82744953 -0.49086489 -0.23097377 -0.18951428]
810,[ 0.17510765  0.09465162 -0.026762    0.11771477  0.35500903  0.10500101
 -0.06771102  0.67624652  0.37758667 -0.54220845 -0.04920157 -0.14818029
  0.19455429  0.40358415 -0.32512462  0.20790877 -0.12318867 -0.62939307
  0.11923042  0.12814301 -0.46743496  0.2206554   0.26618045 -0.62110703
  0.00649058  0.39487296 -0.01827787  0.05337684 -0.53157121  0.49382788
  0.59234477  0.55308489  0.62462018  0.23247619 -0.18442114  0.56812367
 -0.15794364  0.42724587 -0.62246558  0.13820414  0.33967698 -0.65712262
  0.02583114 -0.22614157  0.09147613 -0.29126053  0.25540126 -0.53735753
 -0.2724726  -0.82744554 -0.49087827 -0.23096878 -0.1895237 ]
811,[ 0.1751416   0.09466529 -0.02684899  0.11773356  0.35502843  0.10498021
 -0.06768053  0.67621402  0.3775531  -0.54219431 -0.04919665 -0.14814382
  0.19453631  0.40361841 -0.32512568  0.20793734 -0.12317057 -0.62938223
  0.11921116  0.12816339 -0.46743793  0.2206372   0.26617432 -0.62113567
  0.00646112  0.39485878 -0.01822496  0.05335915 -0.53159458  0.49387586
  0.5922986   0.55309737  0.6246414   0.23247707 -0.18440323  0.5681287
 -0.15796315  0.42723295 -0.62245737  0.13818316  0.33968168 -0.65708721
  0.02579034 -0.22614505  0.09145202 -0.29126765  0.25542705 -0.53729997
 -0.27250549 -0.82744155 -0.49089163 -0.23096379 -0.18953311]
812,[ 0.17517551  0.09467893 -0.02693589  0.11775233  0.35504781  0.10495943
 -0.06765008  0.67618155  0.37751957 -0.54218019 -0.04919173 -0.1481074
  0.19451834  0.40365263 -0.32512673  0.20796588 -0.12315248 -0.62937139
  0.11919192  0.12818374 -0.4674409   0.22061903  0.26616819 -0.62116428
  0.00643169  0.39484461 -0.0181721   0.05334148 -0.53161793  0.49392379
  0.59225249  0.55310983  0.6246626   0.23247795 -0.18438535  0.56813373
 -0.15798263  0.42722005 -0.62244917  0.13816221  0.33968638 -0.65705183
  0.02574959 -0.22614853  0.09142794 -0.29127475  0.25545281 -0.53724249
 -0.27253835 -0.82743757 -0.49090498 -0.23095882 -0.18954251]
813,[ 0.17520938  0.09469256 -0.02702269  0.11777108  0.35506717  0.10493867
 -0.06761966  0.67614911  0.37748607 -0.54216609 -0.04918682 -0.14807102
  0.1945004   0.40368682 -0.32512778  0.20799439 -0.12313442 -0.62936057
  0.1191727   0.12820407 -0.46744387  0.22060087  0.26616207 -0.62119286
  0.00640229  0.39483046 -0.01811931  0.05332383 -0.53164124  0.49397166
  0.59220643  0.55312227  0.62468377  0.23247883 -0.18436748  0.56813875
 -0.1580021   0.42720716 -0.62244099  0.13814127  0.33969107 -0.6570165
  0.02570888 -0.226152    0.09140389 -0.29128185  0.25547854 -0.53718506
 -0.27257118 -0.82743359 -0.49091831 -0.23095384 -0.1895519 ]
814,[ 0.17524322  0.09470618 -0.0271094   0.1177898   0.3550865   0.10491794
 -0.06758927  0.67611672  0.37745262 -0.542152   -0.04918192 -0.14803467
  0.19448247  0.40372096 -0.32512882  0.20802287 -0.12311637 -0.62934976
  0.11915351  0.12822438 -0.46744683  0.22058273  0.26615596 -0.62122141
  0.00637292  0.39481633 -0.01806658  0.0533062  -0.53166453  0.49401949
  0.59216042  0.55313471  0.62470492  0.23247971 -0.18434963  0.56814376
 -0.15802154  0.42719429 -0.62243281  0.13812037  0.33969576 -0.6569812
  0.02566822 -0.22615547  0.09137987 -0.29128894  0.25550424 -0.5371277
 -0.27260396 -0.82742961 -0.49093163 -0.23094888 -0.18956128]
815,[ 0.17527701  0.09471978 -0.027196    0.11780851  0.35510581  0.10489724
 -0.06755892  0.67608436  0.3774192  -0.54213792 -0.04917702 -0.14799837
  0.19446457  0.40375507 -0.32512987  0.20805132 -0.12309835 -0.62933896
  0.11913433  0.12824467 -0.46744978  0.22056462  0.26614985 -0.62124993
  0.00634359  0.39480221 -0.0180139   0.05328859 -0.53168779  0.49406725
  0.59211446  0.55314713  0.62472605  0.23248059 -0.1843318   0.56814877
 -0.15804096  0.42718143 -0.62242464  0.13809948  0.33970044 -0.65694595
  0.0256276  -0.22615893  0.09135587 -0.29129602  0.25552992 -0.53707041
 -0.27263671 -0.82742564 -0.49094494 -0.23094391 -0.18957065]
816,[ 0.17531077  0.09473336 -0.02728251  0.11782719  0.35512511  0.10487655
 -0.0675286   0.67605204  0.37738582 -0.54212387 -0.04917212 -0.14796211
  0.19444669  0.40378914 -0.32513092  0.20807973 -0.12308035 -0.62932817
  0.11911518  0.12826493 -0.46745274  0.22054653  0.26614375 -0.62127841
  0.00631429  0.39478811 -0.01796129  0.053271   -0.53171103  0.49411497
  0.59206856  0.55315953  0.62474715  0.23248146 -0.18431399  0.56815378
 -0.15806036  0.42716859 -0.62241647  0.13807862  0.33970512 -0.65691073
  0.02558703 -0.22616239  0.0913319  -0.2913031   0.25555556 -0.53701318
 -0.27266943 -0.82742167 -0.49095823 -0.23093896 -0.18958001]
817,[ 0.17534449  0.09474693 -0.02736892  0.11784586  0.35514438  0.10485589
 -0.06749831  0.67601975  0.37735248 -0.54210982 -0.04916723 -0.14792589
  0.19442882  0.40382317 -0.32513196  0.20810811 -0.12306236 -0.62931739
  0.11909605  0.12828517 -0.46745569  0.22052845  0.26613766 -0.62130686
  0.00628503  0.39477403 -0.01790873  0.05325343 -0.53173424  0.49416263
  0.5920227   0.55317192  0.62476823  0.23248234 -0.18429621  0.56815877
 -0.15807973  0.42715576 -0.62240832  0.13805778  0.33970979 -0.65687556
  0.02554651 -0.22616584  0.09130796 -0.29131016  0.25558117 -0.53695602
 -0.2727021  -0.82741771 -0.4909715  -0.23093401 -0.18958936]
818,[ 0.17537818  0.09476049 -0.02745523  0.1178645   0.35516362  0.10483525
 -0.06746806  0.6759875   0.37731918 -0.5420958  -0.04916235 -0.14788971
  0.19441098  0.40385717 -0.32513301  0.20813646 -0.1230444  -0.62930663
  0.11907694  0.12830539 -0.46745864  0.2205104   0.26613157 -0.62133528
  0.00625579  0.39475996 -0.01785624  0.05323588 -0.53175743  0.49421023
  0.5919769   0.5531843   0.62478929  0.23248321 -0.18427844  0.56816377
 -0.15809909  0.42714294 -0.62240018  0.13803697  0.33971446 -0.65684042
  0.02550603 -0.22616929  0.09128404 -0.29131722  0.25560676 -0.53689892
 -0.27273474 -0.82741376 -0.49098476 -0.23092906 -0.1895987 ]
819,[ 0.17541182  0.09477403 -0.02754145  0.11788312  0.35518285  0.10481464
 -0.06743785  0.67595529  0.37728591 -0.54208179 -0.04915747 -0.14785358
  0.19439316  0.40389112 -0.32513405  0.20816478 -0.12302646 -0.62929588
  0.11905785  0.12832558 -0.46746158  0.22049236  0.26612549 -0.62136367
  0.00622659  0.3947459  -0.0178038   0.05321835 -0.53178059  0.49425779
  0.59193115  0.55319666  0.62481032  0.23248409 -0.18426069  0.56816875
 -0.15811842  0.42713014 -0.62239205  0.13801618  0.33971912 -0.65680533
  0.0254656  -0.22617274  0.09126015 -0.29132427  0.25563232 -0.53684188
 -0.27276734 -0.8274098  -0.490998   -0.23092413 -0.18960803]
820,[ 0.17544543  0.09478755 -0.02762757  0.11790172  0.35520206  0.10479405
 -0.06740767  0.67592311  0.37725268 -0.54206779 -0.0491526  -0.14781748
  0.19437536  0.40392504 -0.32513509  0.20819306 -0.12300853 -0.62928514
  0.11903878  0.12834575 -0.46746452  0.22047435  0.26611942 -0.62139202
  0.00619743  0.39473187 -0.01775142  0.05320084 -0.53180372  0.49430529
  0.59188545  0.55320901  0.62483132  0.23248496 -0.18424296  0.56817374
 -0.15813773  0.42711735 -0.62238392  0.13799541  0.33972378 -0.65677027
  0.02542521 -0.22617619  0.09123629 -0.29133131  0.25565784 -0.53678491
 -0.27279991 -0.82740586 -0.49101123 -0.23091919 -0.18961734]
821,[ 0.17547899  0.09480106 -0.02771359  0.1179203   0.35522124  0.10477348
 -0.06737752  0.67589097  0.37721949 -0.54205381 -0.04914773 -0.14778142
  0.19435757  0.40395892 -0.32513613  0.20822132 -0.12299063 -0.62927441
  0.11901974  0.1283659  -0.46746746  0.22045636  0.26611335 -0.62142034
  0.00616829  0.39471784 -0.0176991   0.05318335 -0.53182683  0.49435273
  0.5918398   0.55322134  0.62485231  0.23248583 -0.18422525  0.56817871
 -0.15815702  0.42710458 -0.62237581  0.13797467  0.33972843 -0.65673525
  0.02538487 -0.22617962  0.09121245 -0.29133835  0.25568334 -0.536728
 -0.27283244 -0.82740191 -0.49102445 -0.23091426 -0.18962665]
822,[ 0.17551252  0.09481455 -0.02779952  0.11793886  0.3552404   0.10475294
 -0.06734741  0.67585886  0.37718633 -0.54203985 -0.04914287 -0.14774541
  0.19433981  0.40399276 -0.32513717  0.20824954 -0.12297275 -0.6292637
  0.11900071  0.12838603 -0.46747039  0.22043838  0.26610729 -0.62144863
  0.00613919  0.39470384 -0.01764684  0.05316588 -0.53184991  0.49440012
  0.59179421  0.55323367  0.62487327  0.2324867  -0.18420757  0.56818368
 -0.15817629  0.42709182 -0.6223677   0.13795395  0.33973308 -0.65670028
  0.02534457 -0.22618306  0.09118865 -0.29134538  0.25570882 -0.53667116
 -0.27286493 -0.82739797 -0.49103765 -0.23090934 -0.18963595]
823,[ 0.17554602  0.09482803 -0.02788535  0.1179574   0.35525954  0.10473241
 -0.06731733  0.67582679  0.37715322 -0.5420259  -0.04913801 -0.14770943
  0.19432207  0.40402656 -0.32513821  0.20827773 -0.12295489 -0.629253
  0.11898171  0.12840613 -0.46747332  0.22042043  0.26610124 -0.62147689
  0.00611012  0.39468985 -0.01759464  0.05314843 -0.53187296  0.49444746
  0.59174866  0.55324597  0.62489421  0.23248757 -0.1841899   0.56818865
 -0.15819553  0.42707908 -0.6223596   0.13793325  0.33973772 -0.65666534
  0.02530432 -0.22618649  0.09116486 -0.29135239  0.25573426 -0.53661438
 -0.27289739 -0.82739404 -0.49105083 -0.23090442 -0.18964523]
824,[ 0.17557947  0.09484149 -0.02797108  0.11797591  0.35527866  0.10471192
 -0.06728728  0.67579476  0.37712014 -0.54201197 -0.04913316 -0.1476735
  0.19430434  0.40406032 -0.32513924  0.20830589 -0.12293705 -0.62924231
  0.11896273  0.12842621 -0.46747625  0.2204025   0.26609519 -0.62150512
  0.00608109  0.39467587 -0.0175425   0.053131   -0.53189599  0.49449475
  0.59170317  0.55325827  0.62491512  0.23248844 -0.18417225  0.5681936
 -0.15821476  0.42706635 -0.62235151  0.13791257  0.33974235 -0.65663044
  0.02526411 -0.22618992  0.09114111 -0.2913594   0.25575967 -0.53655766
 -0.27292981 -0.82739011 -0.491064   -0.23089951 -0.18965451]
825,[ 0.17561289  0.09485494 -0.02805671  0.11799441  0.35529776  0.10469144
 -0.06725727  0.67576276  0.37708709 -0.54199805 -0.04912832 -0.1476376
  0.19428664  0.40409405 -0.32514028  0.20833402 -0.12291922 -0.62923163
  0.11894377  0.12844627 -0.46747918  0.22038459  0.26608916 -0.62153332
  0.00605209  0.39466191 -0.01749042  0.05311358 -0.53191899  0.49454198
  0.59165773  0.55327055  0.62493601  0.23248931 -0.18415462  0.56819856
 -0.15823396  0.42705364 -0.62234343  0.13789192  0.33974698 -0.65659558
  0.02522395 -0.22619335  0.09111738 -0.29136641  0.25578506 -0.53650101
 -0.27296219 -0.82738618 -0.49107716 -0.23089461 -0.18966377]
826,[ 0.17564627  0.09486837 -0.02814225  0.11801288  0.35531683  0.10467099
 -0.06722729  0.6757308   0.37705409 -0.54198415 -0.04912348 -0.14760175
  0.19426896  0.40412774 -0.32514131  0.20836211 -0.12290142 -0.62922096
  0.11892483  0.12846631 -0.4674821   0.2203667   0.26608312 -0.62156148
  0.00602311  0.39464797 -0.01743839  0.05309619 -0.53194197  0.49458916
  0.59161234  0.55328281  0.62495687  0.23249017 -0.18413701  0.56820351
 -0.15825314  0.42704094 -0.62233537  0.1378713   0.33975161 -0.65656076
  0.02518383 -0.22619677  0.09109368 -0.2913734   0.25581041 -0.53644442
 -0.27299454 -0.82738226 -0.4910903  -0.23088971 -0.18967303]
827,[ 0.17567961  0.09488179 -0.02822769  0.11803134  0.35533589  0.10465056
 -0.06719734  0.67569888  0.37702112 -0.54197027 -0.04911865 -0.14756593
  0.1942513   0.40416139 -0.32514234  0.20839018 -0.12288364 -0.62921031
  0.11890591  0.12848632 -0.46748501  0.22034882  0.2660771  -0.62158961
  0.00599418  0.39463404 -0.01738643  0.05307882 -0.53196492  0.49463629
  0.591567    0.55329506  0.62497772  0.23249104 -0.18411942  0.56820845
 -0.1582723   0.42702825 -0.6223273   0.13785069  0.33975623 -0.65652598
  0.02514376 -0.22620018  0.09107001 -0.29138039  0.25583574 -0.5363879
 -0.27302685 -0.82737834 -0.49110342 -0.23088481 -0.18968227]
828,[ 0.17571292  0.09489519 -0.02831304  0.11804977  0.35535492  0.10463015
 -0.06716743  0.67566699  0.37698819 -0.5419564  -0.04911382 -0.14753016
  0.19423365  0.404195   -0.32514338  0.20841821 -0.12286588 -0.62919967
  0.11888702  0.12850631 -0.46748793  0.22033097  0.26607108 -0.62161771
  0.00596527  0.39462013 -0.01733452  0.05306146 -0.53198785  0.49468336
  0.59152171  0.5533073   0.62499854  0.2324919  -0.18410186  0.56821338
 -0.15829144  0.42701558 -0.62231925  0.13783011  0.33976084 -0.65649124
  0.02510374 -0.22620359  0.09104636 -0.29138737  0.25586104 -0.53633144
 -0.27305912 -0.82737443 -0.49111653 -0.23087992 -0.1896915 ]
829,[ 0.17574618  0.09490858 -0.02839829  0.11806818  0.35537393  0.10460977
 -0.06713756  0.67563513  0.37695529 -0.54194254 -0.04910899 -0.14749443
  0.19421603  0.40422858 -0.32514441  0.20844621 -0.12284814 -0.62918904
  0.11886814  0.12852628 -0.46749084  0.22031314  0.26606507 -0.62164578
  0.0059364   0.39460623 -0.01728267  0.05304413 -0.53201075  0.49473038
  0.59147647  0.55331953  0.62501933  0.23249277 -0.18408431  0.56821832
 -0.15831056  0.42700292 -0.62231121  0.13780955  0.33976545 -0.65645653
  0.02506376 -0.226207    0.09102274 -0.29139434  0.25588631 -0.53627504
 -0.27309136 -0.82737052 -0.49112963 -0.23087504 -0.18970073]
830,[ 0.17577941  0.09492195 -0.02848345  0.11808658  0.35539292  0.10458941
 -0.06710771  0.67560332  0.37692244 -0.54192871 -0.04910418 -0.14745873
  0.19419843  0.40426211 -0.32514544  0.20847418 -0.12283042 -0.62917842
  0.11884929  0.12854622 -0.46749375  0.22029533  0.26605906 -0.62167382
  0.00590756  0.39459235 -0.01723088  0.05302681 -0.53203362  0.49477735
  0.59143128  0.55333174  0.6250401   0.23249363 -0.18406678  0.56822324
 -0.15832965  0.42699028 -0.62230318  0.13778902  0.33977006 -0.65642187
  0.02502382 -0.22621041  0.09099914 -0.2914013   0.25591155 -0.53621871
 -0.27312356 -0.82736662 -0.49114271 -0.23087016 -0.18970994]
831,[ 0.17581261  0.09493531 -0.0285685   0.11810495  0.35541189  0.10456907
 -0.0670779   0.67557154  0.37688962 -0.54191488 -0.04909936 -0.14742308
  0.19418084  0.40429561 -0.32514646  0.20850211 -0.12281271 -0.62916781
  0.11883046  0.12856615 -0.46749665  0.22027754  0.26605307 -0.62170182
  0.00587875  0.39457849 -0.01717914  0.05300952 -0.53205647  0.49482426
  0.59138615  0.55334393  0.62506085  0.23249449 -0.18404927  0.56822816
 -0.15834872  0.42697765 -0.62229515  0.13776851  0.33977466 -0.65638724
  0.02498393 -0.22621381  0.09097557 -0.29140826  0.25593677 -0.53616244
 -0.27315572 -0.82736272 -0.49115578 -0.23086529 -0.18971914]
832,[ 0.17584576  0.09494865 -0.02865347  0.1181233   0.35543084  0.10454876
 -0.06704813  0.67553979  0.37685683 -0.54190108 -0.04909456 -0.14738747
  0.19416328  0.40432907 -0.32514749  0.20853002 -0.12279503 -0.62915722
  0.11881165  0.12858605 -0.46749955  0.22025977  0.26604707 -0.6217298
  0.00584998  0.39456464 -0.01712747  0.05299224 -0.53207929  0.49487112
  0.59134106  0.55335612  0.62508158  0.23249535 -0.18403178  0.56823308
 -0.15836777  0.42696503 -0.62228714  0.13774802  0.33977925 -0.65635266
  0.02494409 -0.22621721  0.09095203 -0.29141521  0.25596195 -0.53610623
 -0.27318785 -0.82735882 -0.49116883 -0.23086042 -0.18972834]
833,[ 0.17587888  0.09496198 -0.02873833  0.11814163  0.35544976  0.10452847
 -0.06701838  0.67550808  0.37682409 -0.54188728 -0.04908976 -0.1473519
  0.19414573  0.4043625  -0.32514852  0.2085579  -0.12277737 -0.62914663
  0.11879286  0.12860593 -0.46750245  0.22024202  0.26604109 -0.62175774
  0.00582123  0.39455081 -0.01707585  0.05297499 -0.53210209  0.49491793
  0.59129603  0.55336829  0.62510228  0.23249621 -0.18401431  0.56823798
 -0.1583868   0.42695243 -0.62227913  0.13772755  0.33978384 -0.65631811
  0.02490428 -0.2262206   0.09092851 -0.29142215  0.25598711 -0.53605009
 -0.27321994 -0.82735493 -0.49118186 -0.23085556 -0.18973752]
834,[ 0.17591196  0.09497529 -0.02882311  0.11815994  0.35546867  0.1045082
 -0.06698867  0.67547641  0.37679138 -0.54187351 -0.04908496 -0.14731636
  0.19412821  0.40439588 -0.32514954  0.20858574 -0.12275973 -0.62913606
  0.11877409  0.12862578 -0.46750535  0.22022429  0.26603511 -0.62178565
  0.00579252  0.39453699 -0.0170243   0.05295775 -0.53212486  0.49496469
  0.59125104  0.55338044  0.62512296  0.23249707 -0.18399686  0.56824289
 -0.15840581  0.42693985 -0.62227113  0.13770711  0.33978842 -0.6562836
  0.02486453 -0.22622399  0.09090503 -0.29142908  0.25601224 -0.53599401
 -0.273252   -0.82735105 -0.49119489 -0.2308507  -0.18974669]
835,[ 0.175945    0.09498859 -0.02890778  0.11817823  0.35548755  0.10448795
 -0.066959    0.67544477  0.37675871 -0.54185975 -0.04908017 -0.14728087
  0.19411071  0.40442923 -0.32515057  0.20861355 -0.12274211 -0.6291255
  0.11875534  0.12864562 -0.46750824  0.22020657  0.26602914 -0.62181353
  0.00576384  0.39452318 -0.0169728   0.05294053 -0.5321476   0.49501139
  0.59120611  0.55339258  0.62514362  0.23249793 -0.18397943  0.56824779
 -0.1584248   0.42692727 -0.62226314  0.13768669  0.339793   -0.65624914
  0.02482482 -0.22622738  0.09088156 -0.291436    0.25603734 -0.53593799
 -0.27328402 -0.82734716 -0.49120789 -0.23084585 -0.18975585]
836,[ 0.17597801  0.09500187 -0.02899236  0.11819649  0.35550641  0.10446773
 -0.06692935  0.67541317  0.37672607 -0.541846   -0.04907538 -0.14724542
  0.19409322  0.40446254 -0.32515159  0.20864133 -0.12272451 -0.62911496
  0.11873661  0.12866543 -0.46751113  0.22018888  0.26602318 -0.62184138
  0.0057352   0.3945094  -0.01692135  0.05292334 -0.53217032  0.49505804
  0.59116123  0.55340471  0.62516425  0.23249879 -0.18396202  0.56825268
 -0.15844377  0.42691472 -0.62225516  0.13766629  0.33979758 -0.65621471
  0.02478515 -0.22623076  0.09085813 -0.29144292  0.25606241 -0.53588204
 -0.273316   -0.82734329 -0.49122089 -0.23084101 -0.189765  ]
837,[ 0.17601098  0.09501514 -0.02907685  0.11821474  0.35552525  0.10444753
 -0.06689975  0.6753816   0.37669347 -0.54183227 -0.0490706  -0.14721001
  0.19407575  0.40449581 -0.32515261  0.20866908 -0.12270692 -0.62910442
  0.11871791  0.12868522 -0.46751401  0.22017121  0.26601722 -0.6218692
  0.00570659  0.39449563 -0.01686997  0.05290616 -0.53219302  0.49510464
  0.59111639  0.55341683  0.62518486  0.23249964 -0.18394462  0.56825756
 -0.15846271  0.42690217 -0.62224719  0.13764592  0.33980214 -0.65618031
  0.02474553 -0.22623414  0.09083472 -0.29144983  0.25608745 -0.53582615
 -0.27334795 -0.82733941 -0.49123386 -0.23083617 -0.18977414]
838,[ 0.17604391  0.09502839 -0.02916124  0.11823297  0.35554407  0.10442735
 -0.06687017  0.67535007  0.37666091 -0.54181856 -0.04906583 -0.14717463
  0.19405831  0.40452905 -0.32515363  0.2086968  -0.12268936 -0.6290939
  0.11869923  0.12870498 -0.46751689  0.22015356  0.26601127 -0.62189698
  0.005678    0.39448187 -0.01681864  0.052889   -0.53221568  0.49515118
  0.59107161  0.55342893  0.62520544  0.2325005  -0.18392725  0.56826245
 -0.15848164  0.42688964 -0.62223923  0.13762557  0.33980671 -0.65614596
  0.02470595 -0.22623751  0.09081134 -0.29145673  0.25611247 -0.53577032
 -0.27337986 -0.82733554 -0.49124683 -0.23083133 -0.18978327]
839,[ 0.1760768   0.09504163 -0.02924553  0.11825118  0.35556287  0.10440719
 -0.06684063  0.67531857  0.37662838 -0.54180486 -0.04906106 -0.1471393
  0.19404088  0.40456225 -0.32515465  0.20872448 -0.12267182 -0.62908339
  0.11868056  0.12872473 -0.46751977  0.22013593  0.26600532 -0.62192474
  0.00564945  0.39446813 -0.01676737  0.05287186 -0.53223833  0.49519768
  0.59102688  0.55344102  0.62522601  0.23250135 -0.1839099   0.56826732
 -0.15850054  0.42687713 -0.62223128  0.13760524  0.33981127 -0.65611165
  0.02466642 -0.22624088  0.09078798 -0.29146362  0.25613746 -0.53571455
 -0.27341174 -0.82733168 -0.49125978 -0.2308265  -0.18979239]
840,[ 0.17610966  0.09505485 -0.02932973  0.11826936  0.35558165  0.10438706
 -0.06681112  0.67528711  0.37659589 -0.54179118 -0.0490563  -0.14710401
  0.19402348  0.40459541 -0.32515567  0.20875214 -0.12265429 -0.62907289
  0.11866192  0.12874445 -0.46752265  0.22011832  0.26599939 -0.62195246
  0.00562094  0.3944544  -0.01671616  0.05285474 -0.53226094  0.49524412
  0.5909822   0.55345309  0.62524655  0.23250221 -0.18389257  0.56827219
 -0.15851942  0.42686463 -0.62222334  0.13758494  0.33981582 -0.65607737
  0.02462693 -0.22624425  0.09076465 -0.29147051  0.25616242 -0.53565885
 -0.27344358 -0.82732782 -0.49127271 -0.23082168 -0.1898015 ]
841,[ 0.17614248  0.09506806 -0.02941384  0.11828753  0.3556004   0.10436695
 -0.06678164  0.67525568  0.37656344 -0.54177751 -0.04905154 -0.14706876
  0.19400609  0.40462853 -0.32515668  0.20877976 -0.12263679 -0.6290624
  0.1186433   0.12876415 -0.46752552  0.22010072  0.26599346 -0.62198015
  0.00559245  0.39444069 -0.01666501  0.05283764 -0.53228354  0.49529051
  0.59093757  0.55346515  0.62526706  0.23250306 -0.18387525  0.56827706
 -0.15853828  0.42685214 -0.6222154   0.13756466  0.33982037 -0.65604313
  0.02458749 -0.22624761  0.09074134 -0.29147738  0.25618735 -0.53560321
 -0.27347538 -0.82732396 -0.49128563 -0.23081686 -0.1898106 ]
842,[ 0.17617526  0.09508125 -0.02949785  0.11830567  0.35561914  0.10434687
 -0.0667522   0.67522429  0.37653103 -0.54176386 -0.04904678 -0.14703354
  0.19398872  0.40466162 -0.3251577   0.20880736 -0.12261931 -0.62905193
  0.1186247   0.12878383 -0.46752839  0.22008315  0.26598753 -0.62200781
  0.005564    0.394427   -0.01661391  0.05282055 -0.5323061   0.49533684
  0.59089299  0.5534772   0.62528756  0.23250391 -0.18385796  0.56828192
 -0.15855712  0.42683966 -0.62220748  0.1375444   0.33982491 -0.65600894
  0.02454809 -0.22625097  0.09071807 -0.29148425  0.25621225 -0.53554764
 -0.27350715 -0.82732011 -0.49129854 -0.23081205 -0.18981969]
843,[ 0.17620801  0.09509443 -0.02958176  0.1183238   0.35563785  0.1043268
 -0.06672279  0.67519294  0.37649865 -0.54175022 -0.04904204 -0.14699837
  0.19397138  0.40469467 -0.32515871  0.20883492 -0.12260184 -0.62904146
  0.11860612  0.12880348 -0.46753125  0.2200656   0.26598161 -0.62203544
  0.00553558  0.39441332 -0.01656288  0.05280349 -0.53232864  0.49538313
  0.59084846  0.55348923  0.62530803  0.23250476 -0.18384068  0.56828677
 -0.15857593  0.4268272  -0.62219956  0.13752416  0.33982945 -0.65597478
  0.02450873 -0.22625433  0.09069481 -0.29149112  0.25623713 -0.53549212
 -0.27353889 -0.82731626 -0.49131143 -0.23080724 -0.18982877]
844,[ 0.17624072  0.09510759 -0.02966559  0.1183419   0.35565654  0.10430676
 -0.06669341  0.67516162  0.3764663  -0.5417366  -0.04903729 -0.14696323
  0.19395405  0.40472768 -0.32515973  0.20886245 -0.1225844  -0.62903101
  0.11858756  0.12882312 -0.46753412  0.22004807  0.2659757  -0.62206304
  0.00550719  0.39439966 -0.0165119   0.05278645 -0.53235116  0.49542936
  0.59080398  0.55350125  0.62532847  0.23250561 -0.18382343  0.56829162
 -0.15859473  0.42681476 -0.62219165  0.13750395  0.33983398 -0.65594066
  0.02446942 -0.22625768  0.09067159 -0.29149797  0.25626197 -0.53543667
 -0.27357058 -0.82731242 -0.4913243  -0.23080244 -0.18983783]
845,[ 0.17627339  0.09512074 -0.02974931  0.11835999  0.35567521  0.10428674
 -0.06666407  0.67513034  0.376434   -0.54172299 -0.04903256 -0.14692814
  0.19393674  0.40476065 -0.32516074  0.20888995 -0.12256697 -0.62902057
  0.11856902  0.12884273 -0.46753697  0.22003055  0.2659698  -0.62209061
  0.00547883  0.39438601 -0.01646097  0.05276942 -0.53237365  0.49547554
  0.59075955  0.55351325  0.6253489   0.23250646 -0.18380619  0.56829646
 -0.1586135   0.42680233 -0.62218375  0.13748376  0.33983851 -0.65590657
  0.02443016 -0.22626103  0.09064839 -0.29150482  0.25628679 -0.53538128
 -0.27360224 -0.82730858 -0.49133717 -0.23079764 -0.18984689]
846,[ 0.17630603  0.09513387 -0.02983295  0.11837805  0.35569387  0.10426674
 -0.06663476  0.67509909  0.37640173 -0.5417094  -0.04902783 -0.14689308
  0.19391945  0.40479359 -0.32516175  0.20891742 -0.12254957 -0.62901014
  0.11855051  0.12886232 -0.46753983  0.22001306  0.2659639  -0.62211814
  0.00545051  0.39437238 -0.01641011  0.05275242 -0.53239612  0.49552167
  0.59071517  0.55352525  0.6253693   0.2325073  -0.18378898  0.5683013
 -0.15863226  0.42678991 -0.62217586  0.13746359  0.33984303 -0.65587253
  0.02439094 -0.22626437  0.09062521 -0.29151166  0.25631159 -0.53532595
 -0.27363387 -0.82730475 -0.49135001 -0.23079285 -0.18985594]
847,[ 0.17633863  0.09514699 -0.02991649  0.11839609  0.35571249  0.10424677
 -0.06660548  0.67506787  0.37636949 -0.54169583 -0.0490231  -0.14685807
  0.19390218  0.40482649 -0.32516276  0.20894486 -0.12253218 -0.62899972
  0.11853201  0.12888188 -0.46754268  0.21999559  0.26595801 -0.62214565
  0.00542222  0.39435876 -0.0163593   0.05273543 -0.53241855  0.49556774
  0.59067084  0.55353723  0.62538968  0.23250815 -0.18377178  0.56830613
 -0.15865099  0.42677751 -0.62216798  0.13744345  0.33984755 -0.65583852
  0.02435176 -0.22626771  0.09060207 -0.29151849  0.25633635 -0.53527069
 -0.27366546 -0.82730092 -0.49136285 -0.23078807 -0.18986498]
848,[ 0.17637119  0.0951601  -0.02999993  0.11841411  0.3557311   0.10422682
 -0.06657624  0.6750367   0.3763373  -0.54168227 -0.04901838 -0.14682309
  0.19388493  0.40485936 -0.32516377  0.20897227 -0.12251482 -0.62898932
  0.11851354  0.12890143 -0.46754553  0.21997813  0.26595213 -0.62217312
  0.00539395  0.39434516 -0.01630855  0.05271846 -0.53244097  0.49561377
  0.59062656  0.55354919  0.62541003  0.23250899 -0.1837546   0.56831096
 -0.1586697   0.42676512 -0.62216011  0.13742332  0.33985206 -0.65580455
  0.02431262 -0.22627105  0.09057895 -0.29152531  0.25636108 -0.53521549
 -0.27369701 -0.82729709 -0.49137566 -0.23078329 -0.18987401]
849,[ 0.17640372  0.09517319 -0.03008328  0.11843212  0.35574969  0.10420689
 -0.06654703  0.67500555  0.37630514 -0.54166872 -0.04901366 -0.14678815
  0.1938677   0.40489218 -0.32516478  0.20899964 -0.12249747 -0.62897892
  0.11849508  0.12892095 -0.46754838  0.2199607   0.26594625 -0.62220057
  0.00536572  0.39433157 -0.01625785  0.05270152 -0.53246336  0.49565974
  0.59058233  0.55356114  0.62543036  0.23250984 -0.18373745  0.56831578
 -0.15868839  0.42675274 -0.62215225  0.13740322  0.33985656 -0.65577062
  0.02427353 -0.22627438  0.09055585 -0.29153213  0.25638579 -0.53516035
 -0.27372853 -0.82729327 -0.49138847 -0.23077851 -0.18988302]
850,[ 0.17643621  0.09518626 -0.03016654  0.1184501   0.35576826  0.10418698
 -0.06651785  0.67497444  0.37627301 -0.54165519 -0.04900895 -0.14675326
  0.19385049  0.40492497 -0.32516578  0.20902699 -0.12248015 -0.62896854
  0.11847665  0.12894045 -0.46755122  0.21994328  0.26594038 -0.62222798
  0.00533753  0.394318   -0.01620722  0.05268459 -0.53248572  0.49570566
  0.59053815  0.55357308  0.62545067  0.23251068 -0.18372031  0.56832059
 -0.15870706  0.42674038 -0.62214439  0.13738315  0.33986107 -0.65573673
  0.02423449 -0.22627771  0.09053278 -0.29153893  0.25641047 -0.53510527
 -0.27376002 -0.82728946 -0.49140126 -0.23077374 -0.18989203]
851,[ 0.17646866  0.09519932 -0.0302497   0.11846806  0.3557868   0.1041671
 -0.0664887   0.67494337  0.37624092 -0.54164168 -0.04900425 -0.1467184
  0.1938333   0.40495772 -0.32516679  0.2090543  -0.12246284 -0.62895817
  0.11845824  0.12895993 -0.46755406  0.21992589  0.26593451 -0.62225536
  0.00530936  0.39430445 -0.01615664  0.05266768 -0.53250806  0.49575153
  0.59049402  0.55358501  0.62547096  0.23251153 -0.18370319  0.56832541
 -0.15872571  0.42672803 -0.62213655  0.13736309  0.33986556 -0.65570288
  0.02419549 -0.22628104  0.09050974 -0.29154574  0.25643512 -0.53505025
 -0.27379146 -0.82728564 -0.49141403 -0.23076898 -0.18990103]
852,[ 0.17650108  0.09521236 -0.03033277  0.118486    0.35580533  0.10414724
 -0.06645959  0.67491233  0.37620887 -0.54162818 -0.04899955 -0.14668358
  0.19381613  0.40499044 -0.32516779  0.20908159 -0.12244555 -0.62894781
  0.11843985  0.12897939 -0.4675569   0.21990851  0.26592866 -0.62228271
  0.00528123  0.3942909  -0.01610611  0.05265079 -0.53253037  0.49579735
  0.59044994  0.55359692  0.62549122  0.23251237 -0.18368609  0.56833021
 -0.15874433  0.4267157  -0.62212871  0.13734306  0.33987005 -0.65566906
  0.02415653 -0.22628436  0.09048672 -0.29155253  0.25645975 -0.5349953
 -0.27382288 -0.82728183 -0.49142679 -0.23076422 -0.18991002]
853,[ 0.17653346  0.09522539 -0.03041575  0.11850392  0.35582383  0.1041274
 -0.06643051  0.67488133  0.37617685 -0.54161469 -0.04899485 -0.1466488
  0.19379897  0.40502312 -0.3251688   0.20910884 -0.12242828 -0.62893747
  0.11842148  0.12899883 -0.46755973  0.21989116  0.2659228  -0.62231003
  0.00525313  0.39427738 -0.01605565  0.05263392 -0.53255266  0.49584311
  0.59040591  0.55360882  0.62551147  0.23251321 -0.18366901  0.56833501
 -0.15876294  0.42670338 -0.62212088  0.13732305  0.33987454 -0.65563529
  0.02411762 -0.22628767  0.09046373 -0.29155931  0.25648434 -0.53494041
 -0.27385425 -0.82727803 -0.49143954 -0.23075947 -0.18991899]
854,[ 0.1765658   0.09523841 -0.03049863  0.11852183  0.35584232  0.10410758
 -0.06640146  0.67485036  0.37614487 -0.54160123 -0.04899016 -0.14661406
  0.19378184  0.40505576 -0.3251698   0.20913606 -0.12241103 -0.62892713
  0.11840313  0.12901824 -0.46756256  0.21987382  0.26591696 -0.62233732
  0.00522505  0.39426387 -0.01600524  0.05261706 -0.53257493  0.49588883
  0.59036193  0.5536207   0.62553168  0.23251405 -0.18365195  0.5683398
 -0.15878153  0.42669107 -0.62211306  0.13730306  0.33987902 -0.65560155
  0.02407875 -0.22629099  0.09044076 -0.29156609  0.25650891 -0.53488557
 -0.2738856  -0.82727423 -0.49145227 -0.23075472 -0.18992796]
855,[ 0.17659811  0.09525141 -0.03058142  0.11853971  0.35586078  0.10408778
 -0.06637245  0.67481943  0.37611293 -0.54158777 -0.04898548 -0.14657936
  0.19376472  0.40508836 -0.3251708   0.20916326 -0.1223938  -0.62891681
  0.1183848   0.12903763 -0.46756539  0.21985651  0.26591112 -0.62236458
  0.00519702  0.39425037 -0.01595489  0.05260023 -0.53259717  0.49593449
  0.590318    0.55363257  0.62555188  0.23251489 -0.1836349   0.56834459
 -0.15880009  0.42667878 -0.62210525  0.1372831   0.3398835  -0.65556785
  0.02403992 -0.2262943   0.09041783 -0.29157286  0.25653346 -0.53483081
 -0.2739169  -0.82727044 -0.49146499 -0.23074998 -0.18993692]
856,[ 0.17663038  0.0952644  -0.03066411  0.11855757  0.35587922  0.10406801
 -0.06634346  0.67478853  0.37608102 -0.54157433 -0.0489808  -0.1465447
  0.19374763  0.40512093 -0.3251718   0.20919042 -0.12237659 -0.6289065
  0.11836649  0.129057   -0.46756821  0.21983921  0.26590529 -0.6223918
  0.00516901  0.39423689 -0.01590459  0.05258341 -0.53261938  0.4959801
  0.59027411  0.55364443  0.62557205  0.23251572 -0.18361788  0.56834938
 -0.15881863  0.4266665  -0.62209745  0.13726316  0.33988797 -0.65553418
  0.02400114 -0.22629761  0.09039491 -0.29157962  0.25655797 -0.5347761
 -0.27394817 -0.82726664 -0.49147769 -0.23074524 -0.18994586]
857,[ 0.17666261  0.09527737 -0.03074672  0.11857541  0.35589764  0.10404826
 -0.06631451  0.67475767  0.37604915 -0.54156091 -0.04897613 -0.14651007
  0.19373055  0.40515347 -0.3251728   0.20921755 -0.1223594  -0.6288962
  0.1183482   0.12907635 -0.46757103  0.21982193  0.26589947 -0.622419
  0.00514103  0.39422343 -0.01585435  0.05256662 -0.53264157  0.49602566
  0.59023028  0.55365628  0.6255922   0.23251656 -0.18360088  0.56835415
 -0.15883716  0.42665424 -0.62208966  0.13724324  0.33989244 -0.65550056
  0.0239624  -0.22630091  0.09037202 -0.29158638  0.25658245 -0.53472145
 -0.27397941 -0.82726286 -0.49149038 -0.23074051 -0.1899548 ]
858,[ 0.17669481  0.09529033 -0.03082923  0.11859323  0.35591604  0.10402853
 -0.0662856   0.67472684  0.37601731 -0.5415475  -0.04897146 -0.14647549
  0.1937135   0.40518596 -0.32517379  0.20924465 -0.12234223 -0.62888591
  0.11832993  0.12909567 -0.46757385  0.21980467  0.26589365 -0.62244617
  0.00511309  0.39420998 -0.01580417  0.05254984 -0.53266373  0.49607117
  0.5901865   0.55366811  0.62561233  0.2325174  -0.18358389  0.56835893
 -0.15885566  0.42664199 -0.62208187  0.13722334  0.3398969  -0.65546697
  0.0239237  -0.22630421  0.09034916 -0.29159313  0.25660691 -0.53466687
 -0.27401061 -0.82725907 -0.49150306 -0.23073578 -0.18996373]
859,[ 0.17672697  0.09530327 -0.03091164  0.11861103  0.35593442  0.10400883
 -0.06625671  0.67469604  0.37598551 -0.54153411 -0.0489668  -0.14644094
  0.19369646  0.40521842 -0.32517479  0.20927172 -0.12232508 -0.62887563
  0.11831168  0.12911498 -0.46757667  0.21978743  0.26588784 -0.6224733
  0.00508517  0.39419655 -0.01575404  0.05253308 -0.53268587  0.49611662
  0.59014276  0.55367993  0.62563243  0.23251823 -0.18356692  0.56836369
 -0.15887414  0.42662975 -0.6220741   0.13720347  0.33990135 -0.65543342
  0.02388505 -0.2263075   0.09032632 -0.29159986  0.25663134 -0.53461235
 -0.27404178 -0.8272553  -0.49151572 -0.23073106 -0.18997264]
860,[ 0.1767591   0.0953162  -0.03099397  0.11862881  0.35595278  0.10398914
 -0.06622786  0.67466528  0.37595374 -0.54152073 -0.04896214 -0.14640644
  0.19367944  0.40525084 -0.32517579  0.20929876 -0.12230795 -0.62886537
  0.11829346  0.12913426 -0.46757948  0.21977021  0.26588203 -0.62250041
  0.00505729  0.39418313 -0.01570397  0.05251634 -0.53270798  0.49616203
  0.59009908  0.55369173  0.62565252  0.23251907 -0.18354998  0.56836845
 -0.1588926   0.42661753 -0.62206633  0.13718361  0.33990581 -0.65539991
  0.02384644 -0.2263108   0.09030351 -0.2916066   0.25665575 -0.53455789
 -0.27407291 -0.82725152 -0.49152836 -0.23072634 -0.18998155]
861,[ 0.17679118  0.09532911 -0.0310762   0.11864657  0.35597112  0.10396948
 -0.06619904  0.67463456  0.37592201 -0.54150737 -0.04895749 -0.14637197
  0.19366244  0.40528323 -0.32517678  0.20932577 -0.12229083 -0.62885511
  0.11827525  0.12915352 -0.46758228  0.21975301  0.26587623 -0.62252748
  0.00502944  0.39416972 -0.01565396  0.05249962 -0.53273007  0.49620739
  0.59005544  0.55370352  0.62567257  0.2325199  -0.18353305  0.56837321
 -0.15891104  0.42660532 -0.62205857  0.13716378  0.33991025 -0.65536644
  0.02380788 -0.22631408  0.09028073 -0.29161332  0.25668012 -0.53450349
 -0.274104   -0.82724775 -0.491541   -0.23072163 -0.18999045]
862,[ 0.17682324  0.09534201 -0.03115834  0.11866431  0.35598943  0.10394984
 -0.06617026  0.67460387  0.37589032 -0.54149402 -0.04895284 -0.14633754
  0.19364546  0.40531558 -0.32517777  0.20935275 -0.12227374 -0.62884487
  0.11825707  0.12917276 -0.46758509  0.21973583  0.26587044 -0.62255453
  0.00500162  0.39415633 -0.015604    0.05248292 -0.53275213  0.49625269
  0.59001186  0.5537153   0.62569261  0.23252073 -0.18351614  0.56837796
 -0.15892946  0.42659312 -0.62205082  0.13714398  0.33991469 -0.655333
  0.02376936 -0.22631737  0.09025797 -0.29162004  0.25670447 -0.53444915
 -0.27413506 -0.82724399 -0.49155361 -0.23071693 -0.18999933]
863,[ 0.17685525  0.09535489 -0.03124038  0.11868203  0.35600773  0.10393023
 -0.0661415   0.67457321  0.37585866 -0.54148069 -0.0489482  -0.14630315
  0.1936285   0.40534789 -0.32517877  0.20937969 -0.12225667 -0.62883464
  0.1182389   0.12919198 -0.46758789  0.21971867  0.26586465 -0.62258154
  0.00497384  0.39414296 -0.0155541   0.05246624 -0.53277417  0.49629794
  0.58996832  0.55372707  0.62571263  0.23252156 -0.18349925  0.56838271
 -0.15894785  0.42658094 -0.62204308  0.13712419  0.33991913 -0.6552996
  0.02373088 -0.22632065  0.09023524 -0.29162675  0.25672879 -0.53439487
 -0.27416609 -0.82724022 -0.49156622 -0.23071223 -0.19000821]
864,[ 0.17688724  0.09536776 -0.03132234  0.11869973  0.35602601  0.10391063
 -0.06611278  0.67454259  0.37582704 -0.54146737 -0.04894356 -0.1462688
  0.19361156  0.40538016 -0.32517976  0.20940661 -0.12223961 -0.62882442
  0.11822076  0.12921118 -0.46759069  0.21970153  0.26585888 -0.62260853
  0.00494608  0.3941296  -0.01550426  0.05244958 -0.53279619  0.49634314
  0.58992483  0.55373882  0.62573262  0.23252239 -0.18348238  0.56838745
 -0.15896623  0.42656877 -0.62203535  0.13710443  0.33992356 -0.65526624
  0.02369244 -0.22632393  0.09021253 -0.29163345  0.25675309 -0.53434065
 -0.27419708 -0.82723647 -0.49157881 -0.23070753 -0.19001708]
865,[ 0.17691918  0.09538062 -0.0314042   0.11871742  0.35604426  0.10389106
 -0.06608409  0.674512    0.37579545 -0.54145407 -0.04893893 -0.14623448
  0.19359464  0.4054124  -0.32518075  0.2094335  -0.12222257 -0.62881421
  0.11820263  0.12923035 -0.46759348  0.21968441  0.2658531  -0.62263548
  0.00491835  0.39411626 -0.01545447  0.05243293 -0.53281818  0.4963883
  0.58988139  0.55375056  0.62575259  0.23252322 -0.18346553  0.56839218
 -0.15898459  0.42655662 -0.62202763  0.13708469  0.33992799 -0.65523292
  0.02365405 -0.2263272   0.09018985 -0.29164014  0.25677735 -0.5342865
 -0.27422804 -0.82723271 -0.49159138 -0.23070284 -0.19002593]
866,[ 0.17695109  0.09539346 -0.03148597  0.11873508  0.3560625   0.10387151
 -0.06605543  0.67448145  0.3757639  -0.54144078 -0.0489343  -0.14620021
  0.19357773  0.40544461 -0.32518173  0.20946036 -0.12220556 -0.62880402
  0.11818453  0.1292495  -0.46759628  0.2196673   0.26584734 -0.6226624
  0.00489066  0.39410293 -0.01540474  0.0524163  -0.53284014  0.4964334
  0.589838    0.55376228  0.62577253  0.23252405 -0.1834487   0.56839691
 -0.15900292  0.42654448 -0.62201991  0.13706497  0.33993241 -0.65519963
  0.02361571 -0.22633047  0.09016719 -0.29164683  0.25680159 -0.53423241
 -0.27425896 -0.82722897 -0.49160394 -0.23069816 -0.19003478]
867,[ 0.17698296  0.09540628 -0.03156765  0.11875272  0.35608071  0.10385198
 -0.06602681  0.67445093  0.37573239 -0.5414275  -0.04892968 -0.14616598
  0.19356085  0.40547677 -0.32518272  0.20948718 -0.12218856 -0.62879383
  0.11816644  0.12926863 -0.46759907  0.21965022  0.26584158 -0.62268929
  0.004863    0.39408961 -0.01535506  0.0523997  -0.53286208  0.49647844
  0.58979466  0.55377399  0.62579246  0.23252488 -0.18343188  0.56840164
 -0.15902124  0.42653235 -0.62201221  0.13704527  0.33993683 -0.65516638
  0.0235774  -0.22633374  0.09014456 -0.29165351  0.2568258  -0.53417837
 -0.27428984 -0.82722522 -0.49161649 -0.23069348 -0.19004362]
868,[ 0.1770148   0.0954191  -0.03164923  0.11877034  0.35609891  0.10383247
 -0.06599821  0.67442045  0.37570091 -0.54141425 -0.04892507 -0.14613178
  0.19354398  0.40550891 -0.32518371  0.20951398 -0.12217158 -0.62878366
  0.11814838  0.12928774 -0.46760185  0.21963316  0.26583582 -0.62271616
  0.00483537  0.39407632 -0.01530544  0.05238311 -0.53288399  0.49652344
  0.58975136  0.55378569  0.62581236  0.2325257  -0.18341509  0.56840636
 -0.15903953  0.42652024 -0.62200451  0.1370256   0.33994124 -0.65513317
  0.02353914 -0.226337    0.09012195 -0.29166018  0.25684999 -0.5341244
 -0.27432069 -0.82722148 -0.49162902 -0.2306888  -0.19005244]
869,[ 0.1770466   0.09543189 -0.03173072  0.11878794  0.35611708  0.10381299
 -0.06596965  0.67439     0.37566946 -0.541401   -0.04892046 -0.14609762
  0.19352713  0.405541   -0.32518469  0.20954075 -0.12215462 -0.6287735
  0.11813034  0.12930683 -0.46760464  0.21961611  0.26583008 -0.62274299
  0.00480777  0.39406303 -0.01525587  0.05236654 -0.53290588  0.49656839
  0.58970812  0.55379738  0.62583224  0.23252653 -0.18339831  0.56841107
 -0.15905781  0.42650814 -0.62199682  0.13700595  0.33994564 -0.6551
  0.02350092 -0.22634026  0.09009937 -0.29166684  0.25687414 -0.53407049
 -0.27435151 -0.82721775 -0.49164154 -0.23068414 -0.19006126]
870,[ 0.17707837  0.09544468 -0.03181213  0.11880552  0.35613523  0.10379352
 -0.06594113  0.67435959  0.37563805 -0.54138777 -0.04891585 -0.1460635
  0.19351031  0.40557306 -0.32518568  0.20956748 -0.12213768 -0.62876334
  0.11811232  0.1293259  -0.46760741  0.21959908  0.26582434 -0.62276979
  0.0047802   0.39404976 -0.01520637  0.05234999 -0.53292775  0.49661329
  0.58966492  0.55380905  0.62585209  0.23252735 -0.18338156  0.56841578
 -0.15907606  0.42649605 -0.62198914  0.13698632  0.33995005 -0.65506686
  0.02346274 -0.22634351  0.09007682 -0.2916735   0.25689827 -0.53401664
 -0.27438229 -0.82721401 -0.49165405 -0.23067947 -0.19007007]
871,[ 0.1771101   0.09545745 -0.03189344  0.11882308  0.35615336  0.10377408
 -0.06591263  0.6743292   0.37560668 -0.54137456 -0.04891125 -0.14602942
  0.1934935   0.40560508 -0.32518666  0.20959419 -0.12212076 -0.62875321
  0.11809431  0.12934494 -0.46761019  0.21958208  0.2658186  -0.62279656
  0.00475266  0.39403651 -0.01515691  0.05233345 -0.53294959  0.49665814
  0.58962178  0.55382071  0.62587193  0.23252818 -0.18336482  0.56842048
 -0.15909429  0.42648398 -0.62198147  0.13696671  0.33995444 -0.65503376
  0.02342461 -0.22634676  0.09005429 -0.29168015  0.25692238 -0.53396285
 -0.27441304 -0.82721029 -0.49166654 -0.23067481 -0.19007886]
872,[ 0.17714179  0.0954702  -0.03197465  0.11884063  0.35617148  0.10375466
 -0.06588416  0.67429886  0.37557534 -0.54136136 -0.04890665 -0.14599538
  0.19347671  0.40563707 -0.32518764  0.20962087 -0.12210386 -0.62874308
  0.11807633  0.12936397 -0.46761296  0.21956509  0.26581288 -0.6228233
  0.00472515  0.39402327 -0.01510752  0.05231694 -0.53297141  0.49670293
  0.58957868  0.55383236  0.62589174  0.232529   -0.1833481   0.56842518
 -0.1591125   0.42647192 -0.62197381  0.13694713  0.33995883 -0.6550007
  0.02338652 -0.22635001  0.09003178 -0.29168679  0.25694645 -0.53390912
 -0.27444375 -0.82720656 -0.49167901 -0.23067016 -0.19008765]
873,[ 0.17717345  0.09548294 -0.03205578  0.11885815  0.35618957  0.10373526
 -0.06585573  0.67426855  0.37554404 -0.54134818 -0.04890206 -0.14596137
  0.19345994  0.40566902 -0.32518862  0.20964751 -0.12208697 -0.62873296
  0.11805837  0.12938297 -0.46761574  0.21954812  0.26580716 -0.62285001
  0.00469768  0.39401005 -0.01505817  0.05230044 -0.5329932   0.49674768
  0.58953563  0.55384399  0.62591153  0.23252982 -0.1833314   0.56842987
 -0.1591307   0.42645987 -0.62196616  0.13692756  0.33996322 -0.65496768
  0.02334848 -0.22635325  0.0900093  -0.29169342  0.2569705  -0.53385545
 -0.27447443 -0.82720284 -0.49169148 -0.23066551 -0.19009643]
874,[ 0.17720507  0.09549567 -0.03213682  0.11887565  0.35620764  0.10371589
 -0.06582733  0.67423827  0.37551277 -0.54133501 -0.04889748 -0.1459274
  0.19344319  0.40570093 -0.3251896   0.20967413 -0.12207011 -0.62872286
  0.11804043  0.12940195 -0.4676185   0.21953117  0.26580144 -0.62287669
  0.00467023  0.39399684 -0.01500889  0.05228397 -0.53301497  0.49679237
  0.58949263  0.55385561  0.6259313   0.23253064 -0.18331472  0.56843456
 -0.15914887  0.42644784 -0.62195851  0.13690802  0.3399676  -0.65493469
  0.02331047 -0.22635649  0.08998685 -0.29170005  0.25699452 -0.53380184
 -0.27450507 -0.82719913 -0.49170392 -0.23066087 -0.19010519]
875,[ 0.17723666  0.09550838 -0.03221776  0.11889313  0.35622569  0.10369654
 -0.06579896  0.67420802  0.37548154 -0.54132186 -0.0488929  -0.14589348
  0.19342645  0.40573281 -0.32519058  0.20970071 -0.12205326 -0.62871276
  0.11802251  0.12942091 -0.46762127  0.21951424  0.26579573 -0.62290334
  0.00464282  0.39398364 -0.01495966  0.05226751 -0.53303671  0.49683702
  0.58944967  0.55386722  0.62595104  0.23253146 -0.18329806  0.56843924
 -0.15916702  0.42643582 -0.62195088  0.1368885   0.33997198 -0.65490174
  0.02327251 -0.22635973  0.08996442 -0.29170667  0.25701852 -0.53374829
 -0.27453568 -0.82719542 -0.49171636 -0.23065623 -0.19011395]
876,[ 0.17726821  0.09552107 -0.03229861  0.1189106   0.35624372  0.1036772
 -0.06577063  0.67417781  0.37545034 -0.54130872 -0.04888833 -0.14585959
  0.19340974  0.40576466 -0.32519156  0.20972727 -0.12203644 -0.62870268
  0.11800461  0.12943985 -0.46762403  0.21949733  0.26579003 -0.62292997
  0.00461543  0.39397046 -0.01491048  0.05225107 -0.53305843  0.49688161
  0.58940677  0.55387881  0.62597077  0.23253228 -0.18328141  0.56844392
 -0.15918515  0.42642382 -0.62194325  0.136869    0.33997635 -0.65486883
  0.02323459 -0.22636296  0.08994202 -0.29171328  0.25704248 -0.5336948
 -0.27456626 -0.82719171 -0.49172878 -0.2306516  -0.1901227 ]
877,[ 0.17729972  0.09553376 -0.03237938  0.11892804  0.35626173  0.10365789
 -0.06574232  0.67414764  0.37541918 -0.54129559 -0.04888376 -0.14582573
  0.19339304  0.40579646 -0.32519254  0.2097538  -0.12201963 -0.62869261
  0.11798673  0.12945876 -0.46762679  0.21948043  0.26578434 -0.62295656
  0.00458808  0.3939573  -0.01486136  0.05223465 -0.53308012  0.49692616
  0.58936391  0.55389039  0.62599047  0.2325331  -0.18326479  0.56844859
 -0.15920326  0.42641183 -0.62193563  0.13684953  0.33998072 -0.65483595
  0.02319672 -0.22636619  0.08991964 -0.29171989  0.25706642 -0.53364138
 -0.2745968  -0.82718801 -0.49174118 -0.23064698 -0.19013144]
878,[ 0.1773312   0.09554642 -0.03246005  0.11894546  0.35627972  0.1036386
 -0.06571405  0.67411749  0.37538805 -0.54128248 -0.04887919 -0.14579192
  0.19337637  0.40582823 -0.32519351  0.20978029 -0.12200284 -0.62868255
  0.11796887  0.12947766 -0.46762954  0.21946356  0.26577865 -0.62298312
  0.00456076  0.39394415 -0.0148123   0.05221824 -0.53310179  0.49697065
  0.5893211   0.55390196  0.62601015  0.23253392 -0.18324818  0.56845326
 -0.15922135  0.42639985 -0.62192802  0.13683007  0.33998508 -0.65480311
  0.02315888 -0.22636942  0.08989729 -0.29172648  0.25709034 -0.53358801
 -0.2746273  -0.82718431 -0.49175358 -0.23064235 -0.19014016]
879,[ 0.17736265  0.09555908 -0.03254063  0.11896287  0.35629769  0.10361934
 -0.06568581  0.67408739  0.37535696 -0.54126939 -0.04887463 -0.14575814
  0.19335971  0.40585997 -0.32519448  0.20980676 -0.12198607 -0.6286725
  0.11795103  0.12949653 -0.46763229  0.21944671  0.26577297 -0.62300965
  0.00453347  0.39393101 -0.01476329  0.05220186 -0.53312344  0.4970151
  0.58927835  0.55391351  0.6260298   0.23253474 -0.18323159  0.56845792
 -0.15923942  0.42638789 -0.62192042  0.13681064  0.33998944 -0.65477031
  0.02312109 -0.22637264  0.08987496 -0.29173307  0.25711422 -0.5335347
 -0.27465777 -0.82718061 -0.49176596 -0.23063774 -0.19014888]
880,[ 0.17739406  0.09557172 -0.03262112  0.11898025  0.35631564  0.10360009
 -0.0656576   0.67405731  0.3753259  -0.54125631 -0.04887008 -0.14572441
  0.19334307  0.40589167 -0.32519546  0.2098332  -0.12196932 -0.62866247
  0.1179332   0.12951539 -0.46763504  0.21942987  0.26576729 -0.62303615
  0.00450621  0.39391789 -0.01471433  0.05218549 -0.53314506  0.49705949
  0.58923563  0.55392505  0.62604944  0.23253555 -0.18321502  0.56846257
 -0.15925746  0.42637594 -0.62191282  0.13679123  0.33999379 -0.65473755
  0.02308335 -0.22637586  0.08985266 -0.29173965  0.25713808 -0.53348145
 -0.27468821 -0.82717692 -0.49177832 -0.23063313 -0.19015759]
881,[ 0.17742543  0.09558434 -0.03270152  0.11899762  0.35633357  0.10358087
 -0.06562942  0.67402727  0.37529488 -0.54124324 -0.04886553 -0.14569071
  0.19332645  0.40592333 -0.32519643  0.2098596  -0.12195259 -0.62865244
  0.1179154   0.12953422 -0.46763779  0.21941305  0.26576162 -0.62306262
  0.00447898  0.39390479 -0.01466544  0.05216914 -0.53316665  0.49710383
  0.58919297  0.55393658  0.62606905  0.23253637 -0.18319847  0.56846722
 -0.15927549  0.426364   -0.62190524  0.13677185  0.33999814 -0.65470482
  0.02304564 -0.22637907  0.08983038 -0.29174623  0.25716192 -0.53342826
 -0.27471861 -0.82717324 -0.49179067 -0.23062852 -0.19016629]
882,[ 0.17745677  0.09559696 -0.03278183  0.11901496  0.35635148  0.10356167
 -0.06560128  0.67399727  0.37526389 -0.54123019 -0.04886099 -0.14565705
  0.19330985  0.40595496 -0.3251974   0.20988598 -0.12193587 -0.62864243
  0.11789762  0.12955303 -0.46764053  0.21939626  0.26575596 -0.62308906
  0.00445178  0.3938917  -0.01461659  0.05215281 -0.53318823  0.49714813
  0.58915035  0.5539481   0.62608864  0.23253718 -0.18318194  0.56847187
 -0.1592935   0.42635208 -0.62189766  0.13675248  0.34000248 -0.65467213
  0.02300798 -0.22638229  0.08980813 -0.2917528   0.25718572 -0.53337514
 -0.27474898 -0.82716956 -0.49180301 -0.23062392 -0.19017498]
883,[ 0.17748807  0.09560955 -0.03286204  0.11903229  0.35636937  0.10354249
 -0.06557317  0.67396729  0.37523294 -0.54121716 -0.04885645 -0.14562342
  0.19329326  0.40598655 -0.32519837  0.20991233 -0.12191918 -0.62863242
  0.11787986  0.12957182 -0.46764327  0.21937948  0.2657503  -0.62311548
  0.00442461  0.39387862 -0.0145678   0.0521365  -0.53320977  0.49719237
  0.58910779  0.5539596   0.62610821  0.23253799 -0.18316543  0.56847651
 -0.15931149  0.42634016 -0.62189009  0.13673313  0.34000682 -0.65463947
  0.02297036 -0.22638549  0.0897859  -0.29175936  0.2572095  -0.53332207
 -0.27477932 -0.82716588 -0.49181533 -0.23061933 -0.19018366]
884,[ 0.17751934  0.09562214 -0.03294217  0.11904959  0.35638724  0.10352333
 -0.06554508  0.67393735  0.37520202 -0.54120414 -0.04885192 -0.14558984
  0.1932767   0.40601811 -0.32519934  0.20993865 -0.1219025  -0.62862243
  0.11786212  0.12959059 -0.467646    0.21936272  0.26574465 -0.62314186
  0.00439747  0.39386556 -0.01451907  0.05212021 -0.5332313   0.49723657
  0.58906527  0.55397109  0.62612776  0.2325388  -0.18314893  0.56848114
 -0.15932946  0.42632827 -0.62188253  0.13671381  0.34001115 -0.65460686
  0.02293278 -0.2263887   0.0897637  -0.29176591  0.25723325 -0.53326906
 -0.27480962 -0.82716221 -0.49182764 -0.23061474 -0.19019232]
885,[ 0.17755058  0.0956347  -0.03302221  0.11906688  0.35640509  0.10350419
 -0.06551703  0.67390745  0.37517114 -0.54119113 -0.04884739 -0.14555629
  0.19326015  0.40604963 -0.32520031  0.20996493 -0.12188585 -0.62861245
  0.1178444   0.12960933 -0.46764874  0.21934598  0.26573901 -0.62316821
  0.00437037  0.39385251 -0.01447039  0.05210394 -0.5332528   0.49728071
  0.5890228   0.55398257  0.62614728  0.23253961 -0.18313246  0.56848577
 -0.1593474   0.42631638 -0.62187498  0.13669451  0.34001548 -0.65457427
  0.02289524 -0.2263919   0.08974152 -0.29177245  0.25725698 -0.53321611
 -0.27483988 -0.82715854 -0.49183993 -0.23061015 -0.19020098]
886,[ 0.17758177  0.09564726 -0.03310216  0.11908415  0.35642291  0.10348508
 -0.06548901  0.67387758  0.37514029 -0.54117814 -0.04884286 -0.14552278
  0.19324363  0.40608112 -0.32520127  0.20999119 -0.12186921 -0.62860248
  0.1178267   0.12962806 -0.46765147  0.21932925  0.26573337 -0.62319453
  0.00434329  0.39383948 -0.01442177  0.05208768 -0.53327427  0.49732481
  0.58898037  0.55399403  0.62616678  0.23254042 -0.183116    0.5684904
 -0.15936533  0.42630451 -0.62186744  0.13667523  0.3400198  -0.65454173
  0.02285775 -0.2263951   0.08971937 -0.29177899  0.25728068 -0.53316322
 -0.27487011 -0.82715487 -0.49185221 -0.23060557 -0.19020963]
887,[ 0.17761294  0.0956598  -0.03318201  0.1191014   0.35644072  0.10346598
 -0.06546103  0.67384774  0.37510948 -0.54116516 -0.04883835 -0.1454893
  0.19322712  0.40611257 -0.32520224  0.21001742 -0.12185259 -0.62859253
  0.11780902  0.12964677 -0.46765419  0.21931255  0.26572774 -0.62322083
  0.00431624  0.39382646 -0.0143732   0.05207144 -0.53329572  0.49736885
  0.588938    0.55400548  0.62618626  0.23254123 -0.18309956  0.56849502
 -0.15938324  0.42629266 -0.62185991  0.13665598  0.34002412 -0.65450922
  0.0228203  -0.22639829  0.08969724 -0.29178552  0.25730435 -0.53311039
 -0.27490031 -0.82715121 -0.49186448 -0.230601   -0.19021827]
888,[ 0.17764406  0.09567233 -0.03326178  0.11911863  0.35645851  0.10344691
 -0.06543307  0.67381793  0.3750787  -0.5411522  -0.04883383 -0.14545587
  0.19321063  0.40614398 -0.3252032   0.21004362 -0.12183599 -0.62858258
  0.11779136  0.12966545 -0.46765692  0.21929587  0.26572211 -0.62324709
  0.00428923  0.39381346 -0.01432468  0.05205522 -0.53331715  0.49741285
  0.58889567  0.55401692  0.62620572  0.23254204 -0.18308314  0.56849963
 -0.15940112  0.42628081 -0.62185238  0.13663674  0.34002843 -0.65447675
  0.02278289 -0.22640148  0.08967514 -0.29179204  0.257328   -0.53305763
 -0.27493048 -0.82714755 -0.49187674 -0.23059643 -0.1902269 ]
889,[ 0.17767516  0.09568484 -0.03334146  0.11913583  0.35647628  0.10342786
 -0.06540515  0.67378816  0.37504796 -0.54113925 -0.04882933 -0.14542247
  0.19319416  0.40617536 -0.32520417  0.21006979 -0.12181941 -0.62857264
  0.11777372  0.12968411 -0.46765964  0.2192792   0.26571649 -0.62327332
  0.00426224  0.39380047 -0.01427622  0.05203902 -0.53333855  0.4974568
  0.58885339  0.55402835  0.62622516  0.23254285 -0.18306674  0.56850424
 -0.15941899  0.42626898 -0.62184486  0.13661753  0.34003274 -0.65444432
  0.02274552 -0.22640466  0.08965306 -0.29179856  0.25735161 -0.53300491
 -0.27496061 -0.8271439  -0.49188898 -0.23059186 -0.19023552]
890,[ 0.17770621  0.09569734 -0.03342105  0.11915302  0.35649403  0.10340883
 -0.06537725  0.67375843  0.37501725 -0.54112631 -0.04882482 -0.14538911
  0.1931777   0.40620671 -0.32520513  0.21009593 -0.12180284 -0.62856272
  0.1177561   0.12970275 -0.46766236  0.21926255  0.26571088 -0.62329953
  0.00423529  0.3937875  -0.01422782  0.05202284 -0.53335993  0.49750069
  0.58881115  0.55403976  0.62624457  0.23254365 -0.18305036  0.56850884
 -0.15943684  0.42625717 -0.62183736  0.13659833  0.34003704 -0.65441192
  0.0227082  -0.22640785  0.08963101 -0.29180507  0.25737521 -0.53295226
 -0.2749907  -0.82714025 -0.4919012  -0.2305873  -0.19024413]
891,[ 0.17773724  0.09570982 -0.03350054  0.11917019  0.35651176  0.10338982
 -0.06534939  0.67372872  0.37498657 -0.5411134  -0.04882032 -0.14535579
  0.19316127  0.40623802 -0.32520609  0.21012204 -0.1217863  -0.62855281
  0.1177385   0.12972137 -0.46766507  0.21924592  0.26570528 -0.6233257
  0.00420836  0.39377454 -0.01417947  0.05200668 -0.53338128  0.49754454
  0.58876897  0.55405116  0.62626396  0.23254446 -0.18303399  0.56851344
 -0.15945466  0.42624536 -0.62182986  0.13657916  0.34004134 -0.65437956
  0.02267091 -0.22641103  0.08960898 -0.29181157  0.25739877 -0.53289967
 -0.27502076 -0.82713661 -0.49191341 -0.23058275 -0.19025273]
892,[ 0.17776822  0.09572229 -0.03357995  0.11918735  0.35652947  0.10337084
 -0.06532156  0.67369905  0.37495593 -0.54110049 -0.04881583 -0.14532251
  0.19314485  0.40626929 -0.32520705  0.21014813 -0.12176977 -0.6285429
  0.11772092  0.12973997 -0.46766778  0.21922931  0.26569968 -0.62335185
  0.00418147  0.3937616  -0.01413117  0.05199053 -0.53340261  0.49758834
  0.58872683  0.55406255  0.62628333  0.23254526 -0.18301764  0.56851803
 -0.15947247  0.42623357 -0.62182236  0.13656001  0.34004563 -0.65434723
  0.02263367 -0.2264142   0.08958698 -0.29181806  0.25742231 -0.53284714
 -0.27505079 -0.82713297 -0.49192561 -0.2305782  -0.19026132]
893,[ 0.17779918  0.09573475 -0.03365927  0.11920448  0.35654715  0.10335187
 -0.06529376  0.67366942  0.37492533 -0.5410876  -0.04881134 -0.14528926
  0.19312846  0.40630053 -0.32520801  0.21017418 -0.12175327 -0.62853301
  0.11770336  0.12975855 -0.46767049  0.21921272  0.26569408 -0.62337796
  0.0041546   0.39374867 -0.01408293  0.0519744  -0.53342392  0.49763209
  0.58868474  0.55407392  0.62630268  0.23254607 -0.18300132  0.56852262
 -0.15949026  0.4262218  -0.62181488  0.13654089  0.34004992 -0.65431495
  0.02259647 -0.22641737  0.089565   -0.29182455  0.25744582 -0.53279467
 -0.27508079 -0.82712933 -0.4919378  -0.23057366 -0.19026991]
894,[ 0.1778301   0.09574719 -0.0337385   0.11922159  0.35656482  0.10333293
 -0.065266    0.67363981  0.37489476 -0.54107473 -0.04880686 -0.14525605
  0.19311208  0.40633173 -0.32520897  0.2102002  -0.12173678 -0.62852313
  0.11768581  0.12977711 -0.4676732   0.21919615  0.2656885  -0.62340405
  0.00412777  0.39373575 -0.01403474  0.05195829 -0.5334452   0.49767579
  0.5886427   0.55408528  0.62632201  0.23254687 -0.18298501  0.5685272
 -0.15950802  0.42621003 -0.62180741  0.13652178  0.34005421 -0.65428269
  0.02255932 -0.22642054  0.08954305 -0.29183103  0.25746931 -0.53274225
 -0.27511075 -0.8271257  -0.49194997 -0.23056912 -0.19027848]
895,[ 0.17786098  0.09575962 -0.03381764  0.11923868  0.35658247  0.103314
 -0.06523826  0.67361024  0.37486422 -0.54106187 -0.04880238 -0.14522288
  0.19309572  0.4063629  -0.32520992  0.2102262  -0.12172031 -0.62851327
  0.11766829  0.12979565 -0.4676759   0.2191796   0.26568292 -0.62343011
  0.00410097  0.39372285 -0.01398661  0.0519422  -0.53346646  0.49771944
  0.5886007   0.55409663  0.62634132  0.23254767 -0.18296872  0.56853178
 -0.15952577  0.42619828 -0.62179994  0.1365027   0.34005849 -0.65425048
  0.0225222  -0.2264237   0.08952112 -0.2918375   0.25749277 -0.5326899
 -0.27514067 -0.82712207 -0.49196212 -0.23056458 -0.19028704]
896,[ 0.17789183  0.09577203 -0.03389669  0.11925576  0.3566001   0.1032951
 -0.06521056  0.6735807   0.37483372 -0.54104902 -0.04879791 -0.14518974
  0.19307938  0.40639403 -0.32521088  0.21025216 -0.12170386 -0.62850341
  0.11765079  0.12981416 -0.4676786   0.21916306  0.26567734 -0.62345613
  0.00407419  0.39370997 -0.01393853  0.05192613 -0.5334877   0.49776304
  0.58855875  0.55410796  0.6263606   0.23254847 -0.18295244  0.56853635
 -0.15954349  0.42618654 -0.62179248  0.13648363  0.34006276 -0.6542183
  0.02248513 -0.22642687  0.08949921 -0.29184396  0.2575162  -0.5326376
 -0.27517057 -0.82711845 -0.49197427 -0.23056005 -0.19029559]
897,[ 0.17792264  0.09578443 -0.03397566  0.11927281  0.35661771  0.10327622
 -0.06518288  0.6735512   0.37480325 -0.54103619 -0.04879344 -0.14515664
  0.19306305  0.40642513 -0.32521183  0.2102781  -0.12168742 -0.62849356
  0.11763331  0.12983266 -0.46768129  0.21914655  0.26567177 -0.62348213
  0.00404745  0.3936971  -0.0138905   0.05191007 -0.53350891  0.49780659
  0.58851685  0.55411929  0.62637986  0.23254927 -0.18293619  0.56854092
 -0.1595612   0.42617482 -0.62178503  0.13646459  0.34006703 -0.65418615
  0.0224481  -0.22643002  0.08947733 -0.29185042  0.25753961 -0.53258536
 -0.27520043 -0.82711483 -0.4919864  -0.23055553 -0.19030414]
898,[ 0.17795342  0.09579682 -0.03405453  0.11928985  0.3566353   0.10325736
 -0.06515524  0.67352173  0.37477281 -0.54102337 -0.04878898 -0.14512358
  0.19304675  0.4064562  -0.32521279  0.210304   -0.12167101 -0.62848373
  0.11761585  0.12985113 -0.46768399  0.21913005  0.26566621 -0.6235081
  0.00402074  0.39368424 -0.01384253  0.05189403 -0.53353009  0.49785009
  0.588475    0.5541306   0.6263991   0.23255007 -0.18291995  0.56854548
 -0.15957889  0.42616311 -0.62177759  0.13644557  0.3400713  -0.65415405
  0.02241111 -0.22643318  0.08945548 -0.29185687  0.25756299 -0.53253319
 -0.27523025 -0.82711121 -0.49199851 -0.23055101 -0.19031267]
899,[ 0.17798416  0.09580919 -0.03413332  0.11930686  0.35665287  0.10323853
 -0.06512763  0.67349229  0.37474242 -0.54101057 -0.04878452 -0.14509056
  0.19303046  0.40648722 -0.32521374  0.21032988 -0.12165461 -0.6284739
  0.1175984   0.12986959 -0.46768668  0.21911357  0.26566066 -0.62353404
  0.00399405  0.3936714  -0.01379461  0.05187801 -0.53355125  0.49789355
  0.58843319  0.55414189  0.62641832  0.23255087 -0.18290373  0.56855004
 -0.15959655  0.42615141 -0.62177016  0.13642657  0.34007556 -0.65412198
  0.02237416 -0.22643633  0.08943365 -0.29186331  0.25758635 -0.53248107
 -0.27526005 -0.8271076  -0.49201062 -0.2305465  -0.19032119]
900,[ 0.17801487  0.09582155 -0.03421201  0.11932386  0.35667042  0.10321971
 -0.06510005  0.67346289  0.37471205 -0.54099778 -0.04878007 -0.14505758
  0.19301419  0.40651822 -0.32521469  0.21035573 -0.12163824 -0.62846409
  0.11758098  0.12988802 -0.46768937  0.21909711  0.26565511 -0.62355995
  0.0039674   0.39365857 -0.01374675  0.05186201 -0.53357239  0.49793695
  0.58839143  0.55415318  0.62643752  0.23255167 -0.18288753  0.56855459
 -0.1596142   0.42613973 -0.62176274  0.13640759  0.34007981 -0.65408994
  0.02233725 -0.22643947  0.08941184 -0.29186975  0.25760967 -0.532429
 -0.2752898  -0.82710399 -0.49202271 -0.23054199 -0.19032971]
901,[ 0.17804555  0.09583389 -0.03429062  0.11934084  0.35668795  0.10320092
 -0.0650725   0.67343352  0.37468172 -0.540985   -0.04877562 -0.14502463
  0.19299794  0.40654918 -0.32521564  0.21038154 -0.12162188 -0.62845429
  0.11756358  0.12990643 -0.46769205  0.21908067  0.26564956 -0.62358583
  0.00394078  0.39364576 -0.01369894  0.05184603 -0.53359351  0.49798031
  0.58834972  0.55416445  0.62645669  0.23255246 -0.18287135  0.56855914
 -0.15963183  0.42612806 -0.62175532  0.13638864  0.34008406 -0.65405794
  0.02230039 -0.22644262  0.08939006 -0.29187617  0.25763297 -0.532377
 -0.27531953 -0.82710039 -0.49203478 -0.23053749 -0.19033821]
902,[ 0.17807619  0.09584622 -0.03436914  0.1193578   0.35670546  0.10318214
 -0.06504498  0.67340418  0.37465142 -0.54097224 -0.04877118 -0.14499171
  0.19298171  0.4065801  -0.32521659  0.21040733 -0.12160554 -0.6284445
  0.11754619  0.12992482 -0.46769473  0.21906424  0.26564403 -0.62361169
  0.00391419  0.39363296 -0.01365118  0.05183006 -0.5336146   0.49802362
  0.58830805  0.55417571  0.62647585  0.23255326 -0.18285519  0.56856368
 -0.15964943  0.4261164  -0.62174791  0.1363697   0.34008831 -0.65402598
  0.02226356 -0.22644576  0.08936831 -0.2918826   0.25765625 -0.53232506
 -0.27534922 -0.82709679 -0.49204684 -0.23053299 -0.19034671]
903,[ 0.17810679  0.09585854 -0.03444757  0.11937474  0.35672295  0.10316339
 -0.06501749  0.67337488  0.37462116 -0.5409595  -0.04876675 -0.14495884
  0.1929655   0.40661099 -0.32521754  0.21043309 -0.12158921 -0.62843472
  0.11752883  0.1299432  -0.46769741  0.21904784  0.2656385  -0.62363751
  0.00388762  0.39362017 -0.01360348  0.05181411 -0.53363567  0.49806687
  0.58826643  0.55418696  0.62649498  0.23255405 -0.18283904  0.56856822
 -0.15966702  0.42610475 -0.62174051  0.13635079  0.34009255 -0.65399405
  0.02222678 -0.22644889  0.08934658 -0.29188901  0.2576795  -0.53227317
 -0.27537888 -0.82709319 -0.49205889 -0.2305285  -0.19035519]
904,[ 0.17813737  0.09587084 -0.03452591  0.11939166  0.35674042  0.10314466
 -0.06499004  0.6733456   0.37459093 -0.54094677 -0.04876231 -0.144926
  0.1929493   0.40664184 -0.32521849  0.21045883 -0.12157291 -0.62842495
  0.11751148  0.12996155 -0.46770008  0.21903145  0.26563297 -0.6236633
  0.00386109  0.3936074  -0.01355584  0.05179819 -0.53365671  0.49811008
  0.58822486  0.55419819  0.62651409  0.23255485 -0.18282292  0.56857275
 -0.15968459  0.42609312 -0.62173312  0.1363319   0.34009678 -0.65396216
  0.02219004 -0.22645203  0.08932487 -0.29189542  0.25770272 -0.53222135
 -0.2754085  -0.8270896  -0.49207093 -0.23052401 -0.19036367]
905,[ 0.1781679   0.09588313 -0.03460417  0.11940856  0.35675787  0.10312595
 -0.06496261  0.67331636  0.37456074 -0.54093405 -0.04875789 -0.1448932
  0.19293312  0.40667266 -0.32521943  0.21048453 -0.12155662 -0.62841519
  0.11749416  0.12997987 -0.46770276  0.21901508  0.26562745 -0.62368907
  0.00383459  0.39359465 -0.01350824  0.05178227 -0.53367773  0.49815325
  0.58818333  0.55420941  0.62653318  0.23255564 -0.18280681  0.56857728
 -0.15970213  0.4260815  -0.62172574  0.13631303  0.34010102 -0.65393031
  0.02215334 -0.22645516  0.08930318 -0.29190181  0.25772592 -0.53216958
 -0.2754381  -0.82708601 -0.49208295 -0.23051953 -0.19037213]
906,[ 0.17819841  0.0958954  -0.03468233  0.11942544  0.3567753   0.10310726
 -0.06493522  0.67328716  0.37453058 -0.54092135 -0.04875346 -0.14486044
  0.19291697  0.40670344 -0.32522038  0.2105102  -0.12154036 -0.62840544
  0.11747685  0.12999818 -0.46770543  0.21899873  0.26562194 -0.62371481
  0.00380811  0.3935819  -0.0134607   0.05176638 -0.53369873  0.49819636
  0.58814185  0.55422062  0.62655225  0.23255643 -0.18279072  0.5685818
 -0.15971966  0.4260699  -0.62171836  0.13629418  0.34010524 -0.65389849
  0.02211668 -0.22645828  0.08928153 -0.29190821  0.25774909 -0.53211787
 -0.27546765 -0.82708243 -0.49209495 -0.23051505 -0.19038059]
907,[ 0.17822887  0.09590766 -0.03476041  0.11944231  0.35679271  0.10308859
 -0.06490785  0.67325799  0.37450045 -0.54090866 -0.04874905 -0.14482771
  0.19290083  0.40673419 -0.32522132  0.21053585 -0.12152411 -0.62839571
  0.11745956  0.13001647 -0.46770809  0.2189824   0.26561643 -0.62374051
  0.00378167  0.39356918 -0.01341321  0.0517505  -0.5337197   0.49823942
  0.58810042  0.55423182  0.62657129  0.23255722 -0.18277464  0.56858631
 -0.15973717  0.4260583  -0.621711    0.13627535  0.34010946 -0.65386671
  0.02208007 -0.2264614   0.08925989 -0.29191459  0.25777223 -0.53206622
 -0.27549718 -0.82707885 -0.49210695 -0.23051057 -0.19038904]
908,[ 0.17825931  0.09591991 -0.0348384   0.11945915  0.35681011  0.10306994
 -0.06488052  0.67322884  0.37447036 -0.54089599 -0.04874463 -0.14479502
  0.1928847   0.40676491 -0.32522226  0.21056146 -0.12150788 -0.62838598
  0.1174423   0.13003474 -0.46771076  0.21896609  0.26561094 -0.62376619
  0.00375526  0.39355647 -0.01336578  0.05173465 -0.53374065  0.49828244
  0.58805904  0.554243    0.62659032  0.23255801 -0.18275859  0.56859082
 -0.15975466  0.42604672 -0.62170364  0.13625654  0.34011368 -0.65383496
  0.02204349 -0.22646452  0.08923828 -0.29192097  0.25779535 -0.53201462
 -0.27552667 -0.82707527 -0.49211893 -0.23050611 -0.19039747]
909,[ 0.17828971  0.09593214 -0.0349163   0.11947598  0.35682748  0.10305132
 -0.06485322  0.67319974  0.3744403  -0.54088333 -0.04874023 -0.14476237
  0.1928686   0.40679559 -0.3252232   0.21058705 -0.12149166 -0.62837627
  0.11742505  0.13005299 -0.46771342  0.2189498   0.26560544 -0.62379184
  0.00372887  0.39354377 -0.0133184   0.05171881 -0.53376158  0.4983254
  0.5880177   0.55425417  0.62660932  0.2325588  -0.18274255  0.56859533
 -0.15977213  0.42603516 -0.62169629  0.13623776  0.34011789 -0.65380325
  0.02200696 -0.22646764  0.0892167  -0.29192734  0.25781845 -0.53196309
 -0.27555613 -0.8270717  -0.4921309  -0.23050164 -0.1904059 ]
910,[ 0.17832007  0.09594436 -0.03499412  0.11949278  0.35684483  0.10303271
 -0.06482595  0.67317066  0.37441027 -0.54087068 -0.04873582 -0.14472975
  0.19285251  0.40682624 -0.32522415  0.21061261 -0.12147547 -0.62836656
  0.11740782  0.13007121 -0.46771607  0.21893352  0.26559995 -0.62381746
  0.00370252  0.39353108 -0.01327107  0.05170298 -0.53378248  0.49836832
  0.58797641  0.55426533  0.6266283   0.23255959 -0.18272653  0.56859983
 -0.15978958  0.4260236  -0.62168895  0.13621899  0.3401221  -0.65377157
  0.02197046 -0.22647075  0.08919514 -0.2919337   0.25784151 -0.53191161
 -0.27558556 -0.82706813 -0.49214285 -0.23049719 -0.19041432]
911,[ 0.17835041  0.09595657 -0.03507184  0.11950957  0.35686216  0.10301413
 -0.06479871  0.67314162  0.37438028 -0.54085805 -0.04873143 -0.14469717
  0.19283644  0.40685685 -0.32522509  0.21063814 -0.12145929 -0.62835687
  0.11739061  0.13008942 -0.46771873  0.21891726  0.26559447 -0.62384305
  0.00367619  0.39351841 -0.0132238   0.05168718 -0.53380336  0.49841119
  0.58793516  0.55427647  0.62664726  0.23256038 -0.18271053  0.56860433
 -0.159807    0.42601206 -0.62168162  0.13620025  0.3401263  -0.65373993
  0.02193401 -0.22647386  0.0891736  -0.29194006  0.25786455 -0.53186019
 -0.27561495 -0.82706457 -0.49215479 -0.23049273 -0.19042273]
912,[ 0.1783807   0.09596876 -0.03514948  0.11952634  0.35687948  0.10299556
 -0.0647715   0.67311261  0.37435032 -0.54084543 -0.04872703 -0.14466463
  0.19282039  0.40688742 -0.32522602  0.21066364 -0.12144314 -0.62834719
  0.11737342  0.1301076  -0.46772138  0.21890102  0.265589   -0.62386862
  0.0036499   0.39350576 -0.01317658  0.05167139 -0.53382421  0.49845402
  0.58789396  0.55428761  0.6266662   0.23256117 -0.18269455  0.56860882
 -0.15982441  0.42600054 -0.62167429  0.13618153  0.3401305  -0.65370833
  0.0218976  -0.22647696  0.08915209 -0.29194641  0.25788757 -0.53180883
 -0.27564431 -0.82706101 -0.49216672 -0.23048829 -0.19043113]
913,[ 0.17841097  0.09598094 -0.03522703  0.11954309  0.35689677  0.10297702
 -0.06474432  0.67308363  0.3743204  -0.54083283 -0.04872265 -0.14463212
  0.19280436  0.40691797 -0.32522696  0.21068911 -0.121427   -0.62833752
  0.11735625  0.13012577 -0.46772403  0.2188848   0.26558353 -0.62389415
  0.00362363  0.39349312 -0.01312941  0.05165562 -0.53384504  0.49849679
  0.58785281  0.55429873  0.62668512  0.23256195 -0.18267859  0.5686133
 -0.1598418   0.42598902 -0.62166698  0.13616283  0.3401347  -0.65367676
  0.02186123 -0.22648006  0.0891306  -0.29195275  0.25791056 -0.53175752
 -0.27567363 -0.82705746 -0.49217863 -0.23048384 -0.19043952]
914,[ 0.17844119  0.09599311 -0.0353045   0.11955982  0.35691405  0.1029585
 -0.06471717  0.67305469  0.37429051 -0.54082024 -0.04871826 -0.14459965
  0.19278835  0.40694848 -0.3252279   0.21071455 -0.12141088 -0.62832786
  0.1173391   0.13014391 -0.46772667  0.2188686   0.26557807 -0.62391966
  0.0035974   0.39348049 -0.0130823   0.05163987 -0.53386585  0.49853952
  0.5878117   0.55430983  0.62670402  0.23256274 -0.18266264  0.56861779
 -0.15985917  0.42597752 -0.62165967  0.13614415  0.34013888 -0.65364522
  0.0218249  -0.22648316  0.08910913 -0.29195908  0.25793352 -0.53170628
 -0.27570293 -0.8270539  -0.49219053 -0.23047941 -0.1904479 ]
915,[ 0.17847139  0.09600526 -0.03538188  0.11957653  0.3569313   0.10294
 -0.06469005  0.67302578  0.37426065 -0.54080767 -0.04871389 -0.14456722
  0.19277235  0.40697895 -0.32522883  0.21073997 -0.12139477 -0.62831821
  0.11732197  0.13016204 -0.46772931  0.21885241  0.26557261 -0.62394513
  0.00357119  0.39346788 -0.01303524  0.05162414 -0.53388664  0.49858219
  0.58777064  0.55432093  0.62672289  0.23256352 -0.18264671  0.56862226
 -0.15987653  0.42596603 -0.62165237  0.13612549  0.34014307 -0.65361373
  0.02178861 -0.22648625  0.08908769 -0.29196541  0.25795646 -0.53165509
 -0.27573219 -0.82705036 -0.49220242 -0.23047497 -0.19045627]
916,[ 0.17850155  0.09601739 -0.03545917  0.11959323  0.35694854  0.10292152
 -0.06466296  0.6729969   0.37423083 -0.54079511 -0.04870951 -0.14453482
  0.19275638  0.40700939 -0.32522977  0.21076535 -0.12137869 -0.62830857
  0.11730486  0.13018014 -0.46773195  0.21883625  0.26556716 -0.62397058
  0.00354501  0.39345528 -0.01298823  0.05160842 -0.5339074   0.49862482
  0.58772963  0.55433201  0.62674174  0.2325643  -0.1826308   0.56862673
 -0.15989386  0.42595456 -0.62164508  0.13610685  0.34014725 -0.65358226
  0.02175236 -0.22648934  0.08906628 -0.29197173  0.25797937 -0.53160396
 -0.27576141 -0.82704681 -0.49221429 -0.23047055 -0.19046463]
917,[ 0.17853168  0.09602952 -0.03553637  0.1196099   0.35696576  0.10290306
 -0.06463591  0.67296805  0.37420104 -0.54078256 -0.04870514 -0.14450246
  0.19274042  0.40703979 -0.3252307   0.21079071 -0.12136262 -0.62829895
  0.11728777  0.13019822 -0.46773459  0.2188201   0.26556172 -0.623996
  0.00351887  0.39344269 -0.01294127  0.05159273 -0.53392813  0.4986674
  0.58768866  0.55434308  0.62676058  0.23256509 -0.18261491  0.5686312
 -0.15991117  0.42594309 -0.62163779  0.13608823  0.34015142 -0.65355084
  0.02171616 -0.22649243  0.08904489 -0.29197804  0.25800225 -0.53155288
 -0.27579061 -0.82704327 -0.49222615 -0.23046612 -0.19047299]
918,[ 0.17856177  0.09604163 -0.03561348  0.11962656  0.35698295  0.10288462
 -0.06460888  0.67293924  0.37417129 -0.54077003 -0.04870078 -0.14447014
  0.19272447  0.40707016 -0.32523163  0.21081604 -0.12134657 -0.62828933
  0.11727069  0.13021629 -0.46773722  0.21880397  0.26555628 -0.62402139
  0.00349275  0.39343012 -0.01289437  0.05157705 -0.53394885  0.49870994
  0.58764774  0.55435414  0.62677939  0.23256587 -0.18259904  0.56863566
 -0.15992846  0.42593164 -0.62163052  0.13606963  0.34015559 -0.65351944
  0.02167999 -0.22649551  0.08902352 -0.29198435  0.25802511 -0.53150187
 -0.27581977 -0.82703974 -0.49223799 -0.2304617  -0.19048133]
919,[ 0.17859183  0.09605372 -0.03569051  0.1196432   0.35700013  0.1028662
 -0.06458188  0.67291046  0.37414156 -0.54075751 -0.04869642 -0.14443785
  0.19270855  0.4071005  -0.32523256  0.21084134 -0.12133054 -0.62827973
  0.11725364  0.13023433 -0.46773985  0.21878786  0.26555085 -0.62404675
  0.00346666  0.39341757 -0.01284752  0.05156138 -0.53396954  0.49875242
  0.58760686  0.55436519  0.62679818  0.23256665 -0.18258318  0.56864011
 -0.15994573  0.42592021 -0.62162325  0.13605106  0.34015976 -0.65348809
  0.02164387 -0.22649859  0.08900217 -0.29199065  0.25804795 -0.53145091
 -0.2758489  -0.82703621 -0.49224983 -0.23045729 -0.19048966]
920,[ 0.17862185  0.09606581 -0.03576746  0.11965981  0.35701729  0.1028478
 -0.06455492  0.67288171  0.37411188 -0.54074501 -0.04869207 -0.1444056
  0.19269264  0.4071308  -0.32523349  0.21086661 -0.12131453 -0.62827013
  0.1172366   0.13025235 -0.46774248  0.21877176  0.26554542 -0.62407208
  0.0034406   0.39340502 -0.01280072  0.05154574 -0.53399021  0.49879486
  0.58756603  0.55437622  0.62681695  0.23256743 -0.18256734  0.56864456
 -0.15996299  0.42590878 -0.62161599  0.1360325   0.34016392 -0.65345677
  0.02160778 -0.22650167  0.08898085 -0.29199694  0.25807075 -0.53140001
 -0.27587799 -0.82703268 -0.49226165 -0.23045288 -0.19049799]
921,[ 0.17865185  0.09607788 -0.03584431  0.11967641  0.35703443  0.10282943
 -0.06452798  0.67285299  0.37408222 -0.54073252 -0.04868772 -0.14437339
  0.19267676  0.40716107 -0.32523442  0.21089186 -0.12129853 -0.62826055
  0.11721959  0.13027035 -0.4677451   0.21875569  0.26554    -0.62409739
  0.00341457  0.3933925  -0.01275398  0.05153011 -0.53401085  0.49883725
  0.58752525  0.55438724  0.6268357   0.23256821 -0.18255152  0.56864901
 -0.15998022  0.42589737 -0.62160874  0.13601397  0.34016807 -0.65342548
  0.02157174 -0.22650474  0.08895956 -0.29200323  0.25809354 -0.53134916
 -0.27590706 -0.82702916 -0.49227345 -0.23044848 -0.1905063 ]
922,[ 0.1786818   0.09608993 -0.03592108  0.11969299  0.35705155  0.10281107
 -0.06450108  0.67282431  0.3740526  -0.54072004 -0.04868338 -0.14434121
  0.19266089  0.40719131 -0.32523535  0.21091707 -0.12128256 -0.62825098
  0.11720259  0.13028833 -0.46774773  0.21873963  0.26553459 -0.62412267
  0.00338857  0.39337998 -0.01270729  0.0515145  -0.53403147  0.49887959
  0.58748451  0.55439825  0.62685442  0.23256898 -0.18253572  0.56865345
 -0.15999743  0.42588597 -0.6216015   0.13599546  0.34017222 -0.65339423
  0.02153574 -0.22650781  0.08893829 -0.2920095   0.25811629 -0.53129838
 -0.27593609 -0.82702564 -0.49228525 -0.23044408 -0.19051461]
923,[ 0.17871173  0.09610197 -0.03599776  0.11970956  0.35706865  0.10279274
 -0.0644742   0.67279566  0.37402301 -0.54070758 -0.04867904 -0.14430907
  0.19264503  0.40722151 -0.32523628  0.21094226 -0.1212666  -0.62824141
  0.11718561  0.1303063  -0.46775034  0.21872359  0.26552918 -0.62414791
  0.0033626   0.39336748 -0.01266065  0.05149891 -0.53405207  0.49892189
  0.58744382  0.55440924  0.62687313  0.23256976 -0.18251993  0.56865789
 -0.16001463  0.42587459 -0.62159427  0.13597697  0.34017637 -0.65336301
  0.02149977 -0.22651088  0.08891704 -0.29201577  0.25813902 -0.53124765
 -0.27596508 -0.82702212 -0.49229703 -0.23043969 -0.1905229 ]
924,[ 0.17874162  0.096114   -0.03607436  0.1197261   0.35708573  0.10277442
 -0.06444736  0.67276704  0.37399346 -0.54069513 -0.04867471 -0.14427696
  0.1926292   0.40725167 -0.32523721  0.21096742 -0.12125066 -0.62823186
  0.11716865  0.13032424 -0.46775296  0.21870757  0.26552378 -0.62417313
  0.00333666  0.393355   -0.01261406  0.05148334 -0.53407265  0.49896414
  0.58740318  0.55442023  0.62689181  0.23257054 -0.18250416  0.56866232
 -0.16003181  0.42586322 -0.62158704  0.1359585   0.34018051 -0.65333183
  0.02146385 -0.22651394  0.08889582 -0.29202204  0.25816173 -0.53119698
 -0.27599405 -0.82701861 -0.49230879 -0.2304353  -0.19053119]
925,[ 0.17877147  0.09612602 -0.03615087  0.11974263  0.35710279  0.10275613
 -0.06442055  0.67273845  0.37396393 -0.5406827  -0.04867038 -0.14424489
  0.19261338  0.40728181 -0.32523813  0.21099255 -0.12123474 -0.62822232
  0.11715171  0.13034216 -0.46775557  0.21869157  0.26551838 -0.62419832
  0.00331075  0.39334253 -0.01256753  0.05146778 -0.5340932   0.49900634
  0.58736258  0.5544312   0.62691048  0.23257131 -0.18248841  0.56866674
 -0.16004896  0.42585186 -0.62157982  0.13594005  0.34018465 -0.65330069
  0.02142797 -0.226517    0.08887462 -0.29202829  0.25818441 -0.53114636
 -0.27602298 -0.8270151  -0.49232054 -0.23043092 -0.19053947]
926,[ 0.1788013   0.09613802 -0.0362273   0.11975913  0.35711984  0.10273786
 -0.06439376  0.6727099   0.37393445 -0.54067028 -0.04866605 -0.14421286
  0.19259758  0.4073119  -0.32523905  0.21101765 -0.12121883 -0.62821279
  0.11713479  0.13036006 -0.46775818  0.21867558  0.265513   -0.62422349
  0.00328486  0.39333007 -0.01252105  0.05145224 -0.53411373  0.49904849
  0.58732202  0.55444216  0.62692912  0.23257209 -0.18247268  0.56867116
 -0.1600661   0.42584051 -0.62157261  0.13592162  0.34018878 -0.65326958
  0.02139213 -0.22652006  0.08885344 -0.29203454  0.25820706 -0.5310958
 -0.27605188 -0.8270116  -0.49233228 -0.23042654 -0.19054774]
927,[ 0.17883109  0.09615001 -0.03630363  0.11977562  0.35713686  0.1027196
 -0.06436701  0.67268137  0.37390499 -0.54065788 -0.04866174 -0.14418086
  0.1925818   0.40734197 -0.32523998  0.21104272 -0.12120294 -0.62820327
  0.11711789  0.13037794 -0.46776079  0.21865961  0.26550761 -0.62424862
  0.00325901  0.39331762 -0.01247462  0.05143672 -0.53413423  0.49909059
  0.58728151  0.5544531   0.62694774  0.23257286 -0.18245697  0.56867558
 -0.16008322  0.42582917 -0.62156541  0.13590321  0.34019291 -0.6532385
  0.02135633 -0.22652311  0.08883229 -0.29204079  0.25822969 -0.5310453
 -0.27608075 -0.8270081  -0.49234401 -0.23042217 -0.190556  ]
928,[ 0.17886084  0.09616198 -0.03637989  0.11979209  0.35715386  0.10270137
 -0.06434028  0.67265288  0.37387557 -0.54064548 -0.04865742 -0.1441489
  0.19256604  0.407372   -0.3252409   0.21106776 -0.12118708 -0.62819376
  0.11710101  0.1303958  -0.46776339  0.21864366  0.26550224 -0.62427373
  0.00323318  0.3933052  -0.01242824  0.05142121 -0.53415472  0.49913265
  0.58724105  0.55446404  0.62696634  0.23257363 -0.18244127  0.56867999
 -0.16010031  0.42581785 -0.62155822  0.13588482  0.34019703 -0.65320746
  0.02132057 -0.22652616  0.08881116 -0.29204702  0.2582523  -0.53099486
 -0.27610958 -0.8270046  -0.49235573 -0.2304178  -0.19056425]
929,[ 0.17889057  0.09617394 -0.03645605  0.11980854  0.35717085  0.10268316
 -0.06431359  0.67262442  0.37384618 -0.54063311 -0.04865311 -0.14411697
  0.1925503   0.407402   -0.32524182  0.21109278 -0.12117122 -0.62818427
  0.11708415  0.13041364 -0.46776599  0.21862773  0.26549686 -0.62429881
  0.00320739  0.39329278 -0.01238192  0.05140572 -0.53417517  0.49917466
  0.58720063  0.55447496  0.62698492  0.2325744  -0.18242559  0.56868439
 -0.16011739  0.42580654 -0.62155103  0.13586645  0.34020115 -0.65317646
  0.02128485 -0.22652921  0.08879006 -0.29205325  0.25827488 -0.53094447
 -0.27613838 -0.82700111 -0.49236743 -0.23041344 -0.19057249]
930,[ 0.17892025  0.09618589 -0.03653213  0.11982497  0.35718782  0.10266497
 -0.06428693  0.672596    0.37381682 -0.54062074 -0.04864881 -0.14408508
  0.19253457  0.40743196 -0.32524274  0.21111777 -0.12115539 -0.62817478
  0.1170673   0.13043146 -0.46776859  0.21861182  0.2654915  -0.62432386
  0.00318162  0.39328038 -0.01233565  0.05139026 -0.53419561  0.49921662
  0.58716026  0.55448587  0.62700348  0.23257517 -0.18240993  0.56868879
 -0.16013445  0.42579525 -0.62154385  0.13584811  0.34020526 -0.65314549
  0.02124917 -0.22653225  0.08876898 -0.29205947  0.25829743 -0.53089414
 -0.27616715 -0.82699762 -0.49237911 -0.23040908 -0.19058072]
931,[ 0.17894991  0.09619782 -0.03660813  0.11984139  0.35720476  0.1026468
 -0.06426029  0.6725676   0.3737875  -0.54060839 -0.04864451 -0.14405323
  0.19251886  0.40746189 -0.32524366  0.21114273 -0.12113958 -0.6281653
  0.11705048  0.13044926 -0.46777119  0.21859592  0.26548614 -0.62434888
  0.00315588  0.39326799 -0.01228943  0.0513748  -0.53421602  0.49925854
  0.58711993  0.55449677  0.62702202  0.23257594 -0.18239428  0.56869319
 -0.16015149  0.42578396 -0.62153668  0.13582978  0.34020937 -0.65311455
  0.02121353 -0.22653529  0.08874792 -0.29206569  0.25831995 -0.53084387
 -0.27619589 -0.82699414 -0.49239079 -0.23040472 -0.19058894]
932,[ 0.17897953  0.09620974 -0.03668404  0.11985778  0.35722169  0.10262865
 -0.06423369  0.67253924  0.37375821 -0.54059606 -0.04864021 -0.14402141
  0.19250317  0.40749178 -0.32524458  0.21116766 -0.12112378 -0.62815584
  0.11703367  0.13046704 -0.46777378  0.21858005  0.26548079 -0.62437387
  0.00313017  0.39325562 -0.01224326  0.05135937 -0.53423641  0.4993004
  0.58707965  0.55450765  0.62704054  0.23257671 -0.18237866  0.56869758
 -0.16016852  0.42577269 -0.62152952  0.13581147  0.34021348 -0.65308365
  0.02117793 -0.22653832  0.08872688 -0.29207189  0.25834246 -0.53079365
 -0.2762246  -0.82699066 -0.49240245 -0.23040038 -0.19059715]
933,[ 0.17900912  0.09622165 -0.03675986  0.11987416  0.3572386   0.10261052
 -0.06420712  0.67251091  0.37372895 -0.54058374 -0.04863592 -0.14398963
  0.19248749  0.40752165 -0.32524549  0.21119257 -0.121108   -0.62814638
  0.11701688  0.1304848  -0.46777637  0.21856419  0.26547544 -0.62439883
  0.00310449  0.39324326 -0.01219714  0.05134395 -0.53425678  0.49934223
  0.58703942  0.55451852  0.62705903  0.23257748 -0.18236305  0.56870197
 -0.16018552  0.42576144 -0.62152237  0.13579319  0.34021758 -0.65305279
  0.02114237 -0.22654135  0.08870588 -0.29207809  0.25836493 -0.53074349
 -0.27625327 -0.82698718 -0.4924141  -0.23039603 -0.19060535]
934,[ 0.17903868  0.09623354 -0.0368356   0.11989052  0.35725549  0.10259241
 -0.06418057  0.67248261  0.37369973 -0.54057143 -0.04863164 -0.14395788
  0.19247183  0.40755148 -0.32524641  0.21121744 -0.12109224 -0.62813694
  0.11700011  0.13050254 -0.46777896  0.21854834  0.2654701  -0.62442377
  0.00307884  0.39323091 -0.01215108  0.05132855 -0.53427713  0.499384
  0.58699923  0.55452938  0.62707751  0.23257825 -0.18234746  0.56870635
 -0.1602025   0.42575019 -0.62151522  0.13577493  0.34022167 -0.65302196
  0.02110685 -0.22654438  0.08868489 -0.29208429  0.25838738 -0.53069338
 -0.27628191 -0.82698371 -0.49242573 -0.23039169 -0.19061355]
935,[ 0.1790682   0.09624542 -0.03691125  0.11990686  0.35727236  0.10257432
 -0.06415406  0.67245434  0.37367054 -0.54055913 -0.04862736 -0.14392617
  0.19245619  0.40758127 -0.32524732  0.21124229 -0.12107649 -0.62812751
  0.11698337  0.13052026 -0.46778154  0.21853252  0.26546477 -0.62444868
  0.00305322  0.39321858 -0.01210507  0.05131317 -0.53429745  0.49942573
  0.58695908  0.55454023  0.62709596  0.23257901 -0.18233189  0.56871072
 -0.16021947  0.42573896 -0.62150809  0.13575668  0.34022576 -0.65299116
  0.02107137 -0.22654741  0.08866393 -0.29209047  0.25840981 -0.53064334
 -0.27631052 -0.82698024 -0.49243735 -0.23038736 -0.19062173]
936,[ 0.17909769  0.09625729 -0.03698682  0.11992318  0.35728921  0.10255625
 -0.06412757  0.67242611  0.37364138 -0.54054685 -0.04862308 -0.1438945
  0.19244057  0.40761103 -0.32524824  0.21126711 -0.12106077 -0.62811808
  0.11696663  0.13053796 -0.46778412  0.21851671  0.26545944 -0.62447356
  0.00302763  0.39320626 -0.0120591   0.0512978  -0.53431775  0.49946741
  0.58691898  0.55455107  0.6271144   0.23257978 -0.18231633  0.56871509
 -0.16023641  0.42572774 -0.62150096  0.13573846  0.34022985 -0.6529604
  0.02103593 -0.22655043  0.08864299 -0.29209665  0.25843221 -0.53059334
 -0.27633909 -0.82697678 -0.49244896 -0.23038303 -0.19062991]
937,[ 0.17912714  0.09626914 -0.0370623   0.11993948  0.35730605  0.10253821
 -0.06410112  0.6723979   0.37361225 -0.54053459 -0.04861881 -0.14386286
  0.19242497  0.40764076 -0.32524915  0.2112919  -0.12104506 -0.62810867
  0.11694992  0.13055564 -0.4677867   0.21850092  0.26545411 -0.62449841
  0.00300206  0.39319396 -0.0120132   0.05128245 -0.53433802  0.49950904
  0.58687893  0.55456189  0.62713281  0.23258055 -0.18230079  0.56871946
 -0.16025334  0.42571653 -0.62149384  0.13572026  0.34023393 -0.65292967
  0.02100053 -0.22655345  0.08862207 -0.29210282  0.25845459 -0.53054341
 -0.27636764 -0.82697332 -0.49246055 -0.23037871 -0.19063808]
938,[ 0.17915657  0.09628099 -0.0371377   0.11995577  0.35732286  0.10252018
 -0.0640747   0.67236973  0.37358316 -0.54052234 -0.04861455 -0.14383126
  0.19240938  0.40767045 -0.32525006  0.21131667 -0.12102937 -0.62809927
  0.11693323  0.1305733  -0.46778927  0.21848515  0.2654488  -0.62452324
  0.00297653  0.39318167 -0.01196734  0.05126712 -0.53435827  0.49955062
  0.58683892  0.5545727   0.6271512   0.23258131 -0.18228527  0.56872382
 -0.16027024  0.42570534 -0.62148672  0.13570207  0.34023801 -0.65289898
  0.02096517 -0.22655646  0.08860118 -0.29210899  0.25847694 -0.53049353
 -0.27639615 -0.82696986 -0.49247214 -0.23037439 -0.19064623]
939,[ 0.17918595  0.09629281 -0.03721301  0.11997203  0.35733966  0.10250217
 -0.0640483   0.67234159  0.3735541  -0.5405101  -0.04861029 -0.14379969
  0.19239381  0.40770011 -0.32525097  0.21134141 -0.12101369 -0.62808988
  0.11691656  0.13059094 -0.46779184  0.2184694   0.26544349 -0.62454804
  0.00295102  0.39316939 -0.01192153  0.05125181 -0.53437851  0.49959216
  0.58679895  0.5545835   0.62716957  0.23258207 -0.18226977  0.56872818
 -0.16028713  0.42569415 -0.62147962  0.13568391  0.34024208 -0.65286832
  0.02092985 -0.22655947  0.08858031 -0.29211515  0.25849926 -0.53044371
 -0.27642463 -0.82696641 -0.49248371 -0.23037007 -0.19065438]
940,[ 0.17921531  0.09630463 -0.03728824  0.11998828  0.35735643  0.10248418
 -0.06402194  0.67231348  0.37352508 -0.54049787 -0.04860603 -0.14376816
  0.19237826  0.40772974 -0.32525188  0.21136611 -0.12099804 -0.6280805
  0.1168999   0.13060856 -0.46779441  0.21845367  0.26543818 -0.6245728
  0.00292554  0.39315713 -0.01187578  0.05123651 -0.53439871  0.49963366
  0.58675903  0.55459429  0.62718793  0.23258283 -0.18225428  0.56873253
 -0.160304    0.42568298 -0.62147252  0.13566577  0.34024615 -0.6528377
  0.02089457 -0.22656248  0.08855947 -0.2921213   0.25852156 -0.53039394
 -0.27645307 -0.82696296 -0.49249526 -0.23036576 -0.19066252]
941,[ 0.17924463  0.09631643 -0.03736339  0.12000451  0.35737319  0.10246622
 -0.0639956   0.67228541  0.37349608 -0.54048566 -0.04860178 -0.14373666
  0.19236273  0.40775934 -0.32525279  0.2113908  -0.1209824  -0.62807113
  0.11688326  0.13062616 -0.46779698  0.21843795  0.26543288 -0.62459755
  0.00290009  0.39314488 -0.01183008  0.05122123 -0.5344189   0.4996751
  0.58671916  0.55460507  0.62720626  0.2325836  -0.18223881  0.56873688
 -0.16032085  0.42567183 -0.62146543  0.13564765  0.34025021 -0.65280711
  0.02085933 -0.22656549  0.08853865 -0.29212745  0.25854384 -0.53034423
 -0.27648149 -0.82695951 -0.49250681 -0.23036146 -0.19067065]
942,[ 0.17927392  0.09632821 -0.03743844  0.12002072  0.35738993  0.10244827
 -0.0639693   0.67225736  0.37346712 -0.54047346 -0.04859753 -0.1437052
  0.19234721  0.4077889  -0.3252537   0.21141545 -0.12096678 -0.62806177
  0.11686664  0.13064374 -0.46779954  0.21842225  0.26542759 -0.62462226
  0.00287467  0.39313264 -0.01178443  0.05120597 -0.53443906  0.4997165
  0.58667933  0.55461583  0.62722457  0.23258436 -0.18222336  0.56874122
 -0.16033768  0.42566068 -0.62145835  0.13562955  0.34025427 -0.65277656
  0.02082413 -0.22656849  0.08851785 -0.29213358  0.25856609 -0.53029457
 -0.27650987 -0.82695607 -0.49251834 -0.23035716 -0.19067877]
943,[ 0.17930318  0.09633999 -0.03751342  0.12003692  0.35740665  0.10243035
 -0.06394302  0.67222935  0.37343819 -0.54046128 -0.04859329 -0.14367377
  0.19233171  0.40781842 -0.3252546   0.21144007 -0.12095117 -0.62805242
  0.11685005  0.13066131 -0.4678021   0.21840657  0.2654223  -0.62464694
  0.00284928  0.39312042 -0.01173883  0.05119073 -0.5344592   0.49975785
  0.58663954  0.55462658  0.62724285  0.23258512 -0.18220793  0.56874555
 -0.16035449  0.42564955 -0.62145128  0.13561147  0.34025832 -0.65274604
  0.02078896 -0.22657149  0.08849708 -0.29213971  0.25858831 -0.53024498
 -0.27653822 -0.82695264 -0.49252985 -0.23035286 -0.19068688]
944,[ 0.17933241  0.09635175 -0.03758831  0.12005309  0.35742335  0.10241244
 -0.06391677  0.67220137  0.37340929 -0.54044911 -0.04858905 -0.14364238
  0.19231623  0.40784792 -0.32525551  0.21146467 -0.12093559 -0.62804308
  0.11683346  0.13067885 -0.46780466  0.2183909   0.26541702 -0.6246716
  0.00282391  0.39310822 -0.01169328  0.0511755  -0.53447931  0.49979916
  0.5865998   0.55463732  0.62726112  0.23258587 -0.18219251  0.56874989
 -0.16037129  0.42563843 -0.62144421  0.13559341  0.34026237 -0.65271555
  0.02075384 -0.22657448  0.08847633 -0.29214584  0.25861051 -0.53019543
 -0.27656654 -0.8269492  -0.49254136 -0.23034857 -0.19069498]
945,[ 0.1793616   0.09636349 -0.03766311  0.12006925  0.35744003  0.10239455
 -0.06389056  0.67217341  0.37338043 -0.54043695 -0.04858482 -0.14361103
  0.19230077  0.40787738 -0.32525641  0.21148924 -0.12092002 -0.62803375
  0.1168169   0.13069637 -0.46780721  0.21837526  0.26541175 -0.62469623
  0.00279858  0.39309602 -0.01164778  0.05116029 -0.53449941  0.49984042
  0.58656011  0.55464805  0.62727937  0.23258663 -0.18217711  0.56875421
 -0.16038806  0.42562732 -0.62143715  0.13557537  0.34026642 -0.6526851
  0.02071876 -0.22657747  0.0884556  -0.29215196  0.25863268 -0.53014595
 -0.27659483 -0.82694577 -0.49255285 -0.23034429 -0.19070308]
946,[ 0.17939076  0.09637523 -0.03773783  0.12008539  0.35745669  0.10237669
 -0.06386437  0.6721455   0.3733516  -0.54042481 -0.04858059 -0.14357971
  0.19228532  0.40790681 -0.32525732  0.21151378 -0.12090447 -0.62802443
  0.11680036  0.13071387 -0.46780976  0.21835963  0.26540648 -0.62472083
  0.00277327  0.39308384 -0.01160234  0.0511451  -0.53451948  0.49988163
  0.58652046  0.55465876  0.6272976   0.23258739 -0.18216173  0.56875853
 -0.16040482  0.42561623 -0.6214301   0.13555735  0.34027046 -0.65265468
  0.02068372 -0.22658046  0.08843489 -0.29215807  0.25865483 -0.53009651
 -0.27662309 -0.82694235 -0.49256433 -0.23034001 -0.19071116]
947,[ 0.17941988  0.09638695 -0.03781247  0.12010151  0.35747334  0.10235884
 -0.06383821  0.67211761  0.3733228  -0.54041268 -0.04857637 -0.14354842
  0.19226989  0.4079362  -0.32525822  0.2115383  -0.12088894 -0.62801513
  0.11678383  0.13073135 -0.46781231  0.21834401  0.26540121 -0.62474541
  0.00274799  0.39307168 -0.01155694  0.05112992 -0.53453953  0.4999228
  0.58648085  0.55466946  0.6273158   0.23258815 -0.18214637  0.56876285
 -0.16042155  0.42560515 -0.62142306  0.13553936  0.34027449 -0.6526243
  0.02064872 -0.22658344  0.08841421 -0.29216417  0.25867696 -0.53004714
 -0.27665131 -0.82693893 -0.49257579 -0.23033573 -0.19071924]
948,[ 0.17944897  0.09639866 -0.03788702  0.12011761  0.35748996  0.10234102
 -0.06381208  0.67208975  0.37329403 -0.54040057 -0.04857215 -0.14351717
  0.19225448  0.40796556 -0.32525912  0.21156279 -0.12087342 -0.62800583
  0.11676733  0.13074882 -0.46781486  0.21832842  0.26539596 -0.62476995
  0.00272274  0.39305952 -0.0115116   0.05111476 -0.53455955  0.49996392
  0.58644129  0.55468015  0.62733399  0.2325889  -0.18213102  0.56876716
 -0.16043827  0.42559408 -0.62141603  0.13552138  0.34027853 -0.65259395
  0.02061375 -0.22658643  0.08839356 -0.29217027  0.25869906 -0.52999782
 -0.2766795  -0.82693551 -0.49258725 -0.23033146 -0.1907273 ]
949,[ 0.17947803  0.09641035 -0.03796149  0.12013369  0.35750657  0.10232321
 -0.06378598  0.67206193  0.3732653  -0.54038846 -0.04856794 -0.14348596
  0.19223908  0.40799489 -0.32526002  0.21158724 -0.12085792 -0.62799654
  0.11675084  0.13076626 -0.4678174   0.21831284  0.26539071 -0.62479447
  0.00269752  0.39304739 -0.01146631  0.05109962 -0.53457956  0.50000499
  0.58640177  0.55469083  0.62735216  0.23258965 -0.18211569  0.56877147
 -0.16045497  0.42558302 -0.621409    0.13550342  0.34028255 -0.65256364
  0.02057883 -0.2265894   0.08837292 -0.29217635  0.25872113 -0.52994855
 -0.27670766 -0.82693209 -0.49259868 -0.2303272  -0.19073536]
950,[ 0.17950706  0.09642203 -0.03803588  0.12014976  0.35752316  0.10230542
 -0.06375992  0.67203413  0.3732366  -0.54037638 -0.04856373 -0.14345478
  0.19222371  0.40802419 -0.32526092  0.21161168 -0.12084244 -0.62798727
  0.11673437  0.13078368 -0.46781994  0.21829729  0.26538546 -0.62481896
  0.00267233  0.39303526 -0.01142106  0.05108449 -0.53459954  0.50004602
  0.5863623   0.5547015   0.6273703   0.23259041 -0.18210038  0.56877577
 -0.16047165  0.42557198 -0.62140199  0.13548548  0.34028657 -0.65253336
  0.02054394 -0.22659238  0.08835231 -0.29218244  0.25874318 -0.52989934
 -0.27673579 -0.82692868 -0.49261011 -0.23032293 -0.19074341]
951,[ 0.17953606  0.0964337  -0.03811018  0.12016581  0.35753973  0.10228766
 -0.06373388  0.67200637  0.37320793 -0.5403643  -0.04855953 -0.14342364
  0.19220835  0.40805345 -0.32526182  0.21163608 -0.12082698 -0.627978
  0.11671792  0.13080109 -0.46782248  0.21828174  0.26538022 -0.62484343
  0.00264717  0.39302315 -0.01137587  0.05106939 -0.5346195   0.500087
  0.58632287  0.55471215  0.62738843  0.23259116 -0.18208508  0.56878007
 -0.16048831  0.42556095 -0.62139498  0.13546756  0.34029059 -0.65250311
  0.0205091  -0.22659535  0.08833172 -0.29218851  0.25876521 -0.52985019
 -0.27676389 -0.82692528 -0.49262153 -0.23031868 -0.19075144]
952,[ 0.17956502  0.09644535 -0.0381844   0.12018184  0.35755628  0.10226991
 -0.06370786  0.67197864  0.37317929 -0.54035224 -0.04855533 -0.14339253
  0.192193    0.40808268 -0.32526271  0.21166046 -0.12081154 -0.62796875
  0.11670149  0.13081847 -0.46782501  0.21826622  0.26537499 -0.62486786
  0.00262203  0.39301105 -0.01133073  0.0510543  -0.53463943  0.50012793
  0.58628349  0.55472279  0.62740653  0.23259191 -0.1820698   0.56878436
 -0.16050495  0.42554993 -0.62138798  0.13544967  0.34029461 -0.6524729
  0.02047429 -0.22659832  0.08831116 -0.29219458  0.25878721 -0.52980109
 -0.27679195 -0.82692187 -0.49263293 -0.23031443 -0.19075947]
953,[ 0.17959395  0.096457   -0.03825853  0.12019785  0.35757281  0.10225219
 -0.06368188  0.67195094  0.37315069 -0.54034019 -0.04855113 -0.14336145
  0.19217768  0.40811187 -0.32526361  0.21168481 -0.12079611 -0.62795951
  0.11668508  0.13083583 -0.46782755  0.21825071  0.26536976 -0.62489227
  0.00259692  0.39299897 -0.01128565  0.05103922 -0.53465935  0.50016882
  0.58624415  0.55473342  0.62742462  0.23259266 -0.18205454  0.56878865
 -0.16052157  0.42553892 -0.62138098  0.13543179  0.34029861 -0.65244272
  0.02043952 -0.22660128  0.08829062 -0.29220064  0.25880918 -0.52975205
 -0.27681999 -0.82691848 -0.49264431 -0.23031018 -0.19076749]
954,[ 0.17962284  0.09646863 -0.03833258  0.12021384  0.35758933  0.10223448
 -0.06365593  0.67192327  0.37312211 -0.54032816 -0.04854694 -0.14333042
  0.19216237  0.40814104 -0.32526451  0.21170913 -0.1207807  -0.62795027
  0.11666868  0.13085318 -0.46783007  0.21823523  0.26536454 -0.62491665
  0.00257184  0.3929869  -0.01124061  0.05102417 -0.53467924  0.50020967
  0.58620485  0.55474404  0.62744268  0.23259341 -0.1820393   0.56879294
 -0.16053818  0.42552792 -0.621374    0.13541393  0.34030262 -0.65241258
  0.02040479 -0.22660424  0.0882701  -0.2922067   0.25883114 -0.52970306
 -0.27684799 -0.82691508 -0.49265569 -0.23030594 -0.19077551]
955,[ 0.17965171  0.09648024 -0.03840655  0.12022982  0.35760582  0.1022168
 -0.06363001  0.67189564  0.37309357 -0.54031614 -0.04854276 -0.14329941
  0.19214708  0.40817017 -0.3252654   0.21173342 -0.1207653  -0.62794105
  0.1166523   0.1308705  -0.4678326   0.21821975  0.26535932 -0.62494101
  0.00254679  0.39297484 -0.01119562  0.05100913 -0.53469911  0.50025046
  0.5861656   0.55475465  0.62746072  0.23259416 -0.18202407  0.56879721
 -0.16055477  0.42551694 -0.62136702  0.1353961   0.34030662 -0.65238247
  0.02037011 -0.2266072   0.0882496  -0.29221275  0.25885306 -0.52965413
 -0.27687596 -0.82691169 -0.49266705 -0.2303017  -0.19078351]
956,[ 0.17968054  0.09649184 -0.03848043  0.12024578  0.3576223   0.10219913
 -0.06360411  0.67186803  0.37306506 -0.54030413 -0.04853858 -0.14326844
  0.19213181  0.40819927 -0.32526629  0.21175769 -0.12074993 -0.62793184
  0.11663595  0.13088781 -0.46783512  0.2182043   0.26535411 -0.62496534
  0.00252177  0.3929628  -0.01115068  0.0509941  -0.53471895  0.50029121
  0.5861264   0.55476524  0.62747875  0.23259491 -0.18200886  0.56880149
 -0.16057133  0.42550597 -0.62136005  0.13537828  0.34031061 -0.65235239
  0.02033546 -0.22661015  0.08822913 -0.29221879  0.25887496 -0.52960525
 -0.2769039  -0.8269083  -0.4926784  -0.23029747 -0.1907915 ]
957,[ 0.17970934  0.09650343 -0.03855424  0.12026172  0.35763875  0.10218149
 -0.06357825  0.67184045  0.37303659 -0.54029214 -0.0485344  -0.14323751
  0.19211655  0.40822833 -0.32526719  0.21178193 -0.12073457 -0.62792263
  0.11661961  0.1309051  -0.46783764  0.21818886  0.26534891 -0.62498963
  0.00249677  0.39295077 -0.0111058   0.0509791  -0.53473878  0.50033192
  0.58608723  0.55477583  0.62749675  0.23259566 -0.18199367  0.56880576
 -0.16058788  0.42549502 -0.62135308  0.13536048  0.3403146  -0.65232235
  0.02030084 -0.22661311  0.08820868 -0.29222483  0.25889684 -0.52955643
 -0.27693181 -0.82690492 -0.49268974 -0.23029324 -0.19079949]
958,[ 0.17973811  0.09651501 -0.03862795  0.12027764  0.35765519  0.10216386
 -0.06355241  0.67181291  0.37300814 -0.54028016 -0.04853023 -0.14320661
  0.19210131  0.40825737 -0.32526808  0.21180614 -0.12071923 -0.62791344
  0.11660329  0.13092236 -0.46784016  0.21817344  0.26534371 -0.62501391
  0.00247181  0.39293875 -0.01106096  0.05096411 -0.53475858  0.50037258
  0.58604812  0.5547864   0.62751473  0.23259641 -0.1819785   0.56881002
 -0.16060441  0.42548407 -0.62134613  0.13534271  0.34031859 -0.65229234
  0.02026627 -0.22661605  0.08818826 -0.29223085  0.25891869 -0.52950766
 -0.27695968 -0.82690154 -0.49270106 -0.23028902 -0.19080746]
959,[ 0.17976684  0.09652657 -0.03870159  0.12029354  0.35767161  0.10214625
 -0.06352661  0.6717854   0.37297973 -0.54026819 -0.04852607 -0.14317575
  0.19208609  0.40828637 -0.32526897  0.21183033 -0.1207039  -0.62790426
  0.11658698  0.13093961 -0.46784267  0.21815804  0.26533852 -0.62503815
  0.00244687  0.39292675 -0.01101618  0.05094913 -0.53477836  0.50041319
  0.58600904  0.55479696  0.62753269  0.23259715 -0.18196334  0.56881428
 -0.16062092  0.42547314 -0.62133918  0.13532495  0.34032257 -0.65226237
  0.02023174 -0.226619    0.08816785 -0.29223687  0.25894052 -0.52945895
 -0.27698753 -0.82689816 -0.49271237 -0.2302848  -0.19081543]
960,[ 0.17979554  0.09653812 -0.03877514  0.12030943  0.35768802  0.10212867
 -0.06350083  0.67175792  0.37295135 -0.54025624 -0.04852191 -0.14314492
  0.19207088  0.40831533 -0.32526986  0.21185449 -0.1206886  -0.62789509
  0.1165707   0.13095684 -0.46784519  0.21814266  0.26533333 -0.62506237
  0.00242196  0.39291476 -0.01097144  0.05093418 -0.53479811  0.50045376
  0.58597001  0.5548075   0.62755064  0.2325979  -0.1819482   0.56881853
 -0.16063742  0.42546222 -0.62133224  0.13530721  0.34032655 -0.65223243
  0.02019725 -0.22662194  0.08814747 -0.29224289  0.25896232 -0.52941029
 -0.27701534 -0.82689479 -0.49272367 -0.23028058 -0.19082338]
961,[ 0.17982421  0.09654966 -0.03884861  0.1203253   0.3577044   0.1021111
 -0.06347508  0.67173046  0.372923   -0.5402443  -0.04851775 -0.14311412
  0.1920557   0.40834427 -0.32527074  0.21187862 -0.12067331 -0.62788593
  0.11655443  0.13097405 -0.46784769  0.21812729  0.26532815 -0.62508656
  0.00239707  0.39290278 -0.01092676  0.05091924 -0.53481785  0.50049428
  0.58593103  0.55481804  0.62756856  0.23259864 -0.18193307  0.56882278
 -0.16065389  0.42545131 -0.62132531  0.1352895   0.34033052 -0.65220252
  0.02016279 -0.22662488  0.08812712 -0.2922489   0.2589841  -0.52936169
 -0.27704312 -0.82689142 -0.49273496 -0.23027638 -0.19083133]
962,[ 0.17985285  0.09656118 -0.038922    0.12034115  0.35772077  0.10209355
 -0.06344936  0.67170304  0.37289469 -0.54023238 -0.0485136  -0.14308336
  0.19204052  0.40837317 -0.32527163  0.21190272 -0.12065803 -0.62787677
  0.11653818  0.13099124 -0.4678502   0.21811194  0.26532297 -0.62511072
  0.00237222  0.39289082 -0.01088213  0.05090432 -0.53483756  0.50053476
  0.58589208  0.55482856  0.62758646  0.23259939 -0.18191797  0.56882703
 -0.16067035  0.42544041 -0.62131839  0.1352718   0.34033449 -0.65217265
  0.02012837 -0.22662781  0.08810678 -0.2922549   0.25900586 -0.52931314
 -0.27707087 -0.82688806 -0.49274623 -0.23027217 -0.19083927]
963,[ 0.17988146  0.0965727  -0.0389953   0.12035698  0.35773711  0.10207603
 -0.06342367  0.67167566  0.3728664  -0.54022046 -0.04850945 -0.14305263
  0.19202537  0.40840204 -0.32527252  0.2119268  -0.12064278 -0.62786763
  0.11652196  0.13100841 -0.4678527   0.21809661  0.26531781 -0.62513485
  0.00234739  0.39287887 -0.01083754  0.05088941 -0.53485725  0.50057519
  0.58585318  0.55483907  0.62760434  0.23260013 -0.18190288  0.56883127
 -0.16068678  0.42542953 -0.62131147  0.13525412  0.34033845 -0.65214281
  0.020094   -0.22663074  0.08808647 -0.29226089  0.25902758 -0.52926464
 -0.27709859 -0.8268847  -0.49275749 -0.23026797 -0.1908472 ]
964,[ 0.17991003  0.09658419 -0.03906852  0.12037279  0.35775344  0.10205852
 -0.06339801  0.6716483   0.37283815 -0.54020857 -0.04850531 -0.14302194
  0.19201023  0.40843088 -0.3252734   0.21195085 -0.12062754 -0.6278585
  0.11650574  0.13102556 -0.4678552   0.21808129  0.26531264 -0.62515896
  0.00232259  0.39286693 -0.01079301  0.05087453 -0.53487692  0.50061557
  0.58581433  0.55484957  0.6276222   0.23260087 -0.18188781  0.5688355
 -0.1607032   0.42541866 -0.62130457  0.13523646  0.34034241 -0.652113
  0.02005966 -0.22663367  0.08806618 -0.29226688  0.25904929 -0.52921621
 -0.27712628 -0.82688134 -0.49276874 -0.23026378 -0.19085513]
965,[ 0.17993857  0.09659568 -0.03914166  0.12038859  0.35776975  0.10204103
 -0.06337238  0.67162097  0.37280993 -0.54019668 -0.04850117 -0.14299129
  0.19199512  0.40845968 -0.32527429  0.21197487 -0.12061232 -0.62784938
  0.11648955  0.13104269 -0.4678577   0.21806599  0.26530749 -0.62518304
  0.00229782  0.39285501 -0.01074853  0.05085965 -0.53489657  0.50065591
  0.58577552  0.55486006  0.62764004  0.23260161 -0.18187275  0.56883973
 -0.1607196   0.4254078  -0.62129767  0.13521883  0.34034637 -0.65208323
  0.02002536 -0.22663659  0.08804592 -0.29227286  0.25907097 -0.52916782
 -0.27715394 -0.82687799 -0.49277998 -0.23025959 -0.19086304]
966,[ 0.17996708  0.09660715 -0.03921472  0.12040437  0.35778604  0.10202357
 -0.06334677  0.67159367  0.37278174 -0.54018481 -0.04849704 -0.14296067
  0.19198001  0.40848845 -0.32527517  0.21199887 -0.12059711 -0.62784027
  0.11647338  0.1310598  -0.4678602   0.21805071  0.26530233 -0.6252071
  0.00227308  0.3928431  -0.01070409  0.0508448  -0.53491619  0.50069621
  0.58573675  0.55487054  0.62765786  0.23260235 -0.18185771  0.56884396
 -0.16073599  0.42539695 -0.62129077  0.13520121  0.34035032 -0.65205349
  0.01999109 -0.22663952  0.08802567 -0.29227883  0.25909263 -0.52911949
 -0.27718157 -0.82687464 -0.4927912  -0.2302554  -0.19087094]
967,[ 0.17999556  0.09661861 -0.03928769  0.12042013  0.35780232  0.10200612
 -0.0633212   0.67156641  0.37275358 -0.54017295 -0.04849291 -0.14293008
  0.19196493  0.40851719 -0.32527605  0.21202283 -0.12058193 -0.62783117
  0.11645722  0.13107689 -0.46786269  0.21803545  0.26529719 -0.62523112
  0.00224837  0.39283121 -0.01065971  0.05082996 -0.53493579  0.50073646
  0.58569803  0.554881    0.62767567  0.23260309 -0.18184269  0.56884818
 -0.16075235  0.42538612 -0.62128389  0.13518361  0.34035426 -0.65202378
  0.01995687 -0.22664243  0.08800545 -0.2922848   0.25911426 -0.52907122
 -0.27720916 -0.82687129 -0.49280241 -0.23025122 -0.19087884]
968,[ 0.180024    0.09663006 -0.03936058  0.12043588  0.35781857  0.10198869
 -0.06329565  0.67153917  0.37272546 -0.5401611  -0.04848878 -0.14289952
  0.19194986  0.4085459  -0.32527693  0.21204677 -0.12056676 -0.62782208
  0.11644108  0.13109397 -0.46786518  0.2180202   0.26529205 -0.62525512
  0.00222368  0.39281933 -0.01061538  0.05081514 -0.53495537  0.50077666
  0.58565935  0.55489145  0.62769345  0.23260383 -0.18182768  0.5688524
 -0.16076869  0.42537529 -0.62127701  0.13516604  0.3403582  -0.65199411
  0.01992269 -0.22664535  0.08798526 -0.29229076  0.25913587 -0.52902299
 -0.27723673 -0.82686795 -0.49281361 -0.23024705 -0.19088672]
969,[ 0.18005241  0.09664149 -0.03943339  0.1204516   0.35783481  0.10197128
 -0.06327014  0.67151197  0.37269736 -0.54014927 -0.04848466 -0.14286901
  0.19193481  0.40857457 -0.32527781  0.21207069 -0.12055161 -0.62781301
  0.11642496  0.13111102 -0.46786766  0.21800497  0.26528691 -0.6252791
  0.00219902  0.39280746 -0.01057109  0.05080034 -0.53497493  0.50081682
  0.58562071  0.55490189  0.62771121  0.23260457 -0.1818127   0.56885661
 -0.16078502  0.42536448 -0.62127014  0.13514848  0.34036214 -0.65196447
  0.01988854 -0.22664826  0.08796508 -0.29229672  0.25915745 -0.52897483
 -0.27726426 -0.82686461 -0.49282479 -0.23024287 -0.1908946 ]
970,[ 0.18008079  0.09665291 -0.03950612  0.12046731  0.35785103  0.10195389
 -0.06324465  0.67148479  0.3726693  -0.54013745 -0.04848055 -0.14283852
  0.19191977  0.40860322 -0.32527869  0.21209458 -0.12053647 -0.62780394
  0.11640886  0.13112805 -0.46787015  0.21798976  0.26528178 -0.62530304
  0.00217439  0.3927956  -0.01052686  0.05078555 -0.53499447  0.50085693
  0.58558212  0.55491232  0.62772895  0.2326053  -0.18179772  0.56886082
 -0.16080133  0.42535368 -0.62126328  0.13513094  0.34036607 -0.65193487
  0.01985443 -0.22665117  0.08794493 -0.29230266  0.25917901 -0.52892671
 -0.27729176 -0.82686128 -0.49283596 -0.23023871 -0.19090247]
971,[ 0.18010914  0.09666432 -0.03957876  0.120483    0.35786723  0.10193652
 -0.06321919  0.67145765  0.37264127 -0.54012565 -0.04847644 -0.14280807
  0.19190476  0.40863183 -0.32527957  0.21211844 -0.12052135 -0.62779488
  0.11639278  0.13114507 -0.46787263  0.21797457  0.26527666 -0.62532696
  0.00214978  0.39278376 -0.01048268  0.05077078 -0.53501398  0.500897
  0.58554357  0.55492274  0.62774667  0.23260604 -0.18178277  0.56886502
 -0.16081762  0.4253429  -0.62125643  0.13511342  0.34037    -0.6519053
  0.01982036 -0.22665407  0.0879248  -0.2923086   0.25920054 -0.52887866
 -0.27731923 -0.82685795 -0.49284712 -0.23023455 -0.19091033]
972,[ 0.18013746  0.09667572 -0.03965133  0.12049867  0.35788341  0.10191917
 -0.06319376  0.67143054  0.37261327 -0.54011386 -0.04847233 -0.14277766
  0.19188975  0.40866041 -0.32528045  0.21214227 -0.12050625 -0.62778583
  0.11637671  0.13116207 -0.46787511  0.21795939  0.26527155 -0.62535085
  0.00212521  0.39277193 -0.01043854  0.05075602 -0.53503347  0.50093702
  0.58550506  0.55493314  0.62776437  0.23260677 -0.18176783  0.56886921
 -0.16083389  0.42533212 -0.62124958  0.13509592  0.34037392 -0.65187576
  0.01978633 -0.22665697  0.08790469 -0.29231454  0.25922205 -0.52883065
 -0.27734667 -0.82685462 -0.49285827 -0.23023039 -0.19091818]
973,[ 0.18016574  0.0966871  -0.03972381  0.12051433  0.35789958  0.10190184
 -0.06316835  0.67140345  0.3725853  -0.54010208 -0.04846823 -0.14274728
  0.19187477  0.40868895 -0.32528132  0.21216608 -0.12049117 -0.62777679
  0.11636066  0.13117904 -0.46787758  0.21794423  0.26526643 -0.62537472
  0.00210066  0.39276012 -0.01039446  0.05074128 -0.53505294  0.500977
  0.5854666   0.55494354  0.62778205  0.23260751 -0.18175291  0.56887341
 -0.16085014  0.42532136 -0.62124274  0.13507844  0.34037784 -0.65184625
  0.01975234 -0.22665987  0.08788461 -0.29232047  0.25924354 -0.5287827
 -0.27737408 -0.8268513  -0.4928694  -0.23022624 -0.19092602]
974,[ 0.180194    0.09669847 -0.03979621  0.12052997  0.35791572  0.10188453
 -0.06314298  0.6713764   0.37255737 -0.54009031 -0.04846414 -0.14271693
  0.1918598   0.40871747 -0.3252822   0.21218986 -0.1204761  -0.62776776
  0.11634463  0.131196   -0.46788005  0.21792908  0.26526133 -0.62539856
  0.00207614  0.39274832 -0.01035043  0.05072656 -0.53507239  0.50101693
  0.58542818  0.55495392  0.62779971  0.23260824 -0.18173801  0.5688776
 -0.16086638  0.42531061 -0.62123591  0.13506098  0.34038176 -0.65181678
  0.01971839 -0.22666277  0.08786455 -0.29232639  0.259265   -0.52873481
 -0.27740146 -0.82684798 -0.49288053 -0.23022209 -0.19093385]
975,[ 0.18022222  0.09670982 -0.03986853  0.12054559  0.35793185  0.10186724
 -0.06311763  0.67134938  0.37252946 -0.54007856 -0.04846004 -0.14268662
  0.19184485  0.40874595 -0.32528307  0.21221361 -0.12046105 -0.62775875
  0.11632862  0.13121294 -0.46788252  0.21791396  0.26525623 -0.62542237
  0.00205165  0.39273653 -0.01030644  0.05071186 -0.53509181  0.50105682
  0.58538981  0.55496429  0.62781735  0.23260898 -0.18172312  0.56888178
 -0.16088259  0.42529987 -0.62122909  0.13504354  0.34038567 -0.65178734
  0.01968447 -0.22666566  0.08784451 -0.2923323   0.25928644 -0.52868696
 -0.27742881 -0.82684467 -0.49289164 -0.23021795 -0.19094168]
976,[ 0.18025041  0.09672117 -0.03994077  0.12056119  0.35794796  0.10184997
 -0.06309232  0.67132239  0.37250159 -0.54006682 -0.04845596 -0.14265634
  0.19182992  0.4087744  -0.32528395  0.21223734 -0.12044601 -0.62774974
  0.11631263  0.13122986 -0.46788499  0.21789885  0.26525113 -0.62544615
  0.00202718  0.39272475 -0.01026251  0.05069717 -0.53511122  0.50109666
  0.58535147  0.55497465  0.62783498  0.23260971 -0.18170825  0.56888596
 -0.16089879  0.42528915 -0.62122228  0.13502613  0.34038957 -0.65175794
  0.01965059 -0.22666855  0.0878245  -0.29233821  0.25930785 -0.52863917
 -0.27745612 -0.82684135 -0.49290273 -0.23021381 -0.19094949]
977,[ 0.18027856  0.0967325  -0.04001292  0.12057677  0.35796405  0.10183271
 -0.06306703  0.67129543  0.37247375 -0.54005509 -0.04845188 -0.14262609
  0.191815    0.40880281 -0.32528482  0.21226104 -0.120431   -0.62774074
  0.11629665  0.13124676 -0.46788745  0.21788376  0.26524605 -0.62546991
  0.00200274  0.39271299 -0.01021862  0.0506825  -0.5351306   0.50113646
  0.58531318  0.55498499  0.62785258  0.23261044 -0.1816934   0.56889013
 -0.16091497  0.42527844 -0.62121547  0.13500872  0.34039348 -0.65172856
  0.01961675 -0.22667143  0.0878045  -0.29234411  0.25932924 -0.52859144
 -0.27748341 -0.82683805 -0.49291382 -0.23020968 -0.1909573 ]
978,[ 0.18030669  0.09674382 -0.040085    0.12059234  0.35798012  0.10181548
 -0.06304177  0.6712685   0.37244594 -0.54004338 -0.0484478  -0.14259588
  0.1918001   0.4088312  -0.32528569  0.21228471 -0.120416   -0.62773175
  0.11628069  0.13126365 -0.46788991  0.21786868  0.26524096 -0.62549364
  0.00197833  0.39270124 -0.01017478  0.05066784 -0.53514996  0.50117622
  0.58527494  0.55499533  0.62787016  0.23261117 -0.18167856  0.5688943
 -0.16093113  0.42526773 -0.62120867  0.13499134  0.34039737 -0.65169922
  0.01958295 -0.22667432  0.08778453 -0.29235     0.25935061 -0.52854376
 -0.27751066 -0.82683474 -0.49292489 -0.23020555 -0.1909651 ]
979,[ 0.18033478  0.09675512 -0.04015699  0.12060789  0.35799618  0.10179827
 -0.06301654  0.6712416   0.37241816 -0.54003168 -0.04844372 -0.1425657
  0.19178522  0.40885955 -0.32528656  0.21230836 -0.12040102 -0.62772278
  0.11626476  0.13128051 -0.46789237  0.21785362  0.26523589 -0.62551734
  0.00195395  0.39268951 -0.010131    0.0506532  -0.5351693   0.50121592
  0.58523673  0.55500565  0.62788772  0.2326119  -0.18166374  0.56889846
 -0.16094728  0.42525705 -0.62120188  0.13497398  0.34040127 -0.65166992
  0.01954919 -0.22667719  0.08776458 -0.29235589  0.25937195 -0.52849613
 -0.27753789 -0.82683144 -0.49293595 -0.23020142 -0.19097289]
980,[ 0.18036285  0.09676642 -0.04022891  0.12062342  0.35801221  0.10178107
 -0.06299134  0.67121473  0.37239041 -0.54002    -0.04843966 -0.14253556
  0.19177035  0.40888788 -0.32528743  0.21233198 -0.12038605 -0.62771381
  0.11624883  0.13129735 -0.46789483  0.21783858  0.26523082 -0.62554102
  0.00192959  0.39267779 -0.01008726  0.05063858 -0.53518862  0.50125559
  0.58519857  0.55501596  0.62790526  0.23261263 -0.18164894  0.56890262
 -0.1609634   0.42524637 -0.62119509  0.13495664  0.34040516 -0.65164064
  0.01951546 -0.22668007  0.08774466 -0.29236177  0.25939326 -0.52844856
 -0.27756508 -0.82682814 -0.49294699 -0.2301973  -0.19098067]
981,[ 0.18039088  0.0967777  -0.04030074  0.12063894  0.35802823  0.1017639
 -0.06296616  0.67118789  0.37236269 -0.54000832 -0.04843559 -0.14250545
  0.19175551  0.40891617 -0.3252883   0.21235557 -0.1203711  -0.62770485
  0.11623293  0.13131418 -0.46789728  0.21782355  0.26522575 -0.62556467
  0.00190526  0.39266608 -0.01004357  0.05062398 -0.53520791  0.50129521
  0.58516046  0.55502626  0.62792279  0.23261335 -0.18163415  0.56890678
 -0.16097951  0.4252357  -0.62118832  0.13493932  0.34040904 -0.6516114
  0.01948177 -0.22668294  0.08772475 -0.29236764  0.25941456 -0.52840104
 -0.27759224 -0.82682485 -0.49295803 -0.23019319 -0.19098844]
982,[ 0.18041888  0.09678896 -0.04037249  0.12065443  0.35804423  0.10174674
 -0.06294101  0.67116108  0.37233501 -0.53999666 -0.04843153 -0.14247538
  0.19174067  0.40894442 -0.32528917  0.21237914 -0.12035617 -0.6276959
  0.11621704  0.13133098 -0.46789973  0.21780855  0.26522069 -0.6255883
  0.00188096  0.39265438 -0.00999993  0.05060939 -0.53522718  0.50133478
  0.58512238  0.55503655  0.62794029  0.23261408 -0.18161938  0.56891093
 -0.1609956   0.42522505 -0.62118155  0.13492202  0.34041292 -0.6515822
  0.01944812 -0.22668581  0.08770487 -0.29237351  0.25943583 -0.52835357
 -0.27761938 -0.82682156 -0.49296905 -0.23018908 -0.1909962 ]
983,[ 0.18044685  0.09680022 -0.04044416  0.12066991  0.35806022  0.10172961
 -0.0629159   0.6711343   0.37230735 -0.53998502 -0.04842748 -0.14244534
  0.19172586  0.40897265 -0.32529003  0.21240268 -0.12034125 -0.62768697
  0.11620118  0.13134777 -0.46790218  0.21779356  0.26521564 -0.62561189
  0.00185669  0.3926427  -0.00995634  0.05059481 -0.53524644  0.50137431
  0.58508435  0.55504683  0.62795777  0.23261481 -0.18160463  0.56891507
 -0.16101167  0.42521441 -0.62117479  0.13490473  0.34041679 -0.65155302
  0.01941451 -0.22668868  0.08768501 -0.29237937  0.25945707 -0.52830616
 -0.27764648 -0.82681828 -0.49298006 -0.23018497 -0.19100395]
984,[ 0.18047478  0.09681146 -0.04051575  0.12068537  0.35807618  0.10171249
 -0.06289081  0.67110755  0.37227973 -0.53997338 -0.04842343 -0.14241533
  0.19171106  0.40900084 -0.3252909   0.21242619 -0.12032635 -0.62767804
  0.11618533  0.13136454 -0.46790462  0.21777858  0.26521059 -0.62563546
  0.00183244  0.39263103 -0.0099128   0.05058026 -0.53526567  0.5014138
  0.58504636  0.5550571   0.62797524  0.23261553 -0.18158989  0.56891921
 -0.16102772  0.42520378 -0.62116803  0.13488747  0.34042067 -0.65152388
  0.01938094 -0.22669154  0.08766518 -0.29238522  0.25947829 -0.5282588
 -0.27767355 -0.82681499 -0.49299106 -0.23018087 -0.1910117 ]
985,[ 0.18050269  0.09682269 -0.04058726  0.12070082  0.35809213  0.10169539
 -0.06286575  0.67108083  0.37225214 -0.53996176 -0.04841938 -0.14238536
  0.19169627  0.40902901 -0.32529176  0.21244968 -0.12031147 -0.62766912
  0.11616949  0.13138129 -0.46790707  0.21776362  0.26520555 -0.62565901
  0.00180823  0.39261937 -0.00986931  0.05056572 -0.53528487  0.50145324
  0.58500841  0.55506735  0.62799268  0.23261626 -0.18157517  0.56892335
 -0.16104376  0.42519316 -0.62116129  0.13487023  0.34042453 -0.65149477
  0.0193474  -0.2266944   0.08764536 -0.29239107  0.25949949 -0.52821149
 -0.27770059 -0.82681171 -0.49300204 -0.23017677 -0.19101944]
986,[ 0.18053056  0.09683391 -0.04065869  0.12071625  0.35810806  0.10167831
 -0.06284071  0.67105415  0.37222458 -0.53995015 -0.04841534 -0.14235542
  0.19168151  0.40905714 -0.32529263  0.21247314 -0.12029661 -0.62766022
  0.11615368  0.13139802 -0.46790951  0.21774868  0.26520051 -0.62568253
  0.00178403  0.39260773 -0.00982587  0.05055119 -0.53530406  0.50149263
  0.58497051  0.55507759  0.6280101   0.23261698 -0.18156046  0.56892748
 -0.16105978  0.42518256 -0.62115455  0.134853    0.34042839 -0.65146569
  0.0193139  -0.22669725  0.08762557 -0.29239691  0.25952066 -0.52816424
 -0.2777276  -0.82680844 -0.49301302 -0.23017268 -0.19102716]
987,[ 0.1805584   0.09684511 -0.04073003  0.12073166  0.35812397  0.10166125
 -0.06281571  0.67102749  0.37219705 -0.53993856 -0.0484113  -0.14232551
  0.19166676  0.40908524 -0.32529349  0.21249657 -0.12028176 -0.62765132
  0.11613788  0.13141473 -0.46791194  0.21773376  0.26519548 -0.62570602
  0.00175987  0.3925961  -0.00978247  0.05053669 -0.53532323  0.50153199
  0.58493265  0.55508782  0.62802751  0.2326177  -0.18154578  0.56893161
 -0.16107577  0.42517196 -0.62114782  0.1348358   0.34043225 -0.65143665
  0.01928044 -0.22670011  0.0876058  -0.29240275  0.25954181 -0.52811704
 -0.27775458 -0.82680517 -0.49302398 -0.23016859 -0.19103488]
988,[ 0.18058621  0.0968563  -0.0408013   0.12074705  0.35813986  0.10164421
 -0.06279073  0.67100086  0.37216955 -0.53992698 -0.04840727 -0.14229564
  0.19165203  0.4091133  -0.32529435  0.21251998 -0.12026693 -0.62764243
  0.1161221   0.13143142 -0.46791438  0.21771885  0.26519045 -0.62572948
  0.00173573  0.39258448 -0.00973913  0.05052219 -0.53534237  0.50157129
  0.58489483  0.55509804  0.62804489  0.23261843 -0.18153111  0.56893573
 -0.16109176  0.42516138 -0.62114109  0.13481861  0.34043611 -0.65140764
  0.01924702 -0.22670296  0.08758605 -0.29240858  0.25956294 -0.52806989
 -0.27778153 -0.8268019  -0.49303492 -0.23016451 -0.19104259]
989,[ 0.18061399  0.09686748 -0.04087249  0.12076243  0.35815574  0.10162719
 -0.06276578  0.67097426  0.37214208 -0.53991541 -0.04840324 -0.1422658
  0.19163731  0.40914134 -0.32529521  0.21254336 -0.12025211 -0.62763356
  0.11610634  0.1314481  -0.46791681  0.21770396  0.26518543 -0.62575292
  0.00171162  0.39257288 -0.00969583  0.05050772 -0.53536149  0.50161056
  0.58485706  0.55510825  0.62806226  0.23261915 -0.18151645  0.56893985
 -0.16110772  0.42515081 -0.62113438  0.13480144  0.34043995 -0.65137866
  0.01921363 -0.2267058   0.08756633 -0.2924144   0.25958404 -0.5280228
 -0.27780845 -0.82679864 -0.49304586 -0.23016043 -0.19105029]
990,[ 0.18064174  0.09687865 -0.0409436   0.12077778  0.35817159  0.10161019
 -0.06274086  0.67094769  0.37211464 -0.53990385 -0.04839922 -0.142236
  0.19162261  0.40916934 -0.32529607  0.21256672 -0.12023731 -0.62762469
  0.1160906   0.13146475 -0.46791923  0.21768909  0.26518042 -0.62577633
  0.00168754  0.39256129 -0.00965258  0.05049326 -0.53538059  0.50164978
  0.58481932  0.55511845  0.6280796   0.23261987 -0.18150181  0.56894396
 -0.16112366  0.42514025 -0.62112767  0.1347843   0.3404438  -0.65134971
  0.01918029 -0.22670865  0.08754663 -0.29242021  0.25960512 -0.52797576
 -0.27783534 -0.82679538 -0.49305678 -0.23015636 -0.19105799]
991,[ 0.18066946  0.0968898  -0.04101462  0.12079312  0.35818743  0.10159321
 -0.06271597  0.67092115  0.37208724 -0.53989231 -0.0483952  -0.14220622
  0.19160793  0.40919732 -0.32529693  0.21259005 -0.12022253 -0.62761583
  0.11607488  0.13148139 -0.46792166  0.21767423  0.26517541 -0.62579972
  0.00166348  0.39254971 -0.00960938  0.05047882 -0.53539967  0.50168895
  0.58478163  0.55512863  0.62809693  0.23262059 -0.18148719  0.56894807
 -0.16113959  0.42512971 -0.62112097  0.13476717  0.34044764 -0.6513208
  0.01914698 -0.22671149  0.08752695 -0.29242602  0.25962617 -0.52792877
 -0.2778622  -0.82679212 -0.49306769 -0.23015229 -0.19106567]
992,[ 0.18069714  0.09690094 -0.04108557  0.12080845  0.35820325  0.10157624
 -0.0626911   0.67089464  0.37205986 -0.53988078 -0.04839119 -0.14217649
  0.19159326  0.40922526 -0.32529779  0.21261335 -0.12020777 -0.62760699
  0.11605917  0.13149801 -0.46792408  0.21765939  0.26517041 -0.62582308
  0.00163946  0.39253815 -0.00956623  0.05046439 -0.53541873  0.50172808
  0.58474399  0.5551388   0.62811424  0.23262131 -0.18147259  0.56895217
 -0.1611555   0.42511917 -0.62111427  0.13475006  0.34045148 -0.65129192
  0.0191137  -0.22671432  0.08750729 -0.29243182  0.2596472  -0.52788184
 -0.27788903 -0.82678887 -0.49307859 -0.23014823 -0.19107335]
993,[ 0.1807248   0.09691207 -0.04115644  0.12082375  0.35821906  0.1015593
 -0.06266627  0.67086816  0.37203252 -0.53986927 -0.04838718 -0.14214678
  0.19157861  0.40925317 -0.32529864  0.21263662 -0.12019302 -0.62759815
  0.11604348  0.13151461 -0.4679265   0.21764457  0.26516541 -0.62584641
  0.00161546  0.39252659 -0.00952313  0.05044998 -0.53543776  0.50176717
  0.58470638  0.55514897  0.62813152  0.23262202 -0.181458    0.56895627
 -0.16117139  0.42510865 -0.62110759  0.13473297  0.34045531 -0.65126307
  0.01908047 -0.22671716  0.08748765 -0.29243762  0.25966821 -0.52783495
 -0.27791583 -0.82678562 -0.49308948 -0.23014417 -0.19108101]
994,[ 0.18075242  0.09692319 -0.04122723  0.12083904  0.35823484  0.10154237
 -0.06264146  0.67084172  0.3720052  -0.53985776 -0.04838317 -0.14211711
  0.19156398  0.40928105 -0.3252995   0.21265987 -0.12017829 -0.62758932
  0.1160278   0.13153119 -0.46792892  0.21762976  0.26516042 -0.62586972
  0.00159148  0.39251505 -0.00948008  0.05043559 -0.53545678  0.50180621
  0.58466882  0.55515912  0.62814879  0.23262274 -0.18144343  0.56896037
 -0.16118726  0.42509814 -0.62110091  0.1347159   0.34045914 -0.65123426
  0.01904727 -0.22671999  0.08746804 -0.2924434   0.2596892  -0.52778813
 -0.27794259 -0.82678238 -0.49310035 -0.23014011 -0.19108867]
995,[ 0.18078001  0.09693429 -0.04129793  0.12085431  0.35825061  0.10152547
 -0.06261668  0.6708153   0.37197792 -0.53984627 -0.04837917 -0.14208747
  0.19154936  0.40930889 -0.32530035  0.2126831  -0.12016357 -0.62758051
  0.11601215  0.13154775 -0.46793133  0.21761497  0.26515543 -0.625893
  0.00156753  0.39250353 -0.00943708  0.05042121 -0.53547577  0.50184521
  0.5846313   0.55516926  0.62816604  0.23262346 -0.18142887  0.56896446
 -0.16120312  0.42508764 -0.62109424  0.13469885  0.34046296 -0.65120547
  0.01901411 -0.22672282  0.08744845 -0.29244919  0.25971016 -0.52774135
 -0.27796933 -0.82677913 -0.49311121 -0.23013606 -0.19109632]
996,[ 0.18080757  0.09694538 -0.04136856  0.12086957  0.35826636  0.10150858
 -0.06259193  0.67078891  0.37195067 -0.53983479 -0.04837518 -0.14205787
  0.19153476  0.40933671 -0.32530121  0.2127063  -0.12014887 -0.6275717
  0.11599651  0.13156429 -0.46793375  0.2176002   0.26515045 -0.62591625
  0.00154361  0.39249202 -0.00939412  0.05040685 -0.53549474  0.50188417
  0.58459382  0.55517938  0.62818327  0.23262417 -0.18141433  0.56896854
 -0.16121895  0.42507716 -0.62108758  0.13468182  0.34046678 -0.65117672
  0.01898099 -0.22672564  0.08742888 -0.29245496  0.25973109 -0.52769463
 -0.27799604 -0.8267759  -0.49312206 -0.23013202 -0.19110396]
997,[ 0.18083511  0.09695646 -0.04143911  0.12088481  0.3582821   0.10149171
 -0.0625672   0.67076255  0.37192345 -0.53982333 -0.04837119 -0.1420283
  0.19152018  0.40936449 -0.32530206  0.21272947 -0.12013419 -0.6275629
  0.11598089  0.13158082 -0.46793615  0.21758545  0.26514548 -0.62593948
  0.00151972  0.39248052 -0.00935121  0.05039251 -0.53551369  0.50192308
  0.58455638  0.5551895   0.62820048  0.23262489 -0.18139981  0.56897262
 -0.16123477  0.42506668 -0.62108092  0.13466481  0.34047059 -0.65114801
  0.0189479  -0.22672846  0.08740933 -0.29246073  0.259752   -0.52764795
 -0.27802272 -0.82677266 -0.4931329  -0.23012797 -0.1911116 ]
998,[ 0.1808626   0.09696753 -0.04150958  0.12090003  0.35829781  0.10147486
 -0.0625425   0.67073622  0.37189626 -0.53981188 -0.0483672  -0.14199876
  0.19150561  0.40939225 -0.32530291  0.21275261 -0.12011953 -0.62755411
  0.11596529  0.13159732 -0.46793856  0.21757071  0.26514051 -0.62596268
  0.00149585  0.39246903 -0.00930835  0.05037818 -0.53553262  0.50196195
  0.58451899  0.55519961  0.62821767  0.2326256  -0.18138531  0.5689767
 -0.16125058  0.42505622 -0.62107427  0.13464781  0.3404744  -0.65111932
  0.01891485 -0.22673128  0.0873898  -0.29246649  0.25977289 -0.52760134
 -0.27804936 -0.82676943 -0.49314373 -0.23012394 -0.19111922]
999,[ 0.18089007  0.09697858 -0.04157997  0.12091523  0.35831351  0.10145803
 -0.06251783  0.67070992  0.3718691  -0.53980044 -0.04836322 -0.14196926
  0.19149106  0.40941997 -0.32530376  0.21277573 -0.12010488 -0.62754534
  0.11594971  0.13161381 -0.46794096  0.21755598  0.26513554 -0.62598586
  0.00147201  0.39245756 -0.00926554  0.05036387 -0.53555153  0.50200077
  0.58448163  0.5552097   0.62823484  0.23262631 -0.18137082  0.56898077
 -0.16126636  0.42504577 -0.62106763  0.13463084  0.34047821 -0.65109067
  0.01888184 -0.22673409  0.0873703  -0.29247225  0.25979376 -0.52755477
 -0.27807598 -0.8267662  -0.49315454 -0.2301199  -0.19112684]
1000,[ 0.18091751  0.09698962 -0.04165028  0.12093042  0.35832919  0.10144122
 -0.06249319  0.67068365  0.37184197 -0.53978901 -0.04835924 -0.14193979
  0.19147652  0.40944766 -0.32530461  0.21279883 -0.12009025 -0.62753657
  0.11593414  0.13163028 -0.46794337  0.21754128  0.26513059 -0.62600901
  0.0014482   0.3924461  -0.00922278  0.05034957 -0.53557042  0.50203955
  0.58444432  0.55521978  0.62825199  0.23262703 -0.18135634  0.56898484
 -0.16128213  0.42503533 -0.621061    0.13461388  0.34048201 -0.65106204
  0.01884887 -0.22673691  0.08735082 -0.292478    0.2598146  -0.52750826
 -0.27810257 -0.82676298 -0.49316534 -0.23011588 -0.19113444]
1001,[ 0.18094492  0.09700065 -0.04172051  0.12094559  0.35834485  0.10142443
 -0.06246858  0.6706574   0.37181487 -0.5397776  -0.04835527 -0.14191035
  0.191462    0.40947532 -0.32530546  0.21282189 -0.12007563 -0.62752781
  0.11591859  0.13164673 -0.46794576  0.21752659  0.26512563 -0.62603213
  0.00142441  0.39243465 -0.00918006  0.05033529 -0.53558928  0.50207829
  0.58440706  0.55522985  0.62826912  0.23262774 -0.18134188  0.5689889
 -0.16129787  0.4250249  -0.62105437  0.13459695  0.34048581 -0.65103346
  0.01881593 -0.22673971  0.08733136 -0.29248374  0.25983542 -0.52746179
 -0.27812913 -0.82675976 -0.49317613 -0.23011185 -0.19114204]
1002,[ 0.18097229  0.09701167 -0.04179066  0.12096074  0.35836049  0.10140766
 -0.06244399  0.67063119  0.3717878  -0.5397662  -0.0483513  -0.14188094
  0.1914475   0.40950295 -0.32530631  0.21284494 -0.12006103 -0.62751906
  0.11590306  0.13166316 -0.46794816  0.21751191  0.26512069 -0.62605523
  0.00140066  0.39242321 -0.0091374   0.05032103 -0.53560813  0.50211698
  0.58436983  0.55523991  0.62828624  0.23262845 -0.18132744  0.56899296
 -0.16131361  0.42501449 -0.62104775  0.13458003  0.3404896  -0.6510049
  0.01878303 -0.22674252  0.08731192 -0.29248948  0.25985622 -0.52741539
 -0.27815566 -0.82675654 -0.4931869  -0.23010783 -0.19114963]
1003,[ 0.18099964  0.09702267 -0.04186074  0.12097587  0.35837612  0.1013909
 -0.06241944  0.67060501  0.37176076 -0.53975481 -0.04834733 -0.14185157
  0.19143302  0.40953055 -0.32530716  0.21286795 -0.12004645 -0.62751033
  0.11588755  0.13167957 -0.46795055  0.21749726  0.26511575 -0.6260783
  0.00137692  0.39241179 -0.00909478  0.05030678 -0.53562695  0.50215563
  0.58433265  0.55524996  0.62830333  0.23262916 -0.18131302  0.56899701
 -0.16132932  0.42500408 -0.62104114  0.13456313  0.34049339 -0.65097637
  0.01875017 -0.22674532  0.0872925  -0.29249521  0.25987699 -0.52736903
 -0.27818215 -0.82675333 -0.49319767 -0.23010382 -0.19115721]
1004,[ 0.18102695  0.09703366 -0.04193073  0.12099099  0.35839173  0.10137417
 -0.0623949   0.67057886  0.37173375 -0.53974344 -0.04834337 -0.14182223
  0.19141855  0.40955811 -0.325308    0.21289094 -0.12003188 -0.6275016
  0.11587205  0.13169597 -0.46795294  0.21748262  0.26511081 -0.62610135
  0.00135322  0.39240038 -0.00905221  0.05029254 -0.53564575  0.50219423
  0.5842955   0.55526     0.6283204   0.23262987 -0.18129861  0.56900106
 -0.16134501  0.42499369 -0.62103454  0.13454625  0.34049718 -0.65094788
  0.01871734 -0.22674812  0.08727311 -0.29250093  0.25989774 -0.52732272
 -0.27820862 -0.82675012 -0.49320842 -0.23009981 -0.19116478]
1005,[ 0.18105423  0.09704464 -0.04200065  0.12100609  0.35840732  0.10135745
 -0.0623704   0.67055273  0.37170678 -0.53973208 -0.04833942 -0.14179293
  0.19140409  0.40958565 -0.32530885  0.2129139  -0.12001733 -0.62749288
  0.11585657  0.13171235 -0.46795533  0.21746799  0.26510588 -0.62612437
  0.00132954  0.39238898 -0.00900968  0.05027833 -0.53566453  0.5022328
  0.5842584   0.55527002  0.62833746  0.23263058 -0.18128422  0.5690051
 -0.16136069  0.42498331 -0.62102794  0.13452939  0.34050096 -0.65091942
  0.01868455 -0.22675092  0.08725374 -0.29250665  0.25991846 -0.52727647
 -0.27823506 -0.82674692 -0.49321916 -0.23009581 -0.19117235]
1006,[ 0.18108149  0.09705561 -0.04207048  0.12102117  0.35842289  0.10134075
 -0.06234593  0.67052664  0.37167983 -0.53972073 -0.04833547 -0.14176366
  0.19138966  0.40961315 -0.32530969  0.21293684 -0.1200028  -0.62748417
  0.11584111  0.1317287  -0.46795771  0.21745338  0.26510095 -0.62614736
  0.00130589  0.3923776  -0.00896721  0.05026413 -0.53568329  0.50227131
  0.58422134  0.55528004  0.62835449  0.23263128 -0.18126984  0.56900914
 -0.16137635  0.42497294 -0.62102136  0.13451255  0.34050473 -0.65089099
  0.0186518  -0.22675371  0.08723438 -0.29251236  0.25993916 -0.52723027
 -0.27826147 -0.82674372 -0.49322989 -0.2300918  -0.1911799 ]
1007,[ 0.18110871  0.09706657 -0.04214024  0.12103624  0.35843845  0.10132407
 -0.06232148  0.67050058  0.37165291 -0.53970939 -0.04833152 -0.14173442
  0.19137524  0.40964062 -0.32531054  0.21295975 -0.11998828 -0.62747547
  0.11582566  0.13174504 -0.4679601   0.21743879  0.26509604 -0.62617033
  0.00128226  0.39236623 -0.00892478  0.05024994 -0.53570203  0.50230979
  0.58418433  0.55529004  0.62837151  0.23263199 -0.18125548  0.56901318
 -0.16139199  0.42496258 -0.62101478  0.13449573  0.3405085  -0.6508626
  0.01861909 -0.2267565   0.08721506 -0.29251807  0.25995984 -0.52718412
 -0.27828785 -0.82674052 -0.49324061 -0.23008781 -0.19118745]
1008,[ 0.1811359   0.09707751 -0.04220992  0.12105129  0.35845399  0.10130741
 -0.06229706  0.67047454  0.37162603 -0.53969807 -0.04832758 -0.14170521
  0.19136083  0.40966807 -0.32531138  0.21298264 -0.11997378 -0.62746678
  0.11581024  0.13176136 -0.46796248  0.21742422  0.26509112 -0.62619327
  0.00125866  0.39235487 -0.0088824   0.05023578 -0.53572074  0.50234822
  0.58414735  0.55530003  0.62838851  0.2326327  -0.18124114  0.56901721
 -0.16140762  0.42495224 -0.6210082   0.13447893  0.34051227 -0.65083423
  0.01858641 -0.22675928  0.08719575 -0.29252376  0.2599805  -0.52713803
 -0.2783142  -0.82673732 -0.49325131 -0.23008382 -0.19119499]
1009,[ 0.18116306  0.09708844 -0.04227952  0.12106632  0.35846951  0.10129077
 -0.06227267  0.67044853  0.37159917 -0.53968676 -0.04832364 -0.14167604
  0.19134644  0.40969548 -0.32531222  0.2130055  -0.11995929 -0.62745811
  0.11579483  0.13177767 -0.46796485  0.21740966  0.26508621 -0.62621619
  0.00123509  0.39234353 -0.00884007  0.05022162 -0.53573944  0.50238661
  0.58411042  0.55531001  0.62840549  0.2326334  -0.18122681  0.56902124
 -0.16142322  0.4249419  -0.62100164  0.13446214  0.34051604 -0.6508059
  0.01855377 -0.22676207  0.08717646 -0.29252945  0.26000113 -0.52709198
 -0.27834052 -0.82673413 -0.493262   -0.23007983 -0.19120252]
1010,[ 0.18119019  0.09709935 -0.04234904  0.12108134  0.35848502  0.10127415
 -0.0622483   0.67042256  0.37157235 -0.53967546 -0.04831971 -0.14164689
  0.19133207  0.40972286 -0.32531306  0.21302834 -0.11994482 -0.62744944
  0.11577943  0.13179395 -0.46796723  0.21739512  0.26508131 -0.62623908
  0.00121154  0.39233219 -0.00879779  0.05020749 -0.53575812  0.50242496
  0.58407353  0.55531998  0.62842245  0.23263411 -0.1812125   0.56902526
 -0.16143881  0.42493158 -0.62099508  0.13444538  0.34051979 -0.6507776
  0.01852116 -0.22676485  0.0871572  -0.29253514  0.26002174 -0.52704599
 -0.27836681 -0.82673095 -0.49327268 -0.23007585 -0.19121004]
1011,[ 0.18121729  0.09711026 -0.04241849  0.12109634  0.3585005   0.10125754
 -0.06222396  0.67039661  0.37154555 -0.53966417 -0.04831578 -0.14161779
  0.19131772  0.40975021 -0.3253139   0.21305115 -0.11993037 -0.62744078
  0.11576406  0.13181022 -0.4679696   0.21738059  0.26507641 -0.62626194
  0.00118802  0.39232087 -0.00875555  0.05019337 -0.53577677  0.50246326
  0.58403668  0.55532994  0.62843939  0.23263481 -0.1811982   0.56902927
 -0.16145439  0.42492127 -0.62098853  0.13442863  0.34052355 -0.65074933
  0.0184886  -0.22676762  0.08713796 -0.29254082  0.26004232 -0.52700005
 -0.27839307 -0.82672776 -0.49328335 -0.23007187 -0.19121755]
1012,[ 0.18124436  0.09712115 -0.04248786  0.12111132  0.35851597  0.10124096
 -0.06219965  0.67037069  0.37151879 -0.5396529  -0.04831185 -0.14158871
  0.19130338  0.40977753 -0.32531474  0.21307393 -0.11991594 -0.62743213
  0.1157487   0.13182646 -0.46797197  0.21736608  0.26507152 -0.62628478
  0.00116453  0.39230957 -0.00871336  0.05017926 -0.5357954   0.50250152
  0.58399987  0.55533988  0.62845631  0.23263551 -0.18118392  0.56903329
 -0.16146994  0.42491097 -0.62098198  0.1344119   0.3405273  -0.65072109
  0.01845606 -0.2267704   0.08711874 -0.29254649  0.26006288 -0.52695416
 -0.2784193  -0.82672458 -0.493294   -0.23006789 -0.19122506]
1013,[ 0.1812714   0.09713203 -0.04255714  0.12112629  0.35853142  0.10122439
 -0.06217537  0.6703448   0.37149205 -0.53964164 -0.04830793 -0.14155967
  0.19128905  0.40980481 -0.32531558  0.21309669 -0.11990152 -0.62742349
  0.11573336  0.13184269 -0.46797433  0.21735159  0.26506664 -0.62630759
  0.00114106  0.39229827 -0.00867122  0.05016517 -0.53581401  0.50253973
  0.5839631   0.55534982  0.62847321  0.23263621 -0.18116966  0.56903729
 -0.16148548  0.42490068 -0.62097544  0.1343952   0.34053105 -0.65069289
  0.01842357 -0.22677317  0.08709954 -0.29255216  0.26008342 -0.52690832
 -0.2784455  -0.8267214  -0.49330465 -0.23006393 -0.19123255]
1014,[ 0.1812984   0.0971429  -0.04262635  0.12114123  0.35854686  0.10120784
 -0.06215111  0.67031894  0.37146535 -0.53963039 -0.04830402 -0.14153066
  0.19127474  0.40983207 -0.32531641  0.21311942 -0.11988711 -0.62741486
  0.11571804  0.1318589  -0.4679767   0.21733711  0.26506176 -0.62633038
  0.00111762  0.39228699 -0.00862913  0.0501511  -0.5358326   0.50257791
  0.58392637  0.55535974  0.62849009  0.23263692 -0.18115541  0.5690413
 -0.161501    0.42489041 -0.62096891  0.13437851  0.34053479 -0.65066471
  0.01839111 -0.22677594  0.08708036 -0.29255782  0.26010394 -0.52686254
 -0.27847167 -0.82671823 -0.49331528 -0.23005996 -0.19124004]
1015,[ 0.18132538  0.09715376 -0.04269549  0.12115617  0.35856227  0.10119131
 -0.06212688  0.67029311  0.37143867 -0.53961916 -0.0483001  -0.14150168
  0.19126045  0.4098593  -0.32531725  0.21314213 -0.11987273 -0.62740624
  0.11570273  0.1318751  -0.46797906  0.21732265  0.26505688 -0.62635314
  0.00109421  0.39227572 -0.00858708  0.05013705 -0.53585117  0.50261604
  0.58388969  0.55536966  0.62850696  0.23263762 -0.18114118  0.5690453
 -0.1615165   0.42488014 -0.62096239  0.13436183  0.34053853 -0.65063657
  0.01835869 -0.2267787   0.08706121 -0.29256347  0.26012443 -0.52681681
 -0.27849781 -0.82671506 -0.4933259  -0.230056   -0.19124752]
1016,[ 0.18135233  0.0971646  -0.04276454  0.12117108  0.35857767  0.1011748
 -0.06210268  0.67026731  0.37141203 -0.53960794 -0.0482962  -0.14147274
  0.19124618  0.40988649 -0.32531809  0.21316481 -0.11985835 -0.62739763
  0.11568744  0.13189127 -0.46798142  0.21730821  0.26505201 -0.62637588
  0.00107082  0.39226447 -0.00854508  0.050123   -0.53586972  0.50265412
  0.58385304  0.55537956  0.6285238   0.23263832 -0.18112697  0.56904929
 -0.16153198  0.42486989 -0.62095588  0.13434518  0.34054226 -0.65060846
  0.0183263  -0.22678146  0.08704207 -0.29256912  0.2601449  -0.52677112
 -0.27852393 -0.8267119  -0.49333651 -0.23005204 -0.19125499]
1017,[ 0.18137924  0.09717543 -0.04283352  0.12118598  0.35859305  0.10115831
 -0.06207851  0.67024154  0.37138541 -0.53959673 -0.0482923  -0.14144383
  0.19123192  0.40991366 -0.32531892  0.21318746 -0.119844   -0.62738902
  0.11567217  0.13190743 -0.46798377  0.21729378  0.26504715 -0.62639859
  0.00104746  0.39225322 -0.00850313  0.05010898 -0.53588825  0.50269217
  0.58381644  0.55538945  0.62854063  0.23263901 -0.18111277  0.56905328
 -0.16154745  0.42485965 -0.62094937  0.13432855  0.34054599 -0.65058038
  0.01829396 -0.22678422  0.08702296 -0.29257476  0.26016535 -0.52672549
 -0.27855001 -0.82670873 -0.4933471  -0.23004809 -0.19126246]
1018,[ 0.18140613  0.09718625 -0.04290242  0.12120086  0.35860842  0.10114184
 -0.06205436  0.6702158   0.37135883 -0.53958553 -0.0482884  -0.14141495
  0.19121768  0.40994079 -0.32531975  0.21321009 -0.11982966 -0.62738043
  0.11565692  0.13192357 -0.46798612  0.21727937  0.26504229 -0.62642128
  0.00102413  0.39224199 -0.00846123  0.05009497 -0.53590676  0.50273017
  0.58377988  0.55539933  0.62855743  0.23263971 -0.18109859  0.56905726
 -0.1615629   0.42484942 -0.62094287  0.13431193  0.34054972 -0.65055234
  0.01826164 -0.22678697  0.08700387 -0.29258039  0.26018577 -0.52667991
 -0.27857606 -0.82670558 -0.49335769 -0.23004415 -0.19126991]
1019,[ 0.18143299  0.09719706 -0.04297124  0.12121572  0.35862377  0.10112538
 -0.06203024  0.67019008  0.37133227 -0.53957435 -0.0482845  -0.1413861
  0.19120345  0.4099679  -0.32532058  0.2132327  -0.11981534 -0.62737185
  0.11564168  0.13193969 -0.46798847  0.21726498  0.26503744 -0.62644394
  0.00100082  0.39223077 -0.00841937  0.05008098 -0.53592524  0.50276813
  0.58374336  0.5554092   0.62857422  0.23264041 -0.18108442  0.56906125
 -0.16157833  0.4248392  -0.62093638  0.13429534  0.34055344 -0.65052432
  0.01822937 -0.22678973  0.0869848  -0.29258602  0.26020617 -0.52663438
 -0.27860209 -0.82670242 -0.49336826 -0.2300402  -0.19127735]
1020,[ 0.18145981  0.09720786 -0.04303998  0.12123057  0.3586391   0.10110895
 -0.06200615  0.6701644   0.37130575 -0.53956318 -0.04828061 -0.14135729
  0.19118924  0.40999497 -0.32532142  0.21325527 -0.11980103 -0.62736328
  0.11562646  0.13195579 -0.46799082  0.2172506   0.26503259 -0.62646657
  0.00097753  0.39221957 -0.00837756  0.050067   -0.53594371  0.50280604
  0.58370688  0.55541906  0.62859099  0.23264111 -0.18107027  0.56906522
 -0.16159375  0.42482899 -0.62092989  0.13427876  0.34055715 -0.65049634
  0.01819713 -0.22679247  0.08696575 -0.29259164  0.26022655 -0.52658891
 -0.27862808 -0.82669927 -0.49337882 -0.23003627 -0.19128479]
1021,[ 0.18148661  0.09721864 -0.04310865  0.1212454   0.35865441  0.10109253
 -0.06198209  0.67013874  0.37127925 -0.53955202 -0.04827673 -0.1413285
  0.19117504  0.41002202 -0.32532225  0.21327783 -0.11978674 -0.62735472
  0.11561126  0.13197187 -0.46799317  0.21723624  0.26502775 -0.62648918
  0.00095428  0.39220837 -0.00833579  0.05005304 -0.53596216  0.50284392
  0.58367044  0.5554289   0.62860774  0.2326418  -0.18105613  0.56906919
 -0.16160914  0.4248188  -0.62092341  0.1342622   0.34056087 -0.65046839
  0.01816493 -0.22679522  0.08694673 -0.29259725  0.26024691 -0.52654348
 -0.27865405 -0.82669612 -0.49338937 -0.23003233 -0.19129222]
1022,[ 0.18151337  0.09722941 -0.04317724  0.12126022  0.35866971  0.10107613
 -0.06195805  0.67011311  0.37125279 -0.53954087 -0.04827285 -0.14129975
  0.19116086  0.41004903 -0.32532307  0.21330036 -0.11977247 -0.62734616
  0.11559607  0.13198794 -0.46799551  0.21722189  0.26502291 -0.62651176
  0.00093105  0.39219719 -0.00829408  0.05003909 -0.53598058  0.50288175
  0.58363405  0.55543874  0.62862447  0.2326425  -0.18104201  0.56907316
 -0.16162452  0.42480861 -0.62091694  0.13424566  0.34056458 -0.65044047
  0.01813276 -0.22679796  0.08692772 -0.29260286  0.26026724 -0.52649811
 -0.27867999 -0.82669298 -0.4933999  -0.2300284  -0.19129964]
1023,[ 0.18154011  0.09724017 -0.04324575  0.12127501  0.35868498  0.10105975
 -0.06193404  0.67008751  0.37122635 -0.53952974 -0.04826897 -0.14127104
  0.1911467   0.41007601 -0.3253239   0.21332286 -0.11975821 -0.62733762
  0.1155809   0.13200398 -0.46799785  0.21720756  0.26501808 -0.62653432
  0.00090785  0.39218603 -0.00825241  0.05002516 -0.53599898  0.50291953
  0.58359769  0.55544856  0.62864119  0.23264319 -0.18102791  0.56907712
 -0.16163989  0.42479844 -0.62091048  0.13422914  0.34056828 -0.65041258
  0.01810063 -0.2268007   0.08690874 -0.29260847  0.26028755 -0.52645278
 -0.27870589 -0.82668984 -0.49341043 -0.23002448 -0.19130705]
1024,[ 0.18156681  0.09725092 -0.04331418  0.12128979  0.35870025  0.10104338
 -0.06191005  0.67006194  0.37119994 -0.53951862 -0.0482651  -0.14124235
  0.19113255  0.41010296 -0.32532473  0.21334534 -0.11974397 -0.62732909
  0.11556575  0.13202001 -0.46800018  0.21719324  0.26501325 -0.62655685
  0.00088467  0.39217487 -0.00821079  0.05001124 -0.53601736  0.50295728
  0.58356138  0.55545837  0.62865788  0.23264388 -0.18101382  0.56908108
 -0.16165523  0.42478828 -0.62090402  0.13421264  0.34057198 -0.65038472
  0.01806853 -0.22680344  0.08688978 -0.29261406  0.26030783 -0.52640751
 -0.27873177 -0.8266867  -0.49342094 -0.23002056 -0.19131446]
1025,[ 0.18159349  0.09726165 -0.04338254  0.12130456  0.35871549  0.10102704
 -0.0618861   0.6700364   0.37117357 -0.53950751 -0.04826123 -0.1412137
  0.19111842  0.41012988 -0.32532556  0.21336779 -0.11972974 -0.62732056
  0.11555062  0.13203602 -0.46800252  0.21717895  0.26500843 -0.62657936
  0.00086152  0.39216373 -0.00816921  0.04999734 -0.53603573  0.50299498
  0.5835251   0.55546818  0.62867455  0.23264458 -0.18099975  0.56908504
 -0.16167056  0.42477813 -0.62089758  0.13419615  0.34057568 -0.65035689
  0.01803648 -0.22680617  0.08687083 -0.29261965  0.2603281  -0.52636229
 -0.27875762 -0.82668356 -0.49343144 -0.23001664 -0.19132185]
1026,[ 0.18162014  0.09727237 -0.04345082  0.12131931  0.35873072  0.10101071
 -0.06186217  0.67001089  0.37114722 -0.53949641 -0.04825737 -0.14118508
  0.19110431  0.41015678 -0.32532638  0.21339022 -0.11971553 -0.62731205
  0.1155355   0.13205202 -0.46800485  0.21716466  0.26500362 -0.62660184
  0.00083839  0.3921526  -0.00812768  0.04998346 -0.53605407  0.50303264
  0.58348887  0.55547797  0.62869121  0.23264527 -0.18098569  0.56908899
 -0.16168587  0.42476799 -0.62089113  0.13417969  0.34057937 -0.6503291
  0.01800445 -0.2268089   0.08685191 -0.29262524  0.26034834 -0.52631712
 -0.27878344 -0.82668043 -0.49344193 -0.23001273 -0.19132924]
1027,[ 1.81646750e-01  9.72830841e-02 -4.35190247e-02  1.21334037e-01
  3.58745926e-01  1.00994406e-01 -6.18382629e-02  6.69985405e-01
  3.71120905e-01 -5.39485330e-01 -4.82535116e-02 -1.41156491e-01
  1.91090208e-01  4.10183636e-01 -3.25327206e-01  2.13412617e-01
 -1.19701337e-01 -6.27303545e-01  1.15520399e-01  1.32067993e-01
 -4.68007179e-01  2.17150398e-01  2.64998809e-01 -6.26624295e-01
  8.15291568e-04  3.92141481e-01 -8.08620221e-03  4.99695930e-02
 -5.36072388e-01  5.03070261e-01  5.83452678e-01  5.55487747e-01
  6.28707848e-01  2.32645959e-01 -1.80971654e-01  5.69092930e-01
 -1.61701166e-01  4.24757867e-01 -6.20884699e-01  1.34163241e-01
  3.40583057e-01 -6.50301335e-01  1.79724684e-02 -2.26811630e-01
  8.68330165e-02 -2.92630813e-01  2.60368554e-01 -5.26271997e-01
 -2.78809232e-01 -8.26677307e-01 -4.93452408e-01 -2.30008822e-01
 -1.91336619e-01]
1028,[ 1.81673336e-01  9.72937825e-02 -4.35871516e-02  1.21348752e-01
  3.58761119e-01  1.00978117e-01 -6.18143868e-02  6.69959950e-01
  3.71094618e-01 -5.39474259e-01 -4.82496572e-02 -1.41127935e-01
  1.91076125e-01  4.10210467e-01 -3.25328030e-01  2.13434993e-01
 -1.19687159e-01 -6.27295049e-01  1.15505315e-01  1.32083951e-01
 -4.68009506e-01  2.17136148e-01  2.64994005e-01 -6.26646726e-01
  7.92218255e-04  3.92130376e-01 -8.04476724e-03  4.99557406e-02
 -5.36090688e-01  5.03107837e-01  5.83416526e-01  5.55497516e-01
  6.28724466e-01  2.32646649e-01 -1.80957630e-01  5.69096871e-01
 -1.61716442e-01  4.24747752e-01 -6.20878272e-01  1.34146813e-01
  3.40586741e-01 -6.50273602e-01  1.79405184e-02 -2.26814354e-01
  8.68141396e-02 -2.92636384e-01  2.60388749e-01 -5.26226928e-01
 -2.78834994e-01 -8.26674184e-01 -4.93462873e-01 -2.30004920e-01
 -1.91343990e-01]
1029,[ 1.81699891e-01  9.73044688e-02 -4.36552019e-02  1.21363450e-01
  3.58776294e-01  1.00961846e-01 -6.17905375e-02  6.69934524e-01
  3.71068361e-01 -5.39463201e-01 -4.82458071e-02 -1.41099412e-01
  1.91062057e-01  4.10237267e-01 -3.25328853e-01  2.13457344e-01
 -1.19672997e-01 -6.27286564e-01  1.15490249e-01  1.32099890e-01
 -4.68011829e-01  2.17121914e-01  2.64989206e-01 -6.26669131e-01
  7.69170924e-04  3.92119283e-01 -8.00337893e-03  4.99419038e-02
 -5.36108967e-01  5.03145370e-01  5.83380416e-01  5.55507274e-01
  6.28741066e-01  2.32647339e-01 -1.80943622e-01  5.69100807e-01
 -1.61731702e-01  4.24737648e-01 -6.20871852e-01  1.34130402e-01
  3.40590421e-01 -6.50245901e-01  1.79086043e-02 -2.26817075e-01
  8.67952840e-02 -2.92641949e-01  2.60408921e-01 -5.26181910e-01
 -2.78860727e-01 -8.26671064e-01 -4.93473327e-01 -2.30001021e-01
 -1.91351352e-01]
1030,[ 1.81726416e-01  9.73151431e-02 -4.37231755e-02  1.21378131e-01
  3.58791453e-01  1.00945594e-01 -6.17667152e-02  6.69909126e-01
  3.71042133e-01 -5.39452155e-01 -4.82419614e-02 -1.41070920e-01
  1.91048005e-01  4.10264038e-01 -3.25329675e-01  2.13479670e-01
 -1.19658851e-01 -6.27278088e-01  1.15475199e-01  1.32115811e-01
 -4.68014150e-01  2.17107697e-01  2.64984413e-01 -6.26691512e-01
  7.46149547e-04  3.92108203e-01 -7.96203722e-03  4.99280825e-02
 -5.36127226e-01  5.03182861e-01  5.83344346e-01  5.55517021e-01
  6.28757648e-01  2.32648028e-01 -1.80929629e-01  5.69104739e-01
 -1.61746944e-01  4.24727555e-01 -6.20865439e-01  1.34114011e-01
  3.40594096e-01 -6.50218231e-01  1.78767262e-02 -2.26819793e-01
  8.67764496e-02 -2.92647507e-01  2.60429071e-01 -5.26136942e-01
 -2.78886431e-01 -8.26667948e-01 -4.93483769e-01 -2.29997127e-01
 -1.91358706e-01]
1031,[ 1.81752912e-01  9.73258054e-02 -4.37910725e-02  1.21392796e-01
  3.58806594e-01  1.00929360e-01 -6.17429196e-02  6.69883757e-01
  3.71015935e-01 -5.39441121e-01 -4.82381200e-02 -1.41042461e-01
  1.91033969e-01  4.10290778e-01 -3.25330495e-01  2.13501971e-01
 -1.19644721e-01 -6.27269621e-01  1.15460167e-01  1.32131715e-01
 -4.68016469e-01  2.17093495e-01  2.64979625e-01 -6.26713867e-01
  7.23154094e-04  3.92097135e-01 -7.92074208e-03  4.99142769e-02
 -5.36145464e-01  5.03220310e-01  5.83308316e-01  5.55526757e-01
  6.28774210e-01  2.32648715e-01 -1.80915652e-01  5.69108666e-01
 -1.61762169e-01  4.24717474e-01 -6.20859034e-01  1.34097638e-01
  3.40597767e-01 -6.50190592e-01  1.78448840e-02 -2.26822508e-01
  8.67576363e-02 -2.92653059e-01  2.60449198e-01 -5.26092025e-01
 -2.78912107e-01 -8.26664835e-01 -4.93494199e-01 -2.29993238e-01
 -1.91366052e-01]
1032,[ 1.81779377e-01  9.73364557e-02 -4.38588931e-02  1.21407444e-01
  3.58821719e-01  1.00913144e-01 -6.17191508e-02  6.69858416e-01
  3.70989766e-01 -5.39430100e-01 -4.82342829e-02 -1.41014034e-01
  1.91019949e-01  4.10317488e-01 -3.25331315e-01  2.13524247e-01
 -1.19630607e-01 -6.27261164e-01  1.15445151e-01  1.32147600e-01
 -4.68018785e-01  2.17079309e-01  2.64974843e-01 -6.26736197e-01
  7.00184536e-04  3.92086080e-01 -7.87949343e-03  4.99004867e-02
 -5.36163682e-01  5.03257716e-01  5.83272327e-01  5.55536482e-01
  6.28790754e-01  2.32649403e-01 -1.80901691e-01  5.69112589e-01
 -1.61777377e-01  4.24707405e-01 -6.20852635e-01  1.34081283e-01
  3.40601435e-01 -6.50162984e-01  1.78130777e-02 -2.26825220e-01
  8.67388443e-02 -2.92658605e-01  2.60469302e-01 -5.26047159e-01
 -2.78937753e-01 -8.26661726e-01 -4.93504617e-01 -2.29989352e-01
 -1.91373389e-01]
1033,[ 1.81805813e-01  9.73470940e-02 -4.39266373e-02  1.21422076e-01
  3.58836826e-01  1.00896946e-01 -6.16954088e-02  6.69833104e-01
  3.70963626e-01 -5.39419091e-01 -4.82304502e-02 -1.40985638e-01
  1.91005945e-01  4.10344168e-01 -3.25332134e-01  2.13546497e-01
 -1.19616509e-01 -6.27252717e-01  1.15430153e-01  1.32163468e-01
 -4.68021098e-01  2.17065139e-01  2.64970066e-01 -6.26758502e-01
  6.77240843e-04  3.92075038e-01 -7.83829123e-03  4.98867121e-02
 -5.36181879e-01  5.03295081e-01  5.83236379e-01  5.55546196e-01
  6.28807280e-01  2.32650089e-01 -1.80887746e-01  5.69116508e-01
 -1.61792567e-01  4.24697346e-01 -6.20846244e-01  1.34064947e-01
  3.40605098e-01 -6.50135408e-01  1.77813071e-02 -2.26827929e-01
  8.67200735e-02 -2.92664145e-01  2.60489383e-01 -5.26002343e-01
 -2.78963370e-01 -8.26658620e-01 -4.93515023e-01 -2.29985471e-01
 -1.91380718e-01]
1034,[ 1.81832219e-01  9.73577203e-02 -4.39943053e-02  1.21436691e-01
  3.58851916e-01  1.00880767e-01 -6.16716935e-02  6.69807821e-01
  3.70937517e-01 -5.39408094e-01 -4.82266217e-02 -1.40957275e-01
  1.90991956e-01  4.10370818e-01 -3.25332952e-01  2.13568723e-01
 -1.19602426e-01 -6.27244279e-01  1.15415171e-01  1.32179318e-01
 -4.68023409e-01  2.17050985e-01  2.64965294e-01 -6.26780781e-01
  6.54322988e-04  3.92064007e-01 -7.79713543e-03  4.98729530e-02
 -5.36200055e-01  5.03332403e-01  5.83200471e-01  5.55555900e-01
  6.28823786e-01  2.32650774e-01 -1.80873816e-01  5.69120422e-01
 -1.61807741e-01  4.24687299e-01 -6.20839860e-01  1.34048629e-01
  3.40608757e-01 -6.50107862e-01  1.77495724e-02 -2.26830635e-01
  8.67013237e-02 -2.92669678e-01  2.60509442e-01 -5.25957578e-01
 -2.78988959e-01 -8.26655518e-01 -4.93525418e-01 -2.29981595e-01
 -1.91388039e-01]
1035,[ 1.81858596e-01  9.73683347e-02 -4.40618970e-02  1.21451290e-01
  3.58866989e-01  1.00864605e-01 -6.16480050e-02  6.69782566e-01
  3.70911436e-01 -5.39397110e-01 -4.82227976e-02 -1.40928943e-01
  1.90977983e-01  4.10397438e-01 -3.25333769e-01  2.13590923e-01
 -1.19588359e-01 -6.27235851e-01  1.15400206e-01  1.32195150e-01
 -4.68025717e-01  2.17036848e-01  2.64960528e-01 -6.26803036e-01
  6.31430940e-04  3.92052990e-01 -7.75602598e-03  4.98592095e-02
 -5.36218211e-01  5.03369684e-01  5.83164604e-01  5.55565592e-01
  6.28840275e-01  2.32651459e-01 -1.80859902e-01  5.69124331e-01
 -1.61822897e-01  4.24677264e-01 -6.20833484e-01  1.34032329e-01
  3.40612411e-01 -6.50080348e-01  1.77178733e-02 -2.26833338e-01
  8.66825951e-02 -2.92675205e-01  2.60529478e-01 -5.25912863e-01
 -2.79014518e-01 -8.26652419e-01 -4.93535801e-01 -2.29977723e-01
 -1.91395352e-01]
1036,[ 1.81884942e-01  9.73789371e-02 -4.41294126e-02  1.21465872e-01
  3.58882046e-01  1.00848463e-01 -6.16243431e-02  6.69757339e-01
  3.70885385e-01 -5.39386138e-01 -4.82189778e-02 -1.40900644e-01
  1.90964026e-01  4.10424028e-01 -3.25334586e-01  2.13613099e-01
 -1.19574309e-01 -6.27227432e-01  1.15385258e-01  1.32210964e-01
 -4.68028023e-01  2.17022726e-01  2.64955767e-01 -6.26825266e-01
  6.08564671e-04  3.92041984e-01 -7.71496282e-03  4.98454813e-02
 -5.36236347e-01  5.03406922e-01  5.83128776e-01  5.55575273e-01
  6.28856744e-01  2.32652143e-01 -1.80846004e-01  5.69128237e-01
 -1.61838037e-01  4.24667239e-01 -6.20827114e-01  1.34016048e-01
  3.40616062e-01 -6.50052864e-01  1.76862100e-02 -2.26836037e-01
  8.66638876e-02 -2.92680726e-01  2.60549492e-01 -5.25868198e-01
 -2.79040049e-01 -8.26649324e-01 -4.93546173e-01 -2.29973855e-01
 -1.91402656e-01]
1037,[ 1.81911259e-01  9.73895275e-02 -4.41968522e-02  1.21480438e-01
  3.58897085e-01  1.00832338e-01 -6.16007079e-02  6.69732141e-01
  3.70859363e-01 -5.39375179e-01 -4.82151623e-02 -1.40872376e-01
  1.90950085e-01  4.10450588e-01 -3.25335401e-01  2.13635249e-01
 -1.19560274e-01 -6.27219022e-01  1.15370327e-01  1.32226760e-01
 -4.68030325e-01  2.17008620e-01  2.64951011e-01 -6.26847470e-01
  5.85724151e-04  3.92030991e-01 -7.67394590e-03  4.98317687e-02
 -5.36254462e-01  5.03444119e-01  5.83092990e-01  5.55584944e-01
  6.28873195e-01  2.32652826e-01 -1.80832121e-01  5.69132137e-01
 -1.61853159e-01  4.24657226e-01 -6.20820752e-01  1.33999785e-01
  3.40619709e-01 -6.50025411e-01  1.76545823e-02 -2.26838734e-01
  8.66452011e-02 -2.92686241e-01  2.60569483e-01 -5.25823584e-01
 -2.79065551e-01 -8.26646232e-01 -4.93556533e-01 -2.29969992e-01
 -1.91409953e-01]
1038,[ 1.81937547e-01  9.74001060e-02 -4.42642159e-02  1.21494988e-01
  3.58912107e-01  1.00816231e-01 -6.15770992e-02  6.69706971e-01
  3.70833371e-01 -5.39364232e-01 -4.82113511e-02 -1.40844140e-01
  1.90936159e-01  4.10477118e-01 -3.25336215e-01  2.13657375e-01
 -1.19546255e-01 -6.27210622e-01  1.15355413e-01  1.32242539e-01
 -4.68032626e-01  2.16994529e-01  2.64946261e-01 -6.26869650e-01
  5.62909352e-04  3.92020011e-01 -7.63297517e-03  4.98180715e-02
 -5.36272557e-01  5.03481273e-01  5.83057243e-01  5.55594603e-01
  6.28889628e-01  2.32653509e-01 -1.80818254e-01  5.69136034e-01
 -1.61868264e-01  4.24647224e-01 -6.20814397e-01  1.33983541e-01
  3.40623351e-01 -6.49997990e-01  1.76229903e-02 -2.26841428e-01
  8.66265357e-02 -2.92691750e-01  2.60589452e-01 -5.25779020e-01
 -2.79091025e-01 -8.26643144e-01 -4.93566881e-01 -2.29966133e-01
 -1.91417241e-01]
1039,[ 1.81963804e-01  9.74106727e-02 -4.43315037e-02  1.21509521e-01
  3.58927113e-01  1.00800143e-01 -6.15535172e-02  6.69681829e-01
  3.70807407e-01 -5.39353297e-01 -4.82075441e-02 -1.40815936e-01
  1.90922249e-01  4.10503618e-01 -3.25337029e-01  2.13679476e-01
 -1.19532251e-01 -6.27202232e-01  1.15340515e-01  1.32258300e-01
 -4.68034924e-01  2.16980455e-01  2.64941516e-01 -6.26891804e-01
  5.40120245e-04  3.92009042e-01 -7.59205057e-03  4.98043897e-02
 -5.36290632e-01  5.03518386e-01  5.83021537e-01  5.55604252e-01
  6.28906042e-01  2.32654191e-01 -1.80804403e-01  5.69139926e-01
 -1.61883353e-01  4.24637234e-01 -6.20808049e-01  1.33967315e-01
  3.40626989e-01 -6.49970599e-01  1.75914338e-02 -2.26844118e-01
  8.66078913e-02 -2.92697252e-01  2.60609398e-01 -5.25734506e-01
 -2.79116470e-01 -8.26640059e-01 -4.93577217e-01 -2.29962278e-01
 -1.91424520e-01]
1040,[ 1.81990032e-01  9.74212274e-02 -4.43987157e-02  1.21524037e-01
  3.58942102e-01  1.00784072e-01 -6.15299617e-02  6.69656716e-01
  3.70781473e-01 -5.39342375e-01 -4.82037415e-02 -1.40787764e-01
  1.90908355e-01  4.10530089e-01 -3.25337841e-01  2.13701551e-01
 -1.19518264e-01 -6.27193851e-01  1.15325634e-01  1.32274043e-01
 -4.68037219e-01  2.16966397e-01  2.64936776e-01 -6.26913934e-01
  5.17356800e-04  3.91998087e-01 -7.55117206e-03  4.97907233e-02
 -5.36308686e-01  5.03555457e-01  5.82985871e-01  5.55613890e-01
  6.28922437e-01  2.32654872e-01 -1.80790567e-01  5.69143814e-01
 -1.61898424e-01  4.24627254e-01 -6.20801708e-01  1.33951107e-01
  3.40630624e-01 -6.49943239e-01  1.75599129e-02 -2.26846806e-01
  8.65892679e-02 -2.92702748e-01  2.60629321e-01 -5.25690042e-01
 -2.79141886e-01 -8.26636977e-01 -4.93587542e-01 -2.29958428e-01
 -1.91431792e-01]
1041,[ 1.82016231e-01  9.74317702e-02 -4.44658520e-02  1.21538538e-01
  3.58957073e-01  1.00768020e-01 -6.15064328e-02  6.69631631e-01
  3.70755569e-01 -5.39331465e-01 -4.81999431e-02 -1.40759624e-01
  1.90894476e-01  4.10556529e-01 -3.25338653e-01  2.13723602e-01
 -1.19504292e-01 -6.27185479e-01  1.15310770e-01  1.32289768e-01
 -4.68039511e-01  2.16952354e-01  2.64932042e-01 -6.26936039e-01
  4.94618989e-04  3.91987143e-01 -7.51033959e-03  4.97770723e-02
 -5.36326719e-01  5.03592486e-01  5.82950245e-01  5.55623517e-01
  6.28938814e-01  2.32655552e-01 -1.80776747e-01  5.69147697e-01
 -1.61913478e-01  4.24617286e-01 -6.20795374e-01  1.33934917e-01
  3.40634254e-01 -6.49915910e-01  1.75284274e-02 -2.26849490e-01
  8.65706655e-02 -2.92708238e-01  2.60649223e-01 -5.25645628e-01
 -2.79167273e-01 -8.26633900e-01 -4.93597855e-01 -2.29954582e-01
 -1.91439055e-01]
1042,[ 1.82042400e-01  9.74423012e-02 -4.45329128e-02  1.21553022e-01
  3.58972028e-01  1.00751986e-01 -6.14829303e-02  6.69606575e-01
  3.70729693e-01 -5.39320567e-01 -4.81961491e-02 -1.40731515e-01
  1.90880613e-01  4.10582940e-01 -3.25339464e-01  2.13745628e-01
 -1.19490336e-01 -6.27177117e-01  1.15295923e-01  1.32305475e-01
 -4.68041801e-01  2.16938327e-01  2.64927313e-01 -6.26958118e-01
  4.71906782e-04  3.91976212e-01 -7.46955309e-03  4.97634366e-02
 -5.36344733e-01  5.03629474e-01  5.82914660e-01  5.55633133e-01
  6.28955173e-01  2.32656231e-01 -1.80762942e-01  5.69151576e-01
 -1.61928516e-01  4.24607329e-01 -6.20789047e-01  1.33918746e-01
  3.40637880e-01 -6.49888611e-01  1.74969774e-02 -2.26852172e-01
  8.65520840e-02 -2.92713722e-01  2.60669102e-01 -5.25601264e-01
 -2.79192632e-01 -8.26630825e-01 -4.93608157e-01 -2.29950740e-01
 -1.91446310e-01]
1043,[ 1.82068540e-01  9.74528203e-02 -4.45998980e-02  1.21567490e-01
  3.58986966e-01  1.00735970e-01 -6.14594543e-02  6.69581546e-01
  3.70703846e-01 -5.39309682e-01 -4.81923593e-02 -1.40703437e-01
  1.90866765e-01  4.10609321e-01 -3.25340274e-01  2.13767630e-01
 -1.19476395e-01 -6.27168764e-01  1.15281092e-01  1.32321165e-01
 -4.68044089e-01  2.16924316e-01  2.64922590e-01 -6.26980173e-01
  4.49220152e-04  3.91965293e-01 -7.42881253e-03  4.97498164e-02
 -5.36362726e-01  5.03666420e-01  5.82879114e-01  5.55642738e-01
  6.28971513e-01  2.32656910e-01 -1.80749153e-01  5.69155450e-01
 -1.61943536e-01  4.24597384e-01 -6.20782728e-01  1.33902592e-01
  3.40641502e-01 -6.49861343e-01  1.74655628e-02 -2.26854850e-01
  8.65335235e-02 -2.92719200e-01  2.60688958e-01 -5.25556951e-01
 -2.79217962e-01 -8.26627754e-01 -4.93618447e-01 -2.29946903e-01
 -1.91453557e-01]
1044,[ 1.82094650e-01  9.74633275e-02 -4.46668078e-02  1.21581941e-01
  3.59001887e-01  1.00719971e-01 -6.14360047e-02  6.69556546e-01
  3.70678029e-01 -5.39298808e-01 -4.81885737e-02 -1.40675392e-01
  1.90852934e-01  4.10635672e-01 -3.25341082e-01  2.13789606e-01
 -1.19462470e-01 -6.27160421e-01  1.15266278e-01  1.32336838e-01
 -4.68046373e-01  2.16910321e-01  2.64917872e-01 -6.27002203e-01
  4.26559070e-04  3.91954386e-01 -7.38811784e-03  4.97362114e-02
 -5.36380699e-01  5.03703324e-01  5.82843609e-01  5.55652332e-01
  6.28987835e-01  2.32657588e-01 -1.80735379e-01  5.69159321e-01
 -1.61958540e-01  4.24587449e-01 -6.20776416e-01  1.33886457e-01
  3.40645120e-01 -6.49834107e-01  1.74341836e-02 -2.26857526e-01
  8.65149838e-02 -2.92724671e-01  2.60708792e-01 -5.25512687e-01
 -2.79243264e-01 -8.26624687e-01 -4.93628725e-01 -2.29943070e-01
 -1.91460796e-01]
1045,[ 1.82120731e-01  9.74738230e-02 -4.47336422e-02  1.21596377e-01
  3.59016792e-01  1.00703991e-01 -6.14125816e-02  6.69531574e-01
  3.70652241e-01 -5.39287947e-01 -4.81847924e-02 -1.40647378e-01
  1.90839117e-01  4.10661994e-01 -3.25341890e-01  2.13811558e-01
 -1.19448561e-01 -6.27152087e-01  1.15251481e-01  1.32352492e-01
 -4.68048656e-01  2.16896341e-01  2.64913159e-01 -6.27024209e-01
  4.03923505e-04  3.91943492e-01 -7.34746898e-03  4.97226218e-02
 -5.36398652e-01  5.03740187e-01  5.82808143e-01  5.55661916e-01
  6.29004139e-01  2.32658265e-01 -1.80721621e-01  5.69163186e-01
 -1.61973527e-01  4.24577526e-01 -6.20770110e-01  1.33870340e-01
  3.40648734e-01 -6.49806900e-01  1.74028398e-02 -2.26860198e-01
  8.64964650e-02 -2.92730136e-01  2.60728604e-01 -5.25468473e-01
 -2.79268537e-01 -8.26621623e-01 -4.93638992e-01 -2.29939241e-01
 -1.91468027e-01]
1046,[ 1.82146782e-01  9.74843066e-02 -4.48004014e-02  1.21610796e-01
  3.59031679e-01  1.00688029e-01 -6.13891848e-02  6.69506630e-01
  3.70626481e-01 -5.39277099e-01 -4.81810154e-02 -1.40619395e-01
  1.90825317e-01  4.10688286e-01 -3.25342697e-01  2.13833485e-01
 -1.19434668e-01 -6.27143762e-01  1.15236701e-01  1.32368129e-01
 -4.68050935e-01  2.16882378e-01  2.64908451e-01 -6.27046189e-01
  3.81313431e-04  3.91932610e-01 -7.30686589e-03  4.97090475e-02
 -5.36416584e-01  5.03777008e-01  5.82772717e-01  5.55671489e-01
  6.29020424e-01  2.32658941e-01 -1.80707879e-01  5.69167048e-01
 -1.61988496e-01  4.24567614e-01 -6.20763812e-01  1.33854242e-01
  3.40652344e-01 -6.49779725e-01  1.73715312e-02 -2.26862868e-01
  8.64779671e-02 -2.92735595e-01  2.60748393e-01 -5.25424309e-01
 -2.79293782e-01 -8.26618562e-01 -4.93649247e-01 -2.29935416e-01
 -1.91475250e-01]
1047,[ 1.82172804e-01  9.74947784e-02 -4.48670854e-02  1.21625198e-01
  3.59046550e-01  1.00672085e-01 -6.13658144e-02  6.69481714e-01
  3.70600751e-01 -5.39266262e-01 -4.81772427e-02 -1.40591444e-01
  1.90811531e-01  4.10714549e-01 -3.25343504e-01  2.13855388e-01
 -1.19420790e-01 -6.27135447e-01  1.15221937e-01  1.32383748e-01
 -4.68053212e-01  2.16868430e-01  2.64903749e-01 -6.27068145e-01
  3.58728817e-04  3.91921740e-01 -7.26630853e-03  4.96954885e-02
 -5.36434496e-01  5.03813788e-01  5.82737332e-01  5.55681051e-01
  6.29036690e-01  2.32659617e-01 -1.80694152e-01  5.69170905e-01
 -1.62003449e-01  4.24557713e-01 -6.20757521e-01  1.33838161e-01
  3.40655949e-01 -6.49752579e-01  1.73402579e-02 -2.26865534e-01
  8.64594900e-02 -2.92741048e-01  2.60768160e-01 -5.25380194e-01
 -2.79318999e-01 -8.26615505e-01 -4.93659491e-01 -2.29931596e-01
 -1.91482464e-01]
1048,[ 1.82198797e-01  9.75052384e-02 -4.49336943e-02  1.21639585e-01
  3.59061404e-01  1.00656159e-01 -6.13424703e-02  6.69456826e-01
  3.70575050e-01 -5.39255438e-01 -4.81734741e-02 -1.40563525e-01
  1.90797762e-01  4.10740781e-01 -3.25344309e-01  2.13877265e-01
 -1.19406928e-01 -6.27127141e-01  1.15207189e-01  1.32399350e-01
 -4.68055487e-01  2.16854497e-01  2.64899052e-01 -6.27090076e-01
  3.36169636e-04  3.91910882e-01 -7.22579683e-03  4.96819447e-02
 -5.36452388e-01  5.03850526e-01  5.82701986e-01  5.55690602e-01
  6.29052939e-01  2.32660292e-01 -1.80680440e-01  5.69174758e-01
 -1.62018385e-01  4.24547823e-01 -6.20751237e-01  1.33822099e-01
  3.40659551e-01 -6.49725465e-01  1.73090198e-02 -2.26868198e-01
  8.64410337e-02 -2.92746495e-01  2.60787905e-01 -5.25336129e-01
 -2.79344187e-01 -8.26612451e-01 -4.93669723e-01 -2.29927780e-01
 -1.91489670e-01]
1049,[ 1.82224761e-01  9.75156866e-02 -4.50002282e-02  1.21653955e-01
  3.59076242e-01  1.00640251e-01 -6.13191524e-02  6.69431966e-01
  3.70549378e-01 -5.39244625e-01 -4.81697099e-02 -1.40535637e-01
  1.90784007e-01  4.10766985e-01 -3.25345113e-01  2.13899118e-01
 -1.19393082e-01 -6.27118845e-01  1.15192459e-01  1.32414934e-01
 -4.68057759e-01  2.16840581e-01  2.64894360e-01 -6.27111982e-01
  3.13635859e-04  3.91900037e-01 -7.18533076e-03  4.96684162e-02
 -5.36470260e-01  5.03887223e-01  5.82666680e-01  5.55700143e-01
  6.29069169e-01  2.32660966e-01 -1.80666744e-01  5.69178606e-01
 -1.62033305e-01  4.24537945e-01 -6.20744960e-01  1.33806054e-01
  3.40663148e-01 -6.49698381e-01  1.72778169e-02 -2.26870858e-01
  8.64225982e-02 -2.92751936e-01  2.60807628e-01 -5.25292114e-01
 -2.79369346e-01 -8.26609401e-01 -4.93679944e-01 -2.29923969e-01
 -1.91496869e-01]
1050,[ 1.82250695e-01  9.75261231e-02 -4.50666871e-02  1.21668309e-01
  3.59091062e-01  1.00624360e-01 -6.12958609e-02  6.69407135e-01
  3.70523734e-01 -5.39233825e-01 -4.81659498e-02 -1.40507780e-01
  1.90770269e-01  4.10793159e-01 -3.25345917e-01  2.13920947e-01
 -1.19379251e-01 -6.27110558e-01  1.15177745e-01  1.32430501e-01
 -4.68060028e-01  2.16826680e-01  2.64889673e-01 -6.27133864e-01
  2.91127456e-04  3.91889204e-01 -7.14491026e-03  4.96549030e-02
 -5.36488112e-01  5.03923878e-01  5.82631413e-01  5.55709673e-01
  6.29085381e-01  2.32661639e-01 -1.80653063e-01  5.69182450e-01
 -1.62048207e-01  4.24528077e-01 -6.20738690e-01  1.33790028e-01
  3.40666742e-01 -6.49671328e-01  1.72466491e-02 -2.26873516e-01
  8.64041835e-02 -2.92757370e-01  2.60827328e-01 -5.25248149e-01
 -2.79394478e-01 -8.26606354e-01 -4.93690153e-01 -2.29920162e-01
 -1.91504059e-01]
1051,[ 1.82276600e-01  9.75365478e-02 -4.51330713e-02  1.21682647e-01
  3.59105866e-01  1.00608488e-01 -6.12725955e-02  6.69382331e-01
  3.70498120e-01 -5.39223038e-01 -4.81621940e-02 -1.40479955e-01
  1.90756546e-01  4.10819303e-01 -3.25346719e-01  2.13942751e-01
 -1.19365436e-01 -6.27102280e-01  1.15163047e-01  1.32446050e-01
 -4.68062295e-01  2.16812794e-01  2.64884992e-01 -6.27155721e-01
  2.68644401e-04  3.91878383e-01 -7.10453527e-03  4.96414049e-02
 -5.36505944e-01  5.03960493e-01  5.82596187e-01  5.55719192e-01
  6.29101574e-01  2.32662311e-01 -1.80639397e-01  5.69186290e-01
 -1.62063093e-01  4.24518221e-01 -6.20732428e-01  1.33774019e-01
  3.40670332e-01 -6.49644305e-01  1.72155164e-02 -2.26876170e-01
  8.63857895e-02 -2.92762799e-01  2.60847007e-01 -5.25204233e-01
 -2.79419581e-01 -8.26603311e-01 -4.93700350e-01 -2.29916359e-01
 -1.91511241e-01]
1052,[ 1.82302476e-01  9.75469608e-02 -4.51993807e-02  1.21696969e-01
  3.59120654e-01  1.00592633e-01 -6.12493564e-02  6.69357555e-01
  3.70472534e-01 -5.39212262e-01 -4.81584425e-02 -1.40452161e-01
  1.90742838e-01  4.10845418e-01 -3.25347521e-01  2.13964530e-01
 -1.19351636e-01 -6.27094011e-01  1.15148366e-01  1.32461582e-01
 -4.68064560e-01  2.16798925e-01  2.64880316e-01 -6.27177554e-01
  2.46186663e-04  3.91867574e-01 -7.06420575e-03  4.96279221e-02
 -5.36523756e-01  5.03997066e-01  5.82561000e-01  5.55728700e-01
  6.29117750e-01  2.32662983e-01 -1.80625747e-01  5.69190126e-01
 -1.62077962e-01  4.24508375e-01 -6.20726172e-01  1.33758029e-01
  3.40673917e-01 -6.49617312e-01  1.71844188e-02 -2.26878822e-01
  8.63674162e-02 -2.92768221e-01  2.60866663e-01 -5.25160366e-01
 -2.79444655e-01 -8.26600271e-01 -4.93710537e-01 -2.29912560e-01
 -1.91518415e-01]
1053,[ 1.82328323e-01  9.75573620e-02 -4.52656154e-02  1.21711275e-01
  3.59135424e-01  1.00576797e-01 -6.12261434e-02  6.69332807e-01
  3.70446977e-01 -5.39201498e-01 -4.81546951e-02 -1.40424398e-01
  1.90729146e-01  4.10871503e-01 -3.25348322e-01  2.13986285e-01
 -1.19337852e-01 -6.27085752e-01  1.15133702e-01  1.32477096e-01
 -4.68066821e-01  2.16785071e-01  2.64875646e-01 -6.27199361e-01
  2.23754215e-04  3.91856778e-01 -7.02392164e-03  4.96144544e-02
 -5.36541547e-01  5.04033598e-01  5.82525852e-01  5.55738198e-01
  6.29133907e-01  2.32663654e-01 -1.80612113e-01  5.69193957e-01
 -1.62092814e-01  4.24498541e-01 -6.20719923e-01  1.33742057e-01
  3.40677498e-01 -6.49590350e-01  1.71533561e-02 -2.26881470e-01
  8.63490636e-02 -2.92773637e-01  2.60886297e-01 -5.25116549e-01
 -2.79469702e-01 -8.26597234e-01 -4.93720711e-01 -2.29908766e-01
 -1.91525581e-01]
1054,[ 1.82354141e-01  9.75677516e-02 -4.53317755e-02  1.21725564e-01
  3.59150178e-01  1.00560978e-01 -6.12029566e-02  6.69308087e-01
  3.70421449e-01 -5.39190747e-01 -4.81509520e-02 -1.40396667e-01
  1.90715469e-01  4.10897559e-01 -3.25349121e-01  2.14008015e-01
 -1.19324083e-01 -6.27077502e-01  1.15119054e-01  1.32492592e-01
 -4.68069081e-01  2.16771232e-01  2.64870980e-01 -6.27221145e-01
  2.01347028e-04  3.91845993e-01 -6.98368290e-03  4.96010019e-02
 -5.36559319e-01  5.04070089e-01  5.82490745e-01  5.55747685e-01
  6.29150046e-01  2.32664325e-01 -1.80598494e-01  5.69197784e-01
 -1.62107650e-01  4.24488718e-01 -6.20713682e-01  1.33726103e-01
  3.40681076e-01 -6.49563418e-01  1.71223285e-02 -2.26884116e-01
  8.63307316e-02 -2.92779048e-01  2.60905909e-01 -5.25072781e-01
 -2.79494720e-01 -8.26594201e-01 -4.93730875e-01 -2.29904976e-01
 -1.91532738e-01]
1055,[ 1.82379929e-01  9.75781294e-02 -4.53978611e-02  1.21739838e-01
  3.59164916e-01  1.00545177e-01 -6.11797959e-02  6.69283394e-01
  3.70395949e-01 -5.39180008e-01 -4.81472131e-02 -1.40368967e-01
  1.90701807e-01  4.10923586e-01 -3.25349920e-01  2.14029721e-01
 -1.19310330e-01 -6.27069262e-01  1.15104422e-01  1.32508071e-01
 -4.68071337e-01  2.16757409e-01  2.64866320e-01 -6.27242903e-01
  1.78965073e-04  3.91835221e-01 -6.94348947e-03  4.95875645e-02
 -5.36577070e-01  5.04106538e-01  5.82455676e-01  5.55757161e-01
  6.29166166e-01  2.32664994e-01 -1.80584890e-01  5.69201606e-01
 -1.62122468e-01  4.24478906e-01 -6.20707447e-01  1.33710166e-01
  3.40684649e-01 -6.49536517e-01  1.70913358e-02 -2.26886758e-01
  8.63124203e-02 -2.92784452e-01  2.60925498e-01 -5.25029062e-01
 -2.79519710e-01 -8.26591171e-01 -4.93741026e-01 -2.29901190e-01
 -1.91539888e-01]
1056,[ 1.82405689e-01  9.75884955e-02 -4.54638723e-02  1.21754095e-01
  3.59179637e-01  1.00529394e-01 -6.11566612e-02  6.69258730e-01
  3.70370479e-01 -5.39169280e-01 -4.81434784e-02 -1.40341298e-01
  1.90688161e-01  4.10949584e-01 -3.25350718e-01  2.14051402e-01
 -1.19296592e-01 -6.27061030e-01  1.15089808e-01  1.32523533e-01
 -4.68073591e-01  2.16743602e-01  2.64861665e-01 -6.27264638e-01
  1.56608323e-04  3.91824461e-01 -6.90334130e-03  4.95741423e-02
 -5.36594802e-01  5.04142947e-01  5.82420648e-01  5.55766627e-01
  6.29182269e-01  2.32665663e-01 -1.80571301e-01  5.69205425e-01
 -1.62137270e-01  4.24469105e-01 -6.20701219e-01  1.33694248e-01
  3.40688218e-01 -6.49509645e-01  1.70603780e-02 -2.26889398e-01
  8.62941297e-02 -2.92789850e-01  2.60945066e-01 -5.24985393e-01
 -2.79544672e-01 -8.26588145e-01 -4.93751167e-01 -2.29897408e-01
 -1.91547030e-01]
1057,[ 1.82431419e-01  9.75988500e-02 -4.55298092e-02  1.21768337e-01
  3.59194341e-01  1.00513628e-01 -6.11335527e-02  6.69234093e-01
  3.70345037e-01 -5.39158565e-01 -4.81397479e-02 -1.40313660e-01
  1.90674530e-01  4.10975552e-01 -3.25351516e-01  2.14073059e-01
 -1.19282870e-01 -6.27052808e-01  1.15075209e-01  1.32538977e-01
 -4.68075843e-01  2.16729810e-01  2.64857016e-01 -6.27286347e-01
  1.34276748e-04  3.91813713e-01 -6.86323834e-03  4.95607352e-02
 -5.36612513e-01  5.04179315e-01  5.82385658e-01  5.55776082e-01
  6.29198354e-01  2.32666331e-01 -1.80557728e-01  5.69209238e-01
 -1.62152056e-01  4.24459315e-01 -6.20694999e-01  1.33678348e-01
  3.40691784e-01 -6.49482804e-01  1.70294551e-02 -2.26892034e-01
  8.62758596e-02 -2.92795241e-01  2.60964612e-01 -5.24941773e-01
 -2.79569606e-01 -8.26585122e-01 -4.93761296e-01 -2.29893631e-01
 -1.91554163e-01]
1058,[ 1.82457121e-01  9.76091928e-02 -4.55956718e-02  1.21782562e-01
  3.59209029e-01  1.00497880e-01 -6.11104701e-02  6.69209484e-01
  3.70319623e-01 -5.39147862e-01 -4.81360216e-02 -1.40286054e-01
  1.90660915e-01  4.11001491e-01 -3.25352312e-01  2.14094692e-01
 -1.19269163e-01 -6.27044596e-01  1.15060627e-01  1.32554404e-01
 -4.68078092e-01  2.16716034e-01  2.64852371e-01 -6.27308033e-01
  1.11970321e-04  3.91802977e-01 -6.82318054e-03  4.95473432e-02
 -5.36630205e-01  5.04215641e-01  5.82350709e-01  5.55785526e-01
  6.29214420e-01  2.32666998e-01 -1.80544170e-01  5.69213048e-01
 -1.62166825e-01  4.24449536e-01 -6.20688785e-01  1.33662465e-01
  3.40695345e-01 -6.49455994e-01  1.69985670e-02 -2.26894668e-01
  8.62576101e-02 -2.92800627e-01  2.60984136e-01 -5.24898202e-01
 -2.79594512e-01 -8.26582103e-01 -4.93771413e-01 -2.29889858e-01
 -1.91561289e-01]
1059,[ 1.82482793e-01  9.76195240e-02 -4.56614602e-02  1.21796771e-01
  3.59223700e-01  1.00482150e-01 -6.10874135e-02  6.69184903e-01
  3.70294239e-01 -5.39137171e-01 -4.81322995e-02 -1.40258478e-01
  1.90647315e-01  4.11027400e-01 -3.25353107e-01  2.14116300e-01
 -1.19255472e-01 -6.27036392e-01  1.15046061e-01  1.32569814e-01
 -4.68080339e-01  2.16702273e-01  2.64847732e-01 -6.27329694e-01
  8.96890133e-05  3.91792253e-01 -6.78316785e-03  4.95339663e-02
 -5.36647877e-01  5.04251927e-01  5.82315798e-01  5.55794959e-01
  6.29230468e-01  2.32667665e-01 -1.80530627e-01  5.69216853e-01
 -1.62181577e-01  4.24439768e-01 -6.20682579e-01  1.33646600e-01
  3.40698902e-01 -6.49429213e-01  1.69677137e-02 -2.26897299e-01
  8.62393811e-02 -2.92806007e-01  2.61003637e-01 -5.24854680e-01
 -2.79619390e-01 -8.26579087e-01 -4.93781519e-01 -2.29886089e-01
 -1.91568406e-01]
1060,[ 1.82508437e-01  9.76298435e-02 -4.57271746e-02  1.21810965e-01
  3.59238354e-01  1.00466438e-01 -6.10643829e-02  6.69160349e-01
  3.70268883e-01 -5.39126492e-01 -4.81285816e-02 -1.40230933e-01
  1.90633730e-01  4.11053281e-01 -3.25353902e-01  2.14137884e-01
 -1.19241796e-01 -6.27028198e-01  1.15031512e-01  1.32585206e-01
 -4.68082583e-01  2.16688528e-01  2.64843098e-01 -6.27351330e-01
  6.74327961e-05  3.91781541e-01 -6.74320022e-03  4.95206044e-02
 -5.36665528e-01  5.04288172e-01  5.82280927e-01  5.55804383e-01
  6.29246498e-01  2.32668330e-01 -1.80517099e-01  5.69220654e-01
 -1.62196312e-01  4.24430011e-01 -6.20676379e-01  1.33630754e-01
  3.40702456e-01 -6.49402463e-01  1.69368951e-02 -2.26899926e-01
  8.62211727e-02 -2.92811381e-01  2.61023117e-01 -5.24811207e-01
 -2.79644240e-01 -8.26576074e-01 -4.93791614e-01 -2.29882325e-01
 -1.91575516e-01]
1061,[ 1.82534052e-01  9.76401514e-02 -4.57928150e-02  1.21825142e-01
  3.59252992e-01  1.00450743e-01 -6.10413782e-02  6.69135823e-01
  3.70243555e-01 -5.39115825e-01 -4.81248679e-02 -1.40203420e-01
  1.90620161e-01  4.11079132e-01 -3.25354695e-01  2.14159444e-01
 -1.19228135e-01 -6.27020013e-01  1.15016979e-01  1.32600581e-01
 -4.68084824e-01  2.16674798e-01  2.64838470e-01 -6.27372942e-01
  4.52016416e-05  3.91770842e-01 -6.70327760e-03  4.95072576e-02
 -5.36683160e-01  5.04324376e-01  5.82246095e-01  5.55813795e-01
  6.29262511e-01  2.32668995e-01 -1.80503587e-01  5.69224451e-01
 -1.62211031e-01  4.24420265e-01 -6.20670186e-01  1.33614925e-01
  3.40706005e-01 -6.49375743e-01  1.69061112e-02 -2.26902551e-01
  8.62029848e-02 -2.92816748e-01  2.61042575e-01 -5.24767783e-01
 -2.79669061e-01 -8.26573065e-01 -4.93801697e-01 -2.29878564e-01
 -1.91582618e-01]
1062,[ 1.82559638e-01  9.76504478e-02 -4.58583814e-02  1.21839303e-01
  3.59267614e-01  1.00435067e-01 -6.10183995e-02  6.69111325e-01
  3.70218256e-01 -5.39105170e-01 -4.81211583e-02 -1.40175937e-01
  1.90606606e-01  4.11104955e-01 -3.25355488e-01  2.14180979e-01
 -1.19214490e-01 -6.27011837e-01  1.15002463e-01  1.32615939e-01
 -4.68087063e-01  2.16661084e-01  2.64833846e-01 -6.27394530e-01
  2.29955214e-05  3.91760154e-01 -6.66339993e-03  4.94939258e-02
 -5.36700772e-01  5.04360540e-01  5.82211302e-01  5.55823197e-01
  6.29278505e-01  2.32669660e-01 -1.80490090e-01  5.69228244e-01
 -1.62225733e-01  4.24410530e-01 -6.20664001e-01  1.33599113e-01
  3.40709550e-01 -6.49349053e-01  1.68753620e-02 -2.26905173e-01
  8.61848174e-02 -2.92822110e-01  2.61062011e-01 -5.24724407e-01
 -2.79693855e-01 -8.26570059e-01 -4.93811769e-01 -2.29874808e-01
 -1.91589711e-01]
1063,[ 1.82585195e-01  9.76607325e-02 -4.59238740e-02  1.21853449e-01
  3.59282219e-01  1.00419407e-01 -6.09954466e-02  6.69086854e-01
  3.70192985e-01 -5.39094527e-01 -4.81174530e-02 -1.40148486e-01
  1.90593068e-01  4.11130748e-01 -3.25356280e-01  2.14202490e-01
 -1.19200860e-01 -6.27003670e-01  1.14987963e-01  1.32631279e-01
 -4.68089299e-01  2.16647385e-01  2.64829228e-01 -6.27416094e-01
  8.14407324e-07  3.91749478e-01 -6.62356717e-03  4.94806090e-02
 -5.36718365e-01  5.04396662e-01  5.82176549e-01  5.55832588e-01
  6.29294481e-01  2.32670323e-01 -1.80476608e-01  5.69232032e-01
 -1.62240419e-01  4.24400806e-01 -6.20657822e-01  1.33583320e-01
  3.40713092e-01 -6.49322392e-01  1.68446474e-02 -2.26907792e-01
  8.61666704e-02 -2.92827465e-01  2.61081425e-01 -5.24681081e-01
 -2.79718621e-01 -8.26567056e-01 -4.93821830e-01 -2.29871056e-01
 -1.91596797e-01]
1064,[ 1.82610724e-01  9.76710056e-02 -4.59892929e-02  1.21867578e-01
  3.59296808e-01  1.00403766e-01 -6.09725195e-02  6.69062411e-01
  3.70167743e-01 -5.39083896e-01 -4.81137518e-02 -1.40121065e-01
  1.90579544e-01  4.11156512e-01 -3.25357070e-01  2.14223977e-01
 -1.19187246e-01 -6.26995513e-01  1.14973479e-01  1.32646602e-01
 -4.68091533e-01  2.16633702e-01  2.64824615e-01 -6.27437633e-01
 -2.13417287e-05  3.91738815e-01 -6.58377926e-03  4.94673072e-02
 -5.36735937e-01  5.04432744e-01  5.82141834e-01  5.55841969e-01
  6.29310439e-01  2.32670986e-01 -1.80463141e-01  5.69235816e-01
 -1.62255089e-01  4.24391093e-01 -6.20651650e-01  1.33567545e-01
  3.40716629e-01 -6.49295762e-01  1.68139674e-02 -2.26910407e-01
  8.61485438e-02 -2.92832815e-01  2.61100817e-01 -5.24637804e-01
 -2.79743359e-01 -8.26564057e-01 -4.93831879e-01 -2.29867309e-01
 -1.91603874e-01]
1065,[ 1.82636223e-01  9.76812672e-02 -4.60546381e-02  1.21881692e-01
  3.59311380e-01  1.00388142e-01 -6.09496183e-02  6.69037995e-01
  3.70142530e-01 -5.39073277e-01 -4.81100548e-02 -1.40093675e-01
  1.90566035e-01  4.11182247e-01 -3.25357860e-01  2.14245439e-01
 -1.19173647e-01 -6.26987364e-01  1.14959011e-01  1.32661908e-01
 -4.68093765e-01  2.16620034e-01  2.64820007e-01 -6.27459148e-01
 -4.34729149e-05  3.91728163e-01 -6.54403616e-03  4.94540204e-02
 -5.36753490e-01  5.04468786e-01  5.82107159e-01  5.55851339e-01
  6.29326379e-01  2.32671648e-01 -1.80449690e-01  5.69239596e-01
 -1.62269741e-01  4.24381391e-01 -6.20645486e-01  1.33551787e-01
  3.40720162e-01 -6.49269162e-01  1.67833220e-02 -2.26913020e-01
  8.61304377e-02 -2.92838159e-01  2.61120187e-01 -5.24594575e-01
 -2.79768069e-01 -8.26561061e-01 -4.93841917e-01 -2.29863565e-01
 -1.91610944e-01]
1066,[ 1.82661694e-01  9.76915172e-02 -4.61199097e-02  1.21895790e-01
  3.59325936e-01  1.00372535e-01 -6.09267429e-02  6.69013607e-01
  3.70117344e-01 -5.39062670e-01 -4.81063619e-02 -1.40066316e-01
  1.90552542e-01  4.11207954e-01 -3.25358650e-01  2.14266878e-01
 -1.19160063e-01 -6.26979225e-01  1.14944560e-01  1.32677196e-01
 -4.68095994e-01  2.16606381e-01  2.64815404e-01 -6.27480638e-01
 -6.55791792e-05  3.91717524e-01 -6.50433781e-03  4.94407486e-02
 -5.36771023e-01  5.04504786e-01  5.82072523e-01  5.55860698e-01
  6.29342301e-01  2.32672309e-01 -1.80436254e-01  5.69243371e-01
 -1.62284377e-01  4.24371700e-01 -6.20639328e-01  1.33536047e-01
  3.40723692e-01 -6.49242592e-01  1.67527110e-02 -2.26915630e-01
  8.61123520e-02 -2.92843496e-01  2.61139536e-01 -5.24551395e-01
 -2.79792752e-01 -8.26558069e-01 -4.93851944e-01 -2.29859826e-01
 -1.91618005e-01]
1067,[ 1.82687137e-01  9.77017556e-02 -4.61851078e-02  1.21909872e-01
  3.59340476e-01  1.00356946e-01 -6.09038932e-02  6.68989246e-01
  3.70092187e-01 -5.39052075e-01 -4.81026732e-02 -1.40038988e-01
  1.90539064e-01  4.11233631e-01 -3.25359438e-01  2.14288292e-01
 -1.19146495e-01 -6.26971095e-01  1.14930125e-01  1.32692467e-01
 -4.68098220e-01  2.16592744e-01  2.64810806e-01 -6.27502105e-01
 -8.76605499e-05  3.91706896e-01 -6.46468417e-03  4.94274917e-02
 -5.36788536e-01  5.04540746e-01  5.82037925e-01  5.55870047e-01
  6.29358206e-01  2.32672970e-01 -1.80422832e-01  5.69247142e-01
 -1.62298997e-01  4.24362019e-01 -6.20633177e-01  1.33520325e-01
  3.40727217e-01 -6.49216052e-01  1.67221346e-02 -2.26918237e-01
  8.60942866e-02 -2.92848827e-01  2.61158862e-01 -5.24508263e-01
 -2.79817406e-01 -8.26555080e-01 -4.93861960e-01 -2.29856091e-01
 -1.91625059e-01]
1068,[ 1.82712550e-01  9.77119826e-02 -4.62502325e-02  1.21923937e-01
  3.59354999e-01  1.00341375e-01 -6.08810693e-02  6.68964913e-01
  3.70067059e-01 -5.39041492e-01 -4.80989887e-02 -1.40011691e-01
  1.90525601e-01  4.11259279e-01 -3.25360225e-01  2.14309683e-01
 -1.19132941e-01 -6.26962975e-01  1.14915707e-01  1.32707722e-01
 -4.68100444e-01  2.16579122e-01  2.64806214e-01 -6.27523547e-01
 -1.09717055e-04  3.91696280e-01 -6.42507518e-03  4.94142497e-02
 -5.36806029e-01  5.04576666e-01  5.82003367e-01  5.55879386e-01
  6.29374092e-01  2.32673630e-01 -1.80409426e-01  5.69250909e-01
 -1.62313601e-01  4.24352350e-01 -6.20627033e-01  1.33504620e-01
  3.40730738e-01 -6.49189542e-01  1.66915925e-02 -2.26920842e-01
  8.60762416e-02 -2.92854153e-01  2.61178167e-01 -5.24465180e-01
 -2.79842033e-01 -8.26552094e-01 -4.93871964e-01 -2.29852360e-01
 -1.91632105e-01]
1069,[ 1.82737935e-01  9.77221980e-02 -4.63152838e-02  1.21937988e-01
  3.59369505e-01  1.00325821e-01 -6.08582710e-02  6.68940607e-01
  3.70041959e-01 -5.39030921e-01 -4.80953083e-02 -1.39984424e-01
  1.90512154e-01  4.11284899e-01 -3.25361011e-01  2.14331049e-01
 -1.19119403e-01 -6.26954863e-01  1.14901304e-01  1.32722958e-01
 -4.68102665e-01  2.16565516e-01  2.64801627e-01 -6.27544966e-01
 -1.31748722e-04  3.91685677e-01 -6.38551080e-03  4.94010227e-02
 -5.36823503e-01  5.04612545e-01  5.81968848e-01  5.55888714e-01
  6.29389960e-01  2.32674289e-01 -1.80396035e-01  5.69254672e-01
 -1.62328187e-01  4.24342691e-01 -6.20620896e-01  1.33488933e-01
  3.40734256e-01 -6.49163061e-01  1.66610849e-02 -2.26923443e-01
  8.60582168e-02 -2.92859472e-01  2.61197450e-01 -5.24422146e-01
 -2.79866632e-01 -8.26549112e-01 -4.93881957e-01 -2.29848634e-01
 -1.91639143e-01]
1070,[ 1.82763292e-01  9.77324019e-02 -4.63802619e-02  1.21952022e-01
  3.59383996e-01  1.00310285e-01 -6.08354984e-02  6.68916329e-01
  3.70016887e-01 -5.39020361e-01 -4.80916320e-02 -1.39957188e-01
  1.90498721e-01  4.11310489e-01 -3.25361797e-01  2.14352391e-01
 -1.19105881e-01 -6.26946761e-01  1.14886918e-01  1.32738178e-01
 -4.68104884e-01  2.16551924e-01  2.64797045e-01 -6.27566360e-01
 -1.53755580e-04  3.91675085e-01 -6.34599096e-03  4.93878105e-02
 -5.36840957e-01  5.04648384e-01  5.81934367e-01  5.55898031e-01
  6.29405811e-01  2.32674947e-01 -1.80382659e-01  5.69258430e-01
 -1.62342758e-01  4.24333044e-01 -6.20614766e-01  1.33473264e-01
  3.40737769e-01 -6.49136611e-01  1.66306116e-02 -2.26926041e-01
  8.60402124e-02 -2.92864786e-01  2.61216712e-01 -5.24379160e-01
 -2.79891203e-01 -8.26546133e-01 -4.93891938e-01 -2.29844911e-01
 -1.91646173e-01]
1071,[ 1.82788619e-01  9.77425943e-02 -4.64451669e-02  1.21966040e-01
  3.59398470e-01  1.00294766e-01 -6.08127515e-02  6.68892078e-01
  3.69991843e-01 -5.39009814e-01 -4.80879599e-02 -1.39929983e-01
  1.90485304e-01  4.11336051e-01 -3.25362582e-01  2.14373709e-01
 -1.19092373e-01 -6.26938667e-01  1.14872548e-01  1.32753381e-01
 -4.68107100e-01  2.16538349e-01  2.64792468e-01 -6.27587730e-01
 -1.75737655e-04  3.91664505e-01 -6.30651563e-03  4.93746133e-02
 -5.36858391e-01  5.04684183e-01  5.81899925e-01  5.55907338e-01
  6.29421644e-01  2.32675605e-01 -1.80369298e-01  5.69262185e-01
 -1.62357312e-01  4.24323407e-01 -6.20608643e-01  1.33457612e-01
  3.40741279e-01 -6.49110190e-01  1.66001727e-02 -2.26928636e-01
  8.60222283e-02 -2.92870093e-01  2.61235952e-01 -5.24336222e-01
 -2.79915747e-01 -8.26543157e-01 -4.93901909e-01 -2.29841193e-01
 -1.91653195e-01]
1072,[ 1.82813919e-01  9.77527753e-02 -4.65099987e-02  1.21980043e-01
  3.59412928e-01  1.00279265e-01 -6.07900302e-02  6.68867854e-01
  3.69966827e-01 -5.38999278e-01 -4.80842919e-02 -1.39902809e-01
  1.90471901e-01  4.11361584e-01 -3.25363365e-01  2.14395003e-01
 -1.19078881e-01 -6.26930583e-01  1.14858194e-01  1.32768566e-01
 -4.68109314e-01  2.16524788e-01  2.64787896e-01 -6.27609076e-01
 -1.97694977e-04  3.91653937e-01 -6.26708476e-03  4.93614308e-02
 -5.36875806e-01  5.04719941e-01  5.81865523e-01  5.55916635e-01
  6.29437459e-01  2.32676261e-01 -1.80355952e-01  5.69265935e-01
 -1.62371849e-01  4.24313781e-01 -6.20602526e-01  1.33441978e-01
  3.40744784e-01 -6.49083799e-01  1.65697680e-02 -2.26931229e-01
  8.60042644e-02 -2.92875395e-01  2.61255170e-01 -5.24293333e-01
 -2.79940263e-01 -8.26540185e-01 -4.93911868e-01 -2.29837479e-01
 -1.91660209e-01]
1073,[ 1.82839190e-01  9.77629447e-02 -4.65747575e-02  1.21994030e-01
  3.59427369e-01  1.00263781e-01 -6.07673345e-02  6.68843657e-01
  3.69941840e-01 -5.38988755e-01 -4.80806281e-02 -1.39875665e-01
  1.90458514e-01  4.11387088e-01 -3.25364148e-01  2.14416273e-01
 -1.19065404e-01 -6.26922508e-01  1.14843857e-01  1.32783735e-01
 -4.68111526e-01  2.16511243e-01  2.64783330e-01 -6.27630398e-01
 -2.19627573e-04  3.91643381e-01 -6.22769828e-03  4.93482633e-02
 -5.36893201e-01  5.04755659e-01  5.81831158e-01  5.55925921e-01
  6.29453256e-01  2.32676917e-01 -1.80342622e-01  5.69269680e-01
 -1.62386371e-01  4.24304166e-01 -6.20596417e-01  1.33426362e-01
  3.40748286e-01 -6.49057437e-01  1.65393975e-02 -2.26933818e-01
  8.59863207e-02 -2.92880690e-01  2.61274366e-01 -5.24250492e-01
 -2.79964751e-01 -8.26537216e-01 -4.93921816e-01 -2.29833769e-01
 -1.91667215e-01]
1074,[ 1.82864432e-01  9.77731028e-02 -4.66394434e-02  1.22008001e-01
  3.59441795e-01  1.00248315e-01 -6.07446643e-02  6.68819488e-01
  3.69916880e-01 -5.38978243e-01 -4.80769684e-02 -1.39848551e-01
  1.90445142e-01  4.11412564e-01 -3.25364930e-01  2.14437519e-01
 -1.19051942e-01 -6.26914442e-01  1.14829535e-01  1.32798886e-01
 -4.68113735e-01  2.16497712e-01  2.64778768e-01 -6.27651695e-01
 -2.41535471e-04  3.91632837e-01 -6.18835616e-03  4.93351105e-02
 -5.36910577e-01  5.04791337e-01  5.81796833e-01  5.55935196e-01
  6.29469035e-01  2.32677573e-01 -1.80329306e-01  5.69273422e-01
 -1.62400876e-01  4.24294562e-01 -6.20590314e-01  1.33410763e-01
  3.40751784e-01 -6.49031106e-01  1.65090612e-02 -2.26936405e-01
  8.59683973e-02 -2.92885980e-01  2.61293541e-01 -5.24207700e-01
 -2.79989212e-01 -8.26534251e-01 -4.93931753e-01 -2.29830064e-01
 -1.91674213e-01]
1075,[ 1.82889646e-01  9.77832494e-02 -4.67040565e-02  1.22021957e-01
  3.59456204e-01  1.00232866e-01 -6.07220197e-02  6.68795346e-01
  3.69891949e-01 -5.38967743e-01 -4.80733128e-02 -1.39821468e-01
  1.90431785e-01  4.11438010e-01 -3.25365711e-01  2.14458741e-01
 -1.19038495e-01 -6.26906385e-01  1.14815230e-01  1.32814020e-01
 -4.68115941e-01  2.16484198e-01  2.64774212e-01 -6.27672969e-01
 -2.63418698e-04  3.91622305e-01 -6.14905834e-03  4.93219726e-02
 -5.36927933e-01  5.04826974e-01  5.81762546e-01  5.55944461e-01
  6.29484797e-01  2.32678227e-01 -1.80316005e-01  5.69277159e-01
 -1.62415364e-01  4.24284968e-01 -6.20584219e-01  1.33395182e-01
  3.40755277e-01 -6.49004803e-01  1.64787592e-02 -2.26938988e-01
  8.59504940e-02 -2.92891264e-01  2.61312694e-01 -5.24164955e-01
 -2.80013646e-01 -8.26531288e-01 -4.93941678e-01 -2.29826362e-01
 -1.91681203e-01]
1076,[ 1.82914832e-01  9.77933845e-02 -4.67685968e-02  1.22035896e-01
  3.59470596e-01  1.00217434e-01 -6.06994005e-02  6.68771231e-01
  3.69867046e-01 -5.38957255e-01 -4.80696613e-02 -1.39794416e-01
  1.90418443e-01  4.11463429e-01 -3.25366492e-01  2.14479939e-01
 -1.19025064e-01 -6.26898337e-01  1.14800940e-01  1.32829137e-01
 -4.68118145e-01  2.16470698e-01  2.64769661e-01 -6.27694219e-01
 -2.85277283e-04  3.91611784e-01 -6.10980478e-03  4.93088494e-02
 -5.36945269e-01  5.04862571e-01  5.81728298e-01  5.55953716e-01
  6.29500540e-01  2.32678881e-01 -1.80302719e-01  5.69280892e-01
 -1.62429836e-01  4.24275386e-01 -6.20578130e-01  1.33379618e-01
  3.40758767e-01 -6.48978531e-01  1.64484912e-02 -2.26941569e-01
  8.59326109e-02 -2.92896541e-01  2.61331826e-01 -5.24122259e-01
 -2.80038051e-01 -8.26528330e-01 -4.93951593e-01 -2.29822665e-01
 -1.91688186e-01]
1077,[ 1.82939989e-01  9.78035083e-02 -4.68330644e-02  1.22049820e-01
  3.59484973e-01  1.00202020e-01 -6.06768069e-02  6.68747143e-01
  3.69842171e-01 -5.38946778e-01 -4.80660139e-02 -1.39767394e-01
  1.90405116e-01  4.11488818e-01 -3.25367271e-01  2.14501114e-01
 -1.19011647e-01 -6.26890298e-01  1.14786667e-01  1.32844238e-01
 -4.68120346e-01  2.16457214e-01  2.64765115e-01 -6.27715445e-01
 -3.07111253e-04  3.91601276e-01 -6.07059542e-03  4.92957411e-02
 -5.36962586e-01  5.04898129e-01  5.81694088e-01  5.55962960e-01
  6.29516267e-01  2.32679534e-01 -1.80289448e-01  5.69284621e-01
 -1.62444292e-01  4.24265814e-01 -6.20572048e-01  1.33364072e-01
  3.40762253e-01 -6.48952288e-01  1.64182573e-02 -2.26944147e-01
  8.59147479e-02 -2.92901813e-01  2.61350936e-01 -5.24079611e-01
 -2.80062430e-01 -8.26525374e-01 -4.93961496e-01 -2.29818972e-01
 -1.91695161e-01]
1078,[ 1.82965118e-01  9.78136206e-02 -4.68974595e-02  1.22063729e-01
  3.59499333e-01  1.00186623e-01 -6.06542386e-02  6.68723083e-01
  3.69817324e-01 -5.38936314e-01 -4.80623707e-02 -1.39740402e-01
  1.90391804e-01  4.11514179e-01 -3.25368050e-01  2.14522264e-01
 -1.18998246e-01 -6.26882268e-01  1.14772410e-01  1.32859321e-01
 -4.68122545e-01  2.16443744e-01  2.64760574e-01 -6.27736647e-01
 -3.28920636e-04  3.91590779e-01 -6.03143021e-03  4.92826475e-02
 -5.36979883e-01  5.04933646e-01  5.81659917e-01  5.55972194e-01
  6.29531975e-01  2.32680187e-01 -1.80276192e-01  5.69288346e-01
 -1.62458732e-01  4.24256253e-01 -6.20565973e-01  1.33348543e-01
  3.40765735e-01 -6.48926075e-01  1.63880575e-02 -2.26946722e-01
  8.58969051e-02 -2.92907079e-01  2.61370025e-01 -5.24037011e-01
 -2.80086781e-01 -8.26522422e-01 -4.93971388e-01 -2.29815283e-01
 -1.91702127e-01]
1079,[ 1.82990218e-01  9.78237216e-02 -4.69617820e-02  1.22077622e-01
  3.59513678e-01  1.00171244e-01 -6.06316958e-02  6.68699049e-01
  3.69792505e-01 -5.38925861e-01 -4.80587315e-02 -1.39713441e-01
  1.90378507e-01  4.11539512e-01 -3.25368827e-01  2.14543391e-01
 -1.18984860e-01 -6.26874248e-01  1.14758169e-01  1.32874387e-01
 -4.68124742e-01  2.16430290e-01  2.64756038e-01 -6.27757826e-01
 -3.50705460e-04  3.91580294e-01 -5.99230910e-03  4.92695686e-02
 -5.36997161e-01  5.04969123e-01  5.81625785e-01  5.55981418e-01
  6.29547666e-01  2.32680838e-01 -1.80262951e-01  5.69292067e-01
 -1.62473155e-01  4.24246702e-01 -6.20559904e-01  1.33333032e-01
  3.40769213e-01 -6.48899891e-01  1.63578916e-02 -2.26949294e-01
  8.58790823e-02 -2.92912339e-01  2.61389092e-01 -5.23994458e-01
 -2.80111104e-01 -8.26519473e-01 -4.93981269e-01 -2.29811598e-01
 -1.91709086e-01]
1080,[ 1.83015291e-01  9.78338112e-02 -4.70260320e-02  1.22091499e-01
  3.59528006e-01  1.00155882e-01 -6.06091784e-02  6.68675043e-01
  3.69767714e-01 -5.38915420e-01 -4.80550964e-02 -1.39686510e-01
  1.90365225e-01  4.11564815e-01 -3.25369604e-01  2.14564494e-01
 -1.18971488e-01 -6.26866236e-01  1.14743944e-01  1.32889436e-01
 -4.68126936e-01  2.16416851e-01  2.64751508e-01 -6.27778980e-01
 -3.72465751e-04  3.91569821e-01 -5.95323205e-03  4.92565045e-02
 -5.37014420e-01  5.05004561e-01  5.81591690e-01  5.55990631e-01
  6.29563339e-01  2.32681489e-01 -1.80249725e-01  5.69295783e-01
 -1.62487563e-01  4.24237163e-01 -6.20553843e-01  1.33317539e-01
  3.40772687e-01 -6.48873737e-01  1.63277598e-02 -2.26951863e-01
  8.58612796e-02 -2.92917593e-01  2.61408138e-01 -5.23951954e-01
 -2.80135400e-01 -8.26516527e-01 -4.93991139e-01 -2.29807917e-01
 -1.91716038e-01]
1081,[ 1.83040335e-01  9.78438894e-02 -4.70902098e-02  1.22105360e-01
  3.59542318e-01  1.00140537e-01 -6.05866863e-02  6.68651063e-01
  3.69742951e-01 -5.38904990e-01 -4.80514655e-02 -1.39659610e-01
  1.90351958e-01  4.11590091e-01 -3.25370380e-01  2.14585573e-01
 -1.18958132e-01 -6.26858233e-01  1.14729735e-01  1.32904469e-01
 -4.68129127e-01  2.16403427e-01  2.64746982e-01 -6.27800111e-01
 -3.94201539e-04  3.91559360e-01 -5.91419901e-03  4.92434551e-02
 -5.37031659e-01  5.05039958e-01  5.81557635e-01  5.55999833e-01
  6.29578994e-01  2.32682140e-01 -1.80236514e-01  5.69299495e-01
 -1.62501954e-01  4.24227634e-01 -6.20547788e-01  1.33302062e-01
  3.40776157e-01 -6.48847612e-01  1.62976618e-02 -2.26954429e-01
  8.58434970e-02 -2.92922841e-01  2.61427162e-01 -5.23909498e-01
 -2.80159669e-01 -8.26513585e-01 -4.94000997e-01 -2.29804241e-01
 -1.91722981e-01]
1082,[ 1.83065350e-01  9.78539563e-02 -4.71543152e-02  1.22119206e-01
  3.59556613e-01  1.00125209e-01 -6.05642196e-02  6.68627111e-01
  3.69718215e-01 -5.38894573e-01 -4.80478386e-02 -1.39632740e-01
  1.90338706e-01  4.11615338e-01 -3.25371155e-01  2.14606629e-01
 -1.18944791e-01 -6.26850239e-01  1.14715542e-01  1.32919484e-01
 -4.68131316e-01  2.16390019e-01  2.64742461e-01 -6.27821217e-01
 -4.15912850e-04  3.91548910e-01 -5.87520992e-03  4.92304204e-02
 -5.37048878e-01  5.05075315e-01  5.81523617e-01  5.56009026e-01
  6.29594632e-01  2.32682789e-01 -1.80223318e-01  5.69303203e-01
 -1.62516328e-01  4.24218116e-01 -6.20541741e-01  1.33286604e-01
  3.40779624e-01 -6.48821517e-01  1.62675978e-02 -2.26956993e-01
  8.58257344e-02 -2.92928083e-01  2.61446165e-01 -5.23867089e-01
 -2.80183910e-01 -8.26510646e-01 -4.94010845e-01 -2.29800568e-01
 -1.91729916e-01]
1083,[ 1.83090338e-01  9.78640118e-02 -4.72183485e-02  1.22133036e-01
  3.59570893e-01  1.00109899e-01 -6.05417781e-02  6.68603185e-01
  3.69693508e-01 -5.38884167e-01 -4.80442158e-02 -1.39605900e-01
  1.90325468e-01  4.11640556e-01 -3.25371929e-01  2.14627660e-01
 -1.18931465e-01 -6.26842255e-01  1.14701365e-01  1.32934482e-01
 -4.68133503e-01  2.16376625e-01  2.64737946e-01 -6.27842300e-01
 -4.37599712e-04  3.91538473e-01 -5.83626473e-03  4.92174003e-02
 -5.37066079e-01  5.05110633e-01  5.81489638e-01  5.56018208e-01
  6.29610252e-01  2.32683438e-01 -1.80210136e-01  5.69306907e-01
 -1.62530687e-01  4.24208609e-01 -6.20535700e-01  1.33271162e-01
  3.40783086e-01 -6.48795451e-01  1.62375676e-02 -2.26959553e-01
  8.58079917e-02 -2.92933319e-01  2.61465146e-01 -5.23824728e-01
 -2.80208124e-01 -8.26507711e-01 -4.94020681e-01 -2.29796900e-01
 -1.91736844e-01]
1084,[ 1.83115298e-01  9.78740560e-02 -4.72823097e-02  1.22146851e-01
  3.59585157e-01  1.00094606e-01 -6.05193620e-02  6.68579287e-01
  3.69668828e-01 -5.38873773e-01 -4.80405971e-02 -1.39579090e-01
  1.90312246e-01  4.11665746e-01 -3.25372702e-01  2.14648669e-01
 -1.18918154e-01 -6.26834279e-01  1.14687204e-01  1.32949464e-01
 -4.68135687e-01  2.16363247e-01  2.64733436e-01 -6.27863360e-01
 -4.59262153e-04  3.91528047e-01 -5.79736340e-03  4.92043949e-02
 -5.37083260e-01  5.05145911e-01  5.81455697e-01  5.56027379e-01
  6.29625854e-01  2.32684086e-01 -1.80196970e-01  5.69310607e-01
 -1.62545029e-01  4.24199112e-01 -6.20529665e-01  1.33255738e-01
  3.40786544e-01 -6.48769414e-01  1.62075712e-02 -2.26962111e-01
  8.57902691e-02 -2.92938549e-01  2.61484106e-01 -5.23782415e-01
 -2.80232311e-01 -8.26504778e-01 -4.94030507e-01 -2.29793236e-01
 -1.91743764e-01]
1085,[ 1.83140229e-01  9.78840889e-02 -4.73461988e-02  1.22160650e-01
  3.59599404e-01  1.00079330e-01 -6.04969710e-02  6.68555415e-01
  3.69644176e-01 -5.38863391e-01 -4.80369824e-02 -1.39552311e-01
  1.90299039e-01  4.11690908e-01 -3.25373475e-01  2.14669653e-01
 -1.18904858e-01 -6.26826312e-01  1.14673059e-01  1.32964429e-01
 -4.68137869e-01  2.16349883e-01  2.64728931e-01 -6.27884395e-01
 -4.80900200e-04  3.91517632e-01 -5.75850588e-03  4.91914042e-02
 -5.37100421e-01  5.05181149e-01  5.81421794e-01  5.56036541e-01
  6.29641439e-01  2.32684733e-01 -1.80183818e-01  5.69314302e-01
 -1.62559355e-01  4.24189626e-01 -6.20523638e-01  1.33240332e-01
  3.40789999e-01 -6.48743407e-01  1.61776087e-02 -2.26964666e-01
  8.57725664e-02 -2.92943774e-01  2.61503045e-01 -5.23740149e-01
 -2.80256470e-01 -8.26501849e-01 -4.94040321e-01 -2.29789576e-01
 -1.91750676e-01]
1086,[ 1.83165133e-01  9.78941106e-02 -4.74100160e-02  1.22174433e-01
  3.59613636e-01  1.00064071e-01 -6.04746053e-02  6.68531570e-01
  3.69619552e-01 -5.38853020e-01 -4.80333719e-02 -1.39525562e-01
  1.90285846e-01  4.11716041e-01 -3.25374246e-01  2.14690614e-01
 -1.18891577e-01 -6.26818355e-01  1.14658930e-01  1.32979376e-01
 -4.68140048e-01  2.16336535e-01  2.64724430e-01 -6.27905407e-01
 -5.02513880e-04  3.91507230e-01 -5.71969211e-03  4.91784281e-02
 -5.37117563e-01  5.05216348e-01  5.81387930e-01  5.56045692e-01
  6.29657007e-01  2.32685380e-01 -1.80170681e-01  5.69317994e-01
 -1.62573666e-01  4.24180151e-01 -6.20517617e-01  1.33224942e-01
  3.40793450e-01 -6.48717428e-01  1.61476798e-02 -2.26967217e-01
  8.57548837e-02 -2.92948992e-01  2.61521962e-01 -5.23697931e-01
 -2.80280603e-01 -8.26498924e-01 -4.94050125e-01 -2.29785920e-01
 -1.91757580e-01]
1087,[ 1.83190008e-01  9.79041209e-02 -4.74737613e-02  1.22188201e-01
  3.59627851e-01  1.00048830e-01 -6.04522648e-02  6.68507752e-01
  3.69594956e-01 -5.38842661e-01 -4.80297654e-02 -1.39498842e-01
  1.90272668e-01  4.11741147e-01 -3.25375017e-01  2.14711551e-01
 -1.18878311e-01 -6.26810406e-01  1.14644816e-01  1.32994307e-01
 -4.68142225e-01  2.16323202e-01  2.64719935e-01 -6.27926395e-01
 -5.24103221e-04  3.91496839e-01 -5.68092205e-03  4.91654666e-02
 -5.37134686e-01  5.05251507e-01  5.81354104e-01  5.56054832e-01
  6.29672557e-01  2.32686025e-01 -1.80157559e-01  5.69321681e-01
 -1.62587960e-01  4.24170686e-01 -6.20511604e-01  1.33209570e-01
  3.40796897e-01 -6.48691480e-01  1.61177847e-02 -2.26969766e-01
  8.57372208e-02 -2.92954205e-01  2.61540858e-01 -5.23655761e-01
 -2.80304708e-01 -8.26496001e-01 -4.94059917e-01 -2.29782268e-01
 -1.91764477e-01]
1088,[ 1.83214855e-01  9.79141199e-02 -4.75374349e-02  1.22201954e-01
  3.59642051e-01  1.00033605e-01 -6.04299494e-02  6.68483961e-01
  3.69570387e-01 -5.38832314e-01 -4.80261629e-02 -1.39472153e-01
  1.90259506e-01  4.11766223e-01 -3.25375787e-01  2.14732464e-01
 -1.18865060e-01 -6.26802466e-01  1.14630719e-01  1.33009222e-01
 -4.68144399e-01  2.16309883e-01  2.64715445e-01 -6.27947360e-01
 -5.45668251e-04  3.91486460e-01 -5.64219565e-03  4.91525197e-02
 -5.37151790e-01  5.05286626e-01  5.81320315e-01  5.56063963e-01
  6.29688089e-01  2.32686670e-01 -1.80144451e-01  5.69325364e-01
 -1.62602237e-01  4.24161232e-01 -6.20505597e-01  1.33194216e-01
  3.40800340e-01 -6.48665560e-01  1.60879232e-02 -2.26972312e-01
  8.57195779e-02 -2.92959412e-01  2.61559733e-01 -5.23613638e-01
 -2.80328786e-01 -8.26493082e-01 -4.94069698e-01 -2.29778621e-01
 -1.91771366e-01]
1089,[ 1.83239675e-01  9.79241077e-02 -4.76010367e-02  1.22215691e-01
  3.59656234e-01  1.00018398e-01 -6.04076592e-02  6.68460197e-01
  3.69545846e-01 -5.38821978e-01 -4.80225645e-02 -1.39445494e-01
  1.90246358e-01  4.11791272e-01 -3.25376555e-01  2.14753354e-01
 -1.18851823e-01 -6.26794535e-01  1.14616637e-01  1.33024119e-01
 -4.68146571e-01  2.16296580e-01  2.64710960e-01 -6.27968301e-01
 -5.67208997e-04  3.91476093e-01 -5.60351286e-03  4.91395874e-02
 -5.37168874e-01  5.05321706e-01  5.81286565e-01  5.56073083e-01
  6.29703604e-01  2.32687315e-01 -1.80131359e-01  5.69329043e-01
 -1.62616499e-01  4.24151789e-01 -6.20499596e-01  1.33178878e-01
  3.40803779e-01 -6.48639670e-01  1.60580953e-02 -2.26974856e-01
  8.57019548e-02 -2.92964613e-01  2.61578587e-01 -5.23571563e-01
 -2.80352837e-01 -8.26490166e-01 -4.94079468e-01 -2.29774977e-01
 -1.91778247e-01]
1090,[ 1.83264466e-01  9.79340843e-02 -4.76645669e-02  1.22229413e-01
  3.59670402e-01  1.00003208e-01 -6.03853941e-02  6.68436460e-01
  3.69521333e-01 -5.38811654e-01 -4.80189702e-02 -1.39418865e-01
  1.90233224e-01  4.11816292e-01 -3.25377323e-01  2.14774221e-01
 -1.18838602e-01 -6.26786613e-01  1.14602572e-01  1.33039000e-01
 -4.68148740e-01  2.16283291e-01  2.64706480e-01 -6.27989218e-01
 -5.88725485e-04  3.91465737e-01 -5.56487363e-03  4.91266696e-02
 -5.37185939e-01  5.05356746e-01  5.81252853e-01  5.56082193e-01
  6.29719101e-01  2.32687958e-01 -1.80118281e-01  5.69332717e-01
 -1.62630745e-01  4.24142356e-01 -6.20493603e-01  1.33163558e-01
  3.40807214e-01 -6.48613808e-01  1.60283011e-02 -2.26977396e-01
  8.56843516e-02 -2.92969808e-01  2.61597419e-01 -5.23529534e-01
 -2.80376861e-01 -8.26487254e-01 -4.94089228e-01 -2.29771338e-01
 -1.91785120e-01]
1091,[ 1.83289230e-01  9.79440496e-02 -4.77280256e-02  1.22243119e-01
  3.59684554e-01  9.99880351e-02 -6.03631540e-02  6.68412749e-01
  3.69496847e-01 -5.38801341e-01 -4.80153799e-02 -1.39392266e-01
  1.90220106e-01  4.11841284e-01 -3.25378091e-01  2.14795064e-01
 -1.18825395e-01 -6.26778700e-01  1.14588522e-01  1.33053864e-01
 -4.68150907e-01  2.16270018e-01  2.64702005e-01 -6.28010112e-01
 -6.10217744e-04  3.91455393e-01 -5.52627791e-03  4.91137664e-02
 -5.37202985e-01  5.05391747e-01  5.81219179e-01  5.56091292e-01
  6.29734581e-01  2.32688601e-01 -1.80105218e-01  5.69336388e-01
 -1.62644975e-01  4.24132934e-01 -6.20487616e-01  1.33148255e-01
  3.40810645e-01 -6.48587976e-01  1.59985404e-02 -2.26979933e-01
  8.56667682e-02 -2.92974997e-01  2.61616230e-01 -5.23487554e-01
 -2.80400857e-01 -8.26484344e-01 -4.94098976e-01 -2.29767702e-01
 -1.91791985e-01]
1092,[ 1.83313965e-01  9.79540037e-02 -4.77914128e-02  1.22256809e-01
  3.59698689e-01  9.99728793e-02 -6.03409390e-02  6.68389065e-01
  3.69472389e-01 -5.38791041e-01 -4.80117937e-02 -1.39365697e-01
  1.90207002e-01  4.11866249e-01 -3.25378857e-01  2.14815884e-01
 -1.18812204e-01 -6.26770796e-01  1.14574488e-01  1.33068711e-01
 -4.68153072e-01  2.16256760e-01  2.64697536e-01 -6.28030982e-01
 -6.31685801e-04  3.91445060e-01 -5.48772566e-03  4.91008777e-02
 -5.37220012e-01  5.05426708e-01  5.81185542e-01  5.56100382e-01
  6.29750044e-01  2.32689244e-01 -1.80092169e-01  5.69340054e-01
 -1.62659188e-01  4.24123523e-01 -6.20481636e-01  1.33132970e-01
  3.40814073e-01 -6.48562173e-01  1.59688132e-02 -2.26982468e-01
  8.56492046e-02 -2.92980180e-01  2.61635020e-01 -5.23445620e-01
 -2.80424827e-01 -8.26481438e-01 -4.94108713e-01 -2.29764071e-01
 -1.91798843e-01]
1093,[ 1.83338673e-01  9.79639465e-02 -4.78547287e-02  1.22270485e-01
  3.59712809e-01  9.99577405e-02 -6.03187490e-02  6.68365407e-01
  3.69447958e-01 -5.38780751e-01 -4.80082115e-02 -1.39339158e-01
  1.90193913e-01  4.11891184e-01 -3.25379622e-01  2.14836680e-01
 -1.18799027e-01 -6.26762901e-01  1.14560470e-01  1.33083541e-01
 -4.68155234e-01  2.16243516e-01  2.64693071e-01 -6.28051829e-01
 -6.53129682e-04  3.91434740e-01 -5.44921682e-03  4.90880035e-02
 -5.37237019e-01  5.05461630e-01  5.81151944e-01  5.56109461e-01
  6.29765489e-01  2.32689885e-01 -1.80079135e-01  5.69343717e-01
 -1.62673386e-01  4.24114122e-01 -6.20475663e-01  1.33117701e-01
  3.40817496e-01 -6.48536399e-01  1.59391194e-02 -2.26985000e-01
  8.56316608e-02 -2.92985358e-01  2.61653789e-01 -5.23403734e-01
 -2.80448770e-01 -8.26478536e-01 -4.94118439e-01 -2.29760444e-01
 -1.91805693e-01]
1094,[ 1.83363353e-01  9.79738782e-02 -4.79179732e-02  1.22284145e-01
  3.59726913e-01  9.99426187e-02 -6.02965839e-02  6.68341777e-01
  3.69423555e-01 -5.38770474e-01 -4.80046333e-02 -1.39312649e-01
  1.90180839e-01  4.11916092e-01 -3.25380387e-01  2.14857452e-01
 -1.18785865e-01 -6.26755015e-01  1.14546467e-01  1.33098355e-01
 -4.68157393e-01  2.16230287e-01  2.64688611e-01 -6.28072652e-01
 -6.74549416e-04  3.91424430e-01 -5.41075134e-03  4.90751439e-02
 -5.37254008e-01  5.05496513e-01  5.81118383e-01  5.56118530e-01
  6.29780917e-01  2.32690526e-01 -1.80066116e-01  5.69347375e-01
 -1.62687568e-01  4.24104732e-01 -6.20469696e-01  1.33102450e-01
  3.40820916e-01 -6.48510654e-01  1.59094591e-02 -2.26987529e-01
  8.56141367e-02 -2.92990530e-01  2.61672536e-01 -5.23361895e-01
 -2.80472686e-01 -8.26475636e-01 -4.94128155e-01 -2.29756821e-01
 -1.91812535e-01]
1095,[ 1.83388005e-01  9.79837987e-02 -4.79811465e-02  1.22297789e-01
  3.59741001e-01  9.99275140e-02 -6.02744439e-02  6.68318172e-01
  3.69399179e-01 -5.38760208e-01 -4.80010592e-02 -1.39286169e-01
  1.90167780e-01  4.11940972e-01 -3.25381151e-01  2.14878202e-01
 -1.18772718e-01 -6.26747137e-01  1.14532481e-01  1.33113152e-01
 -4.68159551e-01  2.16217074e-01  2.64684156e-01 -6.28093452e-01
 -6.95945029e-04  3.91414133e-01 -5.37232918e-03  4.90622987e-02
 -5.37270977e-01  5.05531357e-01  5.81084860e-01  5.56127588e-01
  6.29796327e-01  2.32691166e-01 -1.80053112e-01  5.69351029e-01
 -1.62701734e-01  4.24095352e-01 -6.20463736e-01  1.33087216e-01
  3.40824332e-01 -6.48484938e-01  1.58798323e-02 -2.26990055e-01
  8.55966323e-02 -2.92995696e-01  2.61691263e-01 -5.23320103e-01
 -2.80496575e-01 -8.26472740e-01 -4.94137859e-01 -2.29753202e-01
 -1.91819370e-01]
1096,[ 1.83412629e-01  9.79937080e-02 -4.80442487e-02  1.22311418e-01
  3.59755073e-01  9.99124263e-02 -6.02523288e-02  6.68294595e-01
  3.69374831e-01 -5.38749953e-01 -4.79974890e-02 -1.39259720e-01
  1.90154735e-01  4.11965824e-01 -3.25381914e-01  2.14898928e-01
 -1.18759586e-01 -6.26739269e-01  1.14518510e-01  1.33127932e-01
 -4.68161705e-01  2.16203875e-01  2.64679707e-01 -6.28114229e-01
 -7.17316549e-04  3.91403847e-01 -5.33395028e-03  4.90494680e-02
 -5.37287927e-01  5.05566161e-01  5.81051375e-01  5.56136637e-01
  6.29811720e-01  2.32691805e-01 -1.80040122e-01  5.69354679e-01
 -1.62715883e-01  4.24085983e-01 -6.20457783e-01  1.33071999e-01
  3.40827744e-01 -6.48459251e-01  1.58502387e-02 -2.26992578e-01
  8.55791477e-02 -2.93000856e-01  2.61709968e-01 -5.23278358e-01
 -2.80520437e-01 -8.26469847e-01 -4.94147553e-01 -2.29749587e-01
 -1.91826197e-01]
1097,[ 1.83437226e-01  9.80036062e-02 -4.81072798e-02  1.22325032e-01
  3.59769129e-01  9.98973555e-02 -6.02302385e-02  6.68271044e-01
  3.69350510e-01 -5.38739710e-01 -4.79939229e-02 -1.39233300e-01
  1.90141705e-01  4.11990648e-01 -3.25382676e-01  2.14919630e-01
 -1.18746468e-01 -6.26731409e-01  1.14504555e-01  1.33142696e-01
 -4.68163858e-01  2.16190691e-01  2.64675262e-01 -6.28134982e-01
 -7.38664003e-04  3.91393573e-01 -5.29561460e-03  4.90366517e-02
 -5.37304858e-01  5.05600926e-01  5.81017928e-01  5.56145675e-01
  6.29827096e-01  2.32692444e-01 -1.80027147e-01  5.69358325e-01
 -1.62730017e-01  4.24076624e-01 -6.20451837e-01  1.33056800e-01
  3.40831152e-01 -6.48433593e-01  1.58206785e-02 -2.26995099e-01
  8.55616828e-02 -2.93006010e-01  2.61728652e-01 -5.23236660e-01
 -2.80544272e-01 -8.26466957e-01 -4.94157235e-01 -2.29745976e-01
 -1.91833016e-01]
1098,[ 1.83461795e-01  9.80134932e-02 -4.81702400e-02  1.22338630e-01
  3.59783170e-01  9.98823018e-02 -6.02081732e-02  6.68247519e-01
  3.69326217e-01 -5.38729479e-01 -4.79903609e-02 -1.39206910e-01
  1.90128689e-01  4.12015444e-01 -3.25383437e-01  2.14940309e-01
 -1.18733365e-01 -6.26723558e-01  1.14490615e-01  1.33157443e-01
 -4.68166008e-01  2.16177522e-01  2.64670822e-01 -6.28155711e-01
 -7.59987417e-04  3.91383310e-01 -5.25732210e-03  4.90238498e-02
 -5.37321770e-01  5.05635652e-01  5.80984518e-01  5.56154703e-01
  6.29842454e-01  2.32693082e-01 -1.80014186e-01  5.69361966e-01
 -1.62744135e-01  4.24067276e-01 -6.20445897e-01  1.33041617e-01
  3.40834556e-01 -6.48407964e-01  1.57911516e-02 -2.26997616e-01
  8.55442375e-02 -2.93011158e-01  2.61747316e-01 -5.23195009e-01
 -2.80568080e-01 -8.26464071e-01 -4.94166907e-01 -2.29742369e-01
 -1.91839828e-01]
1099,[ 1.83486336e-01  9.80233691e-02 -4.82331292e-02  1.22352214e-01
  3.59797194e-01  9.98672650e-02 -6.01861327e-02  6.68224021e-01
  3.69301951e-01 -5.38719259e-01 -4.79868028e-02 -1.39180549e-01
  1.90115689e-01  4.12040212e-01 -3.25384197e-01  2.14960965e-01
 -1.18720277e-01 -6.26715716e-01  1.14476692e-01  1.33172173e-01
 -4.68168155e-01  2.16164368e-01  2.64666387e-01 -6.28176418e-01
 -7.81286819e-04  3.91373058e-01 -5.21907271e-03  4.90110624e-02
 -5.37338663e-01  5.05670338e-01  5.80951146e-01  5.56163721e-01
  6.29857795e-01  2.32693719e-01 -1.80001240e-01  5.69365604e-01
 -1.62758237e-01  4.24057939e-01 -6.20439964e-01  1.33026451e-01
  3.40837957e-01 -6.48382364e-01  1.57616580e-02 -2.27000131e-01
  8.55268119e-02 -2.93016301e-01  2.61765958e-01 -5.23153405e-01
 -2.80591861e-01 -8.26461188e-01 -4.94176568e-01 -2.29738767e-01
 -1.91846632e-01]
1100,[ 1.83510850e-01  9.80332339e-02 -4.82959476e-02  1.22365781e-01
  3.59811203e-01  9.98522451e-02 -6.01641170e-02  6.68200550e-01
  3.69277712e-01 -5.38709050e-01 -4.79832487e-02 -1.39154219e-01
  1.90102703e-01  4.12064952e-01 -3.25384956e-01  2.14981598e-01
 -1.18707204e-01 -6.26707883e-01  1.14462784e-01  1.33186887e-01
 -4.68170300e-01  2.16151228e-01  2.64661958e-01 -6.28197101e-01
 -8.02562236e-04  3.91362819e-01 -5.18086640e-03  4.89982894e-02
 -5.37355537e-01  5.05704986e-01  5.80917812e-01  5.56172729e-01
  6.29873119e-01  2.32694355e-01 -1.79988309e-01  5.69369238e-01
 -1.62772323e-01  4.24048612e-01 -6.20434037e-01  1.33011303e-01
  3.40841354e-01 -6.48356792e-01  1.57321975e-02 -2.27002643e-01
  8.55094059e-02 -2.93021438e-01  2.61784579e-01 -5.23111848e-01
 -2.80615616e-01 -8.26458308e-01 -4.94186217e-01 -2.29735168e-01
 -1.91853428e-01]
1101,[ 1.83535336e-01  9.80430876e-02 -4.83586953e-02  1.22379334e-01
  3.59825196e-01  9.98372422e-02 -6.01421261e-02  6.68177105e-01
  3.69253501e-01 -5.38698854e-01 -4.79796987e-02 -1.39127918e-01
  1.90089731e-01  4.12089664e-01 -3.25385715e-01  2.15002208e-01
 -1.18694146e-01 -6.26700058e-01  1.14448891e-01  1.33201585e-01
 -4.68172443e-01  2.16138103e-01  2.64657533e-01 -6.28217760e-01
 -8.23813694e-04  3.91352591e-01 -5.14270311e-03  4.89855307e-02
 -5.37372392e-01  5.05739595e-01  5.80884515e-01  5.56181727e-01
  6.29888425e-01  2.32694991e-01 -1.79975392e-01  5.69372867e-01
 -1.62786394e-01  4.24039295e-01 -6.20428118e-01  1.32996172e-01
  3.40844746e-01 -6.48331249e-01  1.57027702e-02 -2.27005152e-01
  8.54920195e-02 -2.93026569e-01  2.61803180e-01 -5.23070337e-01
 -2.80639344e-01 -8.26455431e-01 -4.94195856e-01 -2.29731573e-01
 -1.91860217e-01]
1102,[ 0.18355979  0.09805293 -0.04842137  0.12239287  0.35983917  0.09982226
 -0.06012016  0.66815369  0.36922932 -0.53868867 -0.04797615 -0.13910165
  0.19007677  0.41211435 -0.32538647  0.21502279 -0.1186811  -0.62669224
  0.11443501  0.13321627 -0.46817458  0.21612499  0.26465311 -0.6282384
 -0.00084504  0.39134237 -0.00510458  0.04897279 -0.53738923  0.50577416
  0.58085126  0.55619071  0.62990371  0.23269563 -0.17996249  0.56937649
 -0.16280045  0.42402999 -0.6204222   0.13298106  0.34084814 -0.64830574
  0.01567338 -0.22700766  0.08547465 -0.29303169  0.26182176 -0.52302887
 -0.28066305 -0.82645256 -0.49420548 -0.22972798 -0.191867  ]
1103,[ 0.18358423  0.09806276 -0.04848398  0.12240639  0.35985313  0.09980729
 -0.06009822  0.66813029  0.36920516 -0.53867849 -0.04797261 -0.1390754
  0.19006383  0.412139   -0.32538723  0.21504336 -0.11866807 -0.62668444
  0.11442115  0.13323093 -0.46817672  0.2161119   0.2646487  -0.62825901
 -0.00086624  0.39133217 -0.00506651  0.04896006 -0.53740604  0.5058087
  0.58081803  0.55619969  0.62991899  0.23269626 -0.1799496   0.56938011
 -0.16281449  0.42402069 -0.6204163   0.13296596  0.34085152 -0.64828025
  0.01564402 -0.22701016  0.08545731 -0.29303681  0.26184032 -0.52298746
 -0.28068672 -0.82644969 -0.4942151  -0.2297244  -0.19187377]
1104,[ 0.18360863  0.09807258 -0.04854651  0.1224199   0.35986708  0.09979233
 -0.0600763   0.66810693  0.36918103 -0.53866833 -0.04796907 -0.13904919
  0.1900509   0.41216363 -0.32538799  0.2150639  -0.11865506 -0.62667664
  0.11440731  0.13324558 -0.46817886  0.21609882  0.26464429 -0.6282796
 -0.00088742  0.39132198 -0.00502847  0.04894734 -0.53742284  0.50584319
  0.58078485  0.55620866  0.62993424  0.23269689 -0.17993673  0.56938373
 -0.16282851  0.42401141 -0.6204104   0.13295088  0.3408549  -0.64825479
  0.01561469 -0.22701266  0.08543998 -0.29304193  0.26185885 -0.52294609
 -0.28071037 -0.82644682 -0.49422471 -0.22972081 -0.19188054]
1105,[ 0.183633    0.09808239 -0.04860898  0.12243339  0.35988101  0.0997774
 -0.06005441  0.66808359  0.36915693 -0.53865818 -0.04796554 -0.13902301
  0.19003799  0.41218823 -0.32538874  0.21508441 -0.11864206 -0.62666885
  0.11439348  0.13326021 -0.46818099  0.21608575  0.26463988 -0.62830017
 -0.00090858  0.39131179 -0.00499048  0.04893464 -0.53743962  0.50587764
  0.5807517   0.55621762  0.62994948  0.23269753 -0.17992387  0.56938734
 -0.16284252  0.42400213 -0.62040451  0.13293582  0.34085828 -0.64822937
  0.01558539 -0.22701516  0.08542267 -0.29304704  0.26187737 -0.52290476
 -0.28073399 -0.82644396 -0.4942343  -0.22971724 -0.19188729]
1106,[ 0.18365735  0.09809219 -0.04867138  0.12244687  0.35989493  0.09976248
 -0.06003254  0.66806027  0.36913285 -0.53864804 -0.04796201 -0.13899686
  0.19002509  0.41221281 -0.3253895   0.21510491 -0.11862907 -0.62666107
  0.11437966  0.13327482 -0.46818312  0.2160727   0.26463548 -0.62832071
 -0.00092971  0.39130162 -0.00495253  0.04892195 -0.53745638  0.50591205
  0.58071859  0.55622656  0.6299647   0.23269816 -0.17991103  0.56939095
 -0.16285651  0.42399287 -0.62039862  0.13292077  0.34086165 -0.64820397
  0.01555613 -0.22701765  0.08540538 -0.29305214  0.26189587 -0.52286349
 -0.28075758 -0.8264411  -0.49424389 -0.22971366 -0.19189405]
1107,[ 0.18368167  0.09810198 -0.0487337   0.12246033  0.35990882  0.09974758
 -0.0600107   0.66803699  0.3691088  -0.53863791 -0.04795848 -0.13897073
  0.19001221  0.41223735 -0.32539025  0.21512538 -0.1186161  -0.6266533
  0.11436586  0.13328942 -0.46818525  0.21605967  0.26463109 -0.62834123
 -0.00095082  0.39129146 -0.00491462  0.04890928 -0.53747312  0.50594643
  0.58068552  0.5562355   0.6299799   0.23269879 -0.1798982   0.56939456
 -0.16287048  0.42398362 -0.62039274  0.13290574  0.34086502 -0.6481786
  0.0155269  -0.22702015  0.08538811 -0.29305723  0.26191434 -0.52282225
 -0.28078115 -0.82643824 -0.49425346 -0.22971009 -0.19190079]
1108,[ 0.18370597  0.09811175 -0.04879596  0.12247378  0.35992271  0.09973269
 -0.05998888  0.66801373  0.36908478 -0.5386278  -0.04795496 -0.13894464
  0.18999934  0.41226187 -0.325391    0.21514583 -0.11860315 -0.62664553
  0.11435208  0.133304   -0.46818737  0.21604664  0.2646267  -0.62836173
 -0.00097191  0.39128132 -0.00487676  0.04889662 -0.53748985  0.50598077
  0.58065248  0.55624443  0.62999509  0.23269942 -0.17988538  0.56939816
 -0.16288444  0.42397437 -0.62038687  0.13289073  0.34086839 -0.64815325
  0.01549771 -0.22702264  0.08537086 -0.29306233  0.2619328  -0.52278107
 -0.28080469 -0.82643538 -0.49426303 -0.22970652 -0.19190752]
1109,[ 0.18373023  0.09812152 -0.04885814  0.12248721  0.35993657  0.09971783
 -0.05996709  0.66799049  0.36906079 -0.53861769 -0.04795144 -0.13891857
  0.18998648  0.41228636 -0.32539175  0.21516625 -0.11859021 -0.62663778
  0.11433831  0.13331857 -0.4681895   0.21603364  0.26462231 -0.6283822
 -0.00099297  0.39127118 -0.00483894  0.04888398 -0.53750655  0.50601506
  0.58061949  0.55625334  0.63001026  0.23270005 -0.17987258  0.56940176
 -0.16289839  0.42396514 -0.620381    0.13287573  0.34087175 -0.64812794
  0.01546854 -0.22702512  0.08535363 -0.29306741  0.26195123 -0.52273993
 -0.28082821 -0.82643253 -0.49427258 -0.22970296 -0.19191425]
1110,[ 0.18375447  0.09813127 -0.04892025  0.12250062  0.35995043  0.09970297
 -0.05994532  0.66796728  0.36903682 -0.5386076  -0.04794793 -0.13889254
  0.18997364  0.41231082 -0.3253925   0.21518665 -0.11857728 -0.62663003
  0.11432456  0.13333312 -0.46819162  0.21602064  0.26461793 -0.62840265
 -0.001014    0.39126105 -0.00480116  0.04887135 -0.53752323  0.50604932
  0.58058652  0.55626225  0.63002541  0.23270068 -0.17985979  0.56940535
 -0.16291232  0.42395592 -0.62037514  0.13286075  0.34087511 -0.64810266
  0.01543941 -0.22702761  0.08533642 -0.29307249  0.26196964 -0.52269884
 -0.2808517  -0.82642969 -0.49428212 -0.2296994  -0.19192097]
1111,[ 0.18377868  0.09814102 -0.0489823   0.12251402  0.35996426  0.09968814
 -0.05992357  0.6679441   0.36901288 -0.53859751 -0.04794442 -0.13886653
  0.18996082  0.41233526 -0.32539325  0.21520703 -0.11856437 -0.6266223
  0.11431082  0.13334765 -0.46819374  0.21600767  0.26461356 -0.62842308
 -0.00103502  0.39125094 -0.00476343  0.04885873 -0.5375399   0.50608354
  0.5805536   0.55627115  0.63004055  0.23270131 -0.17984702  0.56940894
 -0.16292623  0.42394671 -0.62036929  0.13284579  0.34087847 -0.6480774
  0.01541031 -0.22703009  0.08531923 -0.29307756  0.26198803 -0.5226578
 -0.28087516 -0.82642684 -0.49429165 -0.22969585 -0.19192768]
1112,[ 0.18380287  0.09815075 -0.04904427  0.12252741  0.35997808  0.09967332
 -0.05990185  0.66792094  0.36898897 -0.53858744 -0.04794091 -0.13884055
  0.18994801  0.41235967 -0.325394    0.21522739 -0.11855147 -0.62661457
  0.1142971   0.13336217 -0.46819585  0.2159947   0.26460919 -0.62844349
 -0.00105601  0.39124084 -0.00472573  0.04884613 -0.53755655  0.50611773
  0.58052071  0.55628003  0.63005566  0.23270194 -0.17983426  0.56941252
 -0.16294012  0.4239375  -0.62036344  0.13283085  0.34088182 -0.64805217
  0.01538125 -0.22703257  0.08530206 -0.29308263  0.26200641 -0.5226168
 -0.28089859 -0.826424   -0.49430117 -0.2296923  -0.19193439]
1113,[ 0.18382703  0.09816047 -0.04910618  0.12254078  0.35999189  0.09965852
 -0.05988016  0.66789781  0.36896508 -0.53857738 -0.04793741 -0.13881461
  0.18993521  0.41238405 -0.32539475  0.21524772 -0.11853859 -0.62660685
  0.1142834   0.13337667 -0.46819797  0.21598176  0.26460482 -0.62846387
 -0.00107697  0.39123075 -0.00468808  0.04883354 -0.53757318  0.50615187
  0.58048786  0.55628891  0.63007076  0.23270256 -0.17982152  0.5694161
 -0.16295401  0.42392831 -0.6203576   0.13281592  0.34088516 -0.64802697
  0.01535222 -0.22703504  0.0852849  -0.29308769  0.26202476 -0.52257584
 -0.280922   -0.82642116 -0.49431068 -0.22968875 -0.19194109]
1114,[ 0.18385116  0.09817018 -0.04916801  0.12255413  0.36000568  0.09964373
 -0.05985849  0.66787471  0.36894122 -0.53856733 -0.04793391 -0.13878869
  0.18992243  0.4124084  -0.3253955   0.21526803 -0.11852572 -0.62659914
  0.11426971  0.13339115 -0.46820008  0.21596882  0.26460046 -0.62848423
 -0.00109791  0.39122067 -0.00465047  0.04882097 -0.53758979  0.50618598
  0.58045505  0.55629778  0.63008585  0.23270319 -0.17980879  0.56941968
 -0.16296787  0.42391913 -0.62035177  0.13280101  0.34088851 -0.6480018
  0.01532322 -0.22703751  0.08526777 -0.29309275  0.26204309 -0.52253494
 -0.28094539 -0.82641833 -0.49432018 -0.22968521 -0.19194778]
1115,[ 0.18387526  0.09817988 -0.04922978  0.12256748  0.36001945  0.09962897
 -0.05983684  0.66785163  0.36891739 -0.5385573  -0.04793042 -0.1387628
  0.18990966  0.41243273 -0.32539625  0.21528832 -0.11851286 -0.62659144
  0.11425603  0.13340562 -0.46820219  0.2159559   0.26459611 -0.62850457
 -0.00111883  0.3912106  -0.00461291  0.04880841 -0.53760638  0.50622004
  0.58042228  0.55630663  0.63010092  0.23270382 -0.17979608  0.56942325
 -0.16298172  0.42390996 -0.62034594  0.13278611  0.34089185 -0.64797666
  0.01529425 -0.22703998  0.08525066 -0.2930978   0.2620614  -0.52249408
 -0.28096874 -0.8264155  -0.49432967 -0.22968167 -0.19195446]
1116,[ 0.18389933  0.09818957 -0.04929148  0.1225808   0.36003321  0.09961421
 -0.05981522  0.66782858  0.36889358 -0.53854727 -0.04792692 -0.13873694
  0.1898969   0.41245702 -0.32539699  0.21530858 -0.11850002 -0.62658374
  0.11424237  0.13342007 -0.4682043   0.215943    0.26459176 -0.62852488
 -0.00113973  0.39120054 -0.00457538  0.04879587 -0.53762295  0.50625407
  0.58038954  0.55631548  0.63011597  0.23270444 -0.17978338  0.56942682
 -0.16299556  0.4239008  -0.62034012  0.13277123  0.34089518 -0.64795154
  0.01526532 -0.22704245  0.08523356 -0.29310285  0.26207968 -0.52245326
 -0.28099207 -0.82641267 -0.49433915 -0.22967814 -0.19196113]
1117,[ 0.18392338  0.09819925 -0.0493531   0.12259411  0.36004695  0.09959948
 -0.05979362  0.66780555  0.36886981 -0.53853726 -0.04792344 -0.13871111
  0.18988416  0.4124813  -0.32539774  0.21532882 -0.1184872  -0.62657606
  0.11422873  0.1334345  -0.4682064   0.21593011  0.26458741 -0.62854517
 -0.0011606   0.3911905  -0.0045379   0.04878334 -0.5376395   0.50628806
  0.58035683  0.55632432  0.630131    0.23270507 -0.17977069  0.56943039
 -0.16300938  0.42389165 -0.6203343   0.13275637  0.34089852 -0.64792646
  0.01523642 -0.22704491  0.08521648 -0.29310789  0.26209795 -0.52241249
 -0.28101538 -0.82640984 -0.49434861 -0.22967461 -0.1919678 ]
1118,[ 0.18394741  0.09820891 -0.04941466  0.12260741  0.36006068  0.09958476
 -0.05977205  0.66778255  0.36884605 -0.53852725 -0.04791996 -0.1386853
  0.18987144  0.41250554 -0.32539848  0.21534904 -0.11847439 -0.62656838
  0.1142151   0.13344892 -0.4682085   0.21591723  0.26458307 -0.62856544
 -0.00118145  0.39118046 -0.00450046  0.04877082 -0.53765604  0.50632201
  0.58032417  0.55633315  0.63014601  0.23270569 -0.17975802  0.56943395
 -0.16302318  0.42388251 -0.6203285   0.13274153  0.34090184 -0.6479014
  0.01520755 -0.22704738  0.08519943 -0.29311292  0.2621162  -0.52237177
 -0.28103865 -0.82640702 -0.49435807 -0.22967108 -0.19197446]
1119,[ 0.1839714   0.09821857 -0.04947615  0.12262069  0.36007439  0.09957006
 -0.0597505   0.66775958  0.36882233 -0.53851726 -0.04791648 -0.13865953
  0.18985873  0.41252975 -0.32539922  0.21536924 -0.11846159 -0.62656072
  0.11420149  0.13346332 -0.4682106   0.21590437  0.26457873 -0.62858568
 -0.00120227  0.39117044 -0.00446307  0.04875832 -0.53767256  0.50635593
  0.58029154  0.55634196  0.63016101  0.23270631 -0.17974536  0.5694375
 -0.16303697  0.42387338 -0.6203227   0.1327267   0.34090517 -0.64787637
  0.01517871 -0.22704983  0.08518239 -0.29311795  0.26213443 -0.52233109
 -0.28106191 -0.8264042  -0.49436751 -0.22966756 -0.19198111]
1120,[ 0.18399537  0.09822821 -0.04953757  0.12263395  0.36008809  0.09955537
 -0.05972897  0.66773663  0.36879863 -0.53850728 -0.047913   -0.13863379
  0.18984603  0.41255394 -0.32539997  0.21538941 -0.11844881 -0.62655306
  0.11418789  0.13347771 -0.4682127   0.21589152  0.2645744  -0.6286059
 -0.00122308  0.39116043 -0.00442571  0.04874583 -0.53768905  0.5063898
  0.58025895  0.55635077  0.630176    0.23270693 -0.17973272  0.56944106
 -0.16305074  0.42386426 -0.6203169   0.13271189  0.34090849 -0.64785137
  0.01514991 -0.22705229  0.08516537 -0.29312297  0.26215263 -0.52229046
 -0.28108513 -0.82640139 -0.49437695 -0.22966404 -0.19198776]
1121,[ 0.18401931  0.09823785 -0.04959892  0.1226472   0.36010177  0.09954071
 -0.05970747  0.66771371  0.36877496 -0.53849731 -0.04790953 -0.13860807
  0.18983335  0.4125781  -0.32540071  0.21540956 -0.11843604 -0.62654541
  0.11417431  0.13349208 -0.46821479  0.21587869  0.26457008 -0.6286261
 -0.00124385  0.39115043 -0.0043884   0.04873335 -0.53770553  0.50642364
  0.58022639  0.55635957  0.63019096  0.23270756 -0.17972009  0.5694446
 -0.1630645   0.42385515 -0.62031111  0.1326971   0.34091181 -0.64782639
  0.01512113 -0.22705474  0.08514837 -0.29312799  0.26217082 -0.52224988
 -0.28110833 -0.82639857 -0.49438637 -0.22966053 -0.19199439]
1122,[ 0.18404322  0.09824747 -0.0496602   0.12266044  0.36011544  0.09952605
 -0.059686    0.66769081  0.36875131 -0.53848735 -0.04790606 -0.13858239
  0.18982068  0.41260224 -0.32540145  0.21542969 -0.11842329 -0.62653777
  0.11416074  0.13350643 -0.46821689  0.21586587  0.26456576 -0.62864628
 -0.00126461  0.39114044 -0.00435113  0.04872089 -0.53772199  0.50645744
  0.58019388  0.55636835  0.63020591  0.23270818 -0.17970747  0.56944815
 -0.16307824  0.42384605 -0.62030533  0.13268232  0.34091512 -0.64780145
  0.0150924  -0.22705719  0.08513139 -0.293133    0.26218898 -0.52220934
 -0.2811315  -0.82639576 -0.49439579 -0.22965701 -0.19200102]
1123,[ 0.18406711  0.09825708 -0.04972141  0.12267366  0.36012909  0.09951142
 -0.05966454  0.66766794  0.36872769 -0.5384774  -0.0479026  -0.13855673
  0.18980803  0.41262635 -0.32540219  0.21544979 -0.11841055 -0.62653013
  0.11414719  0.13352077 -0.46821898  0.21585307  0.26456144 -0.62866643
 -0.00128534  0.39113046 -0.0043139   0.04870845 -0.53773844  0.5064912
  0.58016139  0.55637713  0.63022084  0.2327088  -0.17969487  0.56945169
 -0.16309196  0.42383697 -0.62029956  0.13266756  0.34091843 -0.64777653
  0.01506369 -0.22705964  0.08511443 -0.293138    0.26220713 -0.52216884
 -0.28115465 -0.82639296 -0.49440519 -0.22965351 -0.19200765]
1124,[ 0.18409097  0.09826668 -0.04978255  0.12268687  0.36014272  0.0994968
 -0.05964311  0.66764509  0.3687041  -0.53846747 -0.04789914 -0.1385311
  0.18979539  0.41265043 -0.32540293  0.21546987 -0.11839782 -0.62652251
  0.11413365  0.13353509 -0.46822106  0.21584028  0.26455713 -0.62868657
 -0.00130605  0.3911205  -0.00427671  0.04869601 -0.53775486  0.50652493
  0.58012895  0.5563859   0.63023576  0.23270942 -0.17968229  0.56945523
 -0.16310567  0.42382789 -0.62029379  0.13265281  0.34092174 -0.64775164
  0.01503501 -0.22706209  0.08509749 -0.293143    0.26222525 -0.52212839
 -0.28117777 -0.82639015 -0.49441458 -0.22965001 -0.19201426]
1125,[ 0.1841148   0.09827628 -0.04984362  0.12270006  0.36015634  0.0994822
 -0.05962171  0.66762227  0.36868054 -0.53845754 -0.04789569 -0.1385055
  0.18978276  0.41267448 -0.32540367  0.21548993 -0.11838511 -0.62651489
  0.11412013  0.1335494  -0.46822315  0.21582751  0.26455282 -0.62870667
 -0.00132673  0.39111054 -0.00423957  0.0486836  -0.53777126  0.50655861
  0.58009654  0.55639466  0.63025066  0.23271003 -0.17966971  0.56945876
 -0.16311937  0.42381882 -0.62028803  0.13263809  0.34092504 -0.64772678
  0.01500637 -0.22706453  0.08508057 -0.293148    0.26224336 -0.52208799
 -0.28120087 -0.82638735 -0.49442396 -0.22964651 -0.19202087]
1126,[ 0.18413861  0.09828586 -0.04990463  0.12271323  0.36016995  0.09946761
 -0.05960033  0.66759948  0.368657   -0.53844763 -0.04789223 -0.13847993
  0.18977015  0.41269851 -0.3254044   0.21550997 -0.11837242 -0.62650729
  0.11410662  0.13356369 -0.46822523  0.21581475  0.26454852 -0.62872676
 -0.00134739  0.3911006  -0.00420246  0.04867119 -0.53778765  0.50659226
  0.58006417  0.5564034   0.63026554  0.23271065 -0.17965716  0.56946229
 -0.16313305  0.42380976 -0.62028227  0.13262338  0.34092834 -0.64770195
  0.01497776 -0.22706697  0.08506367 -0.29315299  0.26226144 -0.52204763
 -0.28122394 -0.82638456 -0.49443334 -0.22964301 -0.19202747]
1127,[ 0.18416238  0.09829542 -0.04996556  0.12272639  0.36018354  0.09945304
 -0.05957897  0.66757671  0.36863348 -0.53843773 -0.04788879 -0.13845439
  0.18975755  0.4127225  -0.32540514  0.21552998 -0.11835974 -0.62649969
  0.11409313  0.13357796 -0.46822731  0.215802    0.26454422 -0.62874682
 -0.00136803  0.39109066 -0.0041654   0.0486588  -0.53780402  0.50662587
  0.58003183  0.55641214  0.6302804   0.23271127 -0.17964461  0.56946581
 -0.16314671  0.42380071 -0.62027652  0.13260868  0.34093163 -0.64767714
  0.01494918 -0.2270694   0.08504678 -0.29315797  0.2622795  -0.52200732
 -0.28124698 -0.82638176 -0.4944427  -0.22963952 -0.19203406]
1128,[ 0.18418614  0.09830498 -0.05002643  0.12273954  0.36019711  0.09943849
 -0.05955764  0.66755397  0.36861    -0.53842784 -0.04788534 -0.13842888
  0.18974497  0.41274648 -0.32540588  0.21554998 -0.11834707 -0.6264921
  0.11407965  0.13359222 -0.46822939  0.21578927  0.26453993 -0.62876686
 -0.00138864  0.39108074 -0.00412838  0.04864643 -0.53782037  0.50665944
  0.57999953  0.55642087  0.63029525  0.23271189 -0.17963208  0.56946933
 -0.16316036  0.42379168 -0.62027078  0.132594    0.34093492 -0.64765236
  0.01492064 -0.22707184  0.08502992 -0.29316295  0.26229755 -0.52196705
 -0.28127    -0.82637897 -0.49445205 -0.22963603 -0.19204065]
1129,[ 0.18420986  0.09831453 -0.05008723  0.12275267  0.36021067  0.09942395
 -0.05953633  0.66753125  0.36858654 -0.53841796 -0.0478819  -0.13840339
  0.1897324   0.41277042 -0.32540661  0.21556995 -0.11833442 -0.62648452
  0.11406619  0.13360646 -0.46823147  0.21577655  0.26453564 -0.62878688
 -0.00140924  0.39107083 -0.0040914   0.04863406 -0.5378367   0.50669297
  0.57996727  0.55642959  0.63031008  0.2327125  -0.17961957  0.56947285
 -0.16317399  0.42378265 -0.62026505  0.13257934  0.34093821 -0.64762761
  0.01489213 -0.22707427  0.08501307 -0.29316792  0.26231557 -0.52192683
 -0.28129299 -0.82637619 -0.49446139 -0.22963255 -0.19204722]
1130,[ 0.18423356  0.09832407 -0.05014796  0.12276579  0.36022421  0.09940943
 -0.05951505  0.66750856  0.36856311 -0.53840809 -0.04787847 -0.13837794
  0.18971985  0.41279434 -0.32540735  0.21558989 -0.11832178 -0.62647694
  0.11405275  0.13362068 -0.46823354  0.21576385  0.26453136 -0.62880688
 -0.0014298   0.39106093 -0.00405447  0.04862171 -0.53785301  0.50672647
  0.57993504  0.5564383   0.63032489  0.23271312 -0.17960707  0.56947636
 -0.16318761  0.42377363 -0.62025932  0.1325647   0.3409415  -0.64760289
  0.01486364 -0.2270767   0.08499624 -0.29317288  0.26233357 -0.52188666
 -0.28131595 -0.8263734  -0.49447072 -0.22962907 -0.19205379]
1131,[ 0.18425723  0.09833359 -0.05020862  0.12277889  0.36023774  0.09939492
 -0.05949379  0.66748589  0.3685397  -0.53839823 -0.04787504 -0.13835251
  0.18970731  0.41281823 -0.32540808  0.21560982 -0.11830915 -0.62646938
  0.11403932  0.13363489 -0.46823561  0.21575116  0.26452708 -0.62882685
 -0.00145035  0.39105104 -0.00401757  0.04860938 -0.53786931  0.50675993
  0.57990285  0.55644699  0.63033969  0.23271373 -0.17959458  0.56947987
 -0.16320121  0.42376463 -0.62025359  0.13255007  0.34094478 -0.6475782
  0.01483519 -0.22707912  0.08497943 -0.29317784  0.26235155 -0.52184653
 -0.28133889 -0.82637062 -0.49448003 -0.2296256  -0.19206036]
1132,[ 0.18428088  0.09834311 -0.05026922  0.12279198  0.36025125  0.09938044
 -0.05947255  0.66746325  0.36851632 -0.53838838 -0.04787161 -0.13832711
  0.18969478  0.41284209 -0.32540881  0.21562972 -0.11829654 -0.62646182
  0.1140259   0.13364908 -0.46823768  0.21573849  0.26452281 -0.6288468
 -0.00147087  0.39104117 -0.00398072  0.04859706 -0.53788559  0.50679335
  0.5798707   0.55645568  0.63035447  0.23271435 -0.17958211  0.56948338
 -0.1632148   0.42375563 -0.62024788  0.13253546  0.34094805 -0.64755353
  0.01480678 -0.22708155  0.08496264 -0.2931828   0.26236952 -0.52180644
 -0.2813618  -0.82636784 -0.49448934 -0.22962213 -0.19206691]
1133,[ 0.1843045   0.09835261 -0.05032974  0.12280505  0.36026475  0.09936597
 -0.05945134  0.66744064  0.36849296 -0.53837855 -0.04786818 -0.13830174
  0.18968227  0.41286593 -0.32540954  0.2156496  -0.11828395 -0.62645428
  0.1140125   0.13366326 -0.46823975  0.21572583  0.26451854 -0.62886673
 -0.00149137  0.3910313  -0.00394391  0.04858475 -0.53790184  0.50682673
  0.57983858  0.55646436  0.63036924  0.23271496 -0.17956965  0.56948688
 -0.16322837  0.42374664 -0.62024217  0.13252086  0.34095132 -0.64752889
  0.01477839 -0.22708397  0.08494587 -0.29318775  0.26238746 -0.5217664
 -0.28138469 -0.82636507 -0.49449864 -0.22961866 -0.19207346]
1134,[ 0.18432809  0.09836211 -0.0503902   0.12281811  0.36027823  0.09935151
 -0.05943015  0.66741805  0.36846964 -0.53836872 -0.04786476 -0.1382764
  0.18966977  0.41288974 -0.32541027  0.21566946 -0.11827137 -0.62644674
  0.11399911  0.13367742 -0.46824181  0.21571318  0.26451428 -0.62888664
 -0.00151185  0.39102145 -0.00390714  0.04857246 -0.53791808  0.50686008
  0.5798065   0.55647303  0.63038399  0.23271557 -0.1795572   0.56949037
 -0.16324193  0.42373767 -0.62023646  0.13250628  0.34095459 -0.64750428
  0.01475004 -0.22708638  0.08492912 -0.29319269  0.26240538 -0.52172641
 -0.28140755 -0.8263623  -0.49450793 -0.2296152  -0.19208   ]
1135,[ 0.18435166  0.09837159 -0.05045059  0.12283115  0.3602917   0.09933707
 -0.05940899  0.66739549  0.36844634 -0.53835891 -0.04786135 -0.13825109
  0.18965729  0.41291352 -0.325411    0.21568929 -0.1182588  -0.62643921
  0.11398574  0.13369157 -0.46824388  0.21570055  0.26451002 -0.62890652
 -0.0015323   0.3910116  -0.00387041  0.04856018 -0.5379343   0.50689338
  0.57977445  0.55648169  0.63039872  0.23271618 -0.17954477  0.56949387
 -0.16325547  0.4237287  -0.62023077  0.13249172  0.34095786 -0.6474797
  0.01472172 -0.2270888   0.08491239 -0.29319763  0.26242328 -0.52168645
 -0.28143039 -0.82635953 -0.4945172  -0.22961174 -0.19208654]
1136,[ 0.1843752   0.09838106 -0.05051091  0.12284418  0.36030515  0.09932265
 -0.05938785  0.66737295  0.36842306 -0.53834911 -0.04785793 -0.1382258
  0.18964482  0.41293728 -0.32541173  0.2157091  -0.11824624 -0.62643169
  0.11397239  0.1337057  -0.46824594  0.21568793  0.26450577 -0.62892638
 -0.00155273  0.39100177 -0.00383372  0.04854792 -0.53795051  0.50692666
  0.57974245  0.55649034  0.63041343  0.2327168  -0.17953235  0.56949736
 -0.163269    0.42371974 -0.62022507  0.13247717  0.34096112 -0.64745515
  0.01469343 -0.22709121  0.08489567 -0.29320256  0.26244116 -0.52164655
 -0.2814532  -0.82635676 -0.49452647 -0.22960828 -0.19209306]
1137,[ 0.18439871  0.09839053 -0.05057116  0.12285719  0.36031859  0.09930824
 -0.05936673  0.66735043  0.36839981 -0.53833931 -0.04785452 -0.13820055
  0.18963236  0.41296101 -0.32541246  0.21572889 -0.11823371 -0.62642417
  0.11395905  0.13371981 -0.46824799  0.21567533  0.26450152 -0.62894622
 -0.00157314  0.39099195 -0.00379707  0.04853566 -0.53796669  0.50695989
  0.57971047  0.55649898  0.63042813  0.23271741 -0.17951995  0.56950084
 -0.16328251  0.4237108  -0.62021939  0.13246264  0.34096438 -0.64743062
  0.01466517 -0.22709362  0.08487898 -0.29320749  0.26245902 -0.52160669
 -0.28147598 -0.826354   -0.49453573 -0.22960483 -0.19209958]
1138,[ 0.18442219  0.09839998 -0.05063135  0.12287019  0.36033201  0.09929385
 -0.05934564  0.66732795  0.36837659 -0.53832953 -0.04785112 -0.13817532
  0.18961992  0.41298471 -0.32541319  0.21574866 -0.11822118 -0.62641667
  0.11394572  0.13373391 -0.46825005  0.21566274  0.26449727 -0.62896603
 -0.00159352  0.39098214 -0.00376047  0.04852343 -0.53798286  0.50699308
  0.57967853  0.55650761  0.63044281  0.23271802 -0.17950756  0.56950432
 -0.163296    0.42370186 -0.62021371  0.13244813  0.34096763 -0.64740612
  0.01463695 -0.22709603  0.0848623  -0.29321241  0.26247686 -0.52156687
 -0.28149874 -0.82635124 -0.49454497 -0.22960138 -0.19210609]
1139,[ 0.18444565  0.09840942 -0.05069147  0.12288318  0.36034542  0.09927948
 -0.05932457  0.66730548  0.36835339 -0.53831976 -0.04784772 -0.13815012
  0.18960749  0.41300839 -0.32541392  0.21576841 -0.11820867 -0.62640917
  0.11393241  0.13374799 -0.4682521   0.21565017  0.26449303 -0.62898583
 -0.00161388  0.39097234 -0.00372391  0.0485112  -0.53799901  0.50702624
  0.57964663  0.55651623  0.63045748  0.23271862 -0.17949518  0.5695078
 -0.16330948  0.42369294 -0.62020804  0.13243363  0.34097088 -0.64738165
  0.01460875 -0.22709843  0.08484564 -0.29321733  0.26249468 -0.5215271
 -0.28152148 -0.82634848 -0.49455421 -0.22959794 -0.1921126 ]
1140,[ 0.18446909  0.09841885 -0.05075152  0.12289615  0.36035881  0.09926512
 -0.05930352  0.66728305  0.36833022 -0.53831    -0.04784432 -0.13812495
  0.18959508  0.41303204 -0.32541464  0.21578813 -0.11819617 -0.62640168
  0.11391912  0.13376205 -0.46825415  0.21563761  0.2644888  -0.6290056
 -0.00163422  0.39096255 -0.00368738  0.04849899 -0.53801514  0.50705936
  0.57961477  0.55652484  0.63047212  0.23271923 -0.17948282  0.56951127
 -0.16332295  0.42368402 -0.62020238  0.13241915  0.34097413 -0.6473572
  0.01458059 -0.22710083  0.08482901 -0.29322224  0.26251248 -0.52148738
 -0.28154419 -0.82634573 -0.49456343 -0.2295945  -0.19211909]
1141,[ 0.18449249  0.09842827 -0.0508115   0.1229091   0.36037218  0.09925078
 -0.0592825   0.66726064  0.36830708 -0.53830026 -0.04784093 -0.13809981
  0.18958268  0.41305566 -0.32541537  0.21580783 -0.11818369 -0.6263942
  0.11390584  0.1337761  -0.4682562   0.21562506  0.26448457 -0.62902535
 -0.00165453  0.39095277 -0.0036509   0.0484868  -0.53803125  0.50709245
  0.57958294  0.55653344  0.63048676  0.23271984 -0.17947047  0.56951474
 -0.1633364   0.42367511 -0.62019672  0.13240469  0.34097737 -0.64733279
  0.01455246 -0.22710323  0.08481239 -0.29322714  0.26253027 -0.5214477
 -0.28156687 -0.82634298 -0.49457265 -0.22959106 -0.19212558]
1142,[ 0.18451588  0.09843768 -0.05087142  0.12292204  0.36038554  0.09923645
 -0.0592615   0.66723825  0.36828396 -0.53829052 -0.04783754 -0.1380747
  0.18957029  0.41307926 -0.32541609  0.21582751 -0.11817122 -0.62638673
  0.11389257  0.13379014 -0.46825825  0.21561253  0.26448034 -0.62904508
 -0.00167482  0.390943   -0.00361446  0.04847461 -0.53804734  0.50712549
  0.57955114  0.55654204  0.63050137  0.23272045 -0.17945814  0.56951821
 -0.16334984  0.42366622 -0.62019106  0.13239024  0.34098061 -0.6473084
  0.01452436 -0.22710563  0.08479578 -0.29323204  0.26254803 -0.52140806
 -0.28158952 -0.82634023 -0.49458185 -0.22958763 -0.19213206]
1143,[ 0.18453923  0.09844707 -0.05093126  0.12293497  0.36039889  0.09922214
 -0.05924053  0.66721589  0.36826087 -0.5382808  -0.04783415 -0.13804961
  0.18955792  0.41310283 -0.32541682  0.21584717 -0.11815876 -0.62637927
  0.11387932  0.13380415 -0.46826029  0.21560001  0.26447612 -0.62906478
 -0.00169509  0.39093325 -0.00357806  0.04846244 -0.53806342  0.5071585
  0.57951939  0.55655062  0.63051597  0.23272105 -0.17944582  0.56952167
 -0.16336326  0.42365733 -0.62018542  0.13237581  0.34098385 -0.64728403
  0.01449629 -0.22710802  0.0847792  -0.29323694  0.26256577 -0.52136847
 -0.28161216 -0.82633749 -0.49459104 -0.2295842  -0.19213854]
1144,[ 0.18456256  0.09845646 -0.05099104  0.12294788  0.36041222  0.09920785
 -0.05921958  0.66719355  0.3682378  -0.53827108 -0.04783077 -0.13802455
  0.18954556  0.41312637 -0.32541754  0.2158668  -0.11814632 -0.62637182
  0.11386609  0.13381816 -0.46826233  0.21558751  0.26447191 -0.62908446
 -0.00171534  0.3909235  -0.0035417   0.04845029 -0.53807948  0.50719147
  0.57948766  0.55655919  0.63053055  0.23272166 -0.17943351  0.56952513
 -0.16337666  0.42364846 -0.62017978  0.13236139  0.34098708 -0.6472597
  0.01446826 -0.22711041  0.08476264 -0.29324183  0.26258349 -0.52132892
 -0.28163476 -0.82633475 -0.49460023 -0.22958077 -0.19214501]
1145,[ 0.18458586  0.09846584 -0.05105076  0.12296078  0.36042554  0.09919357
 -0.05919865  0.66717124  0.36821476 -0.53826138 -0.04782739 -0.13799953
  0.18953322  0.41314989 -0.32541826  0.21588642 -0.1181339  -0.62636437
  0.11385287  0.13383214 -0.46826437  0.21557502  0.2644677  -0.62910412
 -0.00173556  0.39091377 -0.00350539  0.04843815 -0.53809552  0.50722441
  0.57945598  0.55656775  0.63054512  0.23272226 -0.17942122  0.56952858
 -0.16339005  0.42363959 -0.62017414  0.13234699  0.34099031 -0.64723539
  0.01444025 -0.2271128   0.08474609 -0.29324671  0.26260119 -0.52128942
 -0.28165734 -0.82633201 -0.4946094  -0.22957735 -0.19215147]
1146,[ 0.18460913  0.09847521 -0.0511104   0.12297366  0.36043884  0.09917931
 -0.05917775  0.66714895  0.36819175 -0.53825168 -0.04782402 -0.13797453
  0.18952089  0.41317338 -0.32541898  0.21590601 -0.11812148 -0.62635693
  0.11383966  0.13384611 -0.46826641  0.21556254  0.26446349 -0.62912376
 -0.00175576  0.39090405 -0.00346911  0.04842602 -0.53811154  0.50725731
  0.57942433  0.5565763   0.63055967  0.23272287 -0.17940894  0.56953203
 -0.16340342  0.42363074 -0.62016852  0.13233261  0.34099354 -0.64721111
  0.01441228 -0.22711518  0.08472956 -0.29325159  0.26261887 -0.52124996
 -0.2816799  -0.82632928 -0.49461856 -0.22957394 -0.19215792]
1147,[ 0.18463238  0.09848456 -0.05116998  0.12298653  0.36045213  0.09916506
 -0.05915687  0.66712669  0.36816876 -0.538242   -0.04782065 -0.13794955
  0.18950857  0.41319684 -0.3254197   0.21592557 -0.11810908 -0.6263495
  0.11382647  0.13386007 -0.46826844  0.21555008  0.26445929 -0.62914338
 -0.00177594  0.39089434 -0.00343287  0.04841391 -0.53812754  0.50729017
  0.57939271  0.55658485  0.6305742   0.23272347 -0.17939668  0.56953548
 -0.16341678  0.42362189 -0.6201629   0.13231824  0.34099676 -0.64718686
  0.01438434 -0.22711757  0.08471306 -0.29325646  0.26263653 -0.52121055
 -0.28170243 -0.82632655 -0.49462771 -0.22957052 -0.19216437]
1148,[ 0.18465561  0.09849391 -0.05122949  0.12299938  0.3604654   0.09915084
 -0.05913601  0.66710446  0.36814579 -0.53823233 -0.04781728 -0.13792461
  0.18949627  0.41322028 -0.32542042  0.21594512 -0.1180967  -0.62634208
  0.11381329  0.13387401 -0.46827047  0.21553763  0.26445509 -0.62916297
 -0.0017961   0.39088464 -0.00339668  0.0484018  -0.53814353  0.50732299
  0.57936113  0.55659338  0.63058872  0.23272408 -0.17938443  0.56953892
 -0.16343013  0.42361305 -0.62015728  0.13230389  0.34099998 -0.64716263
  0.01435643 -0.22711995  0.08469657 -0.29326132  0.26265417 -0.52117118
 -0.28172493 -0.82632382 -0.49463686 -0.22956711 -0.1921708 ]
1149,[ 0.1846788   0.09850324 -0.05128894  0.12301222  0.36047865  0.09913662
 -0.05911518  0.66708225  0.36812286 -0.53822267 -0.04781392 -0.13789969
  0.18948398  0.41324369 -0.32542114  0.21596465 -0.11808433 -0.62633467
  0.11380013  0.13388793 -0.4682725   0.2155252   0.2644509  -0.62918254
 -0.00181623  0.39087495 -0.00336052  0.04838972 -0.5381595   0.50735578
  0.57932959  0.55660191  0.63060322  0.23272468 -0.17937219  0.56954236
 -0.16344346  0.42360423 -0.62015167  0.13228955  0.34100319 -0.64713844
  0.01432855 -0.22712232  0.0846801  -0.29326618  0.26267179 -0.52113185
 -0.28174741 -0.82632109 -0.49464599 -0.22956371 -0.19217724]
1150,[ 0.18470197  0.09851257 -0.05134831  0.12302505  0.36049189  0.09912243
 -0.05909437  0.66706006  0.36809995 -0.53821302 -0.04781056 -0.1378748
  0.18947171  0.41326708 -0.32542186  0.21598415 -0.11807197 -0.62632727
  0.11378699  0.13390184 -0.46827453  0.21551278  0.26444672 -0.62920209
 -0.00183634  0.39086527 -0.00332441  0.04837764 -0.53817545  0.50738853
  0.57929808  0.55661042  0.63061771  0.23272528 -0.17935997  0.56954579
 -0.16345677  0.42359541 -0.62014607  0.13227524  0.3410064  -0.64711427
  0.01430071 -0.2271247   0.08466364 -0.29327104  0.26268939 -0.52109257
 -0.28176986 -0.82631837 -0.49465511 -0.22956031 -0.19218366]
1151,[ 0.18472512  0.09852188 -0.05140762  0.12303786  0.36050512  0.09910824
 -0.05907358  0.6670379   0.36807706 -0.53820338 -0.0478072  -0.13784994
  0.18945944  0.41329044 -0.32542257  0.21600363 -0.11805963 -0.62631987
  0.11377386  0.13391573 -0.46827656  0.21550037  0.26444253 -0.62922162
 -0.00185643  0.3908556  -0.00328834  0.04836558 -0.53819138  0.50742124
  0.57926661  0.55661892  0.63063217  0.23272588 -0.17934776  0.56954922
 -0.16347007  0.4235866  -0.62014048  0.13226093  0.34100961 -0.64709012
  0.01427289 -0.22712707  0.08464721 -0.29327589  0.26270697 -0.52105333
 -0.28179229 -0.82631565 -0.49466422 -0.22955691 -0.19219008]
1152,[ 0.18474824  0.09853118 -0.05146687  0.12305065  0.36051833  0.09909408
 -0.05905282  0.66701576  0.3680542  -0.53819376 -0.04780385 -0.13782511
  0.1894472   0.41331377 -0.32542329  0.21602309 -0.1180473  -0.62631248
  0.11376074  0.13392961 -0.46827858  0.21548798  0.26443836 -0.62924113
 -0.00187649  0.39084594 -0.00325231  0.04835354 -0.53820729  0.50745392
  0.57923517  0.55662742  0.63064663  0.23272648 -0.17933557  0.56955265
 -0.16348336  0.42357781 -0.62013489  0.13224665  0.34101281 -0.64706601
  0.01424511 -0.22712944  0.08463079 -0.29328073  0.26272454 -0.52101414
 -0.28181469 -0.82631294 -0.49467332 -0.22955352 -0.19219649]
1153,[ 0.18477133  0.09854048 -0.05152604  0.12306343  0.36053153  0.09907993
 -0.05903208  0.66699365  0.36803137 -0.53818414 -0.0478005  -0.13780031
  0.18943496  0.41333707 -0.32542401  0.21604252 -0.11803498 -0.6263051
  0.11374764  0.13394347 -0.4682806   0.2154756   0.26443418 -0.62926061
 -0.00189653  0.3908363  -0.00321631  0.04834151 -0.53822319  0.50748655
  0.57920377  0.5566359   0.63066106  0.23272708 -0.17932338  0.56955607
 -0.16349663  0.42356902 -0.62012931  0.13223238  0.34101601 -0.64704192
  0.01421735 -0.2271318   0.0846144  -0.29328557  0.26274208 -0.52097499
 -0.28183707 -0.82631022 -0.49468241 -0.22955013 -0.19220289]
1154,[ 0.1847944   0.09854976 -0.05158515  0.1230762   0.36054471  0.0990658
 -0.05901136  0.66697157  0.36800856 -0.53817453 -0.04779716 -0.13777553
  0.18942274  0.41336035 -0.32542472  0.21606194 -0.11802268 -0.62629773
  0.11373455  0.13395731 -0.46828262  0.21546324  0.26443001 -0.62928007
 -0.00191655  0.39082666 -0.00318036  0.04832949 -0.53823906  0.50751916
  0.5791724   0.55664438  0.63067548  0.23272768 -0.17931122  0.56955949
 -0.16350988  0.42356025 -0.62012373  0.13221812  0.34101921 -0.64701785
  0.01418963 -0.22713417  0.08459802 -0.29329041  0.2627596  -0.52093589
 -0.28185942 -0.82630751 -0.49469149 -0.22954674 -0.19220928]
1155,[ 0.18481744  0.09855903 -0.0516442   0.12308895  0.36055788  0.09905168
 -0.05899067  0.66694951  0.36798578 -0.53816494 -0.04779382 -0.13775078
  0.18941054  0.41338361 -0.32542543  0.21608133 -0.11801039 -0.62629037
  0.11372148  0.13397114 -0.46828464  0.21545089  0.26442585 -0.62929951
 -0.00193655  0.39081704 -0.00314445  0.04831748 -0.53825492  0.50755172
  0.57914107  0.55665285  0.63068988  0.23272828 -0.17929906  0.56956291
 -0.16352312  0.42355148 -0.62011816  0.13220388  0.3410224  -0.64699382
  0.01416194 -0.22713653  0.08458166 -0.29329524  0.2627771  -0.52089683
 -0.28188175 -0.82630481 -0.49470056 -0.22954336 -0.19221567]
1156,[ 0.18484045  0.09856829 -0.05170318  0.12310169  0.36057103  0.09903758
 -0.05897     0.66692747  0.36796302 -0.53815535 -0.04779048 -0.13772606
  0.18939835  0.41340683 -0.32542615  0.2161007  -0.11799812 -0.62628302
  0.11370842  0.13398496 -0.46828665  0.21543855  0.26442169 -0.62931893
 -0.00195653  0.39080742 -0.00310858  0.04830549 -0.53827077  0.50758425
  0.57910977  0.5566613   0.63070427  0.23272887 -0.17928692  0.56956632
 -0.16353635  0.42354272 -0.62011259  0.13218966  0.34102559 -0.64696981
  0.01413428 -0.22713889  0.08456532 -0.29330006  0.26279458 -0.52085781
 -0.28190405 -0.8263021  -0.49470962 -0.22953998 -0.19222205]
1157,[ 0.18486344  0.09857754 -0.05176209  0.12311442  0.36058417  0.09902349
 -0.05894936  0.66690546  0.36794029 -0.53814578 -0.04778715 -0.13770137
  0.18938617  0.41343004 -0.32542686  0.21612005 -0.11798586 -0.62627567
  0.11369538  0.13399876 -0.46828866  0.21542623  0.26441754 -0.62933833
 -0.00197648  0.39079782 -0.00307275  0.04829351 -0.53828659  0.50761674
  0.57907851  0.55666975  0.63071864  0.23272947 -0.17927479  0.56956973
 -0.16354956  0.42353398 -0.62010704  0.13217546  0.34102877 -0.64694583
  0.01410666 -0.22714124  0.08454899 -0.29330488  0.26281205 -0.52081884
 -0.28192633 -0.8262994  -0.49471867 -0.2295366  -0.19222842]
1158,[ 0.1848864   0.09858678 -0.05182093  0.12312713  0.36059729  0.09900942
 -0.05892873  0.66688347  0.36791758 -0.53813622 -0.04778382 -0.1376767
  0.189374    0.41345321 -0.32542757  0.21613938 -0.11797361 -0.62626833
  0.11368235  0.13401254 -0.46829067  0.21541392  0.26441339 -0.6293577
 -0.00199641  0.39078823 -0.00303696  0.04828155 -0.5383024   0.5076492
  0.57904729  0.55667819  0.63073299  0.23273007 -0.17926268  0.56957313
 -0.16356275  0.42352524 -0.62010149  0.13216127  0.34103196 -0.64692188
  0.01407906 -0.22714359  0.08453269 -0.29330969  0.26282949 -0.52077991
 -0.28194858 -0.8262967  -0.49472771 -0.22953323 -0.19223479]
1159,[ 0.18490934  0.09859601 -0.05187971  0.12313982  0.3606104   0.09899537
 -0.05890813  0.66686151  0.36789491 -0.53812667 -0.04778049 -0.13765207
  0.18936185  0.41347636 -0.32542828  0.21615869 -0.11796138 -0.626261
  0.11366934  0.13402631 -0.46829268  0.21540163  0.26440924 -0.62937706
 -0.00201631  0.39077865 -0.00300121  0.04826959 -0.53831819  0.50768162
  0.5790161   0.55668662  0.63074733  0.23273066 -0.17925058  0.56957653
 -0.16357593  0.42351651 -0.62009594  0.13214709  0.34103513 -0.64689795
  0.01405149 -0.22714594  0.0845164  -0.29331449  0.26284691 -0.52074103
 -0.28197081 -0.82629401 -0.49473674 -0.22952987 -0.19224115]
1160,[ 0.18493225  0.09860523 -0.05193842  0.1231525   0.36062349  0.09898133
 -0.05888756  0.66683957  0.36787225 -0.53811713 -0.04777717 -0.13762746
  0.18934972  0.41349948 -0.32542899  0.21617797 -0.11794916 -0.62625368
  0.11365634  0.13404006 -0.46829468  0.21538935  0.2644051  -0.62939639
 -0.0020362   0.39076908 -0.00296551  0.04825766 -0.53833396  0.507714
  0.57898494  0.55669504  0.63076165  0.23273126 -0.17923849  0.56957993
 -0.1635891   0.42350779 -0.6200904   0.13213293  0.34103831 -0.64687405
  0.01402396 -0.22714829  0.08450013 -0.2933193   0.26286432 -0.52070219
 -0.28199301 -0.82629132 -0.49474576 -0.2295265  -0.1922475 ]
1161,[ 0.18495514  0.09861444 -0.05199707  0.12316517  0.36063657  0.09896731
 -0.058867    0.66681766  0.36784962 -0.5381076  -0.04777385 -0.13760287
  0.18933759  0.41352258 -0.3254297   0.21619723 -0.11793696 -0.62624637
  0.11364335  0.1340538  -0.46829669  0.21537708  0.26440097 -0.6294157
 -0.00205606  0.39075952 -0.00292984  0.04824573 -0.53834971  0.50774635
  0.57895382  0.55670345  0.63077596  0.23273185 -0.17922642  0.56958332
 -0.16360225  0.42349909 -0.62008487  0.13211879  0.34104148 -0.64685018
  0.01399645 -0.22715064  0.08448388 -0.29332409  0.2628817  -0.52066339
 -0.28201519 -0.82628863 -0.49475477 -0.22952314 -0.19225385]
1162,[ 0.184978    0.09862364 -0.05205565  0.12317782  0.36064963  0.0989533
 -0.05884647  0.66679577  0.36782702 -0.53809808 -0.04777054 -0.13757832
  0.18932548  0.41354565 -0.32543041  0.21621647 -0.11792477 -0.62623906
  0.11363038  0.13406752 -0.46829869  0.21536483  0.26439684 -0.62943498
 -0.0020759   0.39074997 -0.00289421  0.04823382 -0.53836544  0.50777866
  0.57892273  0.55671185  0.63079025  0.23273245 -0.17921436  0.56958671
 -0.16361538  0.42349039 -0.62007934  0.13210466  0.34104465 -0.64682633
  0.01396898 -0.22715298  0.08446765 -0.29332888  0.26289907 -0.52062464
 -0.28203734 -0.82628594 -0.49476377 -0.22951979 -0.19226018]
1163,[ 0.18500083  0.09863283 -0.05211416  0.12319046  0.36066268  0.09893931
 -0.05882597  0.66677391  0.36780444 -0.53808857 -0.04776723 -0.13755379
  0.18931339  0.41356869 -0.32543112  0.21623569 -0.11791259 -0.62623177
  0.11361743  0.13408122 -0.46830068  0.21535259  0.26439271 -0.62945425
 -0.00209572  0.39074043 -0.00285862  0.04822192 -0.53838116  0.50781093
  0.57889168  0.55672024  0.63080452  0.23273304 -0.17920232  0.56959009
 -0.1636285   0.4234817  -0.62007382  0.13209055  0.34104781 -0.64680251
  0.01394154 -0.22715532  0.08445144 -0.29333367  0.26291641 -0.52058593
 -0.28205947 -0.82628326 -0.49477275 -0.22951644 -0.19226652]
1164,[ 0.18502364  0.09864201 -0.05217261  0.12320308  0.36067572  0.09892534
 -0.05880548  0.66675207  0.36778189 -0.53807907 -0.04776392 -0.1375293
  0.1893013   0.41359171 -0.32543182  0.21625489 -0.11790043 -0.62622448
  0.11360449  0.13409491 -0.46830268  0.21534036  0.26438859 -0.62947349
 -0.00211551  0.3907309  -0.00282307  0.04821004 -0.53839686  0.50784317
  0.57886067  0.55672862  0.63081878  0.23273363 -0.17919029  0.56959347
 -0.16364161  0.42347302 -0.62006831  0.13207646  0.34105097 -0.64677872
  0.01391413 -0.22715766  0.08443524 -0.29333845  0.26293374 -0.52054726
 -0.28208157 -0.82628058 -0.49478173 -0.22951309 -0.19227284]
1165,[ 0.18504642  0.09865118 -0.05223099  0.12321569  0.36068874  0.09891138
 -0.05878502  0.66673026  0.36775936 -0.53806958 -0.04776062 -0.13750482
  0.18928923  0.41361471 -0.32543253  0.21627406 -0.11788828 -0.6262172
  0.11359156  0.13410859 -0.46830467  0.21532815  0.26438447 -0.62949272
 -0.00213529  0.39072139 -0.00278756  0.04819817 -0.53841254  0.50787537
  0.57882969  0.55673699  0.63083302  0.23273422 -0.17917827  0.56959685
 -0.1636547   0.42346436 -0.6200628   0.13206238  0.34105413 -0.64675495
  0.01388675 -0.22715999  0.08441907 -0.29334322  0.26295105 -0.52050864
 -0.28210364 -0.8262779  -0.4947907  -0.22950974 -0.19227915]
1166,[ 0.18506918  0.09866034 -0.05228931  0.12322829  0.36070174  0.09889743
 -0.05876458  0.66670847  0.36773686 -0.5380601  -0.04775732 -0.13748038
  0.18927718  0.41363767 -0.32543323  0.21629322 -0.11787614 -0.62620993
  0.11357865  0.13412225 -0.46830666  0.21531595  0.26438036 -0.62951192
 -0.00215504  0.39071188 -0.0027521   0.04818631 -0.53842821  0.50790753
  0.57879874  0.55674535  0.63084725  0.23273481 -0.17916626  0.56960022
 -0.16366778  0.4234557  -0.6200573   0.13204832  0.34105728 -0.64673121
  0.0138594  -0.22716232  0.08440291 -0.29334799  0.26296833 -0.52047006
 -0.2821257  -0.82627523 -0.49479966 -0.2295064  -0.19228546]
1167,[ 0.18509191  0.09866948 -0.05234756  0.12324087  0.36071473  0.09888351
 -0.05874417  0.6666867   0.36771438 -0.53805064 -0.04775402 -0.13745596
  0.18926514  0.41366061 -0.32543394  0.21631235 -0.11786402 -0.62620266
  0.11356575  0.13413589 -0.46830865  0.21530377  0.26437625 -0.6295311
 -0.00217477  0.39070239 -0.00271667  0.04817447 -0.53844386  0.50793966
  0.57876783  0.55675371  0.63086146  0.2327354  -0.17915427  0.56960359
 -0.16368084  0.42344705 -0.6200518   0.13203427  0.34106043 -0.6467075
  0.01383208 -0.22716465  0.08438677 -0.29335275  0.2629856  -0.52043153
 -0.28214772 -0.82627256 -0.49480861 -0.22950306 -0.19229177]
1168,[ 0.18511462  0.09867862 -0.05240574  0.12325344  0.36072771  0.09886959
 -0.05872378  0.66666496  0.36769193 -0.53804118 -0.04775073 -0.13743158
  0.18925311  0.41368353 -0.32543464  0.21633146 -0.11785191 -0.62619541
  0.11355287  0.13414952 -0.46831064  0.2152916   0.26437215 -0.62955025
 -0.00219447  0.3906929  -0.00268128  0.04816263 -0.53845949  0.50797175
  0.57873696  0.55676205  0.63087565  0.23273599 -0.17914229  0.56960696
 -0.16369389  0.42343841 -0.62004631  0.13202024  0.34106358 -0.64668382
  0.01380479 -0.22716698  0.08437065 -0.29335751  0.26300285 -0.52039303
 -0.28216973 -0.82626989 -0.49481755 -0.22949973 -0.19229806]
1169,[ 0.1851373   0.09868775 -0.05246386  0.12326599  0.36074067  0.0988557
 -0.05870341  0.66664324  0.36766951 -0.53803174 -0.04774744 -0.13740721
  0.18924109  0.41370642 -0.32543534  0.21635055 -0.11783981 -0.62618816
  0.11354     0.13416313 -0.46831263  0.21527944  0.26436805 -0.62956939
 -0.00221416  0.39068343 -0.00264593  0.04815082 -0.5384751   0.50800381
  0.57870611  0.55677038  0.63088983  0.23273658 -0.17913033  0.56961032
 -0.16370692  0.42342978 -0.62004083  0.13200622  0.34106672 -0.64666016
  0.01377754 -0.2271693   0.08435454 -0.29336226  0.26302008 -0.52035458
 -0.2821917  -0.82626723 -0.49482647 -0.2294964  -0.19230435]
1170,[ 0.18515995  0.09869686 -0.05252192  0.12327853  0.36075361  0.09884182
 -0.05868306  0.66662155  0.36764711 -0.5380223  -0.04774416 -0.13738288
  0.18922909  0.41372928 -0.32543605  0.21636962 -0.11782773 -0.62618092
  0.11352715  0.13417673 -0.46831461  0.2152673   0.26436396 -0.6295885
 -0.00223382  0.39067397 -0.00261062  0.04813901 -0.53849069  0.50803583
  0.57867531  0.55677871  0.63090399  0.23273717 -0.17911838  0.56961368
 -0.16371994  0.42342116 -0.62003535  0.13199223  0.34106986 -0.64663653
  0.01375031 -0.22717162  0.08433846 -0.29336701  0.26303728 -0.52031618
 -0.28221366 -0.82626457 -0.49483539 -0.22949308 -0.19231063]
1171,[ 0.18518258  0.09870597 -0.05257991  0.12329105  0.36076655  0.09882795
 -0.05866274  0.66659989  0.36762473 -0.53801288 -0.04774088 -0.13735857
  0.18921711  0.41375212 -0.32543675  0.21638867 -0.11781566 -0.62617369
  0.11351431  0.13419031 -0.46831659  0.21525517  0.26435987 -0.6296076
 -0.00225346  0.39066451 -0.00257535  0.04812722 -0.53850627  0.50806781
  0.57864454  0.55678702  0.63091814  0.23273776 -0.17910644  0.56961703
 -0.16373294  0.42341255 -0.62002988  0.13197824  0.34107299 -0.64661292
  0.01372312 -0.22717394  0.08432239 -0.29337175  0.26305447 -0.52027782
 -0.28223559 -0.82626191 -0.4948443  -0.22948975 -0.1923169 ]
1172,[ 0.18520518  0.09871507 -0.05263783  0.12330356  0.36077946  0.0988141
 -0.05864244  0.66657824  0.36760238 -0.53800347 -0.0477376  -0.1373343
  0.18920513  0.41377493 -0.32543745  0.21640769 -0.11780361 -0.62616647
  0.11350149  0.13420388 -0.46831857  0.21524305  0.26435578 -0.62962667
 -0.00227308  0.39065507 -0.00254012  0.04811544 -0.53852183  0.50809976
  0.5786138   0.55679533  0.63093227  0.23273834 -0.17909452  0.56962038
 -0.16374593  0.42340395 -0.62002442  0.13196427  0.34107613 -0.64658934
  0.01369595 -0.22717626  0.08430634 -0.29337649  0.26307164 -0.5202395
 -0.28225749 -0.82625925 -0.4948532  -0.22948644 -0.19232317]
1173,[ 0.18522776  0.09872415 -0.05269569  0.12331606  0.36079237  0.09880027
 -0.05862216  0.66655663  0.36758006 -0.53799407 -0.04773433 -0.13731004
  0.18919317  0.41379772 -0.32543815  0.21642669 -0.11779157 -0.62615925
  0.11348868  0.13421743 -0.46832054  0.21523095  0.2643517  -0.62964572
 -0.00229267  0.39064564 -0.00250493  0.04810368 -0.53853737  0.50813167
  0.5785831   0.55680362  0.63094638  0.23273893 -0.17908261  0.56962373
 -0.1637589   0.42339536 -0.62001896  0.13195032  0.34107925 -0.64656579
  0.01366882 -0.22717857  0.08429031 -0.29338122  0.2630888  -0.52020122
 -0.28227937 -0.8262566  -0.49486209 -0.22948312 -0.19232943]
1174,[ 0.18525031  0.09873323 -0.05275348  0.12332854  0.36080525  0.09878645
 -0.05860191  0.66653503  0.36755776 -0.53798467 -0.04773106 -0.13728582
  0.18918122  0.41382048 -0.32543885  0.21644568 -0.11777954 -0.62615205
  0.11347588  0.13423097 -0.46832252  0.21521886  0.26434763 -0.62966475
 -0.00231224  0.39063622 -0.00246978  0.04809193 -0.53855289  0.50816355
  0.57855243  0.55681191  0.63096048  0.23273952 -0.17907071  0.56962707
 -0.16377186  0.42338678 -0.62001351  0.13193638  0.34108238 -0.64654226
  0.01364171 -0.22718088  0.08427429 -0.29338595  0.26310593 -0.52016299
 -0.28230122 -0.82625395 -0.49487096 -0.22947981 -0.19233568]
1175,[ 0.18527284  0.09874229 -0.05281121  0.12334101  0.36081813  0.09877265
 -0.05858167  0.66651346  0.36753548 -0.53797529 -0.04772779 -0.13726162
  0.18916929  0.41384322 -0.32543954  0.21646464 -0.11776753 -0.62614485
  0.1134631   0.13424449 -0.46832449  0.21520679  0.26434356 -0.62968375
 -0.0023318   0.39062681 -0.00243467  0.04808019 -0.5385684   0.50819539
  0.5785218   0.55682019  0.63097456  0.2327401  -0.17905883  0.56963041
 -0.16378481  0.42337821 -0.62000806  0.13192246  0.3410855  -0.64651876
  0.01361464 -0.22718319  0.0842583  -0.29339067  0.26312304 -0.5201248
 -0.28232305 -0.8262513  -0.49487983 -0.2294765  -0.19234193]
1176,[ 0.18529534  0.09875135 -0.05286887  0.12335346  0.36083099  0.09875886
 -0.05856147  0.66649192  0.36751323 -0.53796592 -0.04772453 -0.13723745
  0.18915737  0.41386593 -0.32544024  0.21648358 -0.11775553 -0.62613766
  0.11345033  0.134258   -0.46832646  0.21519473  0.26433949 -0.62970274
 -0.00235133  0.39061741 -0.0023996   0.04806847 -0.53858389  0.50822719
  0.5784912   0.55682846  0.63098863  0.23274068 -0.17904696  0.56963375
 -0.16379774  0.42336965 -0.62000262  0.13190856  0.34108862 -0.64649529
  0.0135876  -0.2271855   0.08424232 -0.29339538  0.26314013 -0.52008665
 -0.28234486 -0.82624866 -0.49488869 -0.2294732  -0.19234817]
1177,[ 0.18531782  0.09876039 -0.05292647  0.12336591  0.36084383  0.09874509
 -0.05854128  0.6664704   0.36749101 -0.53795656 -0.04772127 -0.13721331
  0.18914546  0.41388861 -0.32544094  0.21650249 -0.11774354 -0.62613048
  0.11343758  0.13427149 -0.46832842  0.21518268  0.26433543 -0.6297217
 -0.00237083  0.39060802 -0.00236457  0.04805675 -0.53859936  0.50825896
  0.57846063  0.55683672  0.63100268  0.23274127 -0.1790351   0.56963708
 -0.16381065  0.42336109 -0.61999719  0.13189467  0.34109173 -0.64647184
  0.01356059 -0.2271878   0.08422636 -0.29340009  0.26315721 -0.52004855
 -0.28236664 -0.82624602 -0.49489754 -0.2294699  -0.1923544 ]
1178,[ 0.18534027  0.09876943 -0.052984    0.12337833  0.36085666  0.09873133
 -0.05852112  0.6664489   0.36746881 -0.53794721 -0.04771801 -0.1371892
  0.18913357  0.41391127 -0.32544163  0.21652139 -0.11773157 -0.6261233
  0.11342484  0.13428497 -0.46833039  0.21517065  0.26433137 -0.62974065
 -0.00239032  0.39059864 -0.00232958  0.04804506 -0.53861481  0.5082907
  0.5784301   0.55684497  0.63101671  0.23274185 -0.17902326  0.5696404
 -0.16382355  0.42335255 -0.61999176  0.13188079  0.34109484 -0.64644842
  0.0135336  -0.2271901   0.08421042 -0.2934048   0.26317426 -0.52001049
 -0.28238839 -0.82624338 -0.49490638 -0.2294666  -0.19236062]
1179,[ 0.1853627   0.09877845 -0.05304147  0.12339074  0.36086948  0.09871759
 -0.05850098  0.66642743  0.36744663 -0.53793787 -0.04771476 -0.13716511
  0.18912169  0.4139339  -0.32544233  0.21654027 -0.11771961 -0.62611614
  0.11341212  0.13429843 -0.46833235  0.21515863  0.26432732 -0.62975957
 -0.00240978  0.39058928 -0.00229463  0.04803337 -0.53863025  0.50832239
  0.57839961  0.55685321  0.63103073  0.23274243 -0.17901143  0.56964373
 -0.16383644  0.42334402 -0.61998634  0.13186694  0.34109795 -0.64642503
  0.01350665 -0.2271924   0.0841945  -0.2934095   0.2631913  -0.51997247
 -0.28241013 -0.82624075 -0.4949152  -0.22946331 -0.19236684]
1180,[ 0.1853851   0.09878747 -0.05309888  0.12340314  0.36088228  0.09870387
 -0.05848086  0.66640598  0.36742449 -0.53792854 -0.04771151 -0.13714105
  0.18910982  0.41395651 -0.32544302  0.21655912 -0.11770766 -0.62610898
  0.11339941  0.13431187 -0.46833431  0.21514662  0.26432327 -0.62977847
 -0.00242922  0.39057992 -0.00225971  0.0480217  -0.53864567  0.50835405
  0.57836915  0.55686144  0.63104473  0.23274301 -0.17899961  0.56964705
 -0.16384931  0.4233355  -0.61998092  0.13185309  0.34110106 -0.64640166
  0.01347973 -0.2271947   0.08417859 -0.29341419  0.26320831 -0.51993449
 -0.28243183 -0.82623812 -0.49492402 -0.22946002 -0.19237305]
1181,[ 0.18540747  0.09879647 -0.05315621  0.12341553  0.36089507  0.09869016
 -0.05846076  0.66638455  0.36740236 -0.53791923 -0.04770827 -0.13711701
  0.18909797  0.41397909 -0.32544371  0.21657795 -0.11769573 -0.62610183
  0.11338672  0.1343253  -0.46833627  0.21513463  0.26431923 -0.62979735
 -0.00244864  0.39057057 -0.00222484  0.04801004 -0.53866107  0.50838568
  0.57833872  0.55686966  0.63105872  0.2327436  -0.17898781  0.56965037
 -0.16386217  0.42332698 -0.61997551  0.13183927  0.34110416 -0.64637832
  0.01345284 -0.22719699  0.0841627  -0.29341888  0.26322531 -0.51989656
 -0.28245352 -0.82623549 -0.49493283 -0.22945674 -0.19237925]
1182,[ 0.18542982  0.09880547 -0.05321349  0.1234279   0.36090784  0.09867646
 -0.05844069  0.66636315  0.36738026 -0.53790992 -0.04770503 -0.137093
  0.18908613  0.41400165 -0.32544441  0.21659677 -0.11768381 -0.62609469
  0.11337404  0.13433872 -0.46833822  0.21512265  0.26431519 -0.62981621
 -0.00246804  0.39056124 -0.00219001  0.04799839 -0.53867646  0.50841727
  0.57830833  0.55687787  0.63107269  0.23274418 -0.17897602  0.56965368
 -0.16387501  0.42331848 -0.61997011  0.13182546  0.34110725 -0.64635501
  0.01342598 -0.22719928  0.08414683 -0.29342356  0.26324229 -0.51985867
 -0.28247517 -0.82623286 -0.49494163 -0.22945346 -0.19238545]
1183,[ 0.18545215  0.09881445 -0.0532707   0.12344025  0.3609206   0.09866278
 -0.05842064  0.66634178  0.36735819 -0.53790062 -0.04770179 -0.13706902
  0.1890743   0.41402418 -0.3254451   0.21661556 -0.1176719  -0.62608755
  0.11336137  0.13435212 -0.46834018  0.21511068  0.26431116 -0.62983504
 -0.00248742  0.39055191 -0.00215521  0.04798676 -0.53869183  0.50844882
  0.57827797  0.55688608  0.63108665  0.23274476 -0.17896424  0.56965699
 -0.16388784  0.42330998 -0.61996471  0.13181166  0.34111035 -0.64633172
  0.01339915 -0.22720157  0.08413098 -0.29342824  0.26325925 -0.51982083
 -0.28249681 -0.82623024 -0.49495042 -0.22945018 -0.19239164]
1184,[ 0.18547445  0.09882342 -0.05332785  0.1234526   0.36093334  0.09864912
 -0.05840061  0.66632043  0.36733614 -0.53789134 -0.04769856 -0.13704507
  0.18906249  0.41404668 -0.32544579  0.21663433 -0.11766001 -0.62608043
  0.11334872  0.1343655  -0.46834213  0.21509873  0.26430713 -0.62985386
 -0.00250677  0.39054259 -0.00212045  0.04797514 -0.53870718  0.50848034
  0.57824764  0.55689427  0.63110059  0.23274533 -0.17895248  0.56966029
 -0.16390066  0.4233015  -0.61995932  0.13179788  0.34111344 -0.64630846
  0.01337235 -0.22720385  0.08411515 -0.29343291  0.26327619 -0.51978302
 -0.28251842 -0.82622762 -0.4949592  -0.22944691 -0.19239782]
1185,[ 0.18549672  0.09883239 -0.05338493  0.12346492  0.36094607  0.09863547
 -0.05838061  0.6662991   0.36731411 -0.53788206 -0.04769533 -0.13702115
  0.18905069  0.41406917 -0.32544648  0.21665307 -0.11764813 -0.62607331
  0.11333608  0.13437887 -0.46834408  0.21508679  0.2643031  -0.62987265
 -0.0025261   0.39053329 -0.00208574  0.04796353 -0.53872251  0.50851183
  0.57821735  0.55690246  0.63111451  0.23274591 -0.17894073  0.56966359
 -0.16391345  0.42329302 -0.61995394  0.13178411  0.34111652 -0.64628522
  0.01334558 -0.22720613  0.08409933 -0.29343758  0.26329311 -0.51974526
 -0.28254    -0.826225   -0.49496796 -0.22944364 -0.192404  ]
1186,[ 0.18551897  0.09884134 -0.05344194  0.12347724  0.36095878  0.09862184
 -0.05836062  0.66627779  0.36729211 -0.53787279 -0.0476921  -0.13699725
  0.1890389   0.41409162 -0.32544717  0.2166718  -0.11763626 -0.6260662
  0.11332346  0.13439223 -0.46834602  0.21507486  0.26429908 -0.62989142
 -0.00254541  0.390524   -0.00205106  0.04795194 -0.53873782  0.50854327
  0.5781871   0.55691063  0.63112842  0.23274649 -0.17892899  0.56966689
 -0.16392624  0.42328456 -0.61994856  0.13177036  0.34111961 -0.64626201
  0.01331884 -0.22720841  0.08408353 -0.29344224  0.26331001 -0.51970754
 -0.28256156 -0.82622239 -0.49497672 -0.22944037 -0.19241017]
1187,[ 0.1855412   0.09885029 -0.0534989   0.12348954  0.36097149  0.09860822
 -0.05834066  0.66625651  0.36727014 -0.53786354 -0.04768888 -0.13697338
  0.18902713  0.41411405 -0.32544786  0.21669051 -0.11762441 -0.6260591
  0.11331085  0.13440557 -0.46834797  0.21506295  0.26429506 -0.62991018
 -0.0025647   0.39051471 -0.00201642  0.04794036 -0.53875312  0.50857469
  0.57815688  0.5569188   0.63114231  0.23274707 -0.17891727  0.56967019
 -0.16393901  0.4232761  -0.61994318  0.13175663  0.34112269 -0.64623883
  0.01329213 -0.22721069  0.08406775 -0.2934469   0.26332689 -0.51966986
 -0.2825831  -0.82621978 -0.49498547 -0.22943711 -0.19241633]
1188,[ 0.1855634   0.09885922 -0.05355578  0.12350183  0.36098417  0.09859462
 -0.05832073  0.66623526  0.36724819 -0.53785429 -0.04768566 -0.13694953
  0.18901537  0.41413646 -0.32544854  0.21670919 -0.11761257 -0.626052
  0.11329825  0.13441889 -0.46834991  0.21505105  0.26429105 -0.62992891
 -0.00258397  0.39050544 -0.00198182  0.04792879 -0.5387684   0.50860606
  0.57812669  0.55692696  0.63115619  0.23274764 -0.17890555  0.56967348
 -0.16395177  0.42326766 -0.61993782  0.13174291  0.34112576 -0.64621567
  0.01326545 -0.22721297  0.08405199 -0.29345155  0.26334375 -0.51963223
 -0.28260461 -0.82621717 -0.49499421 -0.22943385 -0.19242248]
1189,[ 0.18558557  0.09886814 -0.05361261  0.1235141   0.36099684  0.09858103
 -0.05830081  0.66621403  0.36722626 -0.53784506 -0.04768245 -0.13692571
  0.18900362  0.41415883 -0.32544923  0.21672786 -0.11760075 -0.62604492
  0.11328567  0.1344322  -0.46835185  0.21503916  0.26428705 -0.62994762
 -0.00260322  0.39049618 -0.00194726  0.04791724 -0.53878367  0.50863741
  0.57809653  0.55693511  0.63117005  0.23274822 -0.17889386  0.56967676
 -0.16396451  0.42325922 -0.61993246  0.13172921  0.34112883 -0.64619254
  0.0132388  -0.22721524  0.08403624 -0.2934562   0.2633606  -0.51959464
 -0.2826261  -0.82621456 -0.49500294 -0.22943059 -0.19242863]
1190,[ 0.18560772  0.09887706 -0.05366937  0.12352636  0.3610095   0.09856746
 -0.05828092  0.66619282  0.36720436 -0.53783584 -0.04767924 -0.13690192
  0.18899189  0.41418119 -0.32544992  0.2167465  -0.11758893 -0.62603784
  0.1132731   0.1344455  -0.46835379  0.21502729  0.26428304 -0.6299663
 -0.00262244  0.39048692 -0.00191274  0.0479057  -0.53879891  0.50866871
  0.57806641  0.55694324  0.6311839   0.23274879 -0.17888217  0.56968005
 -0.16397724  0.42325079 -0.6199271   0.13171552  0.3411319  -0.64616943
  0.01321218 -0.22721751  0.08402051 -0.29346084  0.26337742 -0.51955709
 -0.28264756 -0.82621196 -0.49501166 -0.22942734 -0.19243477]
1191,[ 0.18562985  0.09888596 -0.05372607  0.12353861  0.36102215  0.09855391
 -0.05826105  0.66617163  0.36718248 -0.53782662 -0.04767603 -0.13687816
  0.18898017  0.41420352 -0.3254506   0.21676512 -0.11757713 -0.62603077
  0.11326055  0.13445878 -0.46835573  0.21501543  0.26427905 -0.62998497
 -0.00264164  0.39047768 -0.00187826  0.04789417 -0.53881414  0.50869998
  0.57803633  0.55695137  0.63119773  0.23274937 -0.1788705   0.56968333
 -0.16398995  0.42324237 -0.61992175  0.13170185  0.34113497 -0.64614635
  0.01318559 -0.22721977  0.0840048  -0.29346548  0.26339423 -0.51951958
 -0.282669   -0.82620936 -0.49502037 -0.22942409 -0.19244091]
1192,[ 0.18565195  0.09889485 -0.0537827   0.12355084  0.36103477  0.09854036
 -0.0582412   0.66615047  0.36716063 -0.53781742 -0.04767283 -0.13685442
  0.18896846  0.41422582 -0.32545129  0.21678372 -0.11756535 -0.62602371
  0.11324801  0.13447204 -0.46835766  0.21500359  0.26427505 -0.63000362
 -0.00266082  0.39046845 -0.00184381  0.04788265 -0.53882936  0.50873122
  0.57800628  0.5569595   0.63121154  0.23274994 -0.17885884  0.5696866
 -0.16400265  0.42323396 -0.61991641  0.13168819  0.34113803 -0.6461233
  0.01315903 -0.22722204  0.08398911 -0.29347011  0.26341102 -0.51948211
 -0.28269042 -0.82620677 -0.49502907 -0.22942085 -0.19244703]
1193,[ 0.18567402  0.09890374 -0.05383927  0.12356306  0.36104739  0.09852684
 -0.05822138  0.66612934  0.3671388  -0.53780823 -0.04766963 -0.13683071
  0.18895676  0.4142481  -0.32545197  0.2168023  -0.11755357 -0.62601665
  0.11323549  0.13448529 -0.46835959  0.21499175  0.26427106 -0.63002224
 -0.00267998  0.39045923 -0.00180941  0.04787115 -0.53884455  0.50876242
  0.57797626  0.55696761  0.63122534  0.23275052 -0.1788472   0.56968987
 -0.16401533  0.42322557 -0.61991107  0.13167455  0.34114109 -0.64610027
  0.0131325  -0.2272243   0.08397344 -0.29347473  0.26342779 -0.51944469
 -0.28271181 -0.82620417 -0.49503776 -0.22941761 -0.19245315]
1194,[ 0.18569607  0.09891261 -0.05389577  0.12357526  0.36105999  0.09851333
 -0.05820157  0.66610822  0.367117   -0.53779904 -0.04766643 -0.13680702
  0.18894508  0.41427035 -0.32545265  0.21682086 -0.11754182 -0.62600961
  0.11322298  0.13449853 -0.46836152  0.21497993  0.26426708 -0.63004085
 -0.00269912  0.39045002 -0.00177504  0.04785966 -0.53885973  0.50879359
  0.57794627  0.55697571  0.63123913  0.23275109 -0.17883557  0.56969314
 -0.16402801  0.42321718 -0.61990574  0.13166092  0.34114415 -0.64607727
  0.013106   -0.22722656  0.08395778 -0.29347935  0.26344454 -0.51940731
 -0.28273318 -0.82620158 -0.49504644 -0.22941437 -0.19245927]
1195,[ 0.1857181   0.09892147 -0.05395222  0.12358745  0.36107258  0.09849983
 -0.05818179  0.66608713  0.36709522 -0.53778987 -0.04766324 -0.13678336
  0.18893342  0.41429258 -0.32545334  0.2168394  -0.11753007 -0.62600257
  0.11321048  0.13451175 -0.46836345  0.21496813  0.2642631  -0.63005943
 -0.00271823  0.39044082 -0.00174071  0.04784819 -0.53887489  0.50882472
  0.57791632  0.5569838   0.6312529   0.23275166 -0.17882395  0.56969641
 -0.16404066  0.4232088  -0.61990042  0.13164731  0.3411472  -0.64605429
  0.01307953 -0.22722882  0.08394214 -0.29348397  0.26346127 -0.51936997
 -0.28275452 -0.82619899 -0.49505511 -0.22941114 -0.19246537]
1196,[ 0.1857401   0.09893033 -0.05400859  0.12359963  0.36108515  0.09848635
 -0.05816203  0.66606607  0.36707347 -0.53778071 -0.04766005 -0.13675973
  0.18892176  0.41431479 -0.32545402  0.21685792 -0.11751834 -0.62599554
  0.113198    0.13452495 -0.46836537  0.21495634  0.26425912 -0.63007799
 -0.00273733  0.39043163 -0.00170642  0.04783672 -0.53889003  0.50885581
  0.57788641  0.55699189  0.63126665  0.23275223 -0.17881234  0.56969967
 -0.1640533   0.42320043 -0.6198951   0.13163372  0.34115025 -0.64603134
  0.01305309 -0.22723107  0.08392652 -0.29348858  0.26347798 -0.51933268
 -0.28277584 -0.82619641 -0.49506377 -0.22940791 -0.19247147]
1197,[ 0.18576207  0.09893917 -0.05406491  0.12361179  0.36109771  0.09847289
 -0.0581423   0.66604503  0.36705174 -0.53777156 -0.04765686 -0.13673613
  0.18891012  0.41433697 -0.3254547   0.21687641 -0.11750662 -0.62598852
  0.11318553  0.13453815 -0.4683673   0.21494456  0.26425515 -0.63009654
 -0.0027564   0.39042245 -0.00167217  0.04782527 -0.53890516  0.50888687
  0.57785652  0.55699996  0.63128039  0.2327528  -0.17880075  0.56970293
 -0.16406593  0.42319206 -0.61988979  0.13162014  0.34115329 -0.64600842
  0.01302668 -0.22723332  0.08391092 -0.29349319  0.26349467 -0.51929542
 -0.28279714 -0.82619383 -0.49507242 -0.22940468 -0.19247756]
1198,[ 0.18578402  0.098948   -0.05412116  0.12362394  0.36111025  0.09845944
 -0.05812258  0.66602401  0.36703003 -0.53776242 -0.04765368 -0.13671255
  0.18889849  0.41435912 -0.32545538  0.21689489 -0.11749491 -0.6259815
  0.11317308  0.13455132 -0.46836922  0.21493279  0.26425118 -0.63011506
 -0.00277545  0.39041328 -0.00163796  0.04781383 -0.53892027  0.5089179
  0.57782667  0.55700803  0.63129411  0.23275337 -0.17878917  0.56970618
 -0.16407854  0.42318371 -0.61988448  0.13160657  0.34115633 -0.64598552
  0.0130003  -0.22723557  0.08389533 -0.29349779  0.26351135 -0.51925821
 -0.28281841 -0.82619125 -0.49508106 -0.22940146 -0.19248365]
1199,[ 0.18580595  0.09895683 -0.05417735  0.12363608  0.36112278  0.098446
 -0.05810289  0.66600302  0.36700835 -0.53775329 -0.0476505  -0.136689
  0.18888688  0.41438125 -0.32545606  0.21691335 -0.11748322 -0.6259745
  0.11316064  0.13456448 -0.46837114  0.21492104  0.26424722 -0.63013356
 -0.00279448  0.39040412 -0.00160378  0.04780241 -0.53893536  0.50894889
  0.57779686  0.55701609  0.63130781  0.23275394 -0.1787776   0.56970943
 -0.16409114  0.42317537 -0.61987918  0.13159302  0.34115937 -0.64596265
  0.01297395 -0.22723782  0.08387976 -0.29350238  0.263528   -0.51922104
 -0.28283966 -0.82618867 -0.49508969 -0.22939824 -0.19248973]
1200,[ 0.18582785  0.09896564 -0.05423347  0.1236482   0.3611353   0.09843258
 -0.05808322  0.66598205  0.3669867  -0.53774417 -0.04764732 -0.13666547
  0.18887527  0.41440335 -0.32545674  0.21693178 -0.11747154 -0.6259675
  0.11314821  0.13457763 -0.46837305  0.2149093   0.26424326 -0.63015204
 -0.00281349  0.39039497 -0.00156965  0.047791   -0.53895044  0.50897984
  0.57776707  0.55702413  0.6313215   0.23275451 -0.17876605  0.56971268
 -0.16410373  0.42316704 -0.61987388  0.13157949  0.34116241 -0.6459398
  0.01294763 -0.22724006  0.08386421 -0.29350697  0.26354464 -0.51918391
 -0.28286088 -0.8261861  -0.49509831 -0.22939503 -0.1924958 ]
1201,[ 0.18584973  0.09897444 -0.05428953  0.12366031  0.3611478   0.09841918
 -0.05806357  0.6659611   0.36696507 -0.53773506 -0.04764415 -0.13664197
  0.18886368  0.41442543 -0.32545742  0.21695019 -0.11745987 -0.62596051
  0.1131358   0.13459076 -0.46837497  0.21489757  0.26423931 -0.63017049
 -0.00283248  0.39038583 -0.00153555  0.0477796  -0.5389655   0.50901077
  0.57773733  0.55703217  0.63133518  0.23275508 -0.17875451  0.56971592
 -0.1641163   0.42315871 -0.61986859  0.13156597  0.34116544 -0.64591698
  0.01292134 -0.22724231  0.08384868 -0.29351155  0.26356126 -0.51914682
 -0.28288208 -0.82618353 -0.49510693 -0.22939182 -0.19250187]
1202,[ 0.18587158  0.09898324 -0.05434553  0.1236724   0.36116029  0.09840579
 -0.05804395  0.66594018  0.36694346 -0.53772596 -0.04764098 -0.1366185
  0.18885211  0.41444748 -0.32545809  0.21696859 -0.11744822 -0.62595353
  0.1131234   0.13460388 -0.46837688  0.21488586  0.26423536 -0.63018893
 -0.00285144  0.39037671 -0.00150149  0.04776821 -0.53898054  0.50904165
  0.57770761  0.5570402   0.63134884  0.23275564 -0.17874298  0.56971916
 -0.16412886  0.4231504  -0.61986331  0.13155247  0.34116846 -0.64589419
  0.01289508 -0.22724454  0.08383316 -0.29351613  0.26357786 -0.51910978
 -0.28290325 -0.82618096 -0.49511553 -0.22938861 -0.19250792]
1203,[ 0.18589341  0.09899202 -0.05440147  0.12368448  0.36117276  0.09839242
 -0.05802434  0.66591928  0.36692188 -0.53771687 -0.04763782 -0.13659506
  0.18884054  0.41446951 -0.32545877  0.21698696 -0.11743657 -0.62594655
  0.11311102  0.13461698 -0.46837879  0.21487416  0.26423142 -0.63020735
 -0.00287039  0.39036759 -0.00146747  0.04775684 -0.53899557  0.5090725
  0.57767793  0.55704822  0.63136248  0.23275621 -0.17873147  0.56972239
 -0.1641414   0.42314209 -0.61985803  0.13153898  0.34117149 -0.64587142
  0.01286884 -0.22724678  0.08381766 -0.29352071  0.26359444 -0.51907277
 -0.28292441 -0.8261784  -0.49512412 -0.2293854  -0.19251398]
1204,[ 0.18591521  0.0990008  -0.05445734  0.12369655  0.36118522  0.09837906
 -0.05800476  0.6658984   0.36690032 -0.53770779 -0.04763466 -0.13657164
  0.18882899  0.41449152 -0.32545944  0.21700531 -0.11742495 -0.62593958
  0.11309865  0.13463006 -0.4683807   0.21486247  0.26422748 -0.63022574
 -0.00288931  0.39035848 -0.00143349  0.04774548 -0.53901057  0.50910332
  0.57764828  0.55705623  0.63137611  0.23275678 -0.17871997  0.56972563
 -0.16415393  0.4231338  -0.61985276  0.1315255   0.34117451 -0.64584867
  0.01284264 -0.22724902  0.08380218 -0.29352528  0.263611   -0.51903581
 -0.28294553 -0.82617584 -0.4951327  -0.2293822  -0.19252002]
1205,[ 0.18593699  0.09900956 -0.05451315  0.1237086   0.36119767  0.09836571
 -0.0579852   0.66587755  0.36687878 -0.53769872 -0.0476315  -0.13654825
  0.18881746  0.4145135  -0.32546012  0.21702364 -0.11741333 -0.62593262
  0.11308629  0.13464314 -0.4683826   0.2148508   0.26422354 -0.63024412
 -0.00290821  0.39034938 -0.00139955  0.04773413 -0.53902556  0.5091341
  0.57761866  0.55706424  0.63138973  0.23275734 -0.17870848  0.56972885
 -0.16416644  0.42312551 -0.6198475   0.13151205  0.34117753 -0.64582596
  0.01281647 -0.22725125  0.08378672 -0.29352984  0.26362755 -0.51899889
 -0.28296664 -0.82617328 -0.49514128 -0.229379   -0.19252606]
1206,[ 0.18595874  0.09901831 -0.0545689   0.12372064  0.3612101   0.09835238
 -0.05796567  0.66585672  0.36685727 -0.53768966 -0.04762835 -0.13652488
  0.18880593  0.41453545 -0.32546079  0.21704195 -0.11740173 -0.62592567
  0.11307395  0.13465619 -0.46838451  0.21483914  0.26421961 -0.63026247
 -0.00292709  0.3903403  -0.00136564  0.0477228  -0.53904054  0.50916485
  0.57758908  0.55707223  0.63140333  0.23275791 -0.178697    0.56973208
 -0.16417894  0.42311723 -0.61984224  0.1314986   0.34118054 -0.64580326
  0.01279032 -0.22725348  0.08377127 -0.2935344   0.26364407 -0.51896201
 -0.28298772 -0.82617072 -0.49514984 -0.22937581 -0.19253209]
1207,[ 0.18598047  0.09902706 -0.05462458  0.12373267  0.36122252  0.09833907
 -0.05794615  0.66583591  0.36683579 -0.53768061 -0.0476252  -0.13650154
  0.18879442  0.41455738 -0.32546147  0.21706024 -0.11739014 -0.62591873
  0.11306162  0.13466924 -0.46838641  0.21482749  0.26421569 -0.63028081
 -0.00294595  0.39033122 -0.00133178  0.04771147 -0.5390555   0.50919556
  0.57755953  0.55708022  0.63141691  0.23275847 -0.17868554  0.5697353
 -0.16419143  0.42310897 -0.61983699  0.13148518  0.34118355 -0.6457806
  0.01276421 -0.2272557   0.08375584 -0.29353895  0.26366058 -0.51892517
 -0.28300878 -0.82616817 -0.49515839 -0.22937262 -0.19253811]
1208,[ 0.18600218  0.09903579 -0.0546802   0.12374468  0.36123492  0.09832577
 -0.05792666  0.66581513  0.36681433 -0.53767157 -0.04762205 -0.13647822
  0.18878292  0.41457929 -0.32546214  0.21707851 -0.11737857 -0.62591179
  0.1130493   0.13468226 -0.46838831  0.21481586  0.26421176 -0.63029912
 -0.00296479  0.39032215 -0.00129795  0.04770016 -0.53907044  0.50922624
  0.57753002  0.55708819  0.63143048  0.23275904 -0.17867409  0.56973852
 -0.1642039   0.42310071 -0.61983174  0.13147176  0.34118656 -0.64575795
  0.01273812 -0.22725793  0.08374043 -0.2935435   0.26367707 -0.51888838
 -0.28302981 -0.82616562 -0.49516694 -0.22936944 -0.19254413]
1209,[ 0.18602386  0.09904452 -0.05473576  0.12375668  0.36124731  0.09831249
 -0.05790719  0.66579437  0.36679289 -0.53766254 -0.04761891 -0.13645494
  0.18877144  0.41460117 -0.32546281  0.21709676 -0.117367   -0.62590487
  0.113037    0.13469528 -0.46839021  0.21480424  0.26420785 -0.63031741
 -0.00298361  0.3903131  -0.00126416  0.04768887 -0.53908536  0.50925688
  0.57750054  0.55709616  0.63144403  0.2327596  -0.17866265  0.56974173
 -0.16421636  0.42309246 -0.6198265   0.13145837  0.34118957 -0.64573534
  0.01271207 -0.22726015  0.08372503 -0.29354804  0.26369353 -0.51885162
 -0.28305082 -0.82616307 -0.49517547 -0.22936625 -0.19255014]
1210,[ 0.18604551  0.09905323 -0.05479126  0.12376867  0.36125969  0.09829922
 -0.05788774  0.66577363  0.36677147 -0.53765352 -0.04761577 -0.13643168
  0.18875997  0.41462303 -0.32546348  0.21711498 -0.11735546 -0.62589795
  0.11302472  0.13470828 -0.4683921   0.21479263  0.26420393 -0.63033569
 -0.0030024   0.39030405 -0.0012304   0.04767758 -0.53910027  0.50928749
  0.57747109  0.55710412  0.63145757  0.23276016 -0.17865123  0.56974494
 -0.1642288   0.42308422 -0.61982126  0.13144498  0.34119257 -0.64571275
  0.01268604 -0.22726237  0.08370966 -0.29355258  0.26370999 -0.51881491
 -0.2830718  -0.82616053 -0.495184   -0.22936307 -0.19255615]
1211,[ 0.18606715  0.09906194 -0.05484669  0.12378064  0.36127205  0.09828596
 -0.05786831  0.66575292  0.36675009 -0.53764451 -0.04761263 -0.13640844
  0.18874851  0.41464486 -0.32546415  0.21713319 -0.11734392 -0.62589103
  0.11301244  0.13472126 -0.46839399  0.21478104  0.26420002 -0.63035394
 -0.00302117  0.39029502 -0.00119669  0.04766631 -0.53911516  0.50931807
  0.57744167  0.55711207  0.63147109  0.23276072 -0.17863982  0.56974815
 -0.16424123  0.42307599 -0.61981603  0.13143161  0.34119556 -0.64569018
  0.01266005 -0.22726458  0.0836943  -0.29355711  0.26372642 -0.51877824
 -0.28309277 -0.82615799 -0.49519251 -0.2293599  -0.19256214]
1212,[ 0.18608875  0.09907063 -0.05490206  0.1237926   0.3612844   0.09827273
 -0.0578489   0.66573223  0.36672872 -0.53763552 -0.0476095  -0.13638523
  0.18873706  0.41466666 -0.32546482  0.21715138 -0.1173324  -0.62588413
  0.11300018  0.13473423 -0.46839588  0.21476945  0.26419612 -0.63037217
 -0.00303993  0.39028599 -0.00116301  0.04765505 -0.53913003  0.50934861
  0.57741229  0.55712     0.6314846   0.23276128 -0.17862842  0.56975135
 -0.16425365  0.42306777 -0.61981081  0.13141826  0.34119856 -0.64566764
  0.01263408 -0.2272668   0.08367896 -0.29356164  0.26374283 -0.51874161
 -0.2831137  -0.82615545 -0.49520102 -0.22935673 -0.19256813]
1213,[ 0.18611034  0.09907932 -0.05495737  0.12380455  0.36129673  0.0982595
 -0.05782952  0.66571157  0.36670738 -0.53762653 -0.04760637 -0.13636205
  0.18872563  0.41468845 -0.32546549  0.21716954 -0.11732089 -0.62587723
  0.11298794  0.13474719 -0.46839777  0.21475789  0.26419222 -0.63039038
 -0.00305866  0.39027697 -0.00112937  0.04764381 -0.53914489  0.50937911
  0.57738294  0.55712794  0.63149809  0.23276184 -0.17861703  0.56975455
 -0.16426605  0.42305956 -0.61980559  0.13140492  0.34120155 -0.64564513
  0.01260814 -0.22726901  0.08366363 -0.29356616  0.26375923 -0.51870502
 -0.28313462 -0.82615291 -0.49520952 -0.22935356 -0.19257412]
1214,[ 0.1861319   0.09908799 -0.05501261  0.12381648  0.36130905  0.09824629
 -0.05781016  0.66569093  0.36668606 -0.53761755 -0.04760324 -0.13633889
  0.18871421  0.4147102  -0.32546616  0.21718769 -0.11730939 -0.62587034
  0.11297571  0.13476013 -0.46839966  0.21474633  0.26418832 -0.63040857
 -0.00307737  0.39026797 -0.00109577  0.04763257 -0.53915973  0.50940958
  0.57735362  0.55713586  0.63151157  0.2327624  -0.17860566  0.56975774
 -0.16427844  0.42305135 -0.61980038  0.1313916   0.34120454 -0.64562264
  0.01258223 -0.22727122  0.08364832 -0.29357068  0.2637756  -0.51866847
 -0.28315551 -0.82615038 -0.495218   -0.22935039 -0.19258009]
1215,[ 0.18615343  0.09909666 -0.0550678   0.1238284   0.36132136  0.0982331
 -0.05779082  0.66567031  0.36666477 -0.53760858 -0.04760012 -0.13631576
  0.1887028   0.41473194 -0.32546682  0.21720581 -0.1172979  -0.62586346
  0.11296349  0.13477305 -0.46840154  0.21473479  0.26418443 -0.63042674
 -0.00309606  0.39025897 -0.00106221  0.04762135 -0.53917455  0.50944002
  0.57732434  0.55714377  0.63152503  0.23276296 -0.1785943   0.56976094
 -0.16429082  0.42304316 -0.61979517  0.13137829  0.34120752 -0.64560017
  0.01255635 -0.22727343  0.08363303 -0.2935752   0.26379196 -0.51863196
 -0.28317638 -0.82614785 -0.49522648 -0.22934723 -0.19258607]
1216,[ 0.18617494  0.09910532 -0.05512292  0.12384031  0.36133365  0.09821992
 -0.0577715   0.66564971  0.3666435  -0.53759962 -0.047597   -0.13629266
  0.1886914   0.41475365 -0.32546749  0.21722392 -0.11728643 -0.62585659
  0.11295129  0.13478596 -0.46840343  0.21472326  0.26418054 -0.63044489
 -0.00311473  0.39024999 -0.00102869  0.04761014 -0.53918936  0.50947042
  0.57729509  0.55715168  0.63153847  0.23276352 -0.17858295  0.56976412
 -0.16430318  0.42303498 -0.61978997  0.131365    0.3412105  -0.64557774
  0.0125305  -0.22727563  0.08361776 -0.2935797   0.2638083  -0.5185955
 -0.28319722 -0.82614532 -0.49523495 -0.22934407 -0.19259203]
1217,[ 0.18619643  0.09911396 -0.05517798  0.1238522   0.36134593  0.09820675
 -0.0577522   0.66562914  0.36662226 -0.53759068 -0.04759389 -0.13626958
  0.18868002  0.41477533 -0.32546816  0.217242   -0.11727497 -0.62584972
  0.1129391   0.13479886 -0.46840531  0.21471174  0.26417666 -0.63046302
 -0.00313338  0.39024101 -0.0009952   0.04759895 -0.53920415  0.50950079
  0.57726587  0.55715957  0.63155191  0.23276408 -0.17857162  0.56976731
 -0.16431552  0.4230268  -0.61978478  0.13135172  0.34121348 -0.64555532
  0.01250468 -0.22727783  0.0836025  -0.2935842   0.26382462 -0.51855907
 -0.28321804 -0.8261428  -0.4952434  -0.22934092 -0.19259799]
1218,[ 0.18621789  0.0991226  -0.05523298  0.12386408  0.36135819  0.0981936
 -0.05773293  0.66560859  0.36660103 -0.53758174 -0.04759077 -0.13624653
  0.18866865  0.41479699 -0.32546882  0.21726007 -0.11726353 -0.62584286
  0.11292692  0.13481174 -0.46840718  0.21470024  0.26417278 -0.63048112
 -0.003152    0.39023205 -0.00096175  0.04758777 -0.53921892  0.50953112
  0.57723669  0.55716746  0.63156532  0.23276464 -0.1785603   0.56977049
 -0.16432785  0.42301863 -0.61977959  0.13133846  0.34121645 -0.64553293
  0.01247888 -0.22728003  0.08358726 -0.2935887   0.26384093 -0.51852269
 -0.28323884 -0.82614028 -0.49525185 -0.22933777 -0.19260394]
1219,[ 0.18623933  0.09913123 -0.05528791  0.12387594  0.36137044  0.09818047
 -0.05771368  0.66558806  0.36657984 -0.53757281 -0.04758767 -0.1362235
  0.18865729  0.41481863 -0.32546948  0.21727811 -0.11725209 -0.62583601
  0.11291476  0.13482461 -0.46840906  0.21468875  0.26416891 -0.63049921
 -0.00317061  0.39022309 -0.00092834  0.0475766  -0.53923368  0.50956142
  0.57720754  0.55717533  0.63157872  0.23276519 -0.17854899  0.56977367
 -0.16434017  0.42301048 -0.61977441  0.13132521  0.34121942 -0.64551057
  0.01245312 -0.22728223  0.08357204 -0.29359319  0.26385721 -0.51848635
 -0.28325961 -0.82613776 -0.49526029 -0.22933462 -0.19260988]
1220,[ 0.18626074  0.09913984 -0.05534279  0.12388779  0.36138268  0.09816735
 -0.05769444  0.66556756  0.36655866 -0.53756389 -0.04758456 -0.1362005
  0.18864595  0.41484024 -0.32547015  0.21729613 -0.11724067 -0.62582917
  0.11290261  0.13483746 -0.46841093  0.21467727  0.26416504 -0.63051728
 -0.00318919  0.39021415 -0.00089496  0.04756544 -0.53924842  0.50959169
  0.57717842  0.5571832   0.63159211  0.23276575 -0.17853769  0.56977684
 -0.16435248  0.42300233 -0.61976923  0.13131198  0.34122239 -0.64548823
  0.01242739 -0.22728442  0.08355684 -0.29359768  0.26387348 -0.51845005
 -0.28328036 -0.82613524 -0.49526872 -0.22933148 -0.19261582]
1221,[ 0.18628213  0.09914845 -0.0553976   0.12389963  0.36139491  0.09815424
 -0.05767523  0.66554708  0.36653751 -0.53755499 -0.04758146 -0.13617752
  0.18863462  0.41486182 -0.32547081  0.21731414 -0.11722927 -0.62582234
  0.11289047  0.1348503  -0.46841281  0.2146658   0.26416117 -0.63053533
 -0.00320776  0.39020521 -0.00086162  0.04755429 -0.53926314  0.50962192
  0.57714933  0.55719106  0.63160548  0.2327663  -0.17852641  0.56978001
 -0.16436477  0.42299419 -0.61976406  0.13129876  0.34122535 -0.64546592
  0.01240168 -0.22728661  0.08354165 -0.29360216  0.26388972 -0.51841379
 -0.28330109 -0.82613273 -0.49527714 -0.22932834 -0.19262175]
1222,[ 0.18630349  0.09915705 -0.05545235  0.12391146  0.36140712  0.09814115
 -0.05765605  0.66552662  0.36651639 -0.53754609 -0.04757836 -0.13615457
  0.1886233   0.41488339 -0.32547147  0.21733212 -0.11721787 -0.62581551
  0.11287835  0.13486312 -0.46841468  0.21465435  0.26415731 -0.63055335
 -0.0032263   0.39019629 -0.00082832  0.04754316 -0.53927785  0.50965212
  0.57712028  0.55719891  0.63161883  0.23276686 -0.17851514  0.56978318
 -0.16437705  0.42298606 -0.61975889  0.13128556  0.34122831 -0.64544363
  0.012376   -0.2272888   0.08352648 -0.29360664  0.26390595 -0.51837757
 -0.2833218  -0.82613022 -0.49528555 -0.2293252  -0.19262767]
1223,[ 1.86324836e-01  9.91656364e-02 -5.55070399e-02  1.23923270e-01
  3.61419311e-01  9.81280749e-02 -5.76368791e-02  6.65506188e-01
  3.66495286e-01 -5.37537203e-01 -4.75752685e-02 -1.36131651e-01
  1.88611996e-01  4.14904926e-01 -3.25472134e-01  2.17350083e-01
 -1.17206492e-01 -6.25808690e-01  1.12866241e-01  1.34875934e-01
 -4.68416543e-01  2.14642913e-01  2.64153457e-01 -6.30571359e-01
 -3.24482335e-03  3.90187375e-01 -7.95063014e-04  4.75320400e-02
 -5.39292538e-01  5.09682284e-01  5.77091258e-01  5.57206755e-01
  6.31632175e-01  2.32767412e-01 -1.78503882e-01  5.69786342e-01
 -1.64389309e-01  4.22977943e-01 -6.19753733e-01  1.31272373e-01
  3.41231269e-01 -6.45421372e-01  1.23503552e-02 -2.27290990e-01
  8.35113249e-02 -2.93611113e-01  2.63922166e-01 -5.18341386e-01
 -2.83342476e-01 -8.26127713e-01 -4.95293953e-01 -2.29322068e-01
 -1.92633586e-01]
1224,[ 1.86346153e-01  9.91742149e-02 -5.55616673e-02  1.23935068e-01
  3.61431493e-01  9.81150135e-02 -5.76177341e-02  6.65485777e-01
  3.66474208e-01 -5.37528326e-01 -4.75721778e-02 -1.36108754e-01
  1.88600703e-01  4.14926440e-01 -3.25472794e-01  2.17368025e-01
 -1.17195123e-01 -6.25801879e-01  1.12854147e-01  1.34888730e-01
 -4.68418408e-01  2.14631486e-01  2.64149605e-01 -6.30589345e-01
 -3.26332460e-03  3.90178471e-01 -7.61838549e-04  4.75209325e-02
 -5.39307211e-01  5.09712414e-01  5.77062270e-01  5.57214589e-01
  6.31645501e-01  2.32767965e-01 -1.78492637e-01  5.69789502e-01
 -1.64401558e-01  4.22969832e-01 -6.19748579e-01  1.31259200e-01
  3.41234223e-01 -6.45399135e-01  1.23247362e-02 -2.27293174e-01
  8.34961885e-02 -2.93615580e-01  2.63938359e-01 -5.18305247e-01
 -2.83363133e-01 -8.26125209e-01 -4.95302345e-01 -2.29318939e-01
 -1.92639496e-01]
1225,[ 1.86367446e-01  9.91827837e-02 -5.56162331e-02  1.23946854e-01
  3.61443662e-01  9.81019668e-02 -5.75986107e-02  6.65465389e-01
  3.66453154e-01 -5.37519458e-01 -4.75690907e-02 -1.36085882e-01
  1.88589423e-01  4.14947930e-01 -3.25473454e-01  2.17385948e-01
 -1.17183768e-01 -6.25795074e-01  1.12842066e-01  1.34901511e-01
 -4.68420272e-01  2.14620073e-01  2.64145758e-01 -6.30607311e-01
 -3.28180501e-03  3.90169576e-01 -7.28651498e-04  4.75098375e-02
 -5.39321869e-01  5.09742510e-01  5.77033315e-01  5.57222413e-01
  6.31658812e-01  2.32768518e-01 -1.78481405e-01  5.69792658e-01
 -1.64413794e-01  4.22961731e-01 -6.19743431e-01  1.31246042e-01
  3.41237174e-01 -6.45376923e-01  1.22991460e-02 -2.27295356e-01
  8.34810692e-02 -2.93620042e-01  2.63954534e-01 -5.18269150e-01
 -2.83383767e-01 -8.26122707e-01 -4.95310727e-01 -2.29315813e-01
 -1.92645400e-01]
1226,[ 1.86388715e-01  9.91913429e-02 -5.56707374e-02  1.23958626e-01
  3.61455816e-01  9.80889349e-02 -5.75795088e-02  6.65445024e-01
  3.66432123e-01 -5.37510601e-01 -4.75660070e-02 -1.36063036e-01
  1.88578155e-01  4.14969396e-01 -3.25474113e-01  2.17403850e-01
 -1.17172425e-01 -6.25788278e-01  1.12829998e-01  1.34914277e-01
 -4.68422133e-01  2.14608673e-01  2.64141914e-01 -6.30625256e-01
 -3.30026461e-03  3.90160692e-01 -6.95501818e-04  4.74987550e-02
 -5.39336509e-01  5.09772572e-01  5.77004392e-01  5.57230229e-01
  6.31672107e-01  2.32769070e-01 -1.78470185e-01  5.69795811e-01
 -1.64426016e-01  4.22953638e-01 -6.19738289e-01  1.31232898e-01
  3.41240121e-01 -6.45354736e-01  1.22735847e-02 -2.27297535e-01
  8.34659669e-02 -2.93624499e-01  2.63970691e-01 -5.18233093e-01
 -2.83404378e-01 -8.26120208e-01 -4.95319100e-01 -2.29312690e-01
 -1.92651296e-01]
1227,[ 1.86409961e-01  9.91998924e-02 -5.57251804e-02  1.23970385e-01
  3.61467957e-01  9.80759176e-02 -5.75604284e-02  6.65424682e-01
  3.66411116e-01 -5.37501754e-01 -4.75629268e-02 -1.36040216e-01
  1.88566901e-01  4.14990837e-01 -3.25474771e-01  2.17421731e-01
 -1.17161095e-01 -6.25781489e-01  1.12817945e-01  1.34927029e-01
 -4.68423992e-01  2.14597285e-01  2.64138075e-01 -6.30643182e-01
 -3.31870342e-03  3.90151817e-01 -6.62389468e-04  4.74876850e-02
 -5.39351133e-01  5.09802600e-01  5.76975502e-01  5.57238035e-01
  6.31685388e-01  2.32769622e-01 -1.78458977e-01  5.69798960e-01
 -1.64438224e-01  4.22945555e-01 -6.19733153e-01  1.31219770e-01
  3.41243065e-01 -6.45332574e-01  1.22480521e-02 -2.27299712e-01
  8.34508816e-02 -2.93628951e-01  2.63986829e-01 -5.18197076e-01
 -2.83424965e-01 -8.26117712e-01 -4.95327463e-01 -2.29309572e-01
 -1.92657186e-01]
1228,[ 1.86431182e-01  9.92084323e-02 -5.57795621e-02  1.23982131e-01
  3.61480085e-01  9.80629149e-02 -5.75413695e-02  6.65404363e-01
  3.66390133e-01 -5.37492916e-01 -4.75598500e-02 -1.36017422e-01
  1.88555659e-01  4.15012254e-01 -3.25475429e-01  2.17439593e-01
 -1.17149777e-01 -6.25774708e-01  1.12805905e-01  1.34939767e-01
 -4.68425849e-01  2.14585910e-01  2.64134240e-01 -6.30661087e-01
 -3.33712147e-03  3.90142953e-01 -6.29314405e-04  4.74766274e-02
 -5.39365741e-01  5.09832594e-01  5.76946645e-01  5.57245833e-01
  6.31698654e-01  2.32770173e-01 -1.78447783e-01  5.69802106e-01
 -1.64450418e-01  4.22937480e-01 -6.19728023e-01  1.31206656e-01
  3.41246005e-01 -6.45310436e-01  1.22225483e-02 -2.27301887e-01
  8.34358133e-02 -2.93633398e-01  2.64002950e-01 -5.18161100e-01
 -2.83445530e-01 -8.26115219e-01 -4.95335817e-01 -2.29306456e-01
 -1.92663070e-01]
1229,[ 1.86452379e-01  9.92169626e-02 -5.58338825e-02  1.23993863e-01
  3.61492198e-01  9.80499269e-02 -5.75223321e-02  6.65384066e-01
  3.66369173e-01 -5.37484089e-01 -4.75567768e-02 -1.35994653e-01
  1.88544429e-01  4.15033648e-01 -3.25476085e-01  2.17457435e-01
 -1.17138472e-01 -6.25767935e-01  1.12793878e-01  1.34952490e-01
 -4.68427704e-01  2.14574548e-01  2.64130410e-01 -6.30678972e-01
 -3.35551877e-03  3.90134099e-01 -5.96276588e-04  4.74655823e-02
 -5.39380332e-01  5.09862555e-01  5.76917820e-01  5.57253623e-01
  6.31711904e-01  2.32770723e-01 -1.78436601e-01  5.69805248e-01
 -1.64462599e-01  4.22929415e-01 -6.19722898e-01  1.31193556e-01
  3.41248942e-01 -6.45288324e-01  1.21970732e-02 -2.27304059e-01
  8.34207619e-02 -2.93637840e-01  2.64019052e-01 -5.18125165e-01
 -2.83466071e-01 -8.26112729e-01 -4.95344161e-01 -2.29303344e-01
 -1.92668947e-01]
1230,[ 1.86473553e-01  9.92254832e-02 -5.58881418e-02  1.24005582e-01
  3.61504299e-01  9.80369535e-02 -5.75033161e-02  6.65363793e-01
  3.66348237e-01 -5.37475271e-01 -4.75537070e-02 -1.35971910e-01
  1.88533213e-01  4.15055017e-01 -3.25476741e-01  2.17475256e-01
 -1.17127180e-01 -6.25761169e-01  1.12781865e-01  1.34965200e-01
 -4.68429557e-01  2.14563199e-01  2.64126584e-01 -6.30696837e-01
 -3.37389536e-03  3.90125254e-01 -5.63275975e-04  4.74545496e-02
 -5.39394907e-01  5.09892482e-01  5.76889027e-01  5.57261403e-01
  6.31725140e-01  2.32771273e-01 -1.78425431e-01  5.69808386e-01
 -1.64474765e-01  4.22921359e-01 -6.19717779e-01  1.31180472e-01
  3.41251876e-01 -6.45266237e-01  1.21716268e-02 -2.27306228e-01
  8.34057276e-02 -2.93642277e-01  2.64035136e-01 -5.18089270e-01
 -2.83486589e-01 -8.26110241e-01 -4.95352497e-01 -2.29300236e-01
 -1.92674817e-01]
1231,[ 1.86494703e-01  9.92339943e-02 -5.59423399e-02  1.24017288e-01
  3.61516385e-01  9.80239948e-02 -5.74843215e-02  6.65343542e-01
  3.66327324e-01 -5.37466464e-01 -4.75506406e-02 -1.35949193e-01
  1.88522009e-01  4.15076362e-01 -3.25477397e-01  2.17493057e-01
 -1.17115901e-01 -6.25754410e-01  1.12769865e-01  1.34977894e-01
 -4.68431408e-01  2.14551863e-01  2.64122762e-01 -6.30714682e-01
 -3.39225126e-03  3.90116419e-01 -5.30312523e-04  4.74435294e-02
 -5.39409466e-01  5.09922375e-01  5.76860267e-01  5.57269175e-01
  6.31738361e-01  2.32771822e-01 -1.78414274e-01  5.69811521e-01
 -1.64486919e-01  4.22913312e-01 -6.19712666e-01  1.31167402e-01
  3.41254807e-01 -6.45244174e-01  1.21462091e-02 -2.27308396e-01
  8.33907101e-02 -2.93646709e-01  2.64051202e-01 -5.18053415e-01
 -2.83507084e-01 -8.26107757e-01 -4.95360822e-01 -2.29297131e-01
 -1.92680681e-01]
1232,[ 1.86515829e-01  9.92424958e-02 -5.59964771e-02  1.24028981e-01
  3.61528458e-01  9.80110506e-02 -5.74653483e-02  6.65323314e-01
  3.66306435e-01 -5.37457666e-01 -4.75475777e-02 -1.35926501e-01
  1.88510817e-01  4.15097683e-01 -3.25478051e-01  2.17510839e-01
 -1.17104635e-01 -6.25747660e-01  1.12757879e-01  1.34990575e-01
 -4.68433256e-01  2.14540539e-01  2.64118944e-01 -6.30732506e-01
 -3.41058649e-03  3.90107595e-01 -4.97386192e-04  4.74325215e-02
 -5.39424008e-01  5.09952234e-01  5.76831539e-01  5.57276938e-01
  6.31751567e-01  2.32772371e-01 -1.78403130e-01  5.69814652e-01
 -1.64499058e-01  4.22905274e-01 -6.19707559e-01  1.31154347e-01
  3.41257734e-01 -6.45222137e-01  1.21208200e-02 -2.27310560e-01
  8.33757095e-02 -2.93651136e-01  2.64067250e-01 -5.18017601e-01
 -2.83527556e-01 -8.26105275e-01 -4.95369139e-01 -2.29294030e-01
 -1.92686538e-01]
1233,[ 1.86536931e-01  9.92509877e-02 -5.60505532e-02  1.24040661e-01
  3.61540517e-01  9.79981210e-02 -5.74463965e-02  6.65303109e-01
  3.66285570e-01 -5.37448879e-01 -4.75445182e-02 -1.35903834e-01
  1.88499638e-01  4.15118980e-01 -3.25478705e-01  2.17528600e-01
 -1.17093381e-01 -6.25740917e-01  1.12745907e-01  1.35003241e-01
 -4.68435103e-01  2.14529228e-01  2.64115131e-01 -6.30750311e-01
 -3.42890107e-03  3.90098780e-01 -4.64496938e-04  4.74215261e-02
 -5.39438533e-01  5.09982060e-01  5.76802844e-01  5.57284692e-01
  6.31764759e-01  2.32772918e-01 -1.78391998e-01  5.69817780e-01
 -1.64511184e-01  4.22897245e-01 -6.19702457e-01  1.31141307e-01
  3.41260658e-01 -6.45200124e-01  1.20954595e-02 -2.27312723e-01
  8.33607259e-02 -2.93655558e-01  2.64083280e-01 -5.17981827e-01
 -2.83548004e-01 -8.26102796e-01 -4.95377445e-01 -2.29290932e-01
 -1.92692388e-01]
1234,[ 1.86558009e-01  9.92594701e-02 -5.61045685e-02  1.24052327e-01
  3.61552563e-01  9.79852060e-02 -5.74274660e-02  6.65282927e-01
  3.66264728e-01 -5.37440101e-01 -4.75414622e-02 -1.35881194e-01
  1.88488472e-01  4.15140253e-01 -3.25479358e-01  2.17546342e-01
 -1.17082139e-01 -6.25734181e-01  1.12733948e-01  1.35015893e-01
 -4.68436947e-01  2.14517930e-01  2.64111322e-01 -6.30768096e-01
 -3.44719502e-03  3.90089975e-01 -4.31644721e-04  4.74105430e-02
 -5.39453042e-01  5.10011852e-01  5.76774181e-01  5.57292437e-01
  6.31777935e-01  2.32773466e-01 -1.78380879e-01  5.69820905e-01
 -1.64523296e-01  4.22889225e-01 -6.19697361e-01  1.31128281e-01
  3.41263579e-01 -6.45178136e-01  1.20701275e-02 -2.27314883e-01
  8.33457591e-02 -2.93659975e-01  2.64099291e-01 -5.17946094e-01
 -2.83568430e-01 -8.26100319e-01 -4.95385743e-01 -2.29287838e-01
 -1.92698232e-01]
1235,[ 1.86579064e-01  9.92679429e-02 -5.61585230e-02  1.24063980e-01
  3.61564595e-01  9.79723055e-02 -5.74085569e-02  6.65262767e-01
  3.66243909e-01 -5.37431333e-01 -4.75384097e-02 -1.35858578e-01
  1.88477318e-01  4.15161502e-01 -3.25480010e-01  2.17564063e-01
 -1.17070911e-01 -6.25727453e-01  1.12722002e-01  1.35028531e-01
 -4.68438790e-01  2.14506644e-01  2.64107517e-01 -6.30785860e-01
 -3.46546838e-03  3.90081181e-01 -3.98829499e-04  4.73995724e-02
 -5.39467535e-01  5.10041611e-01  5.76745550e-01  5.57300174e-01
  6.31791096e-01  2.32774012e-01 -1.78369772e-01  5.69824025e-01
 -1.64535395e-01  4.22881214e-01 -6.19692271e-01  1.31115271e-01
  3.41266496e-01 -6.45156173e-01  1.20448241e-02 -2.27317040e-01
  8.33308092e-02 -2.93664387e-01  2.64115285e-01 -5.17910401e-01
 -2.83588833e-01 -8.26097846e-01 -4.95394031e-01 -2.29284747e-01
 -1.92704069e-01]
1236,[ 1.86600095e-01  9.92764061e-02 -5.62124167e-02  1.24075621e-01
  3.61576613e-01  9.79594195e-02 -5.73896690e-02  6.65242630e-01
  3.66223114e-01 -5.37422575e-01 -4.75353605e-02 -1.35835989e-01
  1.88466177e-01  4.15182727e-01 -3.25480662e-01  2.17581764e-01
 -1.17059695e-01 -6.25720733e-01  1.12710070e-01  1.35041154e-01
 -4.68440630e-01  2.14495372e-01  2.64103717e-01 -6.30803605e-01
 -3.48372116e-03  3.90072396e-01 -3.66051229e-04  4.73886140e-02
 -5.39482012e-01  5.10071336e-01  5.76716951e-01  5.57307902e-01
  6.31804243e-01  2.32774558e-01 -1.78358678e-01  5.69827143e-01
 -1.64547479e-01  4.22873212e-01 -6.19687187e-01  1.31102274e-01
  3.41269410e-01 -6.45134234e-01  1.20195491e-02 -2.27319195e-01
  8.33158761e-02 -2.93668794e-01  2.64131261e-01 -5.17874747e-01
 -2.83609213e-01 -8.26095375e-01 -4.95402310e-01 -2.29281659e-01
 -1.92709900e-01]
1237,[ 1.86621102e-01  9.92848599e-02 -5.62662497e-02  1.24087248e-01
  3.61588618e-01  9.79465480e-02 -5.73708024e-02  6.65222516e-01
  3.66202342e-01 -5.37413827e-01 -4.75323148e-02 -1.35813424e-01
  1.88455049e-01  4.15203929e-01 -3.25481312e-01  2.17599446e-01
 -1.17048492e-01 -6.25714020e-01  1.12698152e-01  1.35053763e-01
 -4.68442468e-01  2.14484112e-01  2.64099921e-01 -6.30821329e-01
 -3.50195338e-03  3.90063621e-01 -3.33309871e-04  4.73776680e-02
 -5.39496472e-01  5.10101028e-01  5.76688385e-01  5.57315621e-01
  6.31817375e-01  2.32775104e-01 -1.78347597e-01  5.69830257e-01
 -1.64559551e-01  4.22865219e-01 -6.19682108e-01  1.31089293e-01
  3.41272321e-01 -6.45112320e-01  1.19943026e-02 -2.27321348e-01
  8.33009598e-02 -2.93673196e-01  2.64147219e-01 -5.17839135e-01
 -2.83629570e-01 -8.26092907e-01 -4.95410580e-01 -2.29278575e-01
 -1.92715724e-01]
1238,[ 1.86642086e-01  9.92933041e-02 -5.63200220e-02  1.24098862e-01
  3.61600610e-01  9.79336911e-02 -5.73519570e-02  6.65202425e-01
  3.66181594e-01 -5.37405088e-01 -4.75292726e-02 -1.35790885e-01
  1.88443933e-01  4.15225106e-01 -3.25481963e-01  2.17617107e-01
 -1.17037301e-01 -6.25707315e-01  1.12686246e-01  1.35066358e-01
 -4.68444305e-01  2.14472864e-01  2.64096129e-01 -6.30839034e-01
 -3.52016507e-03  3.90054855e-01 -3.00605383e-04  4.73667343e-02
 -5.39510916e-01  5.10130686e-01  5.76659851e-01  5.57323332e-01
  6.31830492e-01  2.32775648e-01 -1.78336527e-01  5.69833367e-01
 -1.64571608e-01  4.22857235e-01 -6.19677035e-01  1.31076326e-01
  3.41275229e-01 -6.45090431e-01  1.19690846e-02 -2.27323498e-01
  8.32860603e-02 -2.93677594e-01  2.64163158e-01 -5.17803562e-01
 -2.83649904e-01 -8.26090442e-01 -4.95418840e-01 -2.29275495e-01
 -1.92721542e-01]
1239,[ 1.86663046e-01  9.93017388e-02 -5.63737339e-02  1.24110463e-01
  3.61612588e-01  9.79208486e-02 -5.73331329e-02  6.65182356e-01
  3.66160869e-01 -5.37396360e-01 -4.75262337e-02 -1.35768372e-01
  1.88432829e-01  4.15246260e-01 -3.25482612e-01  2.17634749e-01
 -1.17026123e-01 -6.25700617e-01  1.12674354e-01  1.35078939e-01
 -4.68446139e-01  2.14461630e-01  2.64092341e-01 -6.30856719e-01
 -3.53835625e-03  3.90046100e-01 -2.67937723e-04  4.73558130e-02
 -5.39525344e-01  5.10160311e-01  5.76631348e-01  5.57331034e-01
  6.31843594e-01  2.32776193e-01 -1.78325471e-01  5.69836474e-01
 -1.64583653e-01  4.22849260e-01 -6.19671968e-01  1.31063373e-01
  3.41278133e-01 -6.45068567e-01  1.19438949e-02 -2.27325646e-01
  8.32711776e-02 -2.93681986e-01  2.64179080e-01 -5.17768029e-01
 -2.83670215e-01 -8.26087979e-01 -4.95427091e-01 -2.29272418e-01
 -1.92727353e-01]
1240,[ 1.86683982e-01  9.93101640e-02 -5.64273852e-02  1.24122051e-01
  3.61624552e-01  9.79080206e-02 -5.73143300e-02  6.65162309e-01
  3.66140168e-01 -5.37387641e-01 -4.75231983e-02 -1.35745883e-01
  1.88421738e-01  4.15267389e-01 -3.25483260e-01  2.17652371e-01
 -1.17014958e-01 -6.25693927e-01  1.12662476e-01  1.35091506e-01
 -4.68447971e-01  2.14450408e-01  2.64088558e-01 -6.30874383e-01
 -3.55652695e-03  3.90037355e-01 -2.35306850e-04  4.73449039e-02
 -5.39539755e-01  5.10189903e-01  5.76602878e-01  5.57338727e-01
  6.31856682e-01  2.32776736e-01 -1.78314426e-01  5.69839577e-01
 -1.64595683e-01  4.22841294e-01 -6.19666906e-01  1.31050435e-01
  3.41281034e-01 -6.45046727e-01  1.19187336e-02 -2.27327791e-01
  8.32563116e-02 -2.93686373e-01  2.64194984e-01 -5.17732536e-01
 -2.83690503e-01 -8.26085520e-01 -4.95435333e-01 -2.29269345e-01
 -1.92733157e-01]
1241,[ 1.86704895e-01  9.93185797e-02 -5.64809761e-02  1.24133625e-01
  3.61636503e-01  9.78952070e-02 -5.72955482e-02  6.65142286e-01
  3.66119489e-01 -5.37378932e-01 -4.75201663e-02 -1.35723420e-01
  1.88410660e-01  4.15288495e-01 -3.25483908e-01  2.17669973e-01
 -1.17003805e-01 -6.25687245e-01  1.12650611e-01  1.35104059e-01
 -4.68449801e-01  2.14439198e-01  2.64084779e-01 -6.30892028e-01
 -3.57467719e-03  3.90028619e-01 -2.02712723e-04  4.73340071e-02
 -5.39554151e-01  5.10219461e-01  5.76574441e-01  5.57346412e-01
  6.31869755e-01  2.32777279e-01 -1.78303394e-01  5.69842677e-01
 -1.64607700e-01  4.22833338e-01 -6.19661850e-01  1.31037512e-01
  3.41283932e-01 -6.45024912e-01  1.18936007e-02 -2.27329934e-01
  8.32414624e-02 -2.93690755e-01  2.64210870e-01 -5.17697083e-01
 -2.83710768e-01 -8.26083063e-01 -4.95443565e-01 -2.29266274e-01
 -1.92738955e-01]
1242,[ 1.86725784e-01  9.93269859e-02 -5.65345067e-02  1.24145187e-01
  3.61648441e-01  9.78824079e-02 -5.72767876e-02  6.65122284e-01
  3.66098834e-01 -5.37370233e-01 -4.75171377e-02 -1.35700983e-01
  1.88399594e-01  4.15309577e-01 -3.25484555e-01  2.17687555e-01
 -1.16992664e-01 -6.25680570e-01  1.12638759e-01  1.35116597e-01
 -4.68451629e-01  2.14428001e-01  2.64081004e-01 -6.30909653e-01
 -3.59280699e-03  3.90019893e-01 -1.70155299e-04  4.73231226e-02
 -5.39568530e-01  5.10248986e-01  5.76546035e-01  5.57354088e-01
  6.31882813e-01  2.32777821e-01 -1.78292375e-01  5.69845773e-01
 -1.64619704e-01  4.22825390e-01 -6.19656800e-01  1.31024603e-01
  3.41286826e-01 -6.45003121e-01  1.18684960e-02 -2.27332074e-01
  8.32266299e-02 -2.93695133e-01  2.64226738e-01 -5.17661670e-01
 -2.83731010e-01 -8.26080609e-01 -4.95451788e-01 -2.29263208e-01
 -1.92744746e-01]
1243,[ 1.86746650e-01  9.93353827e-02 -5.65879770e-02  1.24156736e-01
  3.61660365e-01  9.78696231e-02 -5.72580481e-02  6.65102306e-01
  3.66078203e-01 -5.37361544e-01 -4.75141125e-02 -1.35678570e-01
  1.88388540e-01  4.15330636e-01 -3.25485202e-01  2.17705117e-01
 -1.16981536e-01 -6.25673902e-01  1.12626921e-01  1.35129121e-01
 -4.68453455e-01  2.14416817e-01  2.64077234e-01 -6.30927258e-01
 -3.61091637e-03  3.90011177e-01 -1.37634538e-04  4.73122504e-02
 -5.39582893e-01  5.10278478e-01  5.76517661e-01  5.57361755e-01
  6.31895856e-01  2.32778363e-01 -1.78281368e-01  5.69848866e-01
 -1.64631694e-01  4.22817451e-01 -6.19651756e-01  1.31011709e-01
  3.41289718e-01 -6.44981355e-01  1.18434196e-02 -2.27334212e-01
  8.32118142e-02 -2.93699505e-01  2.64242588e-01 -5.17626297e-01
 -2.83751230e-01 -8.26078157e-01 -4.95460002e-01 -2.29260145e-01
 -1.92750531e-01]
1244,[ 1.86767492e-01  9.93437700e-02 -5.66413871e-02  1.24168272e-01
  3.61672276e-01  9.78568528e-02 -5.72393297e-02  6.65082349e-01
  3.66057594e-01 -5.37352864e-01 -4.75110908e-02 -1.35656183e-01
  1.88377499e-01  4.15351671e-01 -3.25485848e-01  2.17722660e-01
 -1.16970421e-01 -6.25667242e-01  1.12615096e-01  1.35141631e-01
 -4.68455279e-01  2.14405646e-01  2.64073467e-01 -6.30944844e-01
 -3.62900536e-03  3.90002471e-01 -1.05150399e-04  4.73013904e-02
 -5.39597239e-01  5.10307936e-01  5.76489319e-01  5.57369414e-01
  6.31908885e-01  2.32778904e-01 -1.78270373e-01  5.69851955e-01
 -1.64643670e-01  4.22809521e-01 -6.19646717e-01  1.30998830e-01
  3.41292606e-01 -6.44959613e-01  1.18183715e-02 -2.27336348e-01
  8.31970151e-02 -2.93703873e-01  2.64258421e-01 -5.17590964e-01
 -2.83771427e-01 -8.26075709e-01 -4.95468207e-01 -2.29257085e-01
 -1.92756310e-01]
1245,[ 1.86788311e-01  9.93521479e-02 -5.66947370e-02  1.24179795e-01
  3.61684173e-01  9.78440968e-02 -5.72206324e-02  6.65062416e-01
  3.66037009e-01 -5.37344195e-01 -4.75080724e-02 -1.35633821e-01
  1.88366470e-01  4.15372682e-01 -3.25486493e-01  2.17740182e-01
 -1.16959318e-01 -6.25660590e-01  1.12603284e-01  1.35154128e-01
 -4.68457100e-01  2.14394487e-01  2.64069705e-01 -6.30962409e-01
 -3.64707398e-03  3.89993775e-01 -7.27028396e-05  4.72905426e-02
 -5.39611570e-01  5.10337361e-01  5.76461009e-01  5.57377064e-01
  6.31921899e-01  2.32779445e-01 -1.78259391e-01  5.69855041e-01
 -1.64655633e-01  4.22801599e-01 -6.19641684e-01  1.30985964e-01
  3.41295490e-01 -6.44937896e-01  1.17933516e-02 -2.27338481e-01
  8.31822326e-02 -2.93708235e-01  2.64274235e-01 -5.17555671e-01
 -2.83791601e-01 -8.26073263e-01 -4.95476402e-01 -2.29254029e-01
 -1.92762081e-01]
1246,[ 1.86809106e-01  9.93605163e-02 -5.67480269e-02  1.24191304e-01
  3.61696057e-01  9.78313552e-02 -5.72019562e-02  6.65042504e-01
  3.66016447e-01 -5.37335535e-01 -4.75050574e-02 -1.35611485e-01
  1.88355454e-01  4.15393669e-01 -3.25487137e-01  2.17757686e-01
 -1.16948228e-01 -6.25653945e-01  1.12591486e-01  1.35166610e-01
 -4.68458920e-01  2.14383340e-01  2.64065948e-01 -6.30979955e-01
 -3.66512225e-03  3.89985089e-01 -4.02918193e-05  4.72797071e-02
 -5.39625884e-01  5.10366754e-01  5.76432730e-01  5.57384705e-01
  6.31934899e-01  2.32779985e-01 -1.78248421e-01  5.69858124e-01
 -1.64667582e-01  4.22793687e-01 -6.19636656e-01  1.30973114e-01
  3.41298372e-01 -6.44916203e-01  1.17683598e-02 -2.27340612e-01
  8.31674668e-02 -2.93712593e-01  2.64290032e-01 -5.17520417e-01
 -2.83811753e-01 -8.26070820e-01 -4.95484588e-01 -2.29250976e-01
 -1.92767847e-01]
1247,[ 1.86829878e-01  9.93688753e-02 -5.68012567e-02  1.24202801e-01
  3.61707928e-01  9.78186280e-02 -5.71833010e-02  6.65022616e-01
  3.65995908e-01 -5.37326885e-01 -4.75020459e-02 -1.35589173e-01
  1.88344450e-01  4.15414633e-01 -3.25487780e-01  2.17775169e-01
 -1.16937151e-01 -6.25647307e-01  1.12579700e-01  1.35179078e-01
 -4.68460738e-01  2.14372206e-01  2.64062194e-01 -6.30997481e-01
 -3.68315020e-03  3.89976412e-01 -7.91729687e-06  4.72688837e-02
 -5.39640183e-01  5.10396113e-01  5.76404484e-01  5.57392338e-01
  6.31947883e-01  2.32780524e-01 -1.78237464e-01  5.69861202e-01
 -1.64679519e-01  4.22785784e-01 -6.19631635e-01  1.30960278e-01
  3.41301250e-01 -6.44894535e-01  1.17433962e-02 -2.27342741e-01
  8.31527177e-02 -2.93716946e-01  2.64305811e-01 -5.17485203e-01
 -2.83831881e-01 -8.26068379e-01 -4.95492765e-01 -2.29247927e-01
 -1.92773606e-01]
1248,[ 1.86850626e-01  9.93772249e-02 -5.68544267e-02  1.24214285e-01
  3.61719785e-01  9.78059151e-02 -5.71646667e-02  6.65002749e-01
  3.65975392e-01 -5.37318244e-01 -4.74990377e-02 -1.35566887e-01
  1.88333458e-01  4.15435573e-01 -3.25488423e-01  2.17792633e-01
 -1.16926085e-01 -6.25640677e-01  1.12567929e-01  1.35191532e-01
 -4.68462553e-01  2.14361085e-01  2.64058445e-01 -6.31014987e-01
 -3.70115785e-03  3.89967745e-01  2.44207688e-05  4.72580725e-02
 -5.39654465e-01  5.10425439e-01  5.76376270e-01  5.57399962e-01
  6.31960854e-01  2.32781063e-01 -1.78226518e-01  5.69864278e-01
 -1.64691441e-01  4.22777889e-01 -6.19626619e-01  1.30947456e-01
  3.41304125e-01 -6.44872891e-01  1.17184607e-02 -2.27344867e-01
  8.31379851e-02 -2.93721294e-01  2.64321572e-01 -5.17450029e-01
 -2.83851988e-01 -8.26065942e-01 -4.95500933e-01 -2.29244881e-01
 -1.92779358e-01]
1249,[ 1.86871352e-01  9.93855651e-02 -5.69075367e-02  1.24225756e-01
  3.61731629e-01  9.77932165e-02 -5.71460535e-02  6.64982905e-01
  3.65954900e-01 -5.37309613e-01 -4.74960329e-02 -1.35544625e-01
  1.88322479e-01  4.15456489e-01 -3.25489065e-01  2.17810077e-01
 -1.16915032e-01 -6.25634054e-01  1.12556170e-01  1.35203971e-01
 -4.68464367e-01  2.14349976e-01  2.64054699e-01 -6.31032474e-01
 -3.71914522e-03  3.89959088e-01  5.67224188e-05  4.72472735e-02
 -5.39668731e-01  5.10454732e-01  5.76348087e-01  5.57407578e-01
  6.31973809e-01  2.32781601e-01 -1.78215585e-01  5.69867350e-01
 -1.64703350e-01  4.22770004e-01 -6.19621608e-01  1.30934649e-01
  3.41306997e-01 -6.44851272e-01  1.16935532e-02 -2.27346991e-01
  8.31232692e-02 -2.93725637e-01  2.64337316e-01 -5.17414894e-01
 -2.83872071e-01 -8.26063507e-01 -4.95509091e-01 -2.29241838e-01
 -1.92785104e-01]
1250,[ 1.86892053e-01  9.93938959e-02 -5.69605869e-02  1.24237214e-01
  3.61743459e-01  9.77805322e-02 -5.71274612e-02  6.64963083e-01
  3.65934430e-01 -5.37300992e-01 -4.74930315e-02 -1.35522389e-01
  1.88311512e-01  4.15477382e-01 -3.25489707e-01  2.17827501e-01
 -1.16903992e-01 -6.25627439e-01  1.12544425e-01  1.35216397e-01
 -4.68466178e-01  2.14338880e-01  2.64050959e-01 -6.31049940e-01
 -3.73711233e-03  3.89950440e-01  8.89876942e-05  4.72364867e-02
 -5.39682981e-01  5.10483992e-01  5.76319936e-01  5.57415185e-01
  6.31986750e-01  2.32782138e-01 -1.78204665e-01  5.69870418e-01
 -1.64715246e-01  4.22762127e-01 -6.19616603e-01  1.30921856e-01
  3.41309865e-01 -6.44829676e-01  1.16686739e-02 -2.27349112e-01
  8.31085698e-02 -2.93729975e-01  2.64353041e-01 -5.17379799e-01
 -2.83892132e-01 -8.26061075e-01 -4.95517241e-01 -2.29238799e-01
 -1.92790843e-01]
1251,[ 1.86912732e-01  9.94022174e-02 -5.70135774e-02  1.24248659e-01
  3.61755276e-01  9.77678622e-02 -5.71088899e-02  6.64943284e-01
  3.65913983e-01 -5.37292381e-01 -4.74900334e-02 -1.35500178e-01
  1.88300558e-01  4.15498252e-01 -3.25490347e-01  2.17844906e-01
 -1.16892964e-01 -6.25620832e-01  1.12532692e-01  1.35228809e-01
 -4.68467988e-01  2.14327796e-01  2.64047222e-01 -6.31067388e-01
 -3.75505921e-03  3.89941802e-01  1.21216636e-04  4.72257120e-02
 -5.39697215e-01  5.10513219e-01  5.76291817e-01  5.57422784e-01
  6.31999676e-01  2.32782675e-01 -1.78193757e-01  5.69873484e-01
 -1.64727128e-01  4.22754259e-01 -6.19611604e-01  1.30909077e-01
  3.41312731e-01 -6.44808106e-01  1.16438225e-02 -2.27351231e-01
  8.30938869e-02 -2.93734308e-01  2.64368749e-01 -5.17344744e-01
 -2.83912170e-01 -8.26058646e-01 -4.95525381e-01 -2.29235764e-01
 -1.92796576e-01]
1252,[ 1.86933387e-01  9.94105294e-02 -5.70665082e-02  1.24260092e-01
  3.61767080e-01  9.77552064e-02 -5.70903395e-02  6.64923507e-01
  3.65893560e-01 -5.37283780e-01 -4.74870388e-02 -1.35477992e-01
  1.88289616e-01  4.15519098e-01 -3.25490987e-01  2.17862291e-01
 -1.16881949e-01 -6.25614231e-01  1.12520974e-01  1.35241207e-01
 -4.68469795e-01  2.14316725e-01  2.64043489e-01 -6.31084815e-01
 -3.77298588e-03  3.89933174e-01  1.53409285e-04  4.72149494e-02
 -5.39711433e-01  5.10542413e-01  5.76263729e-01  5.57430374e-01
  6.32012588e-01  2.32783211e-01 -1.78182861e-01  5.69876545e-01
 -1.64738997e-01  4.22746401e-01 -6.19606610e-01  1.30896313e-01
  3.41315593e-01 -6.44786559e-01  1.16189991e-02 -2.27353347e-01
  8.30792206e-02 -2.93738636e-01  2.64384439e-01 -5.17309728e-01
 -2.83932186e-01 -8.26056219e-01 -4.95533512e-01 -2.29232731e-01
 -1.92802303e-01]
1253,[ 1.86954019e-01  9.94188321e-02 -5.71193794e-02  1.24271511e-01
  3.61778870e-01  9.77425649e-02 -5.70718100e-02  6.64903752e-01
  3.65873159e-01 -5.37275188e-01 -4.74840475e-02 -1.35455830e-01
  1.88278686e-01  4.15539920e-01 -3.25491626e-01  2.17879656e-01
 -1.16870945e-01 -6.25607639e-01  1.12509268e-01  1.35253591e-01
 -4.68471601e-01  2.14305666e-01  2.64039761e-01 -6.31102223e-01
 -3.79089237e-03  3.89924556e-01  1.85565681e-04  4.72041990e-02
 -5.39725635e-01  5.10571574e-01  5.76235673e-01  5.57437955e-01
  6.32025485e-01  2.32783747e-01 -1.78171977e-01  5.69879603e-01
 -1.64750853e-01  4.22738550e-01 -6.19601623e-01  1.30883563e-01
  3.41318451e-01 -6.44765037e-01  1.15942037e-02 -2.27355461e-01
  8.30645708e-02 -2.93742960e-01  2.64400112e-01 -5.17274751e-01
 -2.83952179e-01 -8.26053795e-01 -4.95541634e-01 -2.29229702e-01
 -1.92808023e-01]
1254,[ 1.86974628e-01  9.94271255e-02 -5.71721911e-02  1.24282918e-01
  3.61790648e-01  9.77299377e-02 -5.70533013e-02  6.64884019e-01
  3.65852782e-01 -5.37266605e-01 -4.74810596e-02 -1.35433694e-01
  1.88267769e-01  4.15560719e-01 -3.25492265e-01  2.17897002e-01
 -1.16859955e-01 -6.25601053e-01  1.12497575e-01  1.35265961e-01
 -4.68473404e-01  2.14294620e-01  2.64036037e-01 -6.31119611e-01
 -3.80877869e-03  3.89915948e-01  2.17685867e-04  4.71934607e-02
 -5.39739821e-01  5.10600703e-01  5.76207648e-01  5.57445528e-01
  6.32038368e-01  2.32784282e-01 -1.78161106e-01  5.69882658e-01
 -1.64762695e-01  4.22730709e-01 -6.19596640e-01  1.30870828e-01
  3.41321307e-01 -6.44743539e-01  1.15694362e-02 -2.27357573e-01
  8.30499376e-02 -2.93747278e-01  2.64415767e-01 -5.17239814e-01
 -2.83972150e-01 -8.26051374e-01 -4.95549747e-01 -2.29226677e-01
 -1.92813737e-01]
1255,[ 1.86995213e-01  9.94354095e-02 -5.72249433e-02  1.24294311e-01
  3.61802412e-01  9.77173246e-02 -5.70348135e-02  6.64864309e-01
  3.65832427e-01 -5.37258033e-01 -4.74780750e-02 -1.35411583e-01
  1.88256864e-01  4.15581495e-01 -3.25492902e-01  2.17914329e-01
 -1.16848976e-01 -6.25594475e-01  1.12485896e-01  1.35278317e-01
 -4.68475206e-01  2.14283586e-01  2.64032317e-01 -6.31136980e-01
 -3.82664486e-03  3.89907349e-01  2.49769883e-04  4.71827344e-02
 -5.39753991e-01  5.10629798e-01  5.76179656e-01  5.57453092e-01
  6.32051236e-01  2.32784816e-01 -1.78150246e-01  5.69885709e-01
 -1.64774524e-01  4.22722877e-01 -6.19591664e-01  1.30858107e-01
  3.41324159e-01 -6.44722065e-01  1.15446966e-02 -2.27359683e-01
  8.30353207e-02 -2.93751592e-01  2.64431404e-01 -5.17204916e-01
 -2.83992098e-01 -8.26048955e-01 -4.95557850e-01 -2.29223655e-01
 -1.92819444e-01]
1256,[ 1.87015776e-01  9.94436841e-02 -5.72776361e-02  1.24305692e-01
  3.61814162e-01  9.77047258e-02 -5.70163465e-02  6.64844621e-01
  3.65812095e-01 -5.37249470e-01 -4.74750939e-02 -1.35389496e-01
  1.88245971e-01  4.15602247e-01 -3.25493539e-01  2.17931636e-01
 -1.16838010e-01 -6.25587905e-01  1.12474230e-01  1.35290659e-01
 -4.68477005e-01  2.14272564e-01  2.64028601e-01 -6.31154329e-01
 -3.84449092e-03  3.89898760e-01  2.81817768e-04  4.71720203e-02
 -5.39768145e-01  5.10658861e-01  5.76151694e-01  5.57460648e-01
  6.32064090e-01  2.32785350e-01 -1.78139399e-01  5.69888757e-01
 -1.64786340e-01  4.22715053e-01 -6.19586692e-01  1.30845400e-01
  3.41327009e-01 -6.44700615e-01  1.15199848e-02 -2.27361790e-01
  8.30207204e-02 -2.93755901e-01  2.64447024e-01 -5.17170057e-01
 -2.84012023e-01 -8.26046540e-01 -4.95565945e-01 -2.29220636e-01
 -1.92825144e-01]
1257,[ 1.87036315e-01  9.94519495e-02 -5.73302696e-02  1.24317060e-01
  3.61825900e-01  9.76921412e-02 -5.69979003e-02  6.64824955e-01
  3.65791786e-01 -5.37240917e-01 -4.74721160e-02 -1.35367435e-01
  1.88235090e-01  4.15622976e-01 -3.25494176e-01  2.17948923e-01
 -1.16827057e-01 -6.25581341e-01  1.12462577e-01  1.35302988e-01
 -4.68478802e-01  2.14261555e-01  2.64024890e-01 -6.31171659e-01
 -3.86231689e-03  3.89890180e-01  3.13829565e-04  4.71613182e-02
 -5.39782283e-01  5.10687891e-01  5.76123764e-01  5.57468195e-01
  6.32076929e-01  2.32785883e-01 -1.78128565e-01  5.69891802e-01
 -1.64798142e-01  4.22707238e-01 -6.19581727e-01  1.30832708e-01
  3.41329855e-01 -6.44679190e-01  1.14953009e-02 -2.27363894e-01
  8.30061365e-02 -2.93760205e-01  2.64462626e-01 -5.17135238e-01
 -2.84031927e-01 -8.26044127e-01 -4.95574030e-01 -2.29217621e-01
 -1.92830839e-01]
1258,[ 1.87056831e-01  9.94602056e-02 -5.73828438e-02  1.24328415e-01
  3.61837624e-01  9.76795707e-02 -5.69794749e-02  6.64805311e-01
  3.65771501e-01 -5.37232373e-01 -4.74691415e-02 -1.35345398e-01
  1.88224222e-01  4.15643682e-01 -3.25494811e-01  2.17966191e-01
 -1.16816115e-01 -6.25574786e-01  1.12450937e-01  1.35315302e-01
 -4.68480598e-01  2.14250558e-01  2.64021183e-01 -6.31188969e-01
 -3.88012277e-03  3.89881610e-01  3.45805314e-04  4.71506282e-02
 -5.39796405e-01  5.10716889e-01  5.76095866e-01  5.57475734e-01
  6.32089754e-01  2.32786416e-01 -1.78117742e-01  5.69894843e-01
 -1.64809931e-01  4.22699433e-01 -6.19576767e-01  1.30820030e-01
  3.41332697e-01 -6.44657788e-01  1.14706448e-02 -2.27365996e-01
  8.29915690e-02 -2.93764504e-01  2.64478211e-01 -5.17100457e-01
 -2.84051807e-01 -8.26041716e-01 -4.95582106e-01 -2.29214609e-01
 -1.92836527e-01]
1259,[ 1.87077324e-01  9.94684523e-02 -5.74353588e-02  1.24339758e-01
  3.61849335e-01  9.76670144e-02 -5.69610702e-02  6.64785689e-01
  3.65751237e-01 -5.37223839e-01 -4.74661704e-02 -1.35323386e-01
  1.88213366e-01  4.15664364e-01 -3.25495446e-01  2.17983440e-01
 -1.16805186e-01 -6.25568237e-01  1.12439310e-01  1.35327603e-01
 -4.68482391e-01  2.14239574e-01  2.64017479e-01 -6.31206259e-01
 -3.89790861e-03  3.89873050e-01  3.77745055e-04  4.71399501e-02
 -5.39810511e-01  5.10745853e-01  5.76067999e-01  5.57483265e-01
  6.32102565e-01  2.32786948e-01 -1.78106932e-01  5.69897880e-01
 -1.64821707e-01  4.22691635e-01 -6.19571813e-01  1.30807366e-01
  3.41335537e-01 -6.44636411e-01  1.14460164e-02 -2.27368096e-01
  8.29770179e-02 -2.93768798e-01  2.64493778e-01 -5.17065716e-01
 -2.84071666e-01 -8.26039309e-01 -4.95590173e-01 -2.29211601e-01
 -1.92842208e-01]
1260,[ 1.87097794e-01  9.94766898e-02 -5.74878146e-02  1.24351088e-01
  3.61861033e-01  9.76544722e-02 -5.69426862e-02  6.64766089e-01
  3.65730997e-01 -5.37215315e-01 -4.74632026e-02 -1.35301399e-01
  1.88202522e-01  4.15685023e-01 -3.25496080e-01  2.18000669e-01
 -1.16794270e-01 -6.25561696e-01  1.12427696e-01  1.35339889e-01
 -4.68484182e-01  2.14228602e-01  2.64013780e-01 -6.31223531e-01
 -3.91567442e-03  3.89864499e-01  4.09648829e-04  4.71292842e-02
 -5.39824602e-01  5.10774786e-01  5.76040163e-01  5.57490786e-01
  6.32115361e-01  2.32787480e-01 -1.78096133e-01  5.69900914e-01
 -1.64833469e-01  4.22683847e-01 -6.19566864e-01  1.30794717e-01
  3.41338373e-01 -6.44615058e-01  1.14214158e-02 -2.27370194e-01
  8.29624832e-02 -2.93773088e-01  2.64509327e-01 -5.17031014e-01
 -2.84091502e-01 -8.26036904e-01 -4.95598231e-01 -2.29208596e-01
 -1.92847883e-01]
1261,[ 1.87118240e-01  9.94849180e-02 -5.75402114e-02  1.24362404e-01
  3.61872718e-01  9.76419441e-02 -5.69243230e-02  6.64746512e-01
  3.65710780e-01 -5.37206800e-01 -4.74602382e-02 -1.35279436e-01
  1.88191690e-01  4.15705658e-01 -3.25496714e-01  2.18017879e-01
 -1.16783365e-01 -6.25555163e-01  1.12416095e-01  1.35352162e-01
 -4.68485971e-01  2.14217642e-01  2.64010086e-01 -6.31240782e-01
 -3.93342022e-03  3.89855959e-01  4.41516676e-04  4.71186302e-02
 -5.39838676e-01  5.10803685e-01  5.76012359e-01  5.57498300e-01
  6.32128142e-01  2.32788010e-01 -1.78085347e-01  5.69903945e-01
 -1.64845219e-01  4.22676067e-01 -6.19561921e-01  1.30782081e-01
  3.41341207e-01 -6.44593729e-01  1.13968428e-02 -2.27372289e-01
  8.29479649e-02 -2.93777373e-01  2.64524859e-01 -5.16996352e-01
 -2.84111316e-01 -8.26034502e-01 -4.95606280e-01 -2.29205594e-01
 -1.92853552e-01]
1262,[ 1.87138664e-01  9.94931369e-02 -5.75925492e-02  1.24373709e-01
  3.61884390e-01  9.76294302e-02 -5.69059804e-02  6.64726956e-01
  3.65690585e-01 -5.37198295e-01 -4.74572771e-02 -1.35257499e-01
  1.88180871e-01  4.15726271e-01 -3.25497347e-01  2.18035069e-01
 -1.16772473e-01 -6.25548636e-01  1.12404508e-01  1.35364421e-01
 -4.68487759e-01  2.14206695e-01  2.64006395e-01 -6.31258014e-01
 -3.95114604e-03  3.89847427e-01  4.73348637e-04  4.71079882e-02
 -5.39852735e-01  5.10832552e-01  5.75984586e-01  5.57505805e-01
  6.32140909e-01  2.32788541e-01 -1.78074573e-01  5.69906972e-01
 -1.64856955e-01  4.22668296e-01 -6.19556983e-01  1.30769460e-01
  3.41344037e-01 -6.44572424e-01  1.13722976e-02 -2.27374382e-01
  8.29334629e-02 -2.93781652e-01  2.64540374e-01 -5.16961728e-01
 -2.84131107e-01 -8.26032102e-01 -4.95614320e-01 -2.29202596e-01
 -1.92859214e-01]
1263,[ 1.87159065e-01  9.95013466e-02 -5.76448280e-02  1.24385000e-01
  3.61896048e-01  9.76169303e-02 -5.68876585e-02  6.64707423e-01
  3.65670413e-01 -5.37189799e-01 -4.74543193e-02 -1.35235586e-01
  1.88170063e-01  4.15746860e-01 -3.25497979e-01  2.18052240e-01
 -1.16761594e-01 -6.25542117e-01  1.12392933e-01  1.35376666e-01
 -4.68489544e-01  2.14195760e-01  2.64002708e-01 -6.31275227e-01
 -3.96885190e-03  3.89838906e-01  5.05144752e-04  4.70973582e-02
 -5.39866778e-01  5.10861387e-01  5.75956845e-01  5.57513301e-01
  6.32153662e-01  2.32789070e-01 -1.78063812e-01  5.69909996e-01
 -1.64868677e-01  4.22660534e-01 -6.19552051e-01  1.30756853e-01
  3.41346863e-01 -6.44551142e-01  1.13477800e-02 -2.27376472e-01
  8.29189773e-02 -2.93785927e-01  2.64555871e-01 -5.16927143e-01
 -2.84150876e-01 -8.26029706e-01 -4.95622351e-01 -2.29199601e-01
 -1.92864870e-01]
1264,[ 1.87179443e-01  9.95095470e-02 -5.76970480e-02  1.24396279e-01
  3.61907693e-01  9.76044445e-02 -5.68693572e-02  6.64687911e-01
  3.65650264e-01 -5.37181313e-01 -4.74513649e-02 -1.35213697e-01
  1.88159268e-01  4.15767426e-01 -3.25498610e-01  2.18069392e-01
 -1.16750726e-01 -6.25535606e-01  1.12381371e-01  1.35388898e-01
 -4.68491327e-01  2.14184837e-01  2.63999026e-01 -6.31292421e-01
 -3.98653782e-03  3.89830393e-01  5.36905062e-04  4.70867402e-02
 -5.39880805e-01  5.10890189e-01  5.75929134e-01  5.57520789e-01
  6.32166401e-01  2.32789599e-01 -1.78053062e-01  5.69913017e-01
 -1.64880387e-01  4.22652781e-01 -6.19547124e-01  1.30744261e-01
  3.41349687e-01 -6.44529885e-01  1.13232899e-02 -2.27378560e-01
  8.29045079e-02 -2.93790198e-01  2.64571351e-01 -5.16892597e-01
 -2.84170623e-01 -8.26027312e-01 -4.95630373e-01 -2.29196610e-01
 -1.92870520e-01]
1265,[ 1.87199798e-01  9.95177382e-02 -5.77492092e-02  1.24407545e-01
  3.61919325e-01  9.75919728e-02 -5.68510765e-02  6.64668421e-01
  3.65630137e-01 -5.37172836e-01 -4.74484138e-02 -1.35191834e-01
  1.88148485e-01  4.15787969e-01 -3.25499240e-01  2.18086524e-01
 -1.16739871e-01 -6.25529101e-01  1.12369823e-01  1.35401116e-01
 -4.68493108e-01  2.14173927e-01  2.63995348e-01 -6.31309595e-01
 -4.00420383e-03  3.89821891e-01  5.68629607e-04  4.70761342e-02
 -5.39894816e-01  5.10918958e-01  5.75901455e-01  5.57528269e-01
  6.32179125e-01  2.32790128e-01 -1.78042324e-01  5.69916034e-01
 -1.64892083e-01  4.22645036e-01 -6.19542204e-01  1.30731682e-01
  3.41352507e-01 -6.44508652e-01  1.12988275e-02 -2.27380646e-01
  8.28900549e-02 -2.93794463e-01  2.64586813e-01 -5.16858090e-01
 -2.84190348e-01 -8.26024920e-01 -4.95638385e-01 -2.29193622e-01
 -1.92876163e-01]
1266,[ 1.87220130e-01  9.95259202e-02 -5.78013116e-02  1.24418798e-01
  3.61930945e-01  9.75795151e-02 -5.68328164e-02  6.64648954e-01
  3.65610033e-01 -5.37164369e-01 -4.74454660e-02 -1.35169995e-01
  1.88137714e-01  4.15808488e-01 -3.25499870e-01  2.18103637e-01
 -1.16729027e-01 -6.25522605e-01  1.12358287e-01  1.35413319e-01
 -4.68494887e-01  2.14163029e-01  2.63991674e-01 -6.31326750e-01
 -4.02184994e-03  3.89813398e-01  6.00318427e-04  4.70655400e-02
 -5.39908811e-01  5.10947696e-01  5.75873807e-01  5.57535740e-01
  6.32191834e-01  2.32790656e-01 -1.78031599e-01  5.69919048e-01
 -1.64903767e-01  4.22637300e-01 -6.19537288e-01  1.30719118e-01
  3.41355325e-01 -6.44487443e-01  1.12743926e-02 -2.27382730e-01
  8.28756181e-02 -2.93798724e-01  2.64602258e-01 -5.16823622e-01
 -2.84210050e-01 -8.26022532e-01 -4.95646389e-01 -2.29190637e-01
 -1.92881800e-01]
1267,[ 1.87240439e-01  9.95340929e-02 -5.78533554e-02  1.24430039e-01
  3.61942551e-01  9.75670715e-02 -5.68145769e-02  6.64629508e-01
  3.65589952e-01 -5.37155912e-01 -4.74425215e-02 -1.35148180e-01
  1.88126956e-01  4.15828985e-01 -3.25500500e-01  2.18120731e-01
 -1.16718197e-01 -6.25516115e-01  1.12346765e-01  1.35425510e-01
 -4.68496665e-01  2.14152143e-01  2.63988004e-01 -6.31343885e-01
 -4.03947618e-03  3.89804915e-01  6.31971562e-04  4.70549579e-02
 -5.39922791e-01  5.10976401e-01  5.75846190e-01  5.57543203e-01
  6.32204530e-01  2.32791183e-01 -1.78020886e-01  5.69922058e-01
 -1.64915437e-01  4.22629573e-01 -6.19532378e-01  1.30706568e-01
  3.41358139e-01 -6.44466257e-01  1.12499853e-02 -2.27384811e-01
  8.28611976e-02 -2.93802979e-01  2.64617685e-01 -5.16789193e-01
 -2.84229730e-01 -8.26020146e-01 -4.95654384e-01 -2.29187655e-01
 -1.92887431e-01]
1268,[ 1.87260725e-01  9.95422565e-02 -5.79053405e-02  1.24441267e-01
  3.61954144e-01  9.75546419e-02 -5.67963579e-02  6.64610084e-01
  3.65569893e-01 -5.37147464e-01 -4.74395804e-02 -1.35126391e-01
  1.88116209e-01  4.15849459e-01 -3.25501128e-01  2.18137805e-01
 -1.16707378e-01 -6.25509633e-01  1.12335255e-01  1.35437686e-01
 -4.68498440e-01  2.14141270e-01  2.63984338e-01 -6.31361001e-01
 -4.05708257e-03  3.89796441e-01  6.63589053e-04  4.70443876e-02
 -5.39936755e-01  5.11005073e-01  5.75818604e-01  5.57550657e-01
  6.32217211e-01  2.32791710e-01 -1.78010184e-01  5.69925065e-01
 -1.64927094e-01  4.22621855e-01 -6.19527474e-01  1.30694032e-01
  3.41360950e-01 -6.44445096e-01  1.12256054e-02 -2.27386889e-01
  8.28467933e-02 -2.93807230e-01  2.64633095e-01 -5.16754802e-01
 -2.84249389e-01 -8.26017762e-01 -4.95662370e-01 -2.29184677e-01
 -1.92893055e-01]
1269,[ 1.87280988e-01  9.95504108e-02 -5.79572671e-02  1.24452482e-01
  3.61965723e-01  9.75422262e-02 -5.67781594e-02  6.64590682e-01
  3.65549857e-01 -5.37139026e-01 -4.74366425e-02 -1.35104625e-01
  1.88105475e-01  4.15869909e-01 -3.25501756e-01  2.18154861e-01
 -1.16696571e-01 -6.25503158e-01  1.12323759e-01  1.35449849e-01
 -4.68500213e-01  2.14130408e-01  2.63980676e-01 -6.31378098e-01
 -4.07466913e-03  3.89787976e-01  6.95170940e-04  4.70338292e-02
 -5.39950703e-01  5.11033713e-01  5.75791049e-01  5.57558103e-01
  6.32229878e-01  2.32792236e-01 -1.77999495e-01  5.69928069e-01
 -1.64938737e-01  4.22614145e-01 -6.19522575e-01  1.30681510e-01
  3.41363757e-01 -6.44423958e-01  1.12012530e-02 -2.27388966e-01
  8.28324053e-02 -2.93811477e-01  2.64648487e-01 -5.16720450e-01
 -2.84269024e-01 -8.26015382e-01 -4.95670346e-01 -2.29181703e-01
 -1.92898673e-01]
1270,[ 1.87301229e-01  9.95585560e-02 -5.80091352e-02  1.24463685e-01
  3.61977290e-01  9.75298246e-02 -5.67599814e-02  6.64571302e-01
  3.65529844e-01 -5.37130597e-01 -4.74337080e-02 -1.35082884e-01
  1.88094752e-01  4.15890337e-01 -3.25502383e-01  2.18171897e-01
 -1.16685777e-01 -6.25496690e-01  1.12312275e-01  1.35461998e-01
 -4.68501984e-01  2.14119559e-01  2.63977019e-01 -6.31395176e-01
 -4.09223589e-03  3.89779522e-01  7.26717262e-04  4.70232827e-02
 -5.39964636e-01  5.11062321e-01  5.75763526e-01  5.57565541e-01
  6.32242530e-01  2.32792761e-01 -1.77988818e-01  5.69931069e-01
 -1.64950368e-01  4.22606444e-01 -6.19517682e-01  1.30669002e-01
  3.41366562e-01 -6.44402844e-01  1.11769280e-02 -2.27391040e-01
  8.28180334e-02 -2.93815718e-01  2.64663863e-01 -5.16686137e-01
 -2.84288638e-01 -8.26013004e-01 -4.95678314e-01 -2.29178731e-01
 -1.92904284e-01]
1271,[ 1.87321446e-01  9.95666920e-02 -5.80609450e-02  1.24474875e-01
  3.61988844e-01  9.75174369e-02 -5.67418239e-02  6.64551944e-01
  3.65509853e-01 -5.37122177e-01 -4.74307768e-02 -1.35061168e-01
  1.88084042e-01  4.15910741e-01 -3.25503009e-01  2.18188914e-01
 -1.16674995e-01 -6.25490229e-01  1.12300804e-01  1.35474133e-01
 -4.68503753e-01  2.14108722e-01  2.63973365e-01 -6.31412234e-01
 -4.10978287e-03  3.89771076e-01  7.58228061e-04  4.70127481e-02
 -5.39978553e-01  5.11090897e-01  5.75736033e-01  5.57572970e-01
  6.32255169e-01  2.32793286e-01 -1.77978153e-01  5.69934065e-01
 -1.64961986e-01  4.22598751e-01 -6.19512794e-01  1.30656508e-01
  3.41369363e-01 -6.44381754e-01  1.11526303e-02 -2.27393111e-01
  8.28036778e-02 -2.93819955e-01  2.64679221e-01 -5.16651863e-01
 -2.84308230e-01 -8.26010629e-01 -4.95686273e-01 -2.29175763e-01
 -1.92909890e-01]
1272,[ 1.87341641e-01  9.95748188e-02 -5.81126964e-02  1.24486053e-01
  3.62000385e-01  9.75050631e-02 -5.67236868e-02  6.64532608e-01
  3.65489884e-01 -5.37113767e-01 -4.74278489e-02 -1.35039476e-01
  1.88073344e-01  4.15931122e-01 -3.25503635e-01  2.18205912e-01
 -1.16664225e-01 -6.25483776e-01  1.12289347e-01  1.35486255e-01
 -4.68505520e-01  2.14097898e-01  2.63969716e-01 -6.31429273e-01
 -4.12731009e-03  3.89762641e-01  7.89703375e-04  4.70022254e-02
 -5.39992454e-01  5.11119441e-01  5.75708571e-01  5.57580391e-01
  6.32267793e-01  2.32793810e-01 -1.77967499e-01  5.69937059e-01
 -1.64973590e-01  4.22591067e-01 -6.19507912e-01  1.30644029e-01
  3.41372162e-01 -6.44360687e-01  1.11283601e-02 -2.27395181e-01
  8.27893383e-02 -2.93824187e-01  2.64694561e-01 -5.16617627e-01
 -2.84327800e-01 -8.26008256e-01 -4.95694223e-01 -2.29172799e-01
 -1.92915488e-01]
1273,[ 1.87361813e-01  9.95829365e-02 -5.81643895e-02  1.24497218e-01
  3.62011913e-01  9.74927033e-02 -5.67055702e-02  6.64513293e-01
  3.65469938e-01 -5.37105367e-01 -4.74249242e-02 -1.35017809e-01
  1.88062657e-01  4.15951481e-01 -3.25504260e-01  2.18222890e-01
 -1.16653467e-01 -6.25477330e-01  1.12277902e-01  1.35498363e-01
 -4.68507286e-01  2.14087085e-01  2.63966071e-01 -6.31446293e-01
 -4.14481757e-03  3.89754214e-01  8.21143245e-04  4.69917145e-02
 -5.40006339e-01  5.11147952e-01  5.75681140e-01  5.57587803e-01
  6.32280403e-01  2.32794334e-01 -1.77956858e-01  5.69940049e-01
 -1.64985182e-01  4.22583392e-01 -6.19503035e-01  1.30631563e-01
  3.41374957e-01 -6.44339644e-01  1.11041172e-02 -2.27397248e-01
  8.27750149e-02 -2.93828414e-01  2.64709885e-01 -5.16583430e-01
 -2.84347347e-01 -8.26005886e-01 -4.95702164e-01 -2.29169837e-01
 -1.92921081e-01]
1274,[ 0.18738196  0.09959105 -0.05821602  0.12450837  0.36202343  0.09748036
 -0.05668747  0.664494    0.36545001 -0.53709698 -0.047422   -0.13499617
  0.18805198  0.41597182 -0.32550488  0.21823985 -0.11664272 -0.62547089
  0.11226647  0.13551046 -0.46850905  0.21407629  0.26396243 -0.63146329
 -0.00416231  0.3897458   0.00085255  0.04698122 -0.54002021  0.51117643
  0.57565374  0.55759521  0.632293    0.23279486 -0.17794623  0.56994304
 -0.16499676  0.42257573 -0.61949816  0.13061911  0.34137775 -0.64431863
  0.0110799  -0.22739931  0.08276071 -0.29383264  0.26472519 -0.51654927
 -0.28436687 -0.82600352 -0.4957101  -0.22916688 -0.19292667]
1275,[ 0.18740209  0.09959914 -0.0582676   0.12451951  0.36203493  0.09746803
 -0.0566694   0.66447473  0.36543011 -0.53708859 -0.04741908 -0.13497455
  0.18804132  0.41599213 -0.32550551  0.21825679 -0.11663199 -0.62546446
  0.11225505  0.13552254 -0.46851081  0.2140655   0.26395879 -0.63148028
 -0.00417977  0.38973739  0.00088392  0.04697073 -0.54003406  0.51120488
  0.57562637  0.5576026   0.63230558  0.23279538 -0.17793561  0.56994602
 -0.16500833  0.42256807 -0.6194933   0.13060667  0.34138054 -0.64429763
  0.01105571 -0.22740137  0.08274642 -0.29383685  0.26474048 -0.51651515
 -0.28438638 -0.82600115 -0.49571802 -0.22916392 -0.19293225]
1276,[ 0.18742219  0.09960723 -0.05831912  0.12453064  0.36204642  0.09745571
 -0.05665134  0.66445548  0.36541024 -0.53708022 -0.04741617 -0.13495295
  0.18803067  0.41601242 -0.32550613  0.21827371 -0.11662127 -0.62545804
  0.11224364  0.13553461 -0.46851257  0.21405472  0.26395516 -0.63149724
 -0.00419722  0.38972899  0.00091525  0.04696025 -0.5400479   0.51123329
  0.57559903  0.55760999  0.63231815  0.2327959  -0.17792501  0.569949
 -0.16501988  0.42256042 -0.61948844  0.13059425  0.34138332 -0.64427666
  0.01103155 -0.22740343  0.08273214 -0.29384107  0.26475575 -0.51648107
 -0.28440586 -0.82599879 -0.49572593 -0.22916097 -0.19293782]
1277,[ 0.18744228  0.09961532 -0.05837058  0.12454175  0.36205789  0.0974434
 -0.05663331  0.66443625  0.36539038 -0.53707186 -0.04741326 -0.13493138
  0.18802003  0.41603269 -0.32550675  0.21829061 -0.11661056 -0.62545162
  0.11223225  0.13554666 -0.46851433  0.21404396  0.26395153 -0.63151418
 -0.00421465  0.3897206   0.00094655  0.04694979 -0.54006173  0.51126168
  0.57557173  0.55761737  0.6323307   0.23279642 -0.17791441  0.56995198
 -0.16503142  0.42255278 -0.61948358  0.13058184  0.34138611 -0.64425571
  0.01100742 -0.22740549  0.08271788 -0.29384527  0.26477101 -0.51644703
 -0.28442532 -0.82599643 -0.49573384 -0.22915803 -0.19294339]
1278,[ 0.18746233  0.09962339 -0.05842198  0.12455285  0.36206936  0.09743111
 -0.05661529  0.66441705  0.36537054 -0.53706351 -0.04741035 -0.13490984
  0.18800941  0.41605293 -0.32550737  0.2183075  -0.11659986 -0.62544521
  0.11222087  0.1355587  -0.46851608  0.21403321  0.26394791 -0.63153111
 -0.00423206  0.38971223  0.00097781  0.04693934 -0.54007553  0.51129003
  0.57554445  0.55762474  0.63234324  0.23279694 -0.17790383  0.56995495
 -0.16504294  0.42254515 -0.61947873  0.13056945  0.34138889 -0.64423479
  0.01098331 -0.22740755  0.08270364 -0.29384948  0.26478624 -0.51641302
 -0.28444476 -0.82599408 -0.49574173 -0.22915508 -0.19294895]
1279,[ 0.18748237  0.09963145 -0.05847333  0.12456394  0.36208081  0.09741884
 -0.0565973   0.66439786  0.36535073 -0.53705516 -0.04740745 -0.13488832
  0.18799879  0.41607315 -0.32550799  0.21832436 -0.11658917 -0.62543881
  0.1122095   0.13557073 -0.46851784  0.21402247  0.26394429 -0.63154801
 -0.00424945  0.38970386  0.00100904  0.0469289  -0.54008932  0.51131835
  0.5755172   0.5576321   0.63235576  0.23279746 -0.17789326  0.56995792
 -0.16505446  0.42253752 -0.61947389  0.13055706  0.34139166 -0.64421388
  0.01095923 -0.2274096   0.08268941 -0.29385368  0.26480146 -0.51637905
 -0.28446417 -0.82599172 -0.49574962 -0.22915214 -0.1929545 ]
1280,[ 0.18750238  0.0996395  -0.05852461  0.12457502  0.36209224  0.09740657
 -0.05657932  0.6643787   0.36533094 -0.53704683 -0.04740454 -0.13486682
  0.18798819  0.41609335 -0.32550861  0.21834121 -0.1165785  -0.62543241
  0.11219815  0.13558274 -0.46851959  0.21401174  0.26394067 -0.6315649
 -0.00426682  0.3896955   0.00104023  0.04691847 -0.5401031   0.51134664
  0.57548999  0.55763946  0.63236828  0.23279798 -0.1778827   0.56996089
 -0.16506596  0.42252991 -0.61946905  0.1305447   0.34139443 -0.64419301
  0.01093518 -0.22741165  0.0826752  -0.29385787  0.26481667 -0.51634512
 -0.28448357 -0.82598937 -0.4957575  -0.2291492  -0.19296005]
1281,[ 0.18752238  0.09964755 -0.05857584  0.12458609  0.36210367  0.09739432
 -0.05656137  0.66435956  0.36531118 -0.5370385  -0.04740165 -0.13484535
  0.1879776   0.41611353 -0.32550923  0.21835803 -0.11656784 -0.62542602
  0.11218681  0.13559474 -0.46852134  0.21400102  0.26393706 -0.63158177
 -0.00428417  0.38968715  0.00107139  0.04690805 -0.54011686  0.51137489
  0.5754628   0.5576468   0.63238077  0.2327985  -0.17787216  0.56996385
 -0.16507744  0.4225223  -0.61946422  0.13053234  0.3413972  -0.64417215
  0.01091115 -0.2274137   0.08266101 -0.29386206  0.26483185 -0.51631123
 -0.28450294 -0.82598702 -0.49576537 -0.22914627 -0.1929656 ]
1282,[ 0.18754234  0.09965559 -0.05862702  0.12459714  0.36211508  0.09738209
 -0.05654344  0.66434044  0.36529143 -0.53703019 -0.04739875 -0.1348239
  0.18796702  0.41613368 -0.32550985  0.21837484 -0.11655719 -0.62541964
  0.11217548  0.13560672 -0.46852308  0.21399032  0.26393345 -0.63159861
 -0.0043015   0.3896788   0.00110251  0.04689765 -0.54013061  0.51140312
  0.57543565  0.55765414  0.63239325  0.23279902 -0.17786163  0.56996681
 -0.16508892  0.4225147  -0.61945939  0.13052     0.34139997 -0.64415132
  0.01088716 -0.22741575  0.08264683 -0.29386624  0.26484702 -0.51627738
 -0.28452229 -0.82598468 -0.49577323 -0.22914333 -0.19297113]
1283,[ 0.18756229  0.09966361 -0.05867813  0.12460818  0.36212648  0.09736987
 -0.05652552  0.66432134  0.36527171 -0.53702188 -0.04739586 -0.13480247
  0.18795645  0.41615381 -0.32551047  0.21839163 -0.11654655 -0.62541327
  0.11216416  0.1356187  -0.46852483  0.21397963  0.26392984 -0.63161544
 -0.00431881  0.38967047  0.0011336   0.04688725 -0.54014434  0.51143131
  0.57540852  0.55766147  0.63240572  0.23279954 -0.1778511   0.56996976
 -0.16510038  0.42250711 -0.61945457  0.13050768  0.34140274 -0.64413052
  0.01086318 -0.22741779  0.08263267 -0.29387042  0.26486217 -0.51624357
 -0.28454162 -0.82598233 -0.49578108 -0.22914041 -0.19297666]
1284,[ 0.18758221  0.09967163 -0.05872919  0.12461921  0.36213787  0.09735766
 -0.05650763  0.66430226  0.36525201 -0.53701358 -0.04739297 -0.13478107
  0.1879459   0.41617392 -0.32551109  0.2184084  -0.11653593 -0.6254069
  0.11215286  0.13563065 -0.46852657  0.21396895  0.26392624 -0.63163225
 -0.0043361   0.38966215  0.00116465  0.04687687 -0.54015805  0.51145947
  0.57538143  0.55766879  0.63241818  0.23280006 -0.17784059  0.56997272
 -0.16511183  0.42249953 -0.61944975  0.13049536  0.3414055  -0.64410973
  0.01083924 -0.22741983  0.08261852 -0.2938746   0.26487731 -0.51620979
 -0.28456092 -0.82597999 -0.49578893 -0.22913748 -0.19298219]
1285,[ 0.18760212  0.09967964 -0.05878018  0.12463022  0.36214924  0.09734547
 -0.05648976  0.66428321  0.36523233 -0.5370053  -0.04739008 -0.13475969
  0.18793536  0.416194   -0.3255117   0.21842515 -0.11652531 -0.62540054
  0.11214156  0.1356426  -0.46852831  0.21395828  0.26392265 -0.63164904
 -0.00435338  0.38965384  0.00119567  0.0468665  -0.54017175  0.5114876
  0.57535437  0.5576761   0.63243062  0.23280057 -0.17783009  0.56997567
 -0.16512327  0.42249196 -0.61944494  0.13048307  0.34140825 -0.64408897
  0.01081532 -0.22742187  0.08260439 -0.29387877  0.26489243 -0.51617605
 -0.28458021 -0.82597765 -0.49579676 -0.22913456 -0.1929877 ]
1286,[ 0.18762199  0.09968764 -0.05883113  0.12464122  0.3621606   0.09733329
 -0.0564719   0.66426417  0.36521268 -0.53699702 -0.0473872  -0.13473834
  0.18792483  0.41621406 -0.32551232  0.21844188 -0.11651471 -0.62539419
  0.11213029  0.13565453 -0.46853005  0.21394763  0.26391905 -0.63166582
 -0.00437063  0.38964553  0.00122665  0.04685615 -0.54018543  0.51151569
  0.57532734  0.55768341  0.63244304  0.23280109 -0.17781961  0.56997861
 -0.16513469  0.4224844  -0.61944013  0.13047078  0.34141101 -0.64406824
  0.01079143 -0.22742391  0.08259027 -0.29388294  0.26490753 -0.51614235
 -0.28459947 -0.82597532 -0.49580458 -0.22913164 -0.19299321]
1287,[ 0.18764185  0.09969563 -0.05888201  0.12465221  0.36217195  0.09732112
 -0.05645407  0.66424516  0.36519304 -0.53698875 -0.04738432 -0.13471701
  0.18791431  0.4162341  -0.32551294  0.21845859 -0.11650412 -0.62538785
  0.11211902  0.13566645 -0.46853179  0.21393698  0.26391547 -0.63168257
 -0.00438786  0.38963724  0.0012576   0.0468458  -0.5401991   0.51154376
  0.57530034  0.55769071  0.63245546  0.2328016  -0.17780913  0.56998156
 -0.1651461   0.42247684 -0.61943533  0.13045851  0.34141376 -0.64404752
  0.01076757 -0.22742594  0.08257617 -0.2938871   0.26492261 -0.51610869
 -0.28461871 -0.82597299 -0.4958124  -0.22912873 -0.19299872]
1288,[ 0.18766168  0.09970361 -0.05893284  0.12466319  0.36218328  0.09730897
 -0.05643626  0.66422617  0.36517343 -0.53698049 -0.04738145 -0.13469571
  0.1879038   0.41625412 -0.32551355  0.21847529 -0.11649354 -0.62538151
  0.11210777  0.13567836 -0.46853353  0.21392635  0.26391188 -0.63169931
 -0.00440508  0.38962895  0.00128852  0.04683546 -0.54021276  0.51157179
  0.57527336  0.55769799  0.63246786  0.23280212 -0.17779867  0.5699845
 -0.1651575   0.4224693  -0.61943054  0.13044625  0.34141651 -0.64402683
  0.01074373 -0.22742798  0.08256209 -0.29389125  0.26493768 -0.51607507
 -0.28463793 -0.82597066 -0.49582021 -0.22912582 -0.19300422]
1289,[ 0.1876815   0.09971158 -0.05898361  0.12467416  0.3621946   0.09729683
 -0.05641846  0.6642072   0.36515384 -0.53697224 -0.04737858 -0.13467443
  0.18789331  0.41627412 -0.32551416  0.21849196 -0.11648298 -0.62537518
  0.11209653  0.13569025 -0.46853526  0.21391573  0.2639083  -0.63171602
 -0.00442227  0.38962068  0.00131939  0.04682514 -0.54022639  0.51159979
  0.57524642  0.55770527  0.63248024  0.23280263 -0.17778822  0.56998743
 -0.16516888  0.42246176 -0.61942575  0.13043401  0.34141925 -0.64400617
  0.01071992 -0.22743001  0.08254802 -0.2938954   0.26495273 -0.51604148
 -0.28465713 -0.82596833 -0.49582801 -0.22912291 -0.19300971]
1290,[ 0.18770129  0.09971955 -0.05903432  0.12468511  0.36220591  0.0972847
 -0.05640069  0.66418825  0.36513427 -0.536964   -0.04737571 -0.13465317
  0.18788282  0.41629409 -0.32551478  0.21850862 -0.11647242 -0.62536885
  0.1120853   0.13570213 -0.46853699  0.21390513  0.26390473 -0.63173272
 -0.00443945  0.38961241  0.00135024  0.04681483 -0.54024001  0.51162776
  0.57521951  0.55771255  0.63249261  0.23280315 -0.17777778  0.56999037
 -0.16518025  0.42245423 -0.61942096  0.13042178  0.341422   -0.64398552
  0.01069614 -0.22743203  0.08253397 -0.29389955  0.26496776 -0.51600793
 -0.28467631 -0.825966   -0.4958358  -0.22912    -0.1930152 ]
1291,[ 0.18772105  0.0997275  -0.05908497  0.12469605  0.36221721  0.09727259
 -0.05638294  0.66416932  0.36511473 -0.53695577 -0.04737284 -0.13463194
  0.18787235  0.41631404 -0.32551539  0.21852526 -0.11646188 -0.62536254
  0.11207408  0.13571399 -0.46853872  0.21389453  0.26390115 -0.6317494
 -0.0044566   0.38960415  0.00138105  0.04680453 -0.54025362  0.5116557
  0.57519263  0.55771981  0.63250497  0.23280366 -0.17776735  0.5699933
 -0.16519161  0.42244671 -0.61941619  0.13040957  0.34142473 -0.6439649
  0.01067238 -0.22743406  0.08251994 -0.29390369  0.26498277 -0.51597442
 -0.28469546 -0.82596368 -0.49584358 -0.2291171  -0.19302068]
1292,[ 0.1877408   0.09973545 -0.05913557  0.12470698  0.36222849  0.09726049
 -0.0563652   0.66415042  0.3650952  -0.53694754 -0.04736998 -0.13461073
  0.18786189  0.41633397 -0.325516    0.21854188 -0.11645135 -0.62535623
  0.11206288  0.13572584 -0.46854045  0.21388395  0.26389759 -0.63176606
 -0.00447374  0.38959591  0.00141182  0.04679424 -0.54026721  0.51168361
  0.57516578  0.55772706  0.63251731  0.23280417 -0.17775694  0.56999622
 -0.16520296  0.4224392  -0.61941141  0.13039737  0.34142747 -0.6439443
  0.01064865 -0.22743608  0.08250592 -0.29390783  0.26499777 -0.51594095
 -0.2847146  -0.82596136 -0.49585135 -0.2291142  -0.19302615]
1293,[ 0.18776052  0.09974338 -0.05918611  0.12471789  0.36223976  0.09724841
 -0.05634749  0.66413153  0.3650757  -0.53693933 -0.04736712 -0.13458955
  0.18785144  0.41635387 -0.32551661  0.21855848 -0.11644083 -0.62534993
  0.11205169  0.13573768 -0.46854218  0.21387338  0.26389402 -0.6317827
 -0.00449086  0.38958767  0.00144256  0.04678396 -0.54028079  0.51171149
  0.57513896  0.55773431  0.63252964  0.23280469 -0.17774653  0.56999915
 -0.16521429  0.42243169 -0.61940664  0.13038518  0.3414302  -0.64392373
  0.01062495 -0.2274381   0.08249191 -0.29391196  0.26501275 -0.51590751
 -0.28473371 -0.82595905 -0.49585912 -0.22911131 -0.19303162]
1294,[ 0.18778022  0.09975131 -0.0592366   0.1247288   0.36225102  0.09723634
 -0.0563298   0.66411267  0.36505622 -0.53693113 -0.04736426 -0.13456839
  0.18784101  0.41637375 -0.32551722  0.21857506 -0.11643033 -0.62534363
  0.11204051  0.13574951 -0.4685439   0.21386282  0.26389046 -0.63179932
 -0.00450795  0.38957944  0.00147326  0.0467737  -0.54029435  0.51173933
  0.57511217  0.55774155  0.63254195  0.2328052  -0.17773614  0.57000207
 -0.16522561  0.4224242  -0.61940188  0.130373    0.34143293 -0.64390318
  0.01060127 -0.22744012  0.08247792 -0.29391609  0.26502772 -0.51587412
 -0.2847528  -0.82595673 -0.49586687 -0.22910841 -0.19303708]
1295,[ 0.1877999   0.09975923 -0.05928703  0.12473969  0.36226227  0.09722428
 -0.05631213  0.66409383  0.36503677 -0.53692293 -0.04736141 -0.13454725
  0.18783058  0.41639361 -0.32551783  0.21859162 -0.11641983 -0.62533734
  0.11202935  0.13576132 -0.46854562  0.21385227  0.26388691 -0.63181592
 -0.00452503  0.38957122  0.00150393  0.04676345 -0.5403079   0.51176715
  0.57508542  0.55774878  0.63255426  0.23280571 -0.17772576  0.57000498
 -0.16523692  0.42241671 -0.61939712  0.13036084  0.34143566 -0.64388265
  0.01057763 -0.22744214  0.08246395 -0.29392022  0.26504267 -0.51584076
 -0.28477187 -0.82595442 -0.49587462 -0.22910553 -0.19304254]
1296,[ 0.18781956  0.09976714 -0.0593374   0.12475057  0.3622735   0.09721224
 -0.05629447  0.66407501  0.36501733 -0.53691475 -0.04735856 -0.13452614
  0.18782017  0.41641345 -0.32551844  0.21860816 -0.11640935 -0.62533106
  0.1120182   0.13577312 -0.46854734  0.21384173  0.26388335 -0.63183251
 -0.00454209  0.38956301  0.00153457  0.0467532  -0.54032143  0.51179493
  0.57505869  0.55775601  0.63256654  0.23280622 -0.17771539  0.5700079
 -0.16524821  0.42240923 -0.61939237  0.1303487   0.34143838 -0.64386215
  0.010554   -0.22744415  0.08244999 -0.29392433  0.2650576  -0.51580743
 -0.28479092 -0.82595211 -0.49588236 -0.22910264 -0.19304799]
1297,[ 0.18783919  0.09977504 -0.05938771  0.12476144  0.36228472  0.09720021
 -0.05627684  0.66405621  0.36499792 -0.53690657 -0.04735571 -0.13450505
  0.18780977  0.41643327 -0.32551905  0.21862469 -0.11639888 -0.62532479
  0.11200706  0.1357849  -0.46854906  0.21383121  0.26387981 -0.63184907
 -0.00455913  0.38955481  0.00156517  0.04674297 -0.54033494  0.51182268
  0.57503199  0.55776322  0.63257882  0.23280673 -0.17770503  0.57001081
 -0.16525949  0.42240176 -0.61938763  0.13033656  0.3414411  -0.64384167
  0.01053041 -0.22744616  0.08243605 -0.29392845  0.26507251 -0.51577415
 -0.28480994 -0.8259498  -0.49589008 -0.22909976 -0.19305343]
1298,[ 0.1878588   0.09978293 -0.05943797  0.12477229  0.36229593  0.09718819
 -0.05625923  0.66403743  0.36497852 -0.5368984  -0.04735287 -0.13448398
  0.18779938  0.41645306 -0.32551966  0.2186412  -0.11638842 -0.62531852
  0.11199593  0.13579667 -0.46855078  0.2138207   0.26387626 -0.63186562
 -0.00457615  0.38954661  0.00159574  0.04673275 -0.54034844  0.5118504
  0.57500532  0.55777043  0.63259108  0.23280724 -0.17769469  0.57001372
 -0.16527076  0.4223943  -0.61938288  0.13032444  0.34144382 -0.64382121
  0.01050684 -0.22744817  0.08242213 -0.29393256  0.26508741 -0.5157409
 -0.28482895 -0.8259475  -0.49589781 -0.22909688 -0.19305887]
1299,[ 0.18787839  0.09979082 -0.05948817  0.12478313  0.36230712  0.09717619
 -0.05624163  0.66401867  0.36495915 -0.53689024 -0.04735003 -0.13446294
  0.187789    0.41647283 -0.32552026  0.21865769 -0.11637797 -0.62531226
  0.11198482  0.13580843 -0.46855249  0.2138102   0.26387272 -0.63188215
 -0.00459316  0.38953843  0.00162627  0.04672255 -0.54036192  0.51187809
  0.57497868  0.55777762  0.63260332  0.23280775 -0.17768435  0.57001662
 -0.16528202  0.42238684 -0.61937815  0.13031234  0.34144654 -0.64380077
  0.01048329 -0.22745018  0.08240822 -0.29393666  0.26510229 -0.51570769
 -0.28484793 -0.8259452  -0.49590552 -0.229094   -0.1930643 ]
1300,[ 0.18789796  0.09979869 -0.05953831  0.12479396  0.3623183   0.0971642
 -0.05622406  0.66399994  0.36493981 -0.5368821  -0.04734719 -0.13444192
  0.18777863  0.41649258 -0.32552087  0.21867416 -0.11636754 -0.62530601
  0.11197371  0.13582018 -0.4685542   0.21379971  0.26386919 -0.63189866
 -0.00461014  0.38953026  0.00165677  0.04671235 -0.54037539  0.51190574
  0.57495207  0.55778482  0.63261555  0.23280825 -0.17767403  0.57001952
 -0.16529326  0.4223794  -0.61937342  0.13030025  0.34144925 -0.64378036
  0.01045978 -0.22745219  0.08239432 -0.29394076  0.26511716 -0.51567452
 -0.28486689 -0.8259429  -0.49591322 -0.22909113 -0.19306972]
1301,[ 0.18791751  0.09980656 -0.0595884   0.12480478  0.36232947  0.09715222
 -0.0562065   0.66398122  0.36492048 -0.53687396 -0.04734436 -0.13442093
  0.18776828  0.41651231 -0.32552148  0.21869061 -0.11635711 -0.62529976
  0.11196262  0.13583191 -0.46855591  0.21378923  0.26386565 -0.63191515
 -0.0046271   0.38952209  0.00168723  0.04670217 -0.54038885  0.51193337
  0.57492549  0.557792    0.63262777  0.23280876 -0.17766372  0.57002242
 -0.1653045   0.42237196 -0.61936869  0.13028817  0.34145196 -0.64375997
  0.01043629 -0.22745419  0.08238044 -0.29394486  0.265132   -0.51564138
 -0.28488583 -0.8259406  -0.49592091 -0.22908826 -0.19307514]
1302,[ 0.18793703  0.09981441 -0.05963843  0.12481559  0.36234063  0.09714026
 -0.05618897  0.66396253  0.36490117 -0.53686583 -0.04734153 -0.13439996
  0.18775794  0.41653201 -0.32552208  0.21870704 -0.1163467  -0.62529352
  0.11195155  0.13584363 -0.46855762  0.21377877  0.26386213 -0.63193162
 -0.00464405  0.38951394  0.00171766  0.04669199 -0.54040229  0.51196096
  0.57489894  0.55779917  0.63263998  0.23280927 -0.17765342  0.57002531
 -0.16531571  0.42236453 -0.61936397  0.1302761   0.34145466 -0.64373961
  0.01041282 -0.22745619  0.08236658 -0.29394895  0.26514684 -0.51560828
 -0.28490475 -0.82593831 -0.4959286  -0.22908539 -0.19308056]
1303,[ 0.18795653  0.09982226 -0.05968841  0.12482638  0.36235178  0.09712831
 -0.05617145  0.66394386  0.36488189 -0.5368577  -0.0473387  -0.13437901
  0.18774761  0.41655169 -0.32552268  0.21872345 -0.1163363  -0.62528729
  0.11194048  0.13585533 -0.46855933  0.21376831  0.2638586  -0.63194808
 -0.00466097  0.38950579  0.00174805  0.04668183 -0.54041571  0.51198853
  0.57487242  0.55780634  0.63265217  0.23280977 -0.17764313  0.5700282
 -0.16532692  0.42235711 -0.61935926  0.13026405  0.34145736 -0.64371926
  0.01038939 -0.22745819  0.08235273 -0.29395304  0.26516165 -0.51557522
 -0.28492365 -0.82593602 -0.49593628 -0.22908253 -0.19308596]
1304,[ 0.18797601  0.0998301  -0.05973833  0.12483716  0.36236291  0.09711638
 -0.05615396  0.66392521  0.36486263 -0.53684959 -0.04733588 -0.13435809
  0.18773729  0.41657135 -0.32552329  0.21873985 -0.11632591 -0.62528107
  0.11192943  0.13586702 -0.46856103  0.21375787  0.26385508 -0.63196451
 -0.00467788  0.38949766  0.00177841  0.04667168 -0.54042912  0.51201606
  0.57484593  0.5578135   0.63266434  0.23281028 -0.17763286  0.57003109
 -0.16533811  0.4223497  -0.61935455  0.13025201  0.34146006 -0.64369894
  0.01036598 -0.22746018  0.0823389  -0.29395712  0.26517645 -0.5155422
 -0.28494253 -0.82593373 -0.49594394 -0.22907967 -0.19309136]
1305,[ 0.18799547  0.09983793 -0.05978819  0.12484793  0.36237403  0.09710445
 -0.05613649  0.66390657  0.36484339 -0.53684149 -0.04733305 -0.13433719
  0.18772698  0.41659099 -0.32552389  0.21875623 -0.11631554 -0.62527485
  0.11191839  0.1358787  -0.46856273  0.21374744  0.26385157 -0.63198093
 -0.00469477  0.38948953  0.00180874  0.04666154 -0.54044251  0.51204356
  0.57481947  0.55782065  0.63267651  0.23281079 -0.17762259  0.57003397
 -0.1653493   0.4223423  -0.61934984  0.13023999  0.34146276 -0.64367864
  0.01034259 -0.22746218  0.08232509 -0.2939612   0.26519123 -0.51550921
 -0.28496138 -0.82593144 -0.4959516  -0.22907682 -0.19309676]
1306,[ 0.1880149   0.09984575 -0.05983799  0.12485869  0.36238513  0.09709254
 -0.05611903  0.66388797  0.36482417 -0.5368334  -0.04733024 -0.13431631
  0.18771668  0.4166106  -0.32552449  0.21877259 -0.11630517 -0.62526864
  0.11190736  0.13589037 -0.46856444  0.21373702  0.26384805 -0.63199733
 -0.00471164  0.38948141  0.00183903  0.04665142 -0.54045589  0.51207103
  0.57479304  0.55782779  0.63268866  0.23281129 -0.17761234  0.57003685
 -0.16536046  0.4223349  -0.61934514  0.13022798  0.34146545 -0.64365837
  0.01031923 -0.22746417  0.08231129 -0.29396527  0.26520599 -0.51547626
 -0.28498022 -0.82592916 -0.49595926 -0.22907396 -0.19310215]
1307,[ 0.18803432  0.09985357 -0.05988774  0.12486944  0.36239623  0.09708065
 -0.05610159  0.66386938  0.36480498 -0.53682531 -0.04732742 -0.13429546
  0.1877064   0.4166302  -0.32552509  0.21878893 -0.11629482 -0.62526244
  0.11189635  0.13590202 -0.46856613  0.21372662  0.26384455 -0.63201371
 -0.00472849  0.3894733   0.00186929  0.0466413  -0.54046926  0.51209847
  0.57476664  0.55783492  0.63270079  0.23281179 -0.1776021   0.57003973
 -0.16537162  0.42232752 -0.61934045  0.13021598  0.34146814 -0.64363812
  0.0102959  -0.22746616  0.0822975  -0.29396934  0.26522074 -0.51544335
 -0.28499903 -0.82592688 -0.4959669  -0.22907111 -0.19310753]
1308,[ 0.18805371  0.09986137 -0.05993744  0.12488017  0.36240731  0.09706877
 -0.05608418  0.66385081  0.3647858  -0.53681724 -0.04732461 -0.13427463
  0.18769613  0.41664977 -0.32552569  0.21880525 -0.11628447 -0.62525624
  0.11188535  0.13591366 -0.46856783  0.21371622  0.26384104 -0.63203007
 -0.00474532  0.3894652   0.00189952  0.0466312  -0.54048261  0.51212588
  0.57474027  0.55784205  0.63271292  0.2328123  -0.17759187  0.57004261
 -0.16538276  0.42232014 -0.61933576  0.130204    0.34147083 -0.64361789
  0.0102726  -0.22746815  0.08228373 -0.2939734   0.26523547 -0.51541048
 -0.28501782 -0.8259246  -0.49597453 -0.22906827 -0.1931129 ]
1309,[ 0.18807308  0.09986916 -0.05998708  0.12489089  0.36241838  0.0970569
 -0.05606678  0.66383226  0.36476665 -0.53680917 -0.0473218  -0.13425382
  0.18768586  0.41666932 -0.32552629  0.21882155 -0.11627414 -0.62525005
  0.11187436  0.13592529 -0.46856953  0.21370584  0.26383754 -0.63204641
 -0.00476213  0.38945711  0.00192971  0.0466211  -0.54049594  0.51215326
  0.57471393  0.55784917  0.63272502  0.2328128  -0.17758165  0.57004548
 -0.16539389  0.42231277 -0.61933108  0.13019203  0.34147351 -0.64359768
  0.01024932 -0.22747013  0.08226998 -0.29397746  0.26525018 -0.51537764
 -0.28503659 -0.82592232 -0.49598216 -0.22906542 -0.19311828]
1310,[ 0.18809243  0.09987695 -0.06003666  0.1249016   0.36242944  0.09704504
 -0.0560494   0.66381374  0.36474752 -0.53680111 -0.047319   -0.13423304
  0.18767561  0.41668884 -0.32552689  0.21883784 -0.11626383 -0.62524387
  0.11186338  0.1359369  -0.46857122  0.21369547  0.26383405 -0.63206274
 -0.00477892  0.38944903  0.00195986  0.04661102 -0.54050926  0.51218061
  0.57468762  0.55785628  0.63273712  0.2328133  -0.17757145  0.57004834
 -0.16540501  0.42230541 -0.6193264   0.13018007  0.34147619 -0.6435775
  0.01022606 -0.22747211  0.08225624 -0.29398152  0.26526488 -0.51534484
 -0.28505534 -0.82592005 -0.49598977 -0.22906258 -0.19312364]
1311,[ 0.18811176  0.09988473 -0.06008619  0.1249123   0.36244048  0.0970332
 -0.05603205  0.66379523  0.36472841 -0.53679306 -0.0473162  -0.13421228
  0.18766538  0.41670835 -0.32552749  0.2188541  -0.11625352 -0.62523769
  0.11185241  0.1359485  -0.46857291  0.21368511  0.26383055 -0.63207905
 -0.00479569  0.38944095  0.00198998  0.04660095 -0.54052256  0.51220792
  0.57466134  0.55786338  0.6327492   0.2328138  -0.17756125  0.57005121
 -0.16541612  0.42229805 -0.61932173  0.13016813  0.34147887 -0.64355734
  0.01020284 -0.22747409  0.08224252 -0.29398557  0.26527956 -0.51531207
 -0.28507407 -0.82591778 -0.49599738 -0.22905974 -0.193129  ]
1312,[ 0.18813106  0.0998925  -0.06013566  0.12492298  0.36245151  0.09702137
 -0.05601471  0.66377675  0.36470932 -0.53678502 -0.0473134  -0.13419154
  0.18765515  0.41672783 -0.32552809  0.21887035 -0.11624322 -0.62523152
  0.11184146  0.13596009 -0.4685746   0.21367476  0.26382706 -0.63209533
 -0.00481245  0.38943289  0.00202007  0.04659089 -0.54053585  0.51223521
  0.57463509  0.55787047  0.63276127  0.23281431 -0.17755107  0.57005407
 -0.16542721  0.42229071 -0.61931706  0.1301562   0.34148155 -0.6435372
  0.01017964 -0.22747607  0.08222881 -0.29398961  0.26529423 -0.51527935
 -0.28509278 -0.82591551 -0.49600498 -0.22905691 -0.19313435]
1313,[ 0.18815034  0.09990026 -0.06018507  0.12493365  0.36246253  0.09700956
 -0.05599739  0.66375828  0.36469025 -0.53677699 -0.0473106  -0.13417083
  0.18764493  0.41674729 -0.32552869  0.21888658 -0.11623294 -0.62522536
  0.11183052  0.13597167 -0.46857629  0.21366443  0.26382358 -0.6321116
 -0.00482918  0.38942483  0.00205013  0.04658084 -0.54054912  0.51226247
  0.57460887  0.55787756  0.63277332  0.23281481 -0.17754089  0.57005693
 -0.16543829  0.42228337 -0.6193124   0.13014428  0.34148422 -0.64351709
  0.01015646 -0.22747805  0.08221512 -0.29399365  0.26530888 -0.51524666
 -0.28511146 -0.82591325 -0.49601257 -0.22905408 -0.1931397 ]
1314,[ 0.18816961  0.09990801 -0.06023443  0.12494432  0.36247354  0.09699776
 -0.05598009  0.66373984  0.36467121 -0.53676897 -0.04730781 -0.13415014
  0.18763473  0.41676673 -0.32552929  0.2189028  -0.11622267 -0.6252192
  0.11181959  0.13598323 -0.46857797  0.2136541   0.2638201  -0.63212786
 -0.0048459   0.38941679  0.00208015  0.04657081 -0.54056238  0.51228969
  0.57458268  0.55788463  0.63278536  0.23281531 -0.17753073  0.57005978
 -0.16544936  0.42227604 -0.61930774  0.13013238  0.34148689 -0.64349699
  0.01013331 -0.22748002  0.08220144 -0.29399769  0.26532351 -0.515214
 -0.28513013 -0.82591098 -0.49602015 -0.22905125 -0.19314504]
1315,[ 0.18818885  0.09991575 -0.06028374  0.12495496  0.36248454  0.09698597
 -0.05596281  0.66372142  0.36465218 -0.53676096 -0.04730502 -0.13412947
  0.18762454  0.41678615 -0.32552988  0.21891899 -0.11621241 -0.62521306
  0.11180868  0.13599478 -0.46857966  0.21364379  0.26381662 -0.63214409
 -0.0048626   0.38940875  0.00211013  0.04656078 -0.54057563  0.51231688
  0.57455651  0.5578917   0.63279739  0.23281581 -0.17752058  0.57006264
 -0.16546042  0.42226872 -0.61930309  0.13012049  0.34148955 -0.64347692
  0.01011019 -0.22748199  0.08218778 -0.29400172  0.26533812 -0.51518139
 -0.28514877 -0.82590872 -0.49602773 -0.22904843 -0.19315037]
1316,[ 0.18820806  0.09992348 -0.06033298  0.1249656   0.36249552  0.09697419
 -0.05594555  0.66370302  0.36463318 -0.53675296 -0.04730223 -0.13410883
  0.18761436  0.41680555 -0.32553048  0.21893517 -0.11620216 -0.62520692
  0.11179777  0.13600631 -0.46858134  0.21363349  0.26381315 -0.6321603
 -0.00487928  0.38940072  0.00214009  0.04655077 -0.54058885  0.51234405
  0.57453038  0.55789877  0.6328094   0.2328163  -0.17751045  0.57006548
 -0.16547146  0.42226141 -0.61929845  0.13010861  0.34149222 -0.64345687
  0.01008709 -0.22748396  0.08217413 -0.29400575  0.26535272 -0.51514881
 -0.2851674  -0.82590647 -0.49603529 -0.22904561 -0.1931557 ]
1317,[ 0.18822726  0.09993121 -0.06038218  0.12497623  0.36250649  0.09696243
 -0.05592831  0.66368464  0.3646142  -0.53674496 -0.04729945 -0.13408821
  0.18760419  0.41682492 -0.32553107  0.21895132 -0.11619192 -0.62520078
  0.11178688  0.13601783 -0.46858302  0.2136232   0.26380968 -0.6321765
 -0.00489594  0.3893927   0.00217001  0.04654077 -0.54060207  0.51237118
  0.57450428  0.55790582  0.6328214   0.2328168  -0.17750032  0.57006833
 -0.16548249  0.42225411 -0.61929381  0.13009675  0.34149488 -0.64343685
  0.01006402 -0.22748593  0.0821605  -0.29400977  0.2653673  -0.51511626
 -0.285186   -0.82590421 -0.49604285 -0.22904279 -0.19316102]
1318,[ 0.18824644  0.09993893 -0.06043131  0.12498684  0.36251745  0.09695068
 -0.05591109  0.66366628  0.36459524 -0.53673698 -0.04729667 -0.13406762
  0.18759403  0.41684427 -0.32553167  0.21896746 -0.11618169 -0.62519465
  0.111776    0.13602934 -0.4685847   0.21361292  0.26380622 -0.63219268
 -0.00491258  0.38938469  0.00219989  0.04653078 -0.54061527  0.51239828
  0.5744782   0.55791287  0.63283339  0.2328173  -0.1774902   0.57007117
 -0.16549351  0.42224681 -0.61928917  0.1300849   0.34149753 -0.64341685
  0.01004098 -0.22748789  0.08214689 -0.29401379  0.26538187 -0.51508376
 -0.28520458 -0.82590196 -0.4960504  -0.22903997 -0.19316634]
1319,[ 0.18826559  0.09994663 -0.0604804   0.12499744  0.36252839  0.09693895
 -0.05589389  0.66364794  0.3645763  -0.536729   -0.04729389 -0.13404704
  0.18758388  0.4168636  -0.32553226  0.21898358 -0.11617148 -0.62518853
  0.11176514  0.13604084 -0.46858637  0.21360266  0.26380275 -0.63220884
 -0.00492921  0.38937669  0.00222974  0.0465208  -0.54062845  0.51242535
  0.57445216  0.5579199   0.63284536  0.2328178  -0.1774801   0.57007401
 -0.16550451  0.42223952 -0.61928454  0.13007307  0.34150019 -0.64339687
  0.01001796 -0.22748986  0.08213329 -0.2940178   0.26539642 -0.51505129
 -0.28522314 -0.82589971 -0.49605794 -0.22903716 -0.19317165]
1320,[ 0.18828472  0.09995433 -0.06052942  0.12500803  0.36253933  0.09692722
 -0.05587671  0.66362962  0.36455738 -0.53672103 -0.04729112 -0.13402649
  0.18757375  0.41688291 -0.32553285  0.21899969 -0.11616128 -0.62518242
  0.11175428  0.13605232 -0.46858805  0.2135924   0.2637993  -0.63222498
 -0.00494581  0.3893687   0.00225956  0.04651083 -0.54064162  0.51245239
  0.57442614  0.55792693  0.63285732  0.23281829 -0.17747001  0.57007685
 -0.16551551  0.42223224 -0.61927991  0.13006124  0.34150284 -0.64337691
  0.00999497 -0.22749182  0.0821197  -0.29402181  0.26541095 -0.51501885
 -0.28524168 -0.82589746 -0.49606547 -0.22903435 -0.19317695]
1321,[ 0.18830383  0.09996202 -0.06057839  0.12501861  0.36255025  0.09691552
 -0.05585955  0.66361132  0.36453849 -0.53671308 -0.04728835 -0.13400597
  0.18756362  0.4169022  -0.32553344  0.21901577 -0.11615108 -0.62517631
  0.11174344  0.13606379 -0.46858972  0.21358216  0.26379584 -0.63224111
 -0.0049624   0.38936072  0.00228935  0.04650087 -0.54065477  0.5124794
  0.57440015  0.55793396  0.63286927  0.23281879 -0.17745993  0.57007968
 -0.16552649  0.42222497 -0.61927529  0.13004943  0.34150549 -0.64335698
  0.009972   -0.22749378  0.08210613 -0.29402582  0.26542547 -0.51498646
 -0.2852602  -0.82589522 -0.49607299 -0.22903155 -0.19318225]
1322,[ 0.18832292  0.0999697  -0.06062731  0.12502917  0.36256116  0.09690382
 -0.0558424   0.66359304  0.36451961 -0.53670513 -0.04728558 -0.13398546
  0.18755351  0.41692146 -0.32553403  0.21903184 -0.1161409  -0.62517021
  0.11173261  0.13607525 -0.46859139  0.21357193  0.26379239 -0.63225721
 -0.00497896  0.38935275  0.0023191   0.04649092 -0.54066791  0.51250638
  0.5743742   0.55794097  0.6328812   0.23281929 -0.17744986  0.57008251
 -0.16553746  0.42221771 -0.61927068  0.13003764  0.34150813 -0.64333706
  0.00994906 -0.22749573  0.08209258 -0.29402982  0.26543997 -0.5149541
 -0.2852787  -0.82589297 -0.49608051 -0.22902874 -0.19318754]
1323,[ 0.18834199  0.09997738 -0.06067617  0.12503973  0.36257205  0.09689214
 -0.05582528  0.66357479  0.36450076 -0.53669719 -0.04728282 -0.13396498
  0.18754341  0.41694071 -0.32553463  0.21904789 -0.11613074 -0.62516412
  0.11172179  0.1360867  -0.46859306  0.21356171  0.26378895 -0.6322733
 -0.00499551  0.38934478  0.00234882  0.04648099 -0.54068104  0.51253333
  0.57434827  0.55794798  0.63289312  0.23281978 -0.1774398   0.57008534
 -0.16554841  0.42221045 -0.61926607  0.13002586  0.34151077 -0.64331717
  0.00992615 -0.22749769  0.08207904 -0.29403381  0.26545445 -0.51492177
 -0.28529717 -0.82589073 -0.49608801 -0.22902595 -0.19319283]
1324,[ 0.18836103  0.09998504 -0.06072498  0.12505027  0.36258294  0.09688047
 -0.05580817  0.66355655  0.36448193 -0.53668926 -0.04728005 -0.13394452
  0.18753332  0.41695993 -0.32553522  0.21906392 -0.11612058 -0.62515804
  0.11171098  0.13609813 -0.46859472  0.2135515   0.26378551 -0.63228937
 -0.00501204  0.38933683  0.0023785   0.04647106 -0.54069415  0.51256025
  0.57432237  0.55795498  0.63290503  0.23282028 -0.17742975  0.57008816
 -0.16555936  0.42220321 -0.61926147  0.13001409  0.34151341 -0.64329731
  0.00990326 -0.22749964  0.08206552 -0.2940378   0.26546892 -0.51488948
 -0.28531563 -0.8258885  -0.49609551 -0.22902315 -0.19319811]
1325,[ 0.18838006  0.0999927  -0.06077373  0.1250608   0.36259381  0.09686881
 -0.05579109  0.66353834  0.36446311 -0.53668133 -0.0472773  -0.13392409
  0.18752324  0.41697913 -0.32553581  0.21907993 -0.11611043 -0.62515196
  0.11170019  0.13610955 -0.46859639  0.2135413   0.26378207 -0.63230542
 -0.00502855  0.38932888  0.00240815  0.04646115 -0.54070724  0.51258714
  0.5742965   0.55796197  0.63291692  0.23282077 -0.17741972  0.57009098
 -0.16557029  0.42219597 -0.61925687  0.13000233  0.34151605 -0.64327746
  0.00988039 -0.22750159  0.08205201 -0.29404179  0.26548337 -0.51485723
 -0.28533406 -0.82588626 -0.496103   -0.22902036 -0.19320338]
1326,[ 0.18839906  0.10000034 -0.06082243  0.12507131  0.36260467  0.09685717
 -0.05577402  0.66352014  0.36444433 -0.53667342 -0.04727454 -0.13390368
  0.18751318  0.41699831 -0.32553639  0.21909592 -0.1161003  -0.62514588
  0.11168941  0.13612095 -0.46859805  0.21353111  0.26377864 -0.63232145
 -0.00504504  0.38932094  0.00243777  0.04645125 -0.54072033  0.512614
  0.57427066  0.55796895  0.6329288   0.23282126 -0.17740969  0.5700938
 -0.16558121  0.42218874 -0.61925227  0.12999059  0.34151868 -0.64325764
  0.00985756 -0.22750353  0.08203851 -0.29404577  0.26549781 -0.51482502
 -0.28535248 -0.82588403 -0.49611048 -0.22901757 -0.19320865]
1327,[ 0.18841804  0.10000798 -0.06087107  0.12508182  0.36261552  0.09684554
 -0.05575697  0.66350197  0.36442556 -0.53666551 -0.04727179 -0.13388329
  0.18750312  0.41701746 -0.32553698  0.2191119  -0.11609018 -0.62513982
  0.11167864  0.13613235 -0.46859971  0.21352094  0.26377521 -0.63233747
 -0.00506152  0.38931301  0.00246735  0.04644136 -0.54073339  0.51264083
  0.57424485  0.55797592  0.63294066  0.23282176 -0.17739968  0.57009661
 -0.16559212  0.42218152 -0.61924768  0.12997886  0.34152131 -0.64323784
  0.00983474 -0.22750548  0.08202504 -0.29404975  0.26551223 -0.51479284
 -0.28537087 -0.8258818  -0.49611795 -0.22901478 -0.19321391]
1328,[ 0.188437    0.10001561 -0.06091966  0.12509231  0.36262635  0.09683392
 -0.05573995  0.66348381  0.36440681 -0.53665762 -0.04726904 -0.13386292
  0.18749308  0.4170366  -0.32553757  0.21912786 -0.11608006 -0.62513376
  0.11166788  0.13614373 -0.46860137  0.21351078  0.26377178 -0.63235347
 -0.00507797  0.38930509  0.0024969   0.04643148 -0.54074644  0.51266763
  0.57421906  0.55798289  0.63295252  0.23282225 -0.17738968  0.57009942
 -0.16560301  0.4221743  -0.6192431   0.12996714  0.34152394 -0.64321806
  0.00981196 -0.22750742  0.08201157 -0.29405372  0.26552663 -0.5147607
 -0.28538925 -0.82587957 -0.49612542 -0.229012   -0.19321917]
1329,[ 0.18845594  0.10002323 -0.06096819  0.1251028   0.36263717  0.09682232
 -0.05572294  0.66346568  0.36438808 -0.53664973 -0.04726629 -0.13384258
  0.18748304  0.41705571 -0.32553816  0.2191438  -0.11606996 -0.62512771
  0.11165714  0.13615509 -0.46860303  0.21350063  0.26376836 -0.63236945
 -0.00509441  0.38929718  0.00252642  0.04642161 -0.54075948  0.51269439
  0.57419331  0.55798985  0.63296435  0.23282274 -0.17737969  0.57010223
 -0.16561389  0.4221671  -0.61923852  0.12995544  0.34152656 -0.6431983
  0.0097892  -0.22750936  0.08199813 -0.29405769  0.26554102 -0.51472859
 -0.2854076  -0.82587735 -0.49613287 -0.22900922 -0.19322442]
1330,[ 0.18847486  0.10003085 -0.06101667  0.12511327  0.36264798  0.09681072
 -0.05570595  0.66344757  0.36436938 -0.53664185 -0.04726355 -0.13382226
  0.18747302  0.4170748  -0.32553874  0.21915972 -0.11605987 -0.62512166
  0.11164641  0.13616645 -0.46860468  0.21349049  0.26376494 -0.63238541
 -0.00511083  0.38928928  0.0025559   0.04641175 -0.5407725   0.51272113
  0.57416758  0.5579968   0.63297618  0.23282323 -0.17736971  0.57010503
 -0.16562476  0.4221599  -0.61923395  0.12994375  0.34152918 -0.64317857
  0.00976646 -0.2275113   0.08198469 -0.29406165  0.26555539 -0.51469652
 -0.28542593 -0.82587512 -0.49614032 -0.22900644 -0.19322966]
1331,[ 0.18849375  0.10003845 -0.06106509  0.12512373  0.36265878  0.09679915
 -0.05568898  0.66342947  0.36435069 -0.53663399 -0.04726081 -0.13380197
  0.18746301  0.41709388 -0.32553933  0.21917563 -0.1160498  -0.62511563
  0.11163568  0.13617779 -0.46860634  0.21348036  0.26376152 -0.63240135
 -0.00512723  0.38928139  0.00258535  0.04640191 -0.54078551  0.51274784
  0.57414189  0.55800375  0.63298799  0.23282372 -0.17735974  0.57010783
 -0.16563562  0.42215271 -0.61922938  0.12993207  0.3415318  -0.64315886
  0.00974375 -0.22751324  0.08197128 -0.29406561  0.26556974 -0.51466449
 -0.28544424 -0.8258729  -0.49614776 -0.22900367 -0.1932349 ]
1332,[ 0.18851263  0.10004605 -0.06111346  0.12513417  0.36266957  0.09678758
 -0.05567202  0.6634114   0.36433203 -0.53662613 -0.04725808 -0.13378169
  0.18745301  0.41711292 -0.32553991  0.21919151 -0.11603973 -0.62510959
  0.11162498  0.13618912 -0.46860799  0.21347024  0.26375811 -0.63241728
 -0.00514361  0.3892735   0.00261477  0.04639207 -0.5407985   0.51277452
  0.57411622  0.55801068  0.63299979  0.23282421 -0.17734978  0.57011063
 -0.16564647  0.42214553 -0.61922482  0.12992041  0.34153442 -0.64313917
  0.00972107 -0.22751517  0.08195787 -0.29406957  0.26558408 -0.51463249
 -0.28546253 -0.82587069 -0.49615519 -0.22900089 -0.19324014]
1333,[ 0.18853148  0.10005363 -0.06116177  0.12514461  0.36268034  0.09677603
 -0.05565509  0.66339335  0.36431339 -0.53661827 -0.04725534 -0.13376144
  0.18744303  0.41713195 -0.3255405   0.21920738 -0.11602968 -0.62510357
  0.11161428  0.13620044 -0.46860964  0.21346014  0.26375471 -0.63243318
 -0.00515997  0.38926563  0.00264416  0.04638225 -0.54081148  0.51280117
  0.57409059  0.55801761  0.63301158  0.2328247  -0.17733984  0.57011342
 -0.1656573   0.42213836 -0.61922026  0.12990876  0.34153703 -0.6431195
  0.00969841 -0.2275171   0.08194449 -0.29407352  0.2655984  -0.51460053
 -0.2854808  -0.82586847 -0.49616261 -0.22899813 -0.19324536]
1334,[ 0.18855031  0.10006121 -0.06121003  0.12515503  0.36269111  0.09676449
 -0.05563818  0.66337532  0.36429477 -0.53661043 -0.04725261 -0.13374121
  0.18743305  0.41715096 -0.32554108  0.21922323 -0.11601963 -0.62509755
  0.11160359  0.13621174 -0.46861129  0.21345004  0.2637513  -0.63244907
 -0.00517632  0.38925776  0.00267351  0.04637244 -0.54082444  0.51282778
  0.57406498  0.55802453  0.63302335  0.23282519 -0.1773299   0.57011622
 -0.16566812  0.42213119 -0.6192157   0.12989712  0.34153964 -0.64309986
  0.00967578 -0.22751903  0.08193112 -0.29407747  0.26561271 -0.5145686
 -0.28549905 -0.82586626 -0.49617002 -0.22899536 -0.19325058]
1335,[ 0.18856913  0.10006878 -0.06125824  0.12516544  0.36270186  0.09675297
 -0.05562128  0.6633573   0.36427617 -0.5366026  -0.04724988 -0.13372101
  0.18742308  0.41716994 -0.32554166  0.21923906 -0.1160096  -0.62509154
  0.11159292  0.13622303 -0.46861293  0.21343996  0.2637479  -0.63246494
 -0.00519264  0.3892499   0.00270283  0.04636264 -0.54083739  0.51285437
  0.5740394   0.55803144  0.63303511  0.23282568 -0.17731998  0.570119
 -0.16567893  0.42212403 -0.61921116  0.12988549  0.34154225 -0.64308023
  0.00965317 -0.22752096  0.08191776 -0.29408141  0.26562699 -0.51453671
 -0.28551728 -0.82586405 -0.49617743 -0.2289926  -0.1932558 ]
1336,[ 0.18858792  0.10007634 -0.06130639  0.12517584  0.36271259  0.09674145
 -0.05560441  0.66333931  0.36425759 -0.53659477 -0.04724716 -0.13370082
  0.18741313  0.41718891 -0.32554224  0.21925488 -0.11599958 -0.62508554
  0.11158226  0.13623431 -0.46861458  0.21342989  0.26374451 -0.6324808
 -0.00520895  0.38924205  0.00273211  0.04635284 -0.54085032  0.51288093
  0.57401384  0.55803835  0.63304685  0.23282617 -0.17731007  0.57012179
 -0.16568973  0.42211688 -0.61920661  0.12987388  0.34154485 -0.64306063
  0.00963059 -0.22752289  0.08190442 -0.29408535  0.26564127 -0.51450486
 -0.28553549 -0.82586184 -0.49618482 -0.22898984 -0.19326101]
1337,[ 0.18860668  0.1000839  -0.06135448  0.12518623  0.36272332  0.09672995
 -0.05558755  0.66332134  0.36423903 -0.53658696 -0.04724444 -0.13368066
  0.18740319  0.41720785 -0.32554283  0.21927068 -0.11598957 -0.62507954
  0.11157161  0.13624558 -0.46861622  0.21341983  0.26374112 -0.63249663
 -0.00522524  0.38923421  0.00276137  0.04634306 -0.54086324  0.51290746
  0.57398832  0.55804524  0.63305859  0.23282665 -0.17730017  0.57012457
 -0.16570052  0.42210974 -0.61920208  0.12986228  0.34154745 -0.64304105
  0.00960803 -0.22752481  0.08189109 -0.29408928  0.26565553 -0.51447304
 -0.28555367 -0.82585964 -0.49619221 -0.22898709 -0.19326621]
1338,[ 0.18862543  0.10009144 -0.06140253  0.12519661  0.36273403  0.09671847
 -0.05557072  0.66330339  0.36422049 -0.53657915 -0.04724172 -0.13366053
  0.18739326  0.41722677 -0.32554341  0.21928646 -0.11597957 -0.62507355
  0.11156098  0.13625683 -0.46861786  0.21340978  0.26373773 -0.63251245
 -0.00524151  0.38922638  0.00279059  0.0463333  -0.54087615  0.51293396
  0.57396283  0.55805213  0.63307031  0.23282714 -0.17729028  0.57012735
 -0.16571129  0.42210261 -0.61919754  0.1298507   0.34155005 -0.6430215
  0.0095855  -0.22752673  0.08187778 -0.29409321  0.26566977 -0.51444126
 -0.28557184 -0.82585743 -0.49619959 -0.22898434 -0.19327141]
1339,[ 0.18864416  0.10009898 -0.06145051  0.12520697  0.36274473  0.09670699
 -0.0555539   0.66328546  0.36420198 -0.53657135 -0.04723901 -0.13364041
  0.18738334  0.41724567 -0.32554399  0.21930222 -0.11596959 -0.62506756
  0.11155035  0.13626807 -0.4686195   0.21339974  0.26373435 -0.63252825
 -0.00525777  0.38921856  0.00281977  0.04632354 -0.54088904  0.51296042
  0.57393736  0.55805901  0.63308201  0.23282763 -0.1772804   0.57013013
 -0.16572205  0.42209548 -0.61919302  0.12983913  0.34155264 -0.64300196
  0.009563   -0.22752865  0.08186448 -0.29409713  0.26568399 -0.51440951
 -0.28558999 -0.82585523 -0.49620696 -0.22898159 -0.1932766 ]
1340,[ 0.18866286  0.1001065  -0.06149845  0.12521732  0.36275542  0.09669553
 -0.0555371   0.66326755  0.36418348 -0.53656356 -0.04723629 -0.13362032
  0.18737343  0.41726455 -0.32554457  0.21931796 -0.11595961 -0.62506159
  0.11153974  0.1362793  -0.46862114  0.21338971  0.26373096 -0.63254403
 -0.005274    0.38921075  0.00284893  0.04631379 -0.54090191  0.51298686
  0.57391193  0.55806589  0.6330937   0.23282811 -0.17727053  0.5701329
 -0.1657328   0.42208837 -0.6191885   0.12982757  0.34155524 -0.64298245
  0.00954052 -0.22753057  0.0818512  -0.29410105  0.2656982  -0.5143778
 -0.28560811 -0.82585304 -0.49621433 -0.22897884 -0.19328179]
1341,[ 0.18868155  0.10011402 -0.06154633  0.12522767  0.3627661   0.09668408
 -0.05552032  0.66324966  0.364165   -0.53655578 -0.04723359 -0.13360025
  0.18736353  0.4172834  -0.32554515  0.21933369 -0.11594965 -0.62505562
  0.11152914  0.13629051 -0.46862277  0.2133797   0.26372759 -0.6325598
 -0.00529022  0.38920294  0.00287805  0.04630406 -0.54091478  0.51301327
  0.57388652  0.55807275  0.63310538  0.2328286  -0.17726068  0.57013567
 -0.16574353  0.42208126 -0.61918398  0.12981602  0.34155782 -0.64296296
  0.00951806 -0.22753248  0.08183793 -0.29410497  0.26571239 -0.51434612
 -0.28562622 -0.82585084 -0.49622168 -0.2289761  -0.19328697]
1342,[ 0.18870021  0.10012153 -0.06159416  0.125238    0.36277677  0.09667265
 -0.05550356  0.66323179  0.36414655 -0.53654801 -0.04723088 -0.1335802
  0.18735364  0.41730224 -0.32554572  0.2193494  -0.11593969 -0.62504965
  0.11151855  0.13630171 -0.4686244   0.21336969  0.26372422 -0.63257555
 -0.00530641  0.38919515  0.00290713  0.04629433 -0.54092762  0.51303965
  0.57386114  0.55807961  0.63311705  0.23282908 -0.17725083  0.57013843
 -0.16575426  0.42207416 -0.61917947  0.12980449  0.34156041 -0.64294349
  0.00949563 -0.22753439  0.08182468 -0.29410888  0.26572657 -0.51431449
 -0.28564431 -0.82584865 -0.49622903 -0.22897336 -0.19329214]
1343,[ 0.18871885  0.10012904 -0.06164193  0.12524831  0.36278742  0.09666122
 -0.05548681  0.66321394  0.36412812 -0.53654025 -0.04722818 -0.13356018
  0.18734377  0.41732105 -0.3255463   0.21936509 -0.11592975 -0.6250437
  0.11150797  0.1363129  -0.46862604  0.2133597   0.26372085 -0.63259128
 -0.00532259  0.38918736  0.00293619  0.04628462 -0.54094046  0.513066
  0.57383579  0.55808646  0.63312871  0.23282957 -0.177241    0.5701412
 -0.16576497  0.42206706 -0.61917496  0.12979297  0.34156299 -0.64292404
  0.00947323 -0.2275363   0.08181144 -0.29411278  0.26574073 -0.51428288
 -0.28566237 -0.82584646 -0.49623637 -0.22897062 -0.19329731]
1344,[ 0.18873748  0.10013653 -0.06168965  0.12525862  0.36279806  0.09664982
 -0.05547009  0.66319611  0.36410971 -0.53653249 -0.04722548 -0.13354018
  0.1873339   0.41733985 -0.32554688  0.21938076 -0.11591982 -0.62503775
  0.11149741  0.13632408 -0.46862767  0.21334972  0.26371748 -0.63260699
 -0.00533876  0.38917958  0.00296521  0.04627492 -0.54095327  0.51309232
  0.57381047  0.5580933   0.63314035  0.23283005 -0.17723117  0.57014396
 -0.16577567  0.42205998 -0.61917046  0.12978146  0.34156557 -0.64290462
  0.00945085 -0.22753821  0.08179822 -0.29411669  0.26575488 -0.51425131
 -0.28568042 -0.82584427 -0.4962437  -0.22896789 -0.19330247]
1345,[ 0.18875608  0.10014401 -0.06173731  0.12526892  0.36280869  0.09663842
 -0.05545338  0.6631783   0.36409131 -0.53652474 -0.04722278 -0.1335202
  0.18732405  0.41735862 -0.32554745  0.21939642 -0.1159099  -0.6250318
  0.11148685  0.13633524 -0.46862929  0.21333975  0.26371412 -0.63262268
 -0.0053549   0.38917181  0.0029942   0.04626522 -0.54096608  0.51311861
  0.57378517  0.55810014  0.63315197  0.23283053 -0.17722136  0.57014671
 -0.16578636  0.4220529  -0.61916596  0.12976997  0.34156815 -0.64288521
  0.0094285  -0.22754012  0.08178501 -0.29412058  0.26576901 -0.51421978
 -0.28569844 -0.82584208 -0.49625102 -0.22896516 -0.19330763]
1346,[ 0.18877465  0.10015149 -0.06178492  0.1252792   0.36281931  0.09662703
 -0.0554367   0.66316051  0.36407294 -0.53651701 -0.04722009 -0.13350024
  0.18731421  0.41737737 -0.32554803  0.21941206 -0.11589999 -0.62502587
  0.11147631  0.1363464  -0.46863092  0.21332979  0.26371076 -0.63263836
 -0.00537102  0.38916405  0.00302316  0.04625554 -0.54097887  0.51314487
  0.57375991  0.55810697  0.63316359  0.23283101 -0.17721156  0.57014947
 -0.16579704  0.42204583 -0.61916147  0.12975848  0.34157073 -0.64286583
  0.00940617 -0.22754202  0.08177182 -0.29412448  0.26578312 -0.51418828
 -0.28571644 -0.8258399  -0.49625833 -0.22896243 -0.19331278]
1347,[ 0.18879321  0.10015896 -0.06183248  0.12528947  0.36282991  0.09661566
 -0.05542003  0.66314274  0.36405459 -0.53650928 -0.0472174  -0.13348031
  0.18730437  0.4173961  -0.3255486   0.21942768 -0.11589009 -0.62501993
  0.11146578  0.13635754 -0.46863254  0.21331985  0.26370741 -0.63265402
 -0.00538713  0.3891563   0.00305209  0.04624587 -0.54099164  0.5131711
  0.57373467  0.55811379  0.63317519  0.2328315  -0.17720177  0.57015222
 -0.1658077   0.42203877 -0.61915698  0.12974702  0.3415733  -0.64284647
  0.00938386 -0.22754392  0.08175864 -0.29412837  0.26579722 -0.51415682
 -0.28573443 -0.82583772 -0.49626564 -0.2289597  -0.19331793]
1348,[ 0.18881175  0.10016642 -0.06187999  0.12529973  0.36284051  0.09660431
 -0.05540338  0.66312499  0.36403626 -0.53650156 -0.04721471 -0.1334604
  0.18729455  0.41741481 -0.32554918  0.21944328 -0.11588021 -0.62501401
  0.11145527  0.13636866 -0.46863416  0.21330991  0.26370406 -0.63266966
 -0.00540322  0.38914855  0.00308098  0.04623621 -0.5410044   0.5131973
  0.57370947  0.5581206   0.63318678  0.23283198 -0.17719199  0.57015497
 -0.16581835  0.42203172 -0.6191525   0.12973556  0.34157587 -0.64282714
  0.00936159 -0.22754582  0.08174548 -0.29413225  0.2658113  -0.5141254
 -0.28575239 -0.82583554 -0.49627294 -0.22895698 -0.19332307]
1349,[ 0.18883027  0.10017387 -0.06192744  0.12530998  0.36285109  0.09659296
 -0.05538675  0.66310726  0.36401795 -0.53649385 -0.04721202 -0.13344051
  0.18728474  0.4174335  -0.32554975  0.21945886 -0.11587033 -0.62500809
  0.11144476  0.13637978 -0.46863579  0.21329998  0.26370071 -0.63268528
 -0.00541929  0.38914082  0.00310984  0.04622656 -0.54101715  0.51322347
  0.57368429  0.5581274   0.63319835  0.23283246 -0.17718222  0.57015771
 -0.16582899  0.42202467 -0.61914802  0.12972412  0.34157843 -0.64280782
  0.00933933 -0.22754772  0.08173233 -0.29413613  0.26582537 -0.51409401
 -0.28577034 -0.82583337 -0.49628023 -0.22895426 -0.1933282 ]
1350,[ 0.18884876  0.10018131 -0.06197483  0.12532022  0.36286166  0.09658163
 -0.05537014  0.66308955  0.36399966 -0.53648615 -0.04720934 -0.13342064
  0.18727495  0.41745216 -0.32555033  0.21947443 -0.11586047 -0.62500218
  0.11143427  0.13639088 -0.4686374   0.21329007  0.26369737 -0.63270089
 -0.00543534  0.38913309  0.00313866  0.04621693 -0.54102988  0.51324961
  0.57365913  0.5581342   0.63320991  0.23283294 -0.17717247  0.57016045
 -0.16583962  0.42201764 -0.61914355  0.12971269  0.34158099 -0.64278853
  0.0093171  -0.22754961  0.0817192  -0.29414001  0.26583942 -0.51406265
 -0.28578826 -0.8258312  -0.49628751 -0.22895155 -0.19333333]
1351,[ 0.18886724  0.10018875 -0.06202218  0.12533044  0.36287222  0.09657031
 -0.05535355  0.66307186  0.3639814  -0.53647845 -0.04720666 -0.1334008
  0.18726516  0.41747081 -0.3255509   0.21948998 -0.11585062 -0.62499628
  0.11142378  0.13640197 -0.46863902  0.21328017  0.26369403 -0.63271647
 -0.00545138  0.38912538  0.00316746  0.0462073  -0.5410426   0.51327573
  0.57363401  0.55814099  0.63322146  0.23283342 -0.17716272  0.57016319
 -0.16585024  0.42201061 -0.61913909  0.12970127  0.34158355 -0.64276925
  0.0092949  -0.22755151  0.08170608 -0.29414388  0.26585345 -0.51403133
 -0.28580616 -0.82582902 -0.49629478 -0.22894884 -0.19333845]
1352,[ 0.18888569  0.10019618 -0.06206947  0.12534066  0.36288276  0.096559
 -0.05533698  0.66305419  0.36396315 -0.53647077 -0.04720399 -0.13338097
  0.18725538  0.41748943 -0.32555147  0.21950551 -0.11584077 -0.62499038
  0.11141331  0.13641305 -0.46864064  0.21327028  0.2636907  -0.63273204
 -0.00546739  0.38911767  0.00319622  0.04619769 -0.5410553   0.51330181
  0.57360892  0.55814777  0.633233    0.2328339  -0.17715299  0.57016593
 -0.16586084  0.42200358 -0.61913462  0.12968987  0.34158611 -0.64275
  0.00927272 -0.2275534   0.08169298 -0.29414775  0.26586747 -0.51400004
 -0.28582405 -0.82582686 -0.49630204 -0.22894613 -0.19334357]
1353,[ 0.18890413  0.10020359 -0.06211671  0.12535086  0.3628933   0.09654771
 -0.05532042  0.66303654  0.36394492 -0.53646309 -0.04720131 -0.13336117
  0.18724562  0.41750804 -0.32555204  0.21952103 -0.11583094 -0.62498449
  0.11140286  0.13642411 -0.46864225  0.2132604   0.26368737 -0.6327476
 -0.00548339  0.38910997  0.00322495  0.04618808 -0.54106799  0.51332786
  0.57358385  0.55815454  0.63324452  0.23283438 -0.17714326  0.57016866
 -0.16587143  0.42199657 -0.61913017  0.12967848  0.34158867 -0.64273077
  0.00925057 -0.22755529  0.08167989 -0.29415161  0.26588147 -0.51396879
 -0.28584191 -0.82582469 -0.4963093  -0.22894342 -0.19334868]
1354,[ 0.18892254  0.100211   -0.06216389  0.12536105  0.36290382  0.09653642
 -0.05530388  0.66301891  0.36392672 -0.53645542 -0.04719865 -0.1333414
  0.18723586  0.41752662 -0.32555261  0.21953653 -0.11582112 -0.62497861
  0.11139241  0.13643516 -0.46864386  0.21325053  0.26368404 -0.63276313
 -0.00549937  0.38910228  0.00325365  0.04617849 -0.54108066  0.51335389
  0.57355881  0.55816131  0.63325603  0.23283485 -0.17713355  0.57017139
 -0.16588201  0.42198957 -0.61912572  0.1296671   0.34159122 -0.64271157
  0.00922844 -0.22755717  0.08166682 -0.29415547  0.26589546 -0.51393758
 -0.28585975 -0.82582253 -0.49631655 -0.22894072 -0.19335378]
1355,[ 0.18894093  0.1002184  -0.06221102  0.12537123  0.36291433  0.09652515
 -0.05528737  0.6630013   0.36390853 -0.53644776 -0.04719598 -0.13332164
  0.18722612  0.41754518 -0.32555318  0.21955201 -0.11581132 -0.62497273
  0.11138197  0.1364462  -0.46864547  0.21324067  0.26368072 -0.63277865
 -0.00551534  0.38909459  0.00328231  0.0461689  -0.54109332  0.51337988
  0.5735338   0.55816807  0.63326753  0.23283533 -0.17712385  0.57017411
 -0.16589258  0.42198257 -0.61912127  0.12965573  0.34159377 -0.64269238
  0.00920634 -0.22755906  0.08165376 -0.29415932  0.26590943 -0.5139064
 -0.28587757 -0.82582037 -0.49632379 -0.22893802 -0.19335888]
1356,[ 0.1889593   0.1002258  -0.0622581   0.1253814   0.36292483  0.0965139
 -0.05527087  0.66298371  0.36389037 -0.53644011 -0.04719332 -0.13330191
  0.18721639  0.41756372 -0.32555375  0.21956747 -0.11580152 -0.62496686
  0.11137155  0.13645723 -0.46864708  0.21323082  0.2636774  -0.63279415
 -0.00553128  0.38908692  0.00331095  0.04615933 -0.54110597  0.51340585
  0.57350882  0.55817482  0.63327901  0.23283581 -0.17711415  0.57017684
 -0.16590314  0.42197558 -0.61911683  0.12964438  0.34159631 -0.64267322
  0.00918426 -0.22756094  0.08164071 -0.29416317  0.26592338 -0.51387526
 -0.28589538 -0.82581821 -0.49633102 -0.22893532 -0.19336397]
1357,[ 0.18897765  0.10023318 -0.06230512  0.12539155  0.36293532  0.09650265
 -0.05525439  0.66296614  0.36387222 -0.53643247 -0.04719065 -0.1332822
  0.18720667  0.41758224 -0.32555432  0.21958292 -0.11579173 -0.624961
  0.11136114  0.13646824 -0.46864868  0.21322098  0.26367408 -0.63280963
 -0.00554721  0.38907925  0.00333955  0.04614977 -0.5411186   0.51343179
  0.57348387  0.55818156  0.63329048  0.23283628 -0.17710447  0.57017956
 -0.16591368  0.4219686  -0.61911239  0.12963304  0.34159885 -0.64265408
  0.0091622  -0.22756282  0.08162768 -0.29416702  0.26593732 -0.51384415
 -0.28591316 -0.82581605 -0.49633824 -0.22893263 -0.19336906]
1358,[ 0.18899598  0.10024056 -0.0623521   0.1254017   0.36294579  0.09649142
 -0.05523792  0.66294859  0.3638541  -0.53642484 -0.047188   -0.13326251
  0.18719696  0.41760074 -0.32555489  0.21959834 -0.11578196 -0.62495514
  0.11135074  0.13647925 -0.46865029  0.21321116  0.26367077 -0.6328251
 -0.00556311  0.3890716   0.00336812  0.04614022 -0.54113122  0.51345769
  0.57345894  0.55818829  0.63330194  0.23283676 -0.17709481  0.57018227
 -0.16592422  0.42196162 -0.61910796  0.12962171  0.34160139 -0.64263495
  0.00914018 -0.2275647   0.08161467 -0.29417086  0.26595125 -0.51381307
 -0.28593092 -0.8258139  -0.49634546 -0.22892994 -0.19337414]
1359,[ 0.18901429  0.10024793 -0.06239902  0.12541183  0.36295625  0.09648021
 -0.05522148  0.66293106  0.36383599 -0.53641721 -0.04718534 -0.13324284
  0.18718726  0.41761922 -0.32555545  0.21961375 -0.11577219 -0.62494929
  0.11134035  0.13649024 -0.46865189  0.21320135  0.26366746 -0.63284055
 -0.00557901  0.38906395  0.00339665  0.04613068 -0.54114382  0.51348357
  0.57343404  0.55819502  0.63331339  0.23283724 -0.17708515  0.57018499
 -0.16593474  0.42195466 -0.61910353  0.1296104   0.34160393 -0.64261585
  0.00911817 -0.22756658  0.08160167 -0.29417469  0.26596516 -0.51378203
 -0.28594866 -0.82581175 -0.49635267 -0.22892725 -0.19337922]
1360,[ 0.18903258  0.10025529 -0.06244588  0.12542196  0.36296671  0.096469
 -0.05520506  0.66291355  0.36381791 -0.5364096  -0.04718269 -0.1332232
  0.18717757  0.41763768 -0.32555602  0.21962915 -0.11576244 -0.62494345
  0.11132998  0.13650121 -0.46865349  0.21319154  0.26366416 -0.63285598
 -0.00559488  0.38905631  0.00342516  0.04612115 -0.54115641  0.51350942
  0.57340917  0.55820174  0.63332482  0.23283771 -0.1770755   0.5701877
 -0.16594525  0.4219477  -0.61909911  0.1295991   0.34160646 -0.64259678
  0.00909619 -0.22756845  0.08158868 -0.29417853  0.26597905 -0.51375103
 -0.28596638 -0.8258096  -0.49635987 -0.22892456 -0.19338429]
1361,[ 0.18905085  0.10026264 -0.0624927   0.12543207  0.36297715  0.09645781
 -0.05518865  0.66289606  0.36379985 -0.53640199 -0.04718004 -0.13320358
  0.18716789  0.41765612 -0.32555659  0.21964452 -0.1157527  -0.62493761
  0.11131961  0.13651218 -0.46865509  0.21318175  0.26366085 -0.63287139
 -0.00561073  0.38904868  0.00345363  0.04611163 -0.54116898  0.51353524
  0.57338433  0.55820846  0.63333624  0.23283818 -0.17706586  0.57019041
 -0.16595574  0.42194075 -0.6190947   0.12958781  0.341609   -0.64257772
  0.00907424 -0.22757032  0.08157571 -0.29418235  0.26599293 -0.51372006
 -0.28598409 -0.82580745 -0.49636706 -0.22892188 -0.19338935]
1362,[ 0.1890691   0.10026998 -0.06253946  0.12544217  0.36298757  0.09644663
 -0.05517226  0.66287859  0.3637818  -0.53639439 -0.0471774  -0.13318398
  0.18715823  0.41767453 -0.32555715  0.21965988 -0.11574296 -0.62493178
  0.11130926  0.13652313 -0.46865668  0.21317197  0.26365756 -0.63288679
 -0.00562657  0.38904106  0.00348207  0.04610212 -0.54118154  0.51356103
  0.57335952  0.55821516  0.63334765  0.23283866 -0.17705624  0.57019311
 -0.16596623  0.4219338  -0.61909028  0.12957653  0.34161152 -0.64255869
  0.00905231 -0.22757219  0.08156275 -0.29418618  0.26600679 -0.51368913
 -0.28600177 -0.82580531 -0.49637424 -0.2289192  -0.19339441]
1363,[ 0.18908732  0.10027732 -0.06258616  0.12545225  0.36299799  0.09643546
 -0.05515589  0.66286114  0.36376378 -0.5363868  -0.04717475 -0.1331644
  0.18714857  0.41769293 -0.32555772  0.21967522 -0.11573324 -0.62492595
  0.11129892  0.13653407 -0.46865828  0.2131622   0.26365426 -0.63290217
 -0.00564239  0.38903344  0.00351048  0.04609262 -0.54119409  0.51358679
  0.57333473  0.55822186  0.63335904  0.23283913 -0.17704662  0.57019581
 -0.1659767   0.42192687 -0.61908588  0.12956527  0.34161405 -0.64253967
  0.0090304  -0.22757406  0.08154981 -0.29419     0.26602063 -0.51365823
 -0.28601943 -0.82580317 -0.49638142 -0.22891653 -0.19339947]
1364,[ 0.18910553  0.10028464 -0.06263282  0.12546233  0.36300839  0.0964243
 -0.05513954  0.6628437   0.36374578 -0.53637922 -0.04717211 -0.13314484
  0.18713892  0.4177113  -0.32555828  0.21969055 -0.11572353 -0.62492014
  0.11128859  0.136545   -0.46865987  0.21315244  0.26365097 -0.63291753
 -0.00565819  0.38902584  0.00353885  0.04608314 -0.54120662  0.51361253
  0.57330998  0.55822855  0.63337042  0.2328396  -0.17703702  0.57019851
 -0.16598716  0.42191994 -0.61908148  0.12955402  0.34161657 -0.64252068
  0.00900852 -0.22757592  0.08153688 -0.29419381  0.26603446 -0.51362736
 -0.28603708 -0.82580103 -0.49638858 -0.22891386 -0.19340451]
1365,[ 0.18912372  0.10029196 -0.06267942  0.1254724   0.36301879  0.09641316
 -0.05512321  0.66282629  0.3637278  -0.53637165 -0.04716948 -0.13312531
  0.18712929  0.41772966 -0.32555884  0.21970585 -0.11571384 -0.62491432
  0.11127827  0.13655591 -0.46866146  0.21314269  0.26364769 -0.63293287
 -0.00567397  0.38901824  0.0035672   0.04607366 -0.54121914  0.51363823
  0.57328525  0.55823523  0.63338179  0.23284008 -0.17702742  0.57020121
 -0.16599761  0.42191302 -0.61907708  0.12954278  0.34161909 -0.64250171
  0.00898667 -0.22757779  0.08152397 -0.29419762  0.26604828 -0.51359653
 -0.2860547  -0.82579889 -0.49639574 -0.22891119 -0.19340956]
1366,[ 0.18914188  0.10029927 -0.06272597  0.12548245  0.36302917  0.09640203
 -0.05510689  0.6628089   0.36370983 -0.53636408 -0.04716684 -0.1331058
  0.18711967  0.41774799 -0.32555941  0.21972114 -0.11570415 -0.62490852
  0.11126796  0.13656682 -0.46866305  0.21313296  0.2636444  -0.6329482
 -0.00568974  0.38901065  0.00359551  0.0460642  -0.54123164  0.51366391
  0.57326054  0.55824191  0.63339314  0.23284055 -0.17701784  0.5702039
 -0.16600805  0.42190611 -0.61907269  0.12953155  0.34162161 -0.64248276
  0.00896484 -0.22757965  0.08151107 -0.29420143  0.26606208 -0.51356574
 -0.2860723  -0.82579676 -0.49640289 -0.22890852 -0.19341459]
1367,[ 0.18916003  0.10030657 -0.06277247  0.12549249  0.36303954  0.09639091
 -0.0550906   0.66279152  0.36369189 -0.53635652 -0.04716421 -0.13308631
  0.18711006  0.4177663  -0.32555997  0.21973642 -0.11569447 -0.62490272
  0.11125767  0.13657771 -0.46866464  0.21312323  0.26364113 -0.63296351
 -0.00570549  0.38900307  0.00362379  0.04605474 -0.54124413  0.51368955
  0.57323587  0.55824857  0.63340449  0.23284102 -0.17700827  0.57020659
 -0.16601848  0.42189921 -0.6190683   0.12952034  0.34162412 -0.64246383
  0.00894303 -0.22758151  0.08149819 -0.29420523  0.26607586 -0.51353498
 -0.28608988 -0.82579463 -0.49641004 -0.22890586 -0.19341962]
1368,[ 0.18917815  0.10031387 -0.06281892  0.12550253  0.36304989  0.09637981
 -0.05507432  0.66277417  0.36367397 -0.53634898 -0.04716159 -0.13306684
  0.18710045  0.41778459 -0.32556053  0.21975167 -0.11568481 -0.62489693
  0.11124739  0.13658859 -0.46866623  0.21311352  0.26363785 -0.6329788
 -0.00572122  0.3889955   0.00365204  0.0460453  -0.54125661  0.51371517
  0.57321122  0.55825523  0.63341582  0.23284149 -0.17699871  0.57020928
 -0.16602889  0.42189231 -0.61906392  0.12950914  0.34162664 -0.64244493
  0.00892125 -0.22758337  0.08148532 -0.29420903  0.26608963 -0.51350425
 -0.28610745 -0.8257925  -0.49641717 -0.22890319 -0.19342465]
1369,[ 0.18919625  0.10032115 -0.06286531  0.12551255  0.36306024  0.09636871
 -0.05505806  0.66275684  0.36365607 -0.53634144 -0.04715896 -0.13304739
  0.18709086  0.41780286 -0.32556109  0.21976691 -0.11567515 -0.62489115
  0.11123711  0.13659945 -0.46866781  0.21310381  0.26363458 -0.63299408
 -0.00573693  0.38898794  0.00368025  0.04603586 -0.54126907  0.51374076
  0.5731866   0.55826189  0.63342713  0.23284196 -0.17698916  0.57021196
 -0.1660393   0.42188542 -0.61905954  0.12949795  0.34162914 -0.64242604
  0.00889949 -0.22758522  0.08147246 -0.29421282  0.26610338 -0.51347356
 -0.28612499 -0.82579037 -0.4964243  -0.22890054 -0.19342967]
1370,[ 0.18921434  0.10032843 -0.06291165  0.12552256  0.36307057  0.09635763
 -0.05504182  0.66273952  0.36363819 -0.53633391 -0.04715634 -0.13302797
  0.18708128  0.41782111 -0.32556165  0.21978213 -0.11566551 -0.62488537
  0.11122685  0.13661031 -0.46866939  0.21309412  0.26363131 -0.63300933
 -0.00575263  0.38898039  0.00370844  0.04602644 -0.54128152  0.51376632
  0.57316201  0.55826853  0.63343844  0.23284243 -0.17697962  0.57021464
 -0.16604969  0.42187854 -0.61905517  0.12948678  0.34163165 -0.64240718
  0.00887776 -0.22758707  0.08145962 -0.29421661  0.26611712 -0.5134429
 -0.28614251 -0.82578825 -0.49643142 -0.22889788 -0.19343468]
1371,[ 0.1892324   0.1003357  -0.06295794  0.12553255  0.3630809   0.09634657
 -0.0550256   0.66272222  0.36362033 -0.53632638 -0.04715372 -0.13300857
  0.18707171  0.41783935 -0.32556221  0.21979733 -0.11565587 -0.62487959
  0.11121661  0.13662115 -0.46867097  0.21308444  0.26362805 -0.63302457
 -0.0057683   0.38897284  0.00373659  0.04601703 -0.54129395  0.51379185
  0.57313745  0.55827517  0.63344973  0.2328429  -0.17697009  0.57021732
 -0.16606007  0.42187167 -0.6190508   0.12947561  0.34163415 -0.64238833
  0.00885605 -0.22758893  0.0814468  -0.2942204   0.26613084 -0.51341228
 -0.28616002 -0.82578612 -0.49643853 -0.22889523 -0.19343969]
1372,[ 0.18925044  0.10034296 -0.06300418  0.12554254  0.36309121  0.09633551
 -0.05500939  0.66270495  0.36360249 -0.53631887 -0.0471511  -0.13298919
  0.18706216  0.41785755 -0.32556277  0.21981252 -0.11564625 -0.62487383
  0.11120637  0.13663198 -0.46867255  0.21307477  0.26362479 -0.6330398
 -0.00578396  0.38896531  0.00376471  0.04600763 -0.54130637  0.51381735
  0.57311291  0.5582818   0.63346101  0.23284337 -0.17696057  0.57021999
 -0.16607044  0.4218648  -0.61904644  0.12946447  0.34163665 -0.64236951
  0.00883436 -0.22759077  0.08143399 -0.29422418  0.26614454 -0.51338169
 -0.2861775  -0.825784   -0.49644563 -0.22889258 -0.19344469]
1373,[ 0.18926847  0.10035021 -0.06305036  0.12555251  0.36310151  0.09632447
 -0.05499321  0.66268769  0.36358467 -0.53631137 -0.04714849 -0.13296983
  0.18705261  0.41787574 -0.32556333  0.21982769 -0.11563664 -0.62486807
  0.11119614  0.1366428  -0.46867413  0.21306511  0.26362153 -0.633055
 -0.0057996   0.38895778  0.0037928   0.04599824 -0.54131878  0.51384282
  0.57308841  0.55828842  0.63347228  0.23284383 -0.17695106  0.57022266
 -0.16608079  0.42185795 -0.61904209  0.12945333  0.34163915 -0.64235071
  0.0088127  -0.22759262  0.08142119 -0.29422796  0.26615824 -0.51335114
 -0.28619497 -0.82578189 -0.49645273 -0.22888994 -0.19344969]
1374,[ 0.18928647  0.10035746 -0.0630965   0.12556248  0.3631118   0.09631344
 -0.05497704  0.66267045  0.36356687 -0.53630387 -0.04714588 -0.13295049
  0.18704307  0.41789391 -0.32556389  0.21984284 -0.11562704 -0.62486232
  0.11118593  0.13665361 -0.46867571  0.21305546  0.26361828 -0.63307019
 -0.00581523  0.38895026  0.00382086  0.04598886 -0.54133117  0.51386827
  0.57306393  0.55829504  0.63348353  0.2328443  -0.17694157  0.57022533
 -0.16609114  0.4218511  -0.61903773  0.1294422   0.34164164 -0.64233193
  0.00879107 -0.22759447  0.08140841 -0.29423173  0.26617191 -0.51332062
 -0.28621241 -0.82577977 -0.49645981 -0.22888729 -0.19345468]
1375,[ 0.18930445  0.10036469 -0.06314258  0.12557243  0.36312207  0.09630242
 -0.05496089  0.66265324  0.36354909 -0.53629638 -0.04714327 -0.13293118
  0.18703355  0.41791206 -0.32556444  0.21985798 -0.11561745 -0.62485657
  0.11117573  0.1366644  -0.46867728  0.21304582  0.26361503 -0.63308537
 -0.00583084  0.38894275  0.00384889  0.04597949 -0.54134355  0.51389368
  0.57303947  0.55830164  0.63349477  0.23284477 -0.17693208  0.570228
 -0.16610147  0.42184425 -0.61903339  0.12943109  0.34164414 -0.64231317
  0.00876946 -0.22759631  0.08139564 -0.2942355   0.26618557 -0.51329014
 -0.28622984 -0.82577766 -0.49646689 -0.22888465 -0.19345966]
1376,[ 0.18932241  0.10037192 -0.06318861  0.12558237  0.36313234  0.09629141
 -0.05494476  0.66263604  0.36353133 -0.5362889  -0.04714067 -0.13291188
  0.18702403  0.41793019 -0.325565    0.2198731  -0.11560787 -0.62485083
  0.11116554  0.13667518 -0.46867885  0.21303619  0.26361178 -0.63310052
 -0.00584642  0.38893524  0.00387688  0.04597013 -0.54135591  0.51391907
  0.57301505  0.55830824  0.633506    0.23284524 -0.17692261  0.57023066
 -0.16611179  0.42183742 -0.61902904  0.12941999  0.34164662 -0.64229444
  0.00874787 -0.22759815  0.08138288 -0.29423926  0.26619921 -0.51325969
 -0.28624724 -0.82577555 -0.49647396 -0.22888202 -0.19346464]
1377,[ 0.18934036  0.10037914 -0.06323458  0.1255923   0.36314259  0.09628042
 -0.05492864  0.66261886  0.36351359 -0.53628143 -0.04713807 -0.13289261
  0.18701453  0.4179483  -0.32556556  0.2198882  -0.1155983  -0.6248451
  0.11115536  0.13668595 -0.46868042  0.21302657  0.26360854 -0.63311566
 -0.005862    0.38892775  0.00390485  0.04596078 -0.54136826  0.51394443
  0.57299065  0.55831484  0.63351721  0.2328457  -0.17691314  0.57023332
 -0.1661221   0.42183059 -0.61902471  0.1294089   0.34164911 -0.64227572
  0.00872631 -0.22759999  0.08137014 -0.29424302  0.26621284 -0.51322927
 -0.28626463 -0.82577344 -0.49648102 -0.22887938 -0.19346962]
1378,[ 0.18935828  0.10038635 -0.06328051  0.12560222  0.36315283  0.09626944
 -0.05491255  0.6626017   0.36349587 -0.53627397 -0.04713547 -0.13287336
  0.18700503  0.41796638 -0.32556611  0.21990328 -0.11558874 -0.62483937
  0.11114519  0.13669671 -0.46868199  0.21301697  0.2636053  -0.63313078
 -0.00587755  0.38892026  0.00393278  0.04595144 -0.5413806   0.51396976
  0.57296628  0.55832142  0.63352842  0.23284617 -0.17690369  0.57023598
 -0.1661324   0.42182378 -0.61902037  0.12939783  0.34165159 -0.64225703
  0.00870477 -0.22760182  0.08135742 -0.29424678  0.26622646 -0.51319889
 -0.286282   -0.82577134 -0.49648808 -0.22887675 -0.19347459]
1379,[ 0.18937618  0.10039356 -0.06332638  0.12561213  0.36316306  0.09625847
 -0.05489647  0.66258456  0.36347817 -0.53626651 -0.04713288 -0.13285413
  0.18699555  0.41798445 -0.32556667  0.21991835 -0.1155792  -0.62483365
  0.11113503  0.13670745 -0.46868356  0.21300737  0.26360207 -0.63314588
 -0.00589309  0.38891278  0.00396068  0.04594211 -0.54139292  0.51399506
  0.57294194  0.558328    0.63353961  0.23284663 -0.17689425  0.57023863
 -0.16614269  0.42181696 -0.61901605  0.12938677  0.34165407 -0.64223835
  0.00868326 -0.22760366  0.08134471 -0.29425053  0.26624006 -0.51316854
 -0.28629934 -0.82576923 -0.49649513 -0.22887412 -0.19347955]
1380,[ 0.18939406  0.10040075 -0.0633722   0.12562203  0.36317328  0.09624752
 -0.05488041  0.66256744  0.36346048 -0.53625906 -0.04713028 -0.13283493
  0.18698608  0.4180025  -0.32556722  0.2199334  -0.11556966 -0.62482794
  0.11112489  0.13671818 -0.46868512  0.21299779  0.26359883 -0.63316097
 -0.00590861  0.38890532  0.00398855  0.0459328  -0.54140523  0.51402034
  0.57291762  0.55833457  0.63355078  0.2328471  -0.17688481  0.57024128
 -0.16615296  0.42181016 -0.61901172  0.12937572  0.34165655 -0.6422197
  0.00866177 -0.22760549  0.08133201 -0.29425427  0.26625364 -0.51313823
 -0.28631667 -0.82576713 -0.49650216 -0.2288715  -0.19348451]
1381,[ 0.18941192  0.10040794 -0.06341797  0.12563191  0.36318349  0.09623657
 -0.05486437  0.66255034  0.36344282 -0.53625163 -0.04712769 -0.13281574
  0.18697661  0.41802052 -0.32556777  0.21994843 -0.11556013 -0.62482223
  0.11111475  0.1367289  -0.46868668  0.21298821  0.26359561 -0.63317604
 -0.00592411  0.38889785  0.00401639  0.04592349 -0.54141753  0.51404558
  0.57289333  0.55834114  0.63356195  0.23284756 -0.17687539  0.57024393
 -0.16616322  0.42180337 -0.6190074   0.12936468  0.34165903 -0.64220107
  0.0086403  -0.22760732  0.08131933 -0.29425802  0.26626721 -0.51310795
 -0.28633398 -0.82576503 -0.4965092  -0.22886888 -0.19348946]
1382,[ 0.18942976  0.10041512 -0.06346369  0.12564179  0.36319368  0.09622564
 -0.05484835  0.66253325  0.36342518 -0.5362442  -0.04712511 -0.13279658
  0.18696716  0.41803853 -0.32556833  0.21996345 -0.11555062 -0.62481653
  0.11110463  0.13673961 -0.46868824  0.21297865  0.26359238 -0.63319109
 -0.00593959  0.3888904   0.00404419  0.04591419 -0.54142981  0.5140708
  0.57286907  0.55834769  0.6335731   0.23284802 -0.17686598  0.57024657
 -0.16617348  0.42179658 -0.61900309  0.12935365  0.3416615  -0.64218246
  0.00861886 -0.22760915  0.08130666 -0.29426176  0.26628076 -0.5130777
 -0.28635127 -0.82576294 -0.49651622 -0.22886626 -0.19349441]
1383,[ 0.18944758  0.10042229 -0.06350936  0.12565165  0.36320387  0.09621472
 -0.05483234  0.66251619  0.36340756 -0.53623678 -0.04712252 -0.13277744
  0.18695772  0.41805651 -0.32556888  0.21997845 -0.11554112 -0.62481084
  0.11109452  0.13675031 -0.4686898   0.2129691   0.26358916 -0.63320613
 -0.00595506  0.38888296  0.00407197  0.04590491 -0.54144207  0.51409599
  0.57284484  0.55835424  0.63358424  0.23284848 -0.17685658  0.57024921
 -0.16618372  0.4217898  -0.61899878  0.12934264  0.34166397 -0.64216387
  0.00859744 -0.22761097  0.08129401 -0.29426549  0.2662943  -0.51304749
 -0.28636854 -0.82576084 -0.49652323 -0.22886364 -0.19349935]
1384,[ 0.18946538  0.10042945 -0.06355498  0.1256615   0.36321404  0.09620382
 -0.05481636  0.66249915  0.36338996 -0.53622936 -0.04711994 -0.13275832
  0.18694829  0.41807448 -0.32556943  0.21999343 -0.11553162 -0.62480515
  0.11108442  0.13676099 -0.46869136  0.21295956  0.26358595 -0.63322115
 -0.00597051  0.38887552  0.00409971  0.04589563 -0.54145433  0.51412115
  0.57282063  0.55836078  0.63359537  0.23284895 -0.17684719  0.57025185
 -0.16619394  0.42178302 -0.61899448  0.12933164  0.34166643 -0.6421453
  0.00857605 -0.2276128   0.08128137 -0.29426922  0.26630782 -0.51301731
 -0.28638579 -0.82575875 -0.49653024 -0.22886103 -0.19350428]
1385,[ 0.18948316  0.10043661 -0.06360054  0.12567135  0.3632242   0.09619292
 -0.05480039  0.66248212  0.36337238 -0.53622196 -0.04711736 -0.13273922
  0.18693887  0.41809242 -0.32556998  0.2200084  -0.11552214 -0.62479947
  0.11107433  0.13677167 -0.46869292  0.21295003  0.26358273 -0.63323615
 -0.00598594  0.3888681   0.00412742  0.04588637 -0.54146657  0.51414628
  0.57279646  0.55836731  0.63360648  0.23284941 -0.17683781  0.57025449
 -0.16620416  0.42177626 -0.61899018  0.12932065  0.3416689  -0.64212675
  0.00855468 -0.22761462  0.08126874 -0.29427295  0.26632132 -0.51298717
 -0.28640302 -0.82575666 -0.49653724 -0.22885842 -0.19350921]
1386,[ 0.18950092  0.10044376 -0.06364605  0.12568118  0.36323435  0.09618204
 -0.05478444  0.66246512  0.36335482 -0.53621456 -0.04711479 -0.13272014
  0.18692946  0.41811035 -0.32557053  0.22002334 -0.11551267 -0.62479379
  0.11106426  0.13678233 -0.46869447  0.21294051  0.26357952 -0.63325114
 -0.00600135  0.38886068  0.0041551   0.04587711 -0.54147879  0.51417138
  0.5727723   0.55837384  0.63361759  0.23284987 -0.17682844  0.57025712
 -0.16621437  0.4217695  -0.61898589  0.12930968  0.34167136 -0.64210822
  0.00853334 -0.22761644  0.08125613 -0.29427667  0.26633482 -0.51295706
 -0.28642023 -0.82575458 -0.49654423 -0.22885581 -0.19351413]
1387,[ 0.18951866  0.1004509  -0.06369152  0.12569099  0.36324449  0.09617117
 -0.0547685   0.66244813  0.36333728 -0.53620717 -0.04711222 -0.13270108
  0.18692007  0.41812825 -0.32557108  0.22003828 -0.11550321 -0.62478812
  0.11105419  0.13679298 -0.46869602  0.212931    0.26357632 -0.6332661
 -0.00601675  0.38885327  0.00418275  0.04586787 -0.541491    0.51419645
  0.57274818  0.55838036  0.63362868  0.23285033 -0.17681908  0.57025975
 -0.16622456  0.42176275 -0.6189816   0.12929872  0.34167382 -0.64208972
  0.00851202 -0.22761826  0.08124353 -0.29428039  0.26634829 -0.51292699
 -0.28643742 -0.82575249 -0.49655122 -0.22885321 -0.19351905]
1388,[ 0.18953639  0.10045803 -0.06373693  0.1257008   0.36325462  0.09616031
 -0.05475259  0.66243116  0.36331975 -0.53619979 -0.04710965 -0.13268205
  0.18691068  0.41814614 -0.32557163  0.22005319 -0.11549376 -0.62478246
  0.11104414  0.13680361 -0.46869758  0.2129215   0.26357312 -0.63328106
 -0.00603213  0.38884586  0.00421037  0.04585864 -0.5415032   0.5142215
  0.57272408  0.55838687  0.63363975  0.23285079 -0.17680973  0.57026238
 -0.16623474  0.42175601 -0.61897731  0.12928777  0.34167627 -0.64207123
  0.00849072 -0.22762007  0.08123095 -0.2942841   0.26636175 -0.51289695
 -0.28645459 -0.82575041 -0.49655819 -0.2288506  -0.19352397]
1389,[ 0.18955409  0.10046515 -0.06378229  0.1257106   0.36326473  0.09614947
 -0.05473669  0.66241421  0.36330225 -0.53619242 -0.04710708 -0.13266304
  0.1869013   0.418164   -0.32557218  0.22006809 -0.11548432 -0.6247768
  0.11103409  0.13681424 -0.46869912  0.21291201  0.26356992 -0.63329599
 -0.00604749  0.38883847  0.00423796  0.04584941 -0.54151539  0.51424652
  0.57270001  0.55839338  0.63365082  0.23285125 -0.1768004   0.570265
 -0.16624492  0.42174927 -0.61897303  0.12927683  0.34167873 -0.64205277
  0.00846945 -0.22762189  0.08121838 -0.29428781  0.2663752  -0.51286694
 -0.28647174 -0.82574833 -0.49656516 -0.22884801 -0.19352887]
1390,[ 0.18957177  0.10047226 -0.0638276   0.12572039  0.36327483  0.09613863
 -0.05472081  0.66239729  0.36328477 -0.53618506 -0.04710452 -0.13264405
  0.18689194  0.41818184 -0.32557272  0.22008297 -0.11547489 -0.62477115
  0.11102406  0.13682485 -0.46870067  0.21290254  0.26356672 -0.63331091
 -0.00606284  0.38883108  0.00426552  0.0458402  -0.54152756  0.51427151
  0.57267597  0.55839987  0.63366187  0.23285171 -0.17679107  0.57026762
 -0.16625508  0.42174255 -0.61896876  0.1292659   0.34168118 -0.64203432
  0.0084482  -0.2276237   0.08120583 -0.29429151  0.26638863 -0.51283696
 -0.28648888 -0.82574626 -0.49657212 -0.22884541 -0.19353378]
1391,[ 0.18958943  0.10047937 -0.06387285  0.12573016  0.36328493  0.09612781
 -0.05470495  0.66238038  0.36326731 -0.53617771 -0.04710196 -0.13262508
  0.18688258  0.41819967 -0.32557327  0.22009784 -0.11546547 -0.62476551
  0.11101404  0.13683545 -0.46870222  0.21289307  0.26356353 -0.63332581
 -0.00607817  0.38882371  0.00429304  0.045831   -0.54153971  0.51429647
  0.57265195  0.55840636  0.63367291  0.23285217 -0.17678175  0.57027024
 -0.16626522  0.42173583 -0.61896449  0.12925499  0.34168362 -0.6420159
  0.00842697 -0.22762551  0.08119329 -0.29429521  0.26640205 -0.51280702
 -0.28650599 -0.82574418 -0.49657907 -0.22884282 -0.19353867]
1392,[ 0.18960707  0.10048647 -0.06391806  0.12573992  0.36329501  0.096117
 -0.05468911  0.66236348  0.36324986 -0.53617036 -0.0470994  -0.13260613
  0.18687323  0.41821747 -0.32557382  0.22011268 -0.11545606 -0.62475987
  0.11100403  0.13684604 -0.46870376  0.21288361  0.26356034 -0.63334069
 -0.00609348  0.38881634  0.00432054  0.04582181 -0.54155186  0.5143214
  0.57262797  0.55841284  0.63368394  0.23285263 -0.17677245  0.57027285
 -0.16627536  0.42172911 -0.61896023  0.12924409  0.34168607 -0.6419975
  0.00840577 -0.22762732  0.08118076 -0.29429891  0.26641545 -0.51277712
 -0.28652309 -0.82574211 -0.49658602 -0.22884023 -0.19354356]
1393,[ 0.18962469  0.10049356 -0.06396322  0.12574968  0.36330508  0.09610621
 -0.05467328  0.66234661  0.36323244 -0.53616302 -0.04709685 -0.1325872
  0.1868639   0.41823526 -0.32557436  0.22012752 -0.11544666 -0.62475424
  0.11099404  0.13685662 -0.4687053   0.21287417  0.26355716 -0.63335556
 -0.00610877  0.38880898  0.004348    0.04581262 -0.54156399  0.51434631
  0.572604    0.55841932  0.63369495  0.23285308 -0.17676315  0.57027547
 -0.16628549  0.42172241 -0.61895597  0.1292332   0.34168851 -0.64197912
  0.0083846  -0.22762912  0.08116825 -0.2943026   0.26642883 -0.51274725
 -0.28654016 -0.82574004 -0.49659295 -0.22883764 -0.19354845]
1394,[ 0.18964229  0.10050065 -0.06400832  0.12575942  0.36331514  0.09609542
 -0.05465748  0.66232976  0.36321504 -0.53615569 -0.04709429 -0.13256829
  0.18685458  0.41825302 -0.32557491  0.22014233 -0.11543728 -0.62474862
  0.11098405  0.13686718 -0.46870684  0.21286473  0.26355398 -0.63337041
 -0.00612405  0.38880163  0.00437544  0.04580345 -0.5415761   0.51437119
  0.57258007  0.55842579  0.63370596  0.23285354 -0.17675387  0.57027807
 -0.1662956   0.42171571 -0.61895171  0.12922232  0.34169095 -0.64196076
  0.00836344 -0.22763093  0.08115575 -0.29430629  0.2664422  -0.51271741
 -0.28655722 -0.82573797 -0.49659988 -0.22883506 -0.19355333]
1395,[ 0.18965987  0.10050772 -0.06405337  0.12576915  0.36332518  0.09608465
 -0.05464169  0.66231293  0.36319765 -0.53614837 -0.04709174 -0.13254941
  0.18684526  0.41827076 -0.32557545  0.22015713 -0.1154279  -0.624743
  0.11097408  0.13687773 -0.46870838  0.21285531  0.2635508  -0.63338525
 -0.00613931  0.38879428  0.00440284  0.04579429 -0.5415882   0.51439604
  0.57255616  0.55843225  0.63371695  0.232854   -0.17674459  0.57028068
 -0.1663057   0.42170902 -0.61894746  0.12921145  0.34169338 -0.64194241
  0.00834231 -0.22763273  0.08114327 -0.29430998  0.26645556 -0.5126876
 -0.28657425 -0.8257359  -0.4966068  -0.22883248 -0.1935582 ]
1396,[ 0.18967743  0.10051479 -0.06409838  0.12577887  0.36333522  0.09607389
 -0.05462591  0.66229611  0.36318029 -0.53614106 -0.0470892  -0.13253055
  0.18683596  0.41828849 -0.325576    0.22017191 -0.11541853 -0.62473739
  0.11096411  0.13688827 -0.46870992  0.2128459   0.26354763 -0.63340006
 -0.00615455  0.38878695  0.00443021  0.04578514 -0.54160029  0.51442086
  0.57253228  0.5584387   0.63372793  0.23285445 -0.17673533  0.57028328
 -0.16631579  0.42170234 -0.61894321  0.1292006   0.34169582 -0.6419241
  0.00832121 -0.22763453  0.0811308  -0.29431366  0.2664689  -0.51265783
 -0.28659127 -0.82573384 -0.49661372 -0.2288299  -0.19356307]
1397,[ 0.18969498  0.10052185 -0.06414333  0.12578858  0.36334525  0.09606314
 -0.05461016  0.66227931  0.36316294 -0.53613375 -0.04708666 -0.1325117
  0.18682667  0.41830619 -0.32557654  0.22018667 -0.11540918 -0.62473178
  0.11095416  0.1368988  -0.46871145  0.21283649  0.26354446 -0.63341486
 -0.00616977  0.38877962  0.00445755  0.045776   -0.54161237  0.51444565
  0.57250843  0.55844515  0.63373889  0.23285491 -0.17672607  0.57028588
 -0.16632587  0.42169567 -0.61893897  0.12918976  0.34169825 -0.6419058
  0.00830013 -0.22763633  0.08111834 -0.29431733  0.26648222 -0.51262809
 -0.28660827 -0.82573178 -0.49662062 -0.22882732 -0.19356793]
1398,[ 0.1897125   0.1005289  -0.06418823  0.12579828  0.36335526  0.0960524
 -0.05459442  0.66226254  0.36314562 -0.53612645 -0.04708411 -0.13249288
  0.18681738  0.41832388 -0.32557708  0.22020142 -0.11539984 -0.62472618
  0.11094422  0.13690932 -0.46871299  0.2128271   0.26354129 -0.63342965
 -0.00618498  0.3887723   0.00448486  0.04576687 -0.54162443  0.51447042
  0.5724846   0.55845159  0.63374984  0.23285536 -0.17671683  0.57028848
 -0.16633594  0.421689   -0.61893474  0.12917893  0.34170068 -0.64188752
  0.00827907 -0.22763812  0.0811059  -0.294321    0.26649553 -0.51259839
 -0.28662525 -0.82572972 -0.49662752 -0.22882475 -0.19357279]
1399,[ 0.18973     0.10053594 -0.06423308  0.12580797  0.36336526  0.09604168
 -0.0545787   0.66224578  0.36312831 -0.53611917 -0.04708158 -0.13247408
  0.18680811  0.41834154 -0.32557763  0.22021615 -0.1153905  -0.62472059
  0.11093429  0.13691983 -0.46871452  0.21281772  0.26353813 -0.63344442
 -0.00620017  0.38876499  0.00451214  0.04575775 -0.54163648  0.51449516
  0.5724608   0.55845802  0.63376079  0.23285582 -0.1767076   0.57029107
 -0.166346    0.42168234 -0.61893051  0.12916812  0.3417031  -0.64186926
  0.00825803 -0.22763991  0.08109347 -0.29432467  0.26650883 -0.51256872
 -0.28664221 -0.82572767 -0.49663441 -0.22882218 -0.19357764]
1400,[ 0.18974748  0.10054298 -0.06427788  0.12581764  0.36337525  0.09603097
 -0.054563    0.66222904  0.36311102 -0.53611189 -0.04707904 -0.1324553
  0.18679885  0.41835918 -0.32557817  0.22023087 -0.11538118 -0.624715
  0.11092437  0.13693032 -0.46871605  0.21280835  0.26353497 -0.63345917
 -0.00621534  0.38875768  0.00453939  0.04574864 -0.54164851  0.51451987
  0.57243702  0.55846444  0.63377171  0.23285627 -0.17669838  0.57029367
 -0.16635605  0.42167569 -0.61892628  0.12915732  0.34170552 -0.64185102
  0.00823702 -0.22764171  0.08108106 -0.29432833  0.26652211 -0.51253908
 -0.28665915 -0.82572561 -0.49664129 -0.22881962 -0.19358249]
1401,[ 0.18976495  0.10055    -0.06432264  0.12582731  0.36338523  0.09602027
 -0.05454732  0.66221232  0.36309376 -0.53610461 -0.04707651 -0.13243655
  0.1867896   0.41837681 -0.32557871  0.22024557 -0.11537186 -0.62470942
  0.11091446  0.1369408  -0.46871758  0.21279899  0.26353181 -0.6334739
 -0.0062305   0.38875039  0.0045666   0.04573954 -0.54166053  0.51454455
  0.57241328  0.55847086  0.63378263  0.23285672 -0.17668916  0.57029625
 -0.16636608  0.42166905 -0.61892206  0.12914652  0.34170794 -0.64183281
  0.00821604 -0.22764349  0.08106866 -0.29433199  0.26653538 -0.51250947
 -0.28667608 -0.82572356 -0.49664817 -0.22881705 -0.19358733]
1402,[ 0.18978239  0.10055702 -0.06436734  0.12583696  0.3633952   0.09600958
 -0.05453165  0.66219562  0.36307651 -0.53609735 -0.04707398 -0.13241781
  0.18678036  0.41839441 -0.32557925  0.22026025 -0.11536256 -0.62470385
  0.11090456  0.13695127 -0.4687191   0.21278964  0.26352866 -0.63348862
 -0.00624564  0.3887431   0.00459379  0.04573045 -0.54167254  0.5145692
  0.57238956  0.55847727  0.63379353  0.23285718 -0.17667996  0.57029884
 -0.1663761   0.42166241 -0.61891784  0.12913574  0.34171036 -0.64181461
  0.00819507 -0.22764528  0.08105628 -0.29433565  0.26654863 -0.5124799
 -0.28669298 -0.82572151 -0.49665503 -0.22881449 -0.19359217]
1403,[ 0.18979981  0.10056404 -0.06441199  0.12584661  0.36340516  0.0959989
 -0.054516    0.66217893  0.36305928 -0.53609009 -0.04707146 -0.1323991
  0.18677113  0.418412   -0.32557979  0.22027491 -0.11535327 -0.62469828
  0.11089468  0.13696173 -0.46872063  0.2127803   0.26352551 -0.63350332
 -0.00626076  0.38873583  0.00462095  0.04572138 -0.54168453  0.51459383
  0.57236586  0.55848367  0.63380443  0.23285763 -0.17667077  0.57030142
 -0.16638612  0.42165578 -0.61891363  0.12912498  0.34171277 -0.64179644
  0.00817413 -0.22764707  0.0810439  -0.2943393   0.26656186 -0.51245036
 -0.28670986 -0.82571946 -0.49666189 -0.22881193 -0.193597  ]
1404,[ 0.18981722  0.10057104 -0.06445658  0.12585624  0.3634151   0.09598824
 -0.05450037  0.66216227  0.36304207 -0.53608285 -0.04706893 -0.1323804
  0.18676191  0.41842956 -0.32558033  0.22028956 -0.11534399 -0.62469272
  0.1108848   0.13697218 -0.46872215  0.21277097  0.26352237 -0.633518
 -0.00627587  0.38872856  0.00464807  0.04571231 -0.54169651  0.51461843
  0.5723422   0.55849007  0.63381531  0.23285808 -0.17666159  0.570304
 -0.16639612  0.42164916 -0.61890942  0.12911422  0.34171519 -0.64177828
  0.00815322 -0.22764885  0.08103155 -0.29434295  0.26657508 -0.51242086
 -0.28672673 -0.82571742 -0.49666874 -0.22880938 -0.19360182]
1405,[ 0.1898346   0.10057803 -0.06450113  0.12586586  0.36342504  0.09597759
 -0.05448476  0.66214562  0.36302488 -0.53607561 -0.04706641 -0.13236173
  0.1867527   0.41844711 -0.32558087  0.2203042  -0.11533472 -0.62468717
  0.11087494  0.13698261 -0.46872367  0.21276165  0.26351923 -0.63353267
 -0.00629095  0.38872129  0.00467517  0.04570325 -0.54170848  0.514643
  0.57231856  0.55849645  0.63382617  0.23285853 -0.17665242  0.57030658
 -0.16640611  0.42164254 -0.61890522  0.12910348  0.3417176  -0.64176015
  0.00813232 -0.22765063  0.0810192  -0.29434659  0.26658829 -0.51239139
 -0.28674357 -0.82571538 -0.49667559 -0.22880683 -0.19360664]
1406,[ 0.18985197  0.10058502 -0.06454563  0.12587547  0.36343496  0.09596695
 -0.05446917  0.662129    0.36300771 -0.53606838 -0.04706389 -0.13234308
  0.1867435   0.41846463 -0.32558141  0.22031881 -0.11532546 -0.62468162
  0.11086509  0.13699304 -0.46872519  0.21275235  0.26351609 -0.63354732
 -0.00630602  0.38871404  0.00470223  0.0456942  -0.54172043  0.51466754
  0.57229494  0.55850283  0.63383703  0.23285898 -0.17664326  0.57030915
 -0.16641609  0.42163594 -0.61890102  0.12909275  0.34172    -0.64174203
  0.00811146 -0.22765241  0.08100687 -0.29435023  0.26660148 -0.51236195
 -0.2867604  -0.82571334 -0.49668242 -0.22880428 -0.19361146]
1407,[ 0.18986931  0.100592   -0.06459008  0.12588507  0.36344487  0.09595632
 -0.05445359  0.66211239  0.36299056 -0.53606115 -0.04706138 -0.13232445
  0.18673431  0.41848214 -0.32558194  0.22033341 -0.11531621 -0.62467607
  0.11085525  0.13700345 -0.46872671  0.21274305  0.26351295 -0.63356196
 -0.00632108  0.3887068   0.00472926  0.04568516 -0.54173237  0.51469206
  0.57227136  0.55850921  0.63384787  0.23285943 -0.17663411  0.57031172
 -0.16642605  0.42162934 -0.61889683  0.12908203  0.3417224  -0.64172394
  0.00809061 -0.22765419  0.08099456 -0.29435386  0.26661466 -0.51233255
 -0.28677721 -0.8257113  -0.49668925 -0.22880173 -0.19361627]
1408,[ 0.18988664  0.10059898 -0.06463448  0.12589466  0.36345477  0.09594571
 -0.05443803  0.6620958   0.36297343 -0.53605394 -0.04705887 -0.13230584
  0.18672513  0.41849962 -0.32558248  0.22034799 -0.11530697 -0.62467054
  0.11084542  0.13701385 -0.46872822  0.21273376  0.26350982 -0.63357658
 -0.00633612  0.38869956  0.00475627  0.04567613 -0.5417443   0.51471655
  0.5722478   0.55851557  0.6338587   0.23285988 -0.17662497  0.57031429
 -0.16643601  0.42162274 -0.61889264  0.12907132  0.34172481 -0.64170586
  0.00806979 -0.22765596  0.08098225 -0.29435749  0.26662782 -0.51230317
 -0.286794   -0.82570926 -0.49669607 -0.22879919 -0.19362107]
1409,[ 0.18990394  0.10060594 -0.06467883  0.12590424  0.36346466  0.0959351
 -0.05442248  0.66207923  0.36295632 -0.53604673 -0.04705636 -0.13228725
  0.18671597  0.41851709 -0.32558302  0.22036256 -0.11529774 -0.62466501
  0.1108356   0.13702423 -0.46872974  0.21272449  0.2635067  -0.63359118
 -0.00635114  0.38869233  0.00478324  0.04566712 -0.54175621  0.51474101
  0.57222426  0.55852193  0.63386952  0.23286033 -0.17661584  0.57031686
 -0.16644595  0.42161616 -0.61888845  0.12906063  0.3417272  -0.64168781
  0.00804899 -0.22765774  0.08096997 -0.29436112  0.26664096 -0.51227383
 -0.28681077 -0.82570723 -0.49670288 -0.22879665 -0.19362587]
1410,[ 0.18992123  0.1006129  -0.06472313  0.12591381  0.36347454  0.09592451
 -0.05440696  0.66206268  0.36293922 -0.53603953 -0.04705385 -0.13226868
  0.18670681  0.41853454 -0.32558355  0.22037711 -0.11528852 -0.62465948
  0.11082579  0.13703461 -0.46873125  0.21271522  0.26350357 -0.63360576
 -0.00636614  0.38868511  0.00481018  0.04565811 -0.54176811  0.51476544
  0.57220076  0.55852829  0.63388033  0.23286078 -0.17660672  0.57031942
 -0.16645589  0.42160958 -0.61888427  0.12904995  0.3417296  -0.64166978
  0.00802821 -0.22765951  0.08095769 -0.29436474  0.26665409 -0.51224453
 -0.28682752 -0.8257052  -0.49670969 -0.22879411 -0.19363066]
1411,[ 0.1899385   0.10061984 -0.06476738  0.12592336  0.36348441  0.09591393
 -0.05439145  0.66204614  0.36292215 -0.53603234 -0.04705135 -0.13225013
  0.18669766  0.41855196 -0.32558409  0.22039164 -0.11527931 -0.62465397
  0.11081599  0.13704497 -0.46873276  0.21270596  0.26350045 -0.63362033
 -0.00638113  0.3886779   0.0048371   0.04564911 -0.54177999  0.51478985
  0.57217728  0.55853463  0.63389112  0.23286123 -0.17659761  0.57032198
 -0.16646581  0.42160301 -0.6188801   0.12903928  0.34173199 -0.64165177
  0.00800746 -0.22766128  0.08094543 -0.29436836  0.26666721 -0.51221526
 -0.28684425 -0.82570317 -0.49671649 -0.22879157 -0.19363545]
1412,[ 0.18995575  0.10062679 -0.06481158  0.12593291  0.36349427  0.09590336
 -0.05437596  0.66202963  0.3629051  -0.53602516 -0.04704885 -0.1322316
  0.18668852  0.41856937 -0.32558462  0.22040616 -0.11527011 -0.62464845
  0.11080621  0.13705533 -0.46873427  0.21269672  0.26349734 -0.63363489
 -0.00639609  0.38867069  0.00486398  0.04564013 -0.54179187  0.51481423
  0.57215382  0.55854097  0.6339019   0.23286168 -0.17658851  0.57032454
 -0.16647572  0.42159645 -0.61887593  0.12902862  0.34173438 -0.64163377
  0.00798673 -0.22766305  0.08093318 -0.29437198  0.26668031 -0.51218602
 -0.28686097 -0.82570114 -0.49672328 -0.22878904 -0.19364023]
1413,[ 0.18997298  0.10063372 -0.06485573  0.12594245  0.36350411  0.09589281
 -0.05436049  0.66201313  0.36288806 -0.53601798 -0.04704635 -0.1322131
  0.1866794   0.41858676 -0.32558515  0.22042066 -0.11526092 -0.62464295
  0.11079643  0.13706567 -0.46873578  0.21268748  0.26349422 -0.63364942
 -0.00641105  0.38866349  0.00489083  0.04563115 -0.54180373  0.51483858
  0.57213039  0.5585473   0.63391267  0.23286213 -0.17657942  0.57032709
 -0.16648562  0.42158989 -0.61887176  0.12901797  0.34173677 -0.6416158
  0.00796603 -0.22766481  0.08092095 -0.29437559  0.2666934  -0.51215681
 -0.28687766 -0.82569912 -0.49673006 -0.22878651 -0.19364501]
1414,[ 0.18999018  0.10064064 -0.06489983  0.12595197  0.36351395  0.09588226
 -0.05434503  0.66199666  0.36287105 -0.53601082 -0.04704385 -0.13219461
  0.18667028  0.41860413 -0.32558569  0.22043515 -0.11525174 -0.62463745
  0.11078667  0.137076   -0.46873729  0.21267826  0.26349111 -0.63366394
 -0.00642598  0.38865631  0.00491765  0.04562218 -0.54181557  0.5148629
  0.57210699  0.55855362  0.63392343  0.23286257 -0.17657035  0.57032964
 -0.16649551  0.42158335 -0.6188676   0.12900734  0.34173915 -0.64159785
  0.00794535 -0.22766657  0.08090873 -0.29437919  0.26670647 -0.51212764
 -0.28689434 -0.8256971  -0.49673683 -0.22878399 -0.19364978]
1415,[ 0.19000737  0.10064756 -0.06494388  0.12596149  0.36352377  0.09587173
 -0.05432959  0.6619802   0.36285405 -0.53600366 -0.04704136 -0.13217615
  0.18666117  0.41862147 -0.32558622  0.22044961 -0.11524258 -0.62463196
  0.11077692  0.13708632 -0.46873879  0.21266905  0.26348801 -0.63367845
 -0.0064409   0.38864912  0.00494444  0.04561322 -0.5418274   0.5148872
  0.57208362  0.55855994  0.63393417  0.23286302 -0.17656128  0.57033219
 -0.16650539  0.42157681 -0.61886345  0.12899671  0.34174154 -0.64157992
  0.00792469 -0.22766834  0.08089652 -0.2943828   0.26671953 -0.51209849
 -0.286911   -0.82569508 -0.4967436  -0.22878146 -0.19365454]
1416,[ 0.19002454  0.10065447 -0.06498788  0.12597099  0.36353358  0.09586121
 -0.05431417  0.66196376  0.36283707 -0.53599651 -0.04703887 -0.13215771
  0.18665208  0.4186388  -0.32558675  0.22046407 -0.11523342 -0.62462647
  0.11076718  0.13709662 -0.46874029  0.21265984  0.2634849  -0.63369293
 -0.0064558   0.38864195  0.0049712   0.04560428 -0.54183922  0.51491147
  0.57206027  0.55856625  0.63394491  0.23286346 -0.17655222  0.57033473
 -0.16651525  0.42157027 -0.6188593   0.1289861   0.34174391 -0.64156201
  0.00790405 -0.2276701   0.08088433 -0.29438639  0.26673257 -0.51206939
 -0.28692764 -0.82569306 -0.49675036 -0.22877894 -0.1936593 ]
1417,[ 0.1900417   0.10066137 -0.06503183  0.12598048  0.36354338  0.0958507
 -0.05429877  0.66194733  0.36282011 -0.53598937 -0.04703639 -0.13213929
  0.18664299  0.41865611 -0.32558728  0.2204785  -0.11522427 -0.62462099
  0.11075744  0.13710692 -0.46874179  0.21265065  0.2634818  -0.6337074
 -0.00647069  0.38863479  0.00499794  0.04559534 -0.54185103  0.51493571
  0.57203695  0.55857255  0.63395563  0.23286391 -0.17654317  0.57033728
 -0.16652511  0.42156375 -0.61885515  0.1289755   0.34174629 -0.64154412
  0.00788344 -0.22767185  0.08087215 -0.29438999  0.2667456  -0.51204031
 -0.28694426 -0.82569105 -0.49675711 -0.22877642 -0.19366406]
1418,[ 0.19005883  0.10066827 -0.06507573  0.12598996  0.36355317  0.0958402
 -0.05428338  0.66193093  0.36280317 -0.53598223 -0.0470339  -0.13212088
  0.18663392  0.4186734  -0.32558781  0.22049292 -0.11521514 -0.62461552
  0.11074772  0.1371172  -0.46874329  0.21264147  0.26347871 -0.63372186
 -0.00648556  0.38862763  0.00502464  0.04558641 -0.54186282  0.51495992
  0.57201365  0.55857885  0.63396634  0.23286435 -0.17653414  0.57033982
 -0.16653495  0.42155723 -0.61885101  0.12896492  0.34174866 -0.64152624
  0.00786285 -0.22767361  0.08085999 -0.29439358  0.26675862 -0.51201127
 -0.28696086 -0.82568903 -0.49676385 -0.22877391 -0.19366881]
1419,[ 0.19007594  0.10067515 -0.06511958  0.12599944  0.36356295  0.09582972
 -0.05426802  0.66191455  0.36278625 -0.5359751  -0.04703142 -0.1321025
  0.18662485  0.41869067 -0.32558834  0.22050732 -0.11520601 -0.62461005
  0.11073802  0.13712747 -0.46874479  0.2126323   0.26347562 -0.6337363
 -0.00650041  0.38862048  0.00505131  0.0455775  -0.5418746   0.51498411
  0.57199038  0.55858514  0.63397704  0.2328648  -0.17652511  0.57034235
 -0.16654479  0.42155072 -0.61884687  0.12895434  0.34175104 -0.64150839
  0.00784229 -0.22767536  0.08084784 -0.29439716  0.26677161 -0.51198226
 -0.28697744 -0.82568702 -0.49677059 -0.2287714  -0.19367355]
1420,[ 0.19009303  0.10068203 -0.06516338  0.1260089   0.36357272  0.09581925
 -0.05425266  0.66189818  0.36276935 -0.53596799 -0.04702894 -0.13208414
  0.1866158   0.41870792 -0.32558887  0.22052171 -0.11519689 -0.62460459
  0.11072832  0.13713773 -0.46874629  0.21262313  0.26347253 -0.63375072
 -0.00651525  0.38861334  0.00507795  0.04556859 -0.54188637  0.51500827
  0.57196714  0.55859142  0.63398772  0.23286524 -0.17651609  0.57034489
 -0.16655461  0.42154421 -0.61884274  0.12894378  0.3417534  -0.64149056
  0.00782174 -0.22767711  0.0808357  -0.29440075  0.2667846  -0.51195328
 -0.286994   -0.82568502 -0.49677732 -0.22876889 -0.19367829]
1421,[ 0.19011011  0.1006889  -0.06520714  0.12601835  0.36358248  0.09580878
 -0.05423733  0.66188183  0.36275247 -0.53596088 -0.04702647 -0.1320658
  0.18660675  0.41872516 -0.3255894   0.22053608 -0.11518779 -0.62459913
  0.11071863  0.13714798 -0.46874778  0.21261398  0.26346944 -0.63376512
 -0.00653006  0.38860621  0.00510456  0.04555969 -0.54189812  0.5150324
  0.57194392  0.55859769  0.63399839  0.23286569 -0.17650709  0.57034742
 -0.16656442  0.42153772 -0.61883861  0.12893323  0.34175577 -0.64147275
  0.00780122 -0.22767886  0.08082358 -0.29440432  0.26679757 -0.51192433
 -0.28701055 -0.82568301 -0.49678404 -0.22876638 -0.19368303]
1422,[ 0.19012716  0.10069577 -0.06525084  0.12602779  0.36359223  0.09579833
 -0.05422201  0.6618655   0.3627356  -0.53595377 -0.047024   -0.13204748
  0.18659772  0.41874237 -0.32558993  0.22055044 -0.11517869 -0.62459368
  0.11070895  0.13715822 -0.46874927  0.21260484  0.26346636 -0.63377951
 -0.00654487  0.38859909  0.00513114  0.04555081 -0.54190986  0.5150565
  0.57192073  0.55860396  0.63400905  0.23286613 -0.17649809  0.57034994
 -0.16657422  0.42153123 -0.61883449  0.12892269  0.34175813 -0.64145496
  0.00778073 -0.22768061  0.08081147 -0.2944079   0.26681052 -0.51189542
 -0.28702708 -0.82568101 -0.49679075 -0.22876388 -0.19368775]
1423,[ 0.1901442   0.10070262 -0.0652945   0.12603721  0.36360196  0.0957879
 -0.05420671  0.66184919  0.36271876 -0.53594668 -0.04702153 -0.13202919
  0.18658869  0.41875956 -0.32559046  0.22056478 -0.11516961 -0.62458824
  0.11069929  0.13716844 -0.46875076  0.21259571  0.26346328 -0.63379389
 -0.00655965  0.38859197  0.00515769  0.04554193 -0.54192159  0.51508058
  0.57189756  0.55861022  0.6340197   0.23286657 -0.1764891   0.57035247
 -0.16658401  0.42152475 -0.61883037  0.12891216  0.34176049 -0.64143719
  0.00776025 -0.22768236  0.08079937 -0.29441147  0.26682347 -0.51186654
 -0.28704358 -0.825679   -0.49679746 -0.22876138 -0.19369248]
1424,[ 0.19016121  0.10070947 -0.0653381   0.12604663  0.36361169  0.09577747
 -0.05419143  0.6618329   0.36270194 -0.53593959 -0.04701906 -0.13201091
  0.18657968  0.41877673 -0.32559099  0.2205791  -0.11516053 -0.6245828
  0.11068964  0.13717865 -0.46875225  0.21258659  0.26346021 -0.63380824
 -0.00657442  0.38858486  0.00518421  0.04553307 -0.5419333   0.51510463
  0.57187442  0.55861647  0.63403034  0.23286701 -0.17648013  0.57035499
 -0.16659379  0.42151827 -0.61882626  0.12890165  0.34176285 -0.64141944
  0.0077398  -0.2276841   0.08078729 -0.29441503  0.26683639 -0.5118377
 -0.28706007 -0.82567701 -0.49680416 -0.22875888 -0.1936972 ]
1425,[ 0.19017821  0.10071631 -0.06538166  0.12605604  0.3636214   0.09576706
 -0.05417617  0.66181662  0.36268513 -0.53593252 -0.04701659 -0.13199265
  0.18657067  0.41879389 -0.32559151  0.2205934  -0.11515147 -0.62457737
  0.11067999  0.13718886 -0.46875374  0.21257748  0.26345713 -0.63382259
 -0.00658917  0.38857776  0.0052107   0.04552421 -0.541945    0.51512866
  0.57185131  0.55862272  0.63404097  0.23286745 -0.17647116  0.57035751
 -0.16660355  0.42151181 -0.61882215  0.12889114  0.34176521 -0.64140171
  0.00771938 -0.22768584  0.08077522 -0.29441859  0.2668493  -0.51180888
 -0.28707654 -0.82567501 -0.49681085 -0.22875638 -0.19370191]
1426,[ 0.19019519  0.10072314 -0.06542517  0.12606544  0.3636311   0.09575665
 -0.05416092  0.66180037  0.36266834 -0.53592545 -0.04701413 -0.13197442
  0.18656168  0.41881102 -0.32559204  0.22060769 -0.11514241 -0.62457194
  0.11067036  0.13719905 -0.46875522  0.21256838  0.26345407 -0.63383691
 -0.00660391  0.38857067  0.00523717  0.04551536 -0.54195669  0.51515265
  0.57182822  0.55862895  0.63405158  0.23286789 -0.1764622   0.57036003
 -0.16661331  0.42150535 -0.61881804  0.12888065  0.34176756 -0.641384
  0.00769897 -0.22768758  0.08076317 -0.29442215  0.2668622  -0.5117801
 -0.287093   -0.82567301 -0.49681753 -0.22875389 -0.19370661]
1427,[ 0.19021215  0.10072997 -0.06546863  0.12607482  0.36364079  0.09574626
 -0.05414569  0.66178413  0.36265157 -0.53591838 -0.04701167 -0.1319562
  0.1865527   0.41882814 -0.32559256  0.22062197 -0.11513337 -0.62456652
  0.11066074  0.13720923 -0.46875671  0.21255929  0.263451   -0.63385122
 -0.00661862  0.38856359  0.0052636   0.04550653 -0.54196836  0.51517662
  0.57180516  0.55863519  0.63406218  0.23286833 -0.17645326  0.57036254
 -0.16662305  0.42149889 -0.61881394  0.12887017  0.34176991 -0.64136631
  0.00767859 -0.22768932  0.08075113 -0.29442571  0.26687508 -0.51175135
 -0.28710943 -0.82567102 -0.49682421 -0.2287514  -0.19371132]
1428,[ 0.19022909  0.10073678 -0.06551204  0.1260842   0.36365047  0.09573588
 -0.05413047  0.66176791  0.36263482 -0.53591133 -0.04700922 -0.131938
  0.18654372  0.41884523 -0.32559309  0.22063623 -0.11512434 -0.62456111
  0.11065113  0.13721939 -0.46875819  0.21255021  0.26344794 -0.63386551
 -0.00663333  0.38855651  0.00529     0.0454977  -0.54198002  0.51520057
  0.57178212  0.55864141  0.63407277  0.23286877 -0.17644432  0.57036505
 -0.16663279  0.42149245 -0.61880985  0.1288597   0.34177226 -0.64134864
  0.00765823 -0.22769105  0.0807391  -0.29442926  0.26688795 -0.51172263
 -0.28712584 -0.82566903 -0.49683088 -0.22874891 -0.19371601]
1429,[ 0.19024601  0.10074359 -0.0655554   0.12609356  0.36366014  0.09572552
 -0.05411528  0.66175171  0.36261809 -0.53590428 -0.04700676 -0.13191983
  0.18653476  0.41886231 -0.32559361  0.22065047 -0.11511531 -0.6245557
  0.11064153  0.13722955 -0.46875967  0.21254114  0.26344488 -0.63387979
 -0.00664801  0.38854944  0.00531637  0.04548888 -0.54199167  0.51522448
  0.57175912  0.55864763  0.63408335  0.23286921 -0.1764354   0.57036756
 -0.16664251  0.42148601 -0.61880576  0.12884925  0.3417746  -0.64133099
  0.0076379  -0.22769279  0.08072708 -0.2944328   0.2669008  -0.51169395
 -0.28714224 -0.82566704 -0.49683754 -0.22874643 -0.1937207 ]
1430,[ 0.19026291  0.10075039 -0.06559871  0.12610292  0.3636698   0.09571516
 -0.0541001   0.66173553  0.36260138 -0.53589724 -0.04700431 -0.13190167
  0.1865258   0.41887937 -0.32559414  0.22066469 -0.1151063  -0.6245503
  0.11063194  0.1372397  -0.46876115  0.21253208  0.26344183 -0.63389405
 -0.00666268  0.38854238  0.00534271  0.04548008 -0.5420033   0.51524837
  0.57173613  0.55865384  0.63409391  0.23286965 -0.17642648  0.57037007
 -0.16665222  0.42147958 -0.61880167  0.1288388   0.34177694 -0.64131336
  0.00761759 -0.22769452  0.08071508 -0.29443634  0.26691364 -0.51166529
 -0.28715862 -0.82566506 -0.49684419 -0.22874395 -0.19372539]
1431,[ 0.19027979  0.10075719 -0.06564197  0.12611226  0.36367945  0.09570482
 -0.05408494  0.66171936  0.36258469 -0.53589021 -0.04700187 -0.13188354
  0.18651686  0.41889641 -0.32559466  0.2206789  -0.1150973  -0.62454491
  0.11062236  0.13724983 -0.46876263  0.21252303  0.26343878 -0.63390829
 -0.00667733  0.38853533  0.00536903  0.04547128 -0.54201492  0.51527223
  0.57171317  0.55866004  0.63410447  0.23287009 -0.17641757  0.57037257
 -0.16666192  0.42147316 -0.61879759  0.12882837  0.34177928 -0.64129574
  0.0075973  -0.22769625  0.08070309 -0.29443988  0.26692647 -0.51163667
 -0.28717498 -0.82566307 -0.49685084 -0.22874147 -0.19373007]
1432,[ 0.19029665  0.10076397 -0.06568519  0.1261216   0.36368909  0.09569448
 -0.05406979  0.66170321  0.36256801 -0.53588319 -0.04699942 -0.13186543
  0.18650793  0.41891343 -0.32559518  0.2206931  -0.1150883  -0.62453952
  0.11061279  0.13725995 -0.4687641   0.21251399  0.26343573 -0.63392252
 -0.00669197  0.38852829  0.00539531  0.04546249 -0.54202653  0.51529607
  0.57169024  0.55866624  0.63411501  0.23287053 -0.17640868  0.57037507
 -0.16667161  0.42146674 -0.61879351  0.12881795  0.34178162 -0.64127815
  0.00757703 -0.22769798  0.08069112 -0.29444341  0.26693928 -0.51160808
 -0.28719132 -0.82566109 -0.49685747 -0.228739   -0.19373475]
1433,[ 0.1903135   0.10077075 -0.06572835  0.12613092  0.36369871  0.09568416
 -0.05405466  0.66168708  0.36255136 -0.53587618 -0.04699698 -0.13184733
  0.186499    0.41893043 -0.3255957   0.22070728 -0.11507932 -0.62453414
  0.11060323  0.13727006 -0.46876558  0.21250496  0.26343269 -0.63393673
 -0.00670659  0.38852125  0.00542156  0.04545372 -0.54203813  0.51531988
  0.57166734  0.55867243  0.63412554  0.23287097 -0.17639979  0.57037756
 -0.16668129  0.42146033 -0.61878944  0.12880754  0.34178395 -0.64126058
  0.00755679 -0.2276997   0.08067916 -0.29444694  0.26695207 -0.51157953
 -0.28720764 -0.82565911 -0.49686411 -0.22873652 -0.19373942]
1434,[ 0.19033033  0.10077752 -0.06577147  0.12614023  0.36370833  0.09567385
 -0.05403955  0.66167097  0.36253472 -0.53586917 -0.04699454 -0.13182926
  0.18649009  0.41894741 -0.32559622  0.22072144 -0.11507035 -0.62452876
  0.11059369  0.13728016 -0.46876705  0.21249594  0.26342965 -0.63395093
 -0.00672119  0.38851422  0.00544779  0.04544495 -0.54204971  0.51534366
  0.57164446  0.55867861  0.63413606  0.2328714  -0.17639092  0.57038006
 -0.16669096  0.42145393 -0.61878537  0.12879714  0.34178628 -0.64124303
  0.00753657 -0.22770143  0.08066721 -0.29445047  0.26696485 -0.511551
 -0.28722395 -0.82565714 -0.49687073 -0.22873405 -0.19374408]
1435,[ 0.19034713  0.10078429 -0.06581454  0.12614954  0.36371793  0.09566356
 -0.05402446  0.66165488  0.3625181  -0.53586217 -0.0469921  -0.13181121
  0.18648119  0.41896437 -0.32559675  0.22073558 -0.11506138 -0.62452339
  0.11058415  0.13729025 -0.46876852  0.21248693  0.26342661 -0.63396511
 -0.00673578  0.3885072   0.00547398  0.04543619 -0.54206128  0.51536741
  0.5716216   0.55868479  0.63414656  0.23287184 -0.17638205  0.57038255
 -0.16670062  0.42144753 -0.61878131  0.12878676  0.34178861 -0.6412255
  0.00751637 -0.22770315  0.08065528 -0.29445399  0.26697762 -0.51152251
 -0.28724024 -0.82565516 -0.49687735 -0.22873159 -0.19374874]
1436,[ 0.19036392  0.10079104 -0.06585756  0.12615883  0.36372753  0.09565327
 -0.05400938  0.66163881  0.3625015  -0.53585518 -0.04698967 -0.13179318
  0.18647229  0.41898131 -0.32559727  0.22074971 -0.11505243 -0.62451803
  0.11057463  0.13730033 -0.46876999  0.21247794  0.26342358 -0.63397928
 -0.00675035  0.38850019  0.00550015  0.04542744 -0.54207283  0.51539114
  0.57159877  0.55869096  0.63415706  0.23287227 -0.17637319  0.57038504
 -0.16671027  0.42144115 -0.61877725  0.12877638  0.34179094 -0.64120799
  0.00749619 -0.22770487  0.08064336 -0.29445751  0.26699037 -0.51149405
 -0.2872565  -0.82565319 -0.49688395 -0.22872912 -0.19375339]
1437,[ 0.19038069  0.10079779 -0.06590053  0.12616811  0.36373711  0.09564299
 -0.05399432  0.66162275  0.36248492 -0.5358482  -0.04698724 -0.13177516
  0.18646341  0.41899824 -0.32559778  0.22076383 -0.11504349 -0.62451267
  0.11056511  0.13731039 -0.46877146  0.21246895  0.26342055 -0.63399342
 -0.0067649   0.38849319  0.00552628  0.04541871 -0.54208438  0.51541484
  0.57157597  0.55869712  0.63416754  0.23287271 -0.17636435  0.57038752
 -0.1667199   0.42143477 -0.6187732   0.12876602  0.34179326 -0.64119049
  0.00747604 -0.22770659  0.08063145 -0.29446102  0.26700311 -0.51146563
 -0.28727275 -0.82565122 -0.49689055 -0.22872666 -0.19375804]
1438,[ 0.19039744  0.10080453 -0.06594345  0.12617738  0.36374668  0.09563273
 -0.05397928  0.66160671  0.36246836 -0.53584122 -0.04698481 -0.13175717
  0.18645454  0.41901514 -0.3255983   0.22077793 -0.11503455 -0.62450731
  0.11055561  0.13732045 -0.46877292  0.21245997  0.26341752 -0.63400756
 -0.00677944  0.38848619  0.00555239  0.04540998 -0.5420959   0.51543852
  0.57155319  0.55870327  0.63417801  0.23287315 -0.17635551  0.57039001
 -0.16672953  0.42142839 -0.61876915  0.12875567  0.34179558 -0.64117302
  0.00745591 -0.22770831  0.08061956 -0.29446453  0.26701584 -0.51143723
 -0.28728898 -0.82564925 -0.49689715 -0.2287242  -0.19376269]
1439,[ 0.19041417  0.10081126 -0.06598633  0.12618664  0.36375624  0.09562248
 -0.05396425  0.66159069  0.36245182 -0.53583425 -0.04698238 -0.1317392
  0.18644567  0.41903203 -0.32559882  0.22079201 -0.11502563 -0.62450197
  0.11054612  0.13733049 -0.46877439  0.212451    0.2634145  -0.63402167
 -0.00679396  0.3884792   0.00557846  0.04540126 -0.54210742  0.51546216
  0.57153044  0.55870942  0.63418847  0.23287358 -0.17634669  0.57039249
 -0.16673914  0.42142203 -0.6187651   0.12874533  0.3417979  -0.64115557
  0.0074358  -0.22771002  0.08060768 -0.29446804  0.26702854 -0.51140887
 -0.2873052  -0.82564729 -0.49690373 -0.22872174 -0.19376733]
1440,[ 0.19043088  0.10081799 -0.06602915  0.12619589  0.36376579  0.09561224
 -0.05394924  0.66157469  0.36243529 -0.53582729 -0.04697996 -0.13172125
  0.18643682  0.41904889 -0.32559934  0.22080607 -0.11501672 -0.62449663
  0.11053664  0.13734052 -0.46877585  0.21244204  0.26341148 -0.63403577
 -0.00680847  0.38847222  0.00560451  0.04539255 -0.54211893  0.51548578
  0.57150772  0.55871556  0.63419891  0.23287401 -0.17633787  0.57039496
 -0.16674874  0.42141567 -0.61876106  0.128735    0.34180022 -0.64113813
  0.00741572 -0.22771173  0.08059581 -0.29447154  0.26704124 -0.51138053
 -0.28732139 -0.82564532 -0.49691031 -0.22871929 -0.19377196]
1441,[ 0.19044758  0.10082471 -0.06607193  0.12620513  0.36377533  0.09560201
 -0.05393425  0.66155871  0.36241878 -0.53582034 -0.04697754 -0.13170332
  0.18642798  0.41906574 -0.32559986  0.22082012 -0.11500782 -0.62449129
  0.11052716  0.13735054 -0.46877731  0.2124331   0.26340846 -0.63404986
 -0.00682295  0.38846525  0.00563053  0.04538385 -0.54213042  0.51550938
  0.57148502  0.5587217   0.63420935  0.23287445 -0.17632906  0.57039744
 -0.16675834  0.42140932 -0.61875703  0.12872469  0.34180253 -0.64112072
  0.00739565 -0.22771344  0.08058396 -0.29447504  0.26705392 -0.51135223
 -0.28733757 -0.82564336 -0.49691689 -0.22871684 -0.19377659]
1442,[ 0.19046425  0.10083142 -0.06611466  0.12621436  0.36378486  0.0955918
 -0.05391928  0.66154274  0.3624023  -0.5358134  -0.04697512 -0.13168541
  0.18641914  0.41908257 -0.32560037  0.22083416 -0.11499892 -0.62448597
  0.1105177   0.13736055 -0.46877877  0.21242416  0.26340545 -0.63406393
 -0.00683743  0.38845828  0.00565652  0.04537517 -0.54214189  0.51553295
  0.57146234  0.55872782  0.63421977  0.23287488 -0.17632027  0.57039991
 -0.16676792  0.42140297 -0.618753    0.12871438  0.34180484 -0.64110333
  0.00737562 -0.22771515  0.08057212 -0.29447853  0.26706659 -0.51132397
 -0.28735373 -0.8256414  -0.49692345 -0.22871439 -0.19378121]
1443,[ 0.19048091  0.10083812 -0.06615734  0.12622358  0.36379438  0.09558159
 -0.05390432  0.6615268   0.36238583 -0.53580646 -0.04697271 -0.13166752
  0.18641032  0.41909938 -0.32560089  0.22084818 -0.11499004 -0.62448064
  0.11050825  0.13737054 -0.46878023  0.21241523  0.26340244 -0.63407798
 -0.00685188  0.38845132  0.00568248  0.04536649 -0.54215336  0.51555649
  0.57143969  0.55873394  0.63423018  0.23287531 -0.17631148  0.57040238
 -0.16677749  0.42139664 -0.61874897  0.12870409  0.34180715 -0.64108595
  0.0073556  -0.22771686  0.08056029 -0.29448202  0.26707924 -0.51129573
 -0.28736987 -0.82563945 -0.49693001 -0.22871195 -0.19378583]
1444,[ 0.19049754  0.10084481 -0.06619998  0.12623279  0.36380389  0.0955714
 -0.05388937  0.66151087  0.36236938 -0.53579953 -0.0469703  -0.13164965
  0.18640151  0.41911617 -0.32560141  0.22086218 -0.11498117 -0.62447533
  0.11049882  0.13738053 -0.46878168  0.21240631  0.26339943 -0.63409202
 -0.00686632  0.38844437  0.00570841  0.04535782 -0.54216481  0.51558
  0.57141707  0.55874006  0.63424058  0.23287574 -0.17630271  0.57040484
 -0.16678705  0.42139031 -0.61874495  0.12869381  0.34180945 -0.6410686
  0.0073356  -0.22771856  0.08054848 -0.29448551  0.26709188 -0.51126753
 -0.28738599 -0.82563749 -0.49693656 -0.2287095  -0.19379044]
1445,[ 0.19051416  0.1008515  -0.06624256  0.12624198  0.36381338  0.09556121
 -0.05387445  0.66149495  0.36235295 -0.53579261 -0.04696789 -0.1316318
  0.1863927   0.41913294 -0.32560192  0.22087617 -0.1149723  -0.62447002
  0.11048939  0.13739051 -0.46878314  0.21239741  0.26339643 -0.63410604
 -0.00688074  0.38843743  0.00573431  0.04534916 -0.54217625  0.51560349
  0.57139447  0.55874616  0.63425097  0.23287618 -0.17629394  0.57040731
 -0.1667966   0.42138398 -0.61874093  0.12868354  0.34181176 -0.64105126
  0.00731563 -0.22772027  0.08053668 -0.29448899  0.2671045  -0.51123935
 -0.28740209 -0.82563554 -0.4969431  -0.22870707 -0.19379505]
1446,[ 0.19053076  0.10085818 -0.0662851   0.12625117  0.36382287  0.09555104
 -0.05385954  0.66147906  0.36233653 -0.5357857  -0.04696548 -0.13161397
  0.18638391  0.4191497  -0.32560243  0.22089014 -0.11496345 -0.62446471
  0.11047997  0.13740047 -0.46878459  0.21238851  0.26339343 -0.63412004
 -0.00689515  0.3884305   0.00576018  0.04534051 -0.54218768  0.51562695
  0.5713719   0.55875226  0.63426135  0.23287661 -0.17628518  0.57040977
 -0.16680614  0.42137767 -0.61873692  0.12867328  0.34181406 -0.64103394
  0.00729568 -0.22772197  0.08052489 -0.29449247  0.26711711 -0.51121121
 -0.28741818 -0.82563359 -0.49694963 -0.22870463 -0.19379965]
1447,[ 0.19054734  0.10086486 -0.06632759  0.12626035  0.36383235  0.09554088
 -0.05384465  0.66146318  0.36232014 -0.5357788  -0.04696308 -0.13159616
  0.18637513  0.41916643 -0.32560295  0.2209041  -0.11495461 -0.62445941
  0.11047056  0.13741042 -0.46878604  0.21237962  0.26339043 -0.63413403
 -0.00690954  0.38842357  0.00578602  0.04533187 -0.54219909  0.51565039
  0.57134935  0.55875836  0.63427171  0.23287704 -0.17627644  0.57041223
 -0.16681566  0.42137136 -0.61873291  0.12866304  0.34181636 -0.64101665
  0.00727576 -0.22772367  0.08051312 -0.29449595  0.26712971 -0.5111831
 -0.28743425 -0.82563164 -0.49695616 -0.22870219 -0.19380425]
1448,[ 0.1905639   0.10087152 -0.06637004  0.12626951  0.36384181  0.09553074
 -0.05382978  0.66144733  0.36230376 -0.5357719  -0.04696068 -0.13157837
  0.18636635  0.41918314 -0.32560346  0.22091804 -0.11494578 -0.62445412
  0.11046116  0.13742036 -0.46878749  0.21237074  0.26338744 -0.63414801
 -0.00692392  0.38841665  0.00581184  0.04532324 -0.54221049  0.5156738
  0.57132683  0.55876444  0.63428207  0.23287747 -0.1762677   0.57041468
 -0.16682518  0.42136506 -0.6187289   0.1286528   0.34181865 -0.64099937
  0.00725585 -0.22772536  0.08050136 -0.29449942  0.26714229 -0.51115503
 -0.2874503  -0.8256297  -0.49696268 -0.22869976 -0.19380884]
1449,[ 0.19058045  0.10087818 -0.06641243  0.12627867  0.36385127  0.0955206
 -0.05381492  0.66143148  0.3622874  -0.53576501 -0.04695828 -0.1315606
  0.18635759  0.41919984 -0.32560397  0.22093196 -0.11493695 -0.62444883
  0.11045178  0.13743029 -0.46878894  0.21236188  0.26338445 -0.63416197
 -0.00693827  0.38840974  0.00583762  0.04531462 -0.54222188  0.51569718
  0.57130433  0.55877052  0.63429241  0.2328779  -0.17625897  0.57041713
 -0.16683469  0.42135876 -0.6187249   0.12864258  0.34182094 -0.64098211
  0.00723597 -0.22772706  0.08048961 -0.29450288  0.26715485 -0.51112698
 -0.28746633 -0.82562775 -0.49696919 -0.22869733 -0.19381343]
1450,[ 0.19059697  0.10088483 -0.06645478  0.12628782  0.36386071  0.09551047
 -0.05380008  0.66141566  0.36227106 -0.53575813 -0.04695588 -0.13154285
  0.18634883  0.41921652 -0.32560449  0.22094587 -0.11492814 -0.62444355
  0.1104424   0.13744021 -0.46879038  0.21235302  0.26338146 -0.63417591
 -0.00695262  0.38840284  0.00586338  0.04530601 -0.54223325  0.51572054
  0.57128186  0.55877659  0.63430274  0.23287833 -0.17625026  0.57041958
 -0.16684418  0.42135247 -0.61872091  0.12863237  0.34182323 -0.64096488
  0.00721611 -0.22772875  0.08047788 -0.29450635  0.26716741 -0.51109897
 -0.28748234 -0.82562581 -0.4969757  -0.22869491 -0.19381801]
1451,[ 0.19061348  0.10089147 -0.06649708  0.12629695  0.36387014  0.09550036
 -0.05378525  0.66139986  0.36225474 -0.53575125 -0.04695349 -0.13152512
  0.18634009  0.41923318 -0.325605    0.22095976 -0.11491934 -0.62443828
  0.11043304  0.13745012 -0.46879183  0.21234417  0.26337848 -0.63418984
 -0.00696694  0.38839595  0.0058891   0.04529741 -0.54224462  0.51574387
  0.57125941  0.55878266  0.63431306  0.23287875 -0.17624155  0.57042203
 -0.16685367  0.42134619 -0.61871692  0.12862216  0.34182552 -0.64094766
  0.00719627 -0.22773044  0.08046616 -0.29450981  0.26717995 -0.51107098
 -0.28749834 -0.82562387 -0.49698219 -0.22869248 -0.19382258]
1452,[ 0.19062997  0.10089811 -0.06653933  0.12630608  0.36387956  0.09549026
 -0.05377044  0.66138407  0.36223844 -0.53574439 -0.0469511  -0.13150741
  0.18633136  0.41924982 -0.32560551  0.22097364 -0.11491054 -0.62443301
  0.11042368  0.13746002 -0.46879327  0.21233533  0.2633755  -0.63420375
 -0.00698125  0.38838906  0.0059148   0.04528882 -0.54225597  0.51576717
  0.57123699  0.55878872  0.63432336  0.23287918 -0.17623285  0.57042447
 -0.16686314  0.42133992 -0.61871293  0.12861198  0.3418278  -0.64093046
  0.00717646 -0.22773213  0.08045445 -0.29451326  0.26719247 -0.51104303
 -0.28751431 -0.82562193 -0.49698868 -0.22869006 -0.19382715]
1453,[ 0.19064644  0.10090473 -0.06658153  0.12631519  0.36388898  0.09548017
 -0.05375565  0.6613683   0.36222215 -0.53573753 -0.04694871 -0.13148972
  0.18632263  0.41926644 -0.32560602  0.2209875  -0.11490176 -0.62442775
  0.11041434  0.1374699  -0.46879471  0.21232651  0.26337252 -0.63421764
 -0.00699555  0.38838218  0.00594047  0.04528024 -0.5422673   0.51579045
  0.5712146   0.55879477  0.63433366  0.23287961 -0.17622416  0.57042691
 -0.16687261  0.42133365 -0.61870895  0.1286018   0.34183009 -0.64091328
  0.00715666 -0.22773382  0.08044276 -0.29451671  0.26720498 -0.51101511
 -0.28753027 -0.82562    -0.49699517 -0.22868765 -0.19383172]
1454,[ 0.19066289  0.10091135 -0.06662369  0.1263243   0.36389838  0.09547009
 -0.05374088  0.66135255  0.36220589 -0.53573068 -0.04694632 -0.13147205
  0.18631392  0.41928304 -0.32560653  0.22100135 -0.11489299 -0.62442249
  0.11040501  0.13747978 -0.46879615  0.21231769  0.26336955 -0.63423152
 -0.00700982  0.38837531  0.00596611  0.04527166 -0.54227863  0.5158137
  0.57119223  0.55880081  0.63434394  0.23288004 -0.17621548  0.57042935
 -0.16688206  0.4213274  -0.61870497  0.12859163  0.34183237 -0.64089612
  0.00713689 -0.22773551  0.08043108 -0.29452016  0.26721748 -0.51098722
 -0.28754621 -0.82561807 -0.49700164 -0.22868523 -0.19383628]
1455,[ 0.19067932  0.10091797 -0.0666658   0.12633339  0.36390777  0.09546002
 -0.05372612  0.66133682  0.36218964 -0.53572384 -0.04694394 -0.1314544
  0.18630521  0.41929963 -0.32560704  0.22101518 -0.11488422 -0.62441724
  0.11039568  0.13748964 -0.46879759  0.21230888  0.26336658 -0.63424539
 -0.00702408  0.38836844  0.00599172  0.0452631  -0.54228994  0.51583693
  0.57116988  0.55880685  0.63435422  0.23288046 -0.17620682  0.57043179
 -0.1668915   0.42132114 -0.618701    0.12858148  0.34183464 -0.64087898
  0.00711715 -0.22773719  0.08041941 -0.2945236   0.26722996 -0.51095937
 -0.28756214 -0.82561614 -0.49700811 -0.22868282 -0.19384084]
1456,[ 0.19069573  0.10092457 -0.06670786  0.12634248  0.36391715  0.09544996
 -0.05371138  0.6613211   0.36217341 -0.535717   -0.04694156 -0.13143677
  0.18629652  0.41931619 -0.32560754  0.22102899 -0.11487547 -0.624412
  0.11038637  0.13749949 -0.46879903  0.21230008  0.26336362 -0.63425924
 -0.00703833  0.38836159  0.0060173   0.04525455 -0.54230124  0.51586013
  0.57114756  0.55881288  0.63436448  0.23288089 -0.17619816  0.57043422
 -0.16690093  0.4213149  -0.61869703  0.12857134  0.34183692 -0.64086185
  0.00709742 -0.22773887  0.08040775 -0.29452704  0.26724243 -0.51093154
 -0.28757804 -0.82561421 -0.49701457 -0.22868041 -0.19384539]
1457,[ 0.19071213  0.10093117 -0.06674987  0.12635155  0.36392652  0.09543992
 -0.05369666  0.6613054   0.3621572  -0.53571017 -0.04693919 -0.13141916
  0.18628783  0.41933274 -0.32560805  0.22104279 -0.11486673 -0.62440676
  0.11037707  0.13750933 -0.46880046  0.21229129  0.26336065 -0.63427307
 -0.00705256  0.38835474  0.00604285  0.04524601 -0.54231252  0.5158833
  0.57112527  0.55881891  0.63437472  0.23288132 -0.17618951  0.57043665
 -0.16691035  0.42130866 -0.61869307  0.1285612   0.34183919 -0.64084475
  0.00707772 -0.22774055  0.08039611 -0.29453048  0.26725488 -0.51090375
 -0.28759393 -0.82561228 -0.49702103 -0.228678   -0.19384993]
1458,[ 0.1907285   0.10093776 -0.06679184  0.12636062  0.36393588  0.09542988
 -0.05368195  0.66128972  0.36214101 -0.53570335 -0.04693681 -0.13140157
  0.18627916  0.41934927 -0.32560856  0.22105658 -0.11485799 -0.62440152
  0.11036778  0.13751916 -0.46880189  0.21228252  0.26335769 -0.63428689
 -0.00706677  0.3883479   0.00606838  0.04523747 -0.54232379  0.51590645
  0.571103    0.55882493  0.63438496  0.23288174 -0.17618087  0.57043908
 -0.16691977  0.42130243 -0.61868911  0.12855108  0.34184146 -0.64082767
  0.00705803 -0.22774223  0.08038448 -0.29453391  0.26726732 -0.51087598
 -0.2876098  -0.82561036 -0.49702747 -0.2286756  -0.19385447]
1459,[ 0.19074486  0.10094434 -0.06683376  0.12636967  0.36394522  0.09541986
 -0.05366726  0.66127406  0.36212483 -0.53569654 -0.04693444 -0.131384
  0.18627049  0.41936577 -0.32560907  0.22107035 -0.11484927 -0.6243963
  0.1103585   0.13752898 -0.46880333  0.21227375  0.26335474 -0.63430069
 -0.00708097  0.38834106  0.00609387  0.04522895 -0.54233505  0.51592957
  0.57108075  0.55883094  0.63439519  0.23288216 -0.17617224  0.5704415
 -0.16692917  0.42129621 -0.61868515  0.12854097  0.34184372 -0.6408106
  0.00703838 -0.22774391  0.08037287 -0.29453734  0.26727975 -0.51084825
 -0.28762565 -0.82560844 -0.49703391 -0.2286732  -0.19385901]
1460,[ 0.1907612   0.10095092 -0.06687563  0.12637872  0.36395456  0.09540985
 -0.05365258  0.66125841  0.36210867 -0.53568974 -0.04693207 -0.13136645
  0.18626183  0.41938227 -0.32560957  0.2210841  -0.11484056 -0.62439108
  0.11034922  0.13753879 -0.46880476  0.21226499  0.26335179 -0.63431448
 -0.00709515  0.38833424  0.00611934  0.04522044 -0.5423463   0.51595266
  0.57105853  0.55883694  0.6344054   0.23288259 -0.17616362  0.57044393
 -0.16693855  0.42128999 -0.6186812   0.12853088  0.34184599 -0.64079356
  0.00701874 -0.22774558  0.08036127 -0.29454076  0.26729216 -0.51082055
 -0.28764149 -0.82560652 -0.49704035 -0.2286708  -0.19386354]
1461,[ 0.19077752  0.10095748 -0.06691746  0.12638775  0.36396389  0.09539985
 -0.05363792  0.66124279  0.36209254 -0.53568294 -0.0469297  -0.13134891
  0.18625319  0.41939874 -0.32561008  0.22109784 -0.11483185 -0.62438586
  0.11033996  0.13754859 -0.46880618  0.21225624  0.26334884 -0.63432825
 -0.00710932  0.38832742  0.00614478  0.04521193 -0.54235754  0.51597573
  0.57103634  0.55884294  0.6344156   0.23288301 -0.17615501  0.57044634
 -0.16694793  0.42128378 -0.61867726  0.12852079  0.34184825 -0.64077653
  0.00699912 -0.22774725  0.08034968 -0.29454418  0.26730456 -0.51079288
 -0.2876573  -0.8256046  -0.49704677 -0.2286684  -0.19386806]
1462,[ 0.19079383  0.10096405 -0.06695923  0.12639677  0.36397321  0.09538986
 -0.05362328  0.66122718  0.36207642 -0.53567615 -0.04692734 -0.1313314
  0.18624455  0.41941519 -0.32561058  0.22111156 -0.11482316 -0.62438065
  0.11033072  0.13755837 -0.46880761  0.2122475   0.26334589 -0.634342
 -0.00712347  0.38832061  0.00617019  0.04520344 -0.54236876  0.51599877
  0.57101417  0.55884893  0.6344258   0.23288344 -0.17614641  0.57044876
 -0.1669573   0.42127758 -0.61867332  0.12851072  0.34185051 -0.64075953
  0.00697953 -0.22774892  0.0803381  -0.2945476   0.26731694 -0.51076524
 -0.2876731  -0.82560268 -0.49705319 -0.22866601 -0.19387258]
1463,[ 0.19081011  0.1009706  -0.06700097  0.12640579  0.36398251  0.09537988
 -0.05360866  0.66121158  0.36206031 -0.53566937 -0.04692498 -0.13131391
  0.18623592  0.41943163 -0.32561109  0.22112527 -0.11481447 -0.62437545
  0.11032148  0.13756815 -0.46880903  0.21223877  0.26334295 -0.63435574
 -0.0071376   0.38831381  0.00619557  0.04519495 -0.54237997  0.51602179
  0.57099203  0.55885491  0.63443598  0.23288386 -0.17613782  0.57045117
 -0.16696666  0.42127138 -0.61866938  0.12850065  0.34185277 -0.64074254
  0.00695996 -0.22775059  0.08032654 -0.29455101  0.26732931 -0.51073764
 -0.28768888 -0.82560077 -0.4970596  -0.22866362 -0.1938771 ]
1464,[ 0.19082638  0.10097714 -0.06704265  0.12641479  0.36399181  0.09536991
 -0.05359405  0.66119601  0.36204423 -0.53566259 -0.04692262 -0.13129644
  0.18622731  0.41944804 -0.32561159  0.22113896 -0.1148058  -0.62437025
  0.11031225  0.13757791 -0.46881046  0.21223005  0.26334001 -0.63436947
 -0.00715172  0.38830701  0.00622092  0.04518648 -0.54239116  0.51604478
  0.57096991  0.55886089  0.63444614  0.23288428 -0.17612924  0.57045359
 -0.16697601  0.42126519 -0.61866545  0.1284906   0.34185502 -0.64072557
  0.00694041 -0.22775226  0.08031499 -0.29455442  0.26734167 -0.51071006
 -0.28770464 -0.82559886 -0.497066   -0.22866123 -0.19388161]
1465,[ 0.19084263  0.10098368 -0.06708429  0.12642378  0.36400109  0.09535996
 -0.05357946  0.66118045  0.36202816 -0.53565583 -0.04692027 -0.13127899
  0.1862187   0.41946444 -0.3256121   0.22115263 -0.11479713 -0.62436506
  0.11030303  0.13758766 -0.46881188  0.21222135  0.26333707 -0.63438318
 -0.00716582  0.38830023  0.00624625  0.04517801 -0.54240235  0.51606775
  0.57094781  0.55886686  0.6344563   0.2328847  -0.17612067  0.57045599
 -0.16698534  0.42125901 -0.61866152  0.12848056  0.34185727 -0.64070862
  0.00692088 -0.22775392  0.08030345 -0.29455782  0.26735401 -0.51068252
 -0.28772039 -0.82559695 -0.4970724  -0.22865885 -0.19388611]
1466,[ 0.19085886  0.10099021 -0.06712588  0.12643277  0.36401037  0.09535001
 -0.05356488  0.66116491  0.36201212 -0.53564907 -0.04691791 -0.13126155
  0.1862101   0.41948082 -0.3256126   0.22116629 -0.11478848 -0.62435987
  0.11029382  0.1375974  -0.4688133   0.21221265  0.26333414 -0.63439687
 -0.0071799   0.38829345  0.00627154  0.04516955 -0.54241352  0.51609069
  0.57092574  0.55887283  0.63446645  0.23288512 -0.17611211  0.5704584
 -0.16699467  0.42125283 -0.6186576   0.12847053  0.34185952 -0.64069169
  0.00690138 -0.22775559  0.08029193 -0.29456122  0.26736634 -0.510655
 -0.28773612 -0.82559504 -0.49707879 -0.22865646 -0.19389061]
1467,[ 0.19087507  0.10099674 -0.06716742  0.12644174  0.36401963  0.09534008
 -0.05355032  0.66114939  0.36199609 -0.53564232 -0.04691556 -0.13124414
  0.18620151  0.41949718 -0.3256131   0.22117994 -0.11477983 -0.62435469
  0.11028462  0.13760713 -0.46881472  0.21220396  0.26333121 -0.63441055
 -0.00719397  0.38828668  0.00629681  0.04516111 -0.54242468  0.5161136
  0.5709037   0.55887878  0.63447658  0.23288555 -0.17610356  0.5704608
 -0.16700398  0.42124666 -0.61865368  0.12846051  0.34186177 -0.64067478
  0.0068819  -0.22775725  0.08028042 -0.29456462  0.26737866 -0.51062752
 -0.28775183 -0.82559314 -0.49708517 -0.22865408 -0.19389511]
1468,[ 0.19089126  0.10100325 -0.06720892  0.1264507   0.36402889  0.09533016
 -0.05353578  0.66113388  0.36198007 -0.53563557 -0.04691321 -0.13122675
  0.18619294  0.41951352 -0.3256136   0.22119357 -0.1147712  -0.62434952
  0.11027544  0.13761685 -0.46881614  0.21219528  0.26332828 -0.63442421
 -0.00720803  0.38827991  0.00632205  0.04515267 -0.54243583  0.51613649
  0.57088168  0.55888473  0.6344867   0.23288597 -0.17609501  0.5704632
 -0.16701329  0.4212405  -0.61864976  0.12845051  0.34186401 -0.64065789
  0.00686243 -0.22775891  0.08026892 -0.29456802  0.26739096 -0.51060007
 -0.28776752 -0.82559124 -0.49709154 -0.22865171 -0.1938996 ]
1469,[ 0.19090744  0.10100976 -0.06725037  0.12645965  0.36403813  0.09532025
 -0.05352125  0.6611184   0.36196408 -0.53562884 -0.04691087 -0.13120937
  0.18618437  0.41952985 -0.3256141   0.22120718 -0.11476257 -0.62434435
  0.11026626  0.13762656 -0.46881755  0.21218661  0.26332536 -0.63443786
 -0.00722207  0.38827316  0.00634726  0.04514424 -0.54244696  0.51615935
  0.57085968  0.55889068  0.63449681  0.23288639 -0.17608648  0.5704656
 -0.16702258  0.42123435 -0.61864585  0.12844051  0.34186625 -0.64064101
  0.006843   -0.22776056  0.08025743 -0.2945714   0.26740324 -0.51057265
 -0.28778319 -0.82558934 -0.49709791 -0.22864933 -0.19390408]
1470,[ 0.19092359  0.10101627 -0.06729177  0.1264686   0.36404736  0.09531035
 -0.05350674  0.66110293  0.36194811 -0.53562211 -0.04690853 -0.13119202
  0.18617581  0.41954616 -0.3256146   0.22122078 -0.11475395 -0.62433918
  0.11025709  0.13763626 -0.46881897  0.21217795  0.26332244 -0.63445149
 -0.00723609  0.38826641  0.00637244  0.04513582 -0.54245808  0.51618218
  0.57083771  0.55889661  0.63450691  0.23288681 -0.17607796  0.570468
 -0.16703187  0.4212282  -0.61864195  0.12843053  0.34186849 -0.64062416
  0.00682358 -0.22776222  0.08024596 -0.29457479  0.26741552 -0.51054526
 -0.28779885 -0.82558744 -0.49710427 -0.22864696 -0.19390856]
1471,[ 0.19093973  0.10102276 -0.06733313  0.12647753  0.36405659  0.09530046
 -0.05349225  0.66108747  0.36193215 -0.53561539 -0.04690619 -0.13117468
  0.18616726  0.41956244 -0.3256151   0.22123436 -0.11474535 -0.62433403
  0.11024793  0.13764595 -0.46882038  0.2121693   0.26331952 -0.63446511
 -0.0072501   0.38825967  0.00639759  0.04512741 -0.54246919  0.51620499
  0.57081577  0.55890254  0.634517    0.23288722 -0.17606944  0.57047039
 -0.16704114  0.42122206 -0.61863804  0.12842055  0.34187073 -0.64060733
  0.00680418 -0.22776387  0.0802345  -0.29457817  0.26742778 -0.5105179
 -0.28781449 -0.82558554 -0.49711062 -0.22864459 -0.19391303]
1472,[ 0.19095585  0.10102925 -0.06737444  0.12648645  0.3640658   0.09529058
 -0.05347777  0.66107204  0.36191621 -0.53560868 -0.04690385 -0.13115737
  0.18615872  0.41957871 -0.3256156   0.22124793 -0.11473675 -0.62432888
  0.11023879  0.13765562 -0.46882179  0.21216066  0.26331661 -0.63447871
 -0.00726409  0.38825293  0.00642272  0.04511901 -0.54248029  0.51622778
  0.57079384  0.55890847  0.63452708  0.23288764 -0.17606094  0.57047278
 -0.1670504   0.42121593 -0.61863415  0.12841059  0.34187296 -0.64059051
  0.00678481 -0.22776553  0.08022305 -0.29458155  0.26744002 -0.51049057
 -0.28783011 -0.82558365 -0.49711697 -0.22864222 -0.1939175 ]
1473,[ 0.19097195  0.10103573 -0.0674157   0.12649536  0.364075    0.09528072
 -0.05346331  0.66105662  0.36190029 -0.53560197 -0.04690151 -0.13114007
  0.18615019  0.41959496 -0.3256161   0.22126149 -0.11472816 -0.62432373
  0.11022965  0.13766529 -0.4688232   0.21215203  0.2633137  -0.6344923
 -0.00727806  0.38824621  0.00644781  0.04511062 -0.54249137  0.51625054
  0.57077195  0.55891438  0.63453715  0.23288806 -0.17605245  0.57047516
 -0.16705966  0.4212098  -0.61863025  0.12840064  0.34187519 -0.64057371
  0.00676546 -0.22776718  0.08021162 -0.29458492  0.26745225 -0.51046327
 -0.28784571 -0.82558176 -0.49712331 -0.22863986 -0.19392197]
1474,[ 0.19098804  0.1010422  -0.06745692  0.12650427  0.36408419  0.09527086
 -0.05344886  0.66104122  0.36188438 -0.53559527 -0.04689918 -0.1311228
  0.18614167  0.4196112  -0.3256166   0.22127502 -0.11471958 -0.62431859
  0.11022053  0.13767494 -0.4688246   0.2121434   0.2633108  -0.63450587
 -0.00729202  0.38823949  0.00647288  0.04510224 -0.54250244  0.51627327
  0.57075008  0.55892029  0.6345472   0.23288848 -0.17604396  0.57047755
 -0.1670689   0.42120368 -0.61862636  0.1283907   0.34187742 -0.64055693
  0.00674613 -0.22776882  0.0802002  -0.2945883   0.26746447 -0.510436
 -0.2878613  -0.82557987 -0.49712964 -0.2286375  -0.19392643]
1475,[ 0.1910041   0.10104867 -0.06749809  0.12651316  0.36409337  0.09526102
 -0.05343443  0.66102584  0.3618685  -0.53558858 -0.04689685 -0.13110554
  0.18613316  0.41962741 -0.3256171   0.22128855 -0.11471102 -0.62431346
  0.11021141  0.13768459 -0.46882601  0.21213479  0.26330789 -0.63451942
 -0.00730597  0.38823278  0.00649792  0.04509387 -0.5425135   0.51629598
  0.57072823  0.5589262   0.63455724  0.2328889  -0.17603549  0.57047993
 -0.16707813  0.42119757 -0.61862248  0.12838077  0.34187965 -0.64054017
  0.00672682 -0.22777047  0.08018879 -0.29459166  0.26747668 -0.51040877
 -0.28787687 -0.82557798 -0.49713596 -0.22863514 -0.19393088]
1476,[ 0.19102015  0.10105512 -0.06753921  0.12652204  0.36410254  0.09525119
 -0.05342002  0.66101047  0.36185263 -0.5355819  -0.04689453 -0.1310883
  0.18612466  0.41964361 -0.3256176   0.22130205 -0.11470246 -0.62430833
  0.11020231  0.13769422 -0.46882741  0.21212619  0.26330499 -0.63453296
 -0.00731989  0.38822607  0.00652293  0.04508551 -0.54252455  0.51631866
  0.57070641  0.5589321   0.63456727  0.23288931 -0.17602702  0.57048231
 -0.16708735  0.42119146 -0.6186186   0.12837086  0.34188187 -0.64052343
  0.00670753 -0.22777211  0.0801774  -0.29459502  0.26748887 -0.51038156
 -0.28789242 -0.82557609 -0.49714228 -0.22863278 -0.19393533]
1477,[ 0.19103618  0.10106157 -0.06758029  0.12653091  0.3641117   0.09524136
 -0.05340562  0.66099512  0.36183678 -0.53557522 -0.0468922  -0.13107108
  0.18611616  0.41965978 -0.32561809  0.22131555 -0.11469391 -0.62430321
  0.11019321  0.13770384 -0.46882882  0.2121176   0.2633021  -0.63454649
 -0.00733381  0.38821938  0.00654792  0.04507716 -0.54253558  0.51634132
  0.57068461  0.55893799  0.63457729  0.23288973 -0.17601856  0.57048468
 -0.16709656  0.42118536 -0.61861473  0.12836095  0.34188409 -0.64050671
  0.00668827 -0.22777376  0.08016602 -0.29459838  0.26750104 -0.51035439
 -0.28790795 -0.82557421 -0.49714859 -0.22863043 -0.19393977]
1478,[ 0.19105219  0.10106802 -0.06762132  0.12653977  0.36412085  0.09523155
 -0.05339124  0.66097979  0.36182095 -0.53556856 -0.04688988 -0.13105389
  0.18610768  0.41967594 -0.32561859  0.22132902 -0.11468537 -0.62429809
  0.11018413  0.13771345 -0.46883022  0.21210902  0.2632992  -0.63456
 -0.0073477   0.38821269  0.00657287  0.04506881 -0.5425466   0.51636395
  0.57066283  0.55894387  0.6345873   0.23289014 -0.17601012  0.57048706
 -0.16710577  0.42117927 -0.61861085  0.12835106  0.34188631 -0.64049001
  0.00666903 -0.2277754   0.08015465 -0.29460174  0.26751321 -0.51032724
 -0.28792347 -0.82557233 -0.4971549  -0.22862808 -0.19394421]
1479,[ 0.19106819  0.10107445 -0.06766231  0.12654863  0.36412999  0.09522175
 -0.05337688  0.66096448  0.36180513 -0.5355619  -0.04688756 -0.13103671
  0.18609921  0.41969209 -0.32561908  0.22134248 -0.11467684 -0.62429298
  0.11017505  0.13772305 -0.46883162  0.21210044  0.26329631 -0.63457349
 -0.00736158  0.38820601  0.0065978   0.04506048 -0.54255761  0.51638656
  0.57064109  0.55894975  0.6345973   0.23289056 -0.17600168  0.57048943
 -0.16711496  0.42117319 -0.61860699  0.12834117  0.34188853 -0.64047333
  0.0066498  -0.22777704  0.08014329 -0.29460509  0.26752536 -0.51030013
 -0.28793897 -0.82557045 -0.49716119 -0.22862573 -0.19394865]
1480,[ 0.19108416  0.10108088 -0.06770325  0.12655747  0.36413912  0.09521197
 -0.05336253  0.66094918  0.36178934 -0.53555524 -0.04688525 -0.13101955
  0.18609075  0.41970821 -0.32561958  0.22135593 -0.11466832 -0.62428788
  0.11016599  0.13773264 -0.46883302  0.21209188  0.26329342 -0.63458697
 -0.00737545  0.38819933  0.0066227   0.04505215 -0.54256861  0.51640914
  0.57061936  0.55895562  0.63460729  0.23289097 -0.17599325  0.5704918
 -0.16712414  0.42116711 -0.61860313  0.1283313   0.34189074 -0.64045666
  0.0066306  -0.22777867  0.08013195 -0.29460844  0.26753749 -0.51027305
 -0.28795445 -0.82556857 -0.49716748 -0.22862339 -0.19395308]
1481,[ 0.19110012  0.1010873  -0.06774414  0.1265663   0.36414824  0.09520219
 -0.0533482   0.6609339   0.36177356 -0.5355486  -0.04688293 -0.13100241
  0.18608229  0.41972431 -0.32562007  0.22136936 -0.11465981 -0.62428278
  0.11015694  0.13774222 -0.46883441  0.21208333  0.26329054 -0.63460043
 -0.0073893   0.38819267  0.00664757  0.04504384 -0.5425796   0.51643169
  0.57059766  0.55896148  0.63461726  0.23289139 -0.17598484  0.57049416
 -0.16713331  0.42116104 -0.61859927  0.12832144  0.34189295 -0.64044001
  0.00661143 -0.22778031  0.08012062 -0.29461178  0.26754961 -0.51024599
 -0.28796991 -0.8255667  -0.49717376 -0.22862104 -0.1939575 ]
1482,[ 0.19111606  0.10109372 -0.06778499  0.12657512  0.36415735  0.09519242
 -0.05333388  0.66091864  0.3617578  -0.53554196 -0.04688062 -0.13098528
  0.18607385  0.4197404  -0.32562057  0.22138278 -0.11465131 -0.62427768
  0.11014789  0.13775179 -0.46883581  0.21207478  0.26328766 -0.63461388
 -0.00740313  0.38818601  0.00667241  0.04503553 -0.54259057  0.51645422
  0.57057599  0.55896734  0.63462723  0.2328918  -0.17597643  0.57049652
 -0.16714246  0.42115497 -0.61859541  0.12831159  0.34189516 -0.64042339
  0.00659227 -0.22778194  0.0801093  -0.29461512  0.26756172 -0.51021897
 -0.28798536 -0.82556483 -0.49718004 -0.2286187  -0.19396192]
1483,[ 0.19113198  0.10110013 -0.06782579  0.12658394  0.36416645  0.09518267
 -0.05331958  0.6609034   0.36174205 -0.53553533 -0.04687831 -0.13096818
  0.18606541  0.41975647 -0.32562106  0.22139618 -0.11464282 -0.6242726
  0.11013886  0.13776134 -0.4688372   0.21206625  0.26328478 -0.63462732
 -0.00741695  0.38817936  0.00669723  0.04502724 -0.54260153  0.51647672
  0.57055434  0.55897319  0.63463718  0.23289222 -0.17596803  0.57049888
 -0.16715161  0.42114891 -0.61859156  0.12830175  0.34189737 -0.64040678
  0.00657314 -0.22778357  0.08009799 -0.29461846  0.26757382 -0.51019198
 -0.28800079 -0.82556296 -0.4971863  -0.22861637 -0.19396633]
1484,[ 0.19114789  0.10110653 -0.06786654  0.12659274  0.36417554  0.09517292
 -0.0533053   0.66088817  0.36172633 -0.53552871 -0.04687601 -0.1309511
  0.18605699  0.41977252 -0.32562155  0.22140957 -0.11463434 -0.62426751
  0.11012984  0.13777089 -0.46883859  0.21205772  0.26328191 -0.63464074
 -0.00743075  0.38817272  0.00672202  0.04501895 -0.54261247  0.5164992
  0.57053271  0.55897903  0.63464712  0.23289263 -0.17595964  0.57050124
 -0.16716075  0.42114286 -0.61858772  0.12829192  0.34189957 -0.64039019
  0.00655402 -0.2277852   0.0800867  -0.29462179  0.2675859  -0.51016502
 -0.2880162  -0.82556109 -0.49719257 -0.22861403 -0.19397074]
1485,[ 0.19116377  0.10111292 -0.06790725  0.12660153  0.36418462  0.09516319
 -0.05329103  0.66087296  0.36171062 -0.53552209 -0.0468737  -0.13093404
  0.18604857  0.41978855 -0.32562204  0.22142294 -0.11462586 -0.62426244
  0.11012082  0.13778042 -0.46883998  0.21204921  0.26327904 -0.63465414
 -0.00744454  0.38816608  0.00674678  0.04501067 -0.54262341  0.51652166
  0.57051111  0.55898487  0.63465705  0.23289304 -0.17595126  0.5705036
 -0.16716988  0.42113682 -0.61858388  0.12828211  0.34190177 -0.64037362
  0.00653493 -0.22778683  0.08007542 -0.29462512  0.26759797 -0.51013809
 -0.28803159 -0.82555922 -0.49719882 -0.2286117  -0.19397515]
1486,[ 0.19117964  0.1011193  -0.06794792  0.12661031  0.36419369  0.09515346
 -0.05327678  0.66085776  0.36169493 -0.53551548 -0.0468714  -0.13091699
  0.18604017  0.41980457 -0.32562254  0.22143629 -0.1146174  -0.62425737
  0.11011182  0.13778995 -0.46884137  0.2120407   0.26327617 -0.63466753
 -0.00745831  0.38815945  0.00677151  0.04500241 -0.54263433  0.51654408
  0.57048953  0.5589907   0.63466697  0.23289345 -0.17594289  0.57050595
 -0.167179    0.42113078 -0.61858004  0.1282723   0.34190397 -0.64035706
  0.00651586 -0.22778846  0.08006415 -0.29462845  0.26761002 -0.51011119
 -0.28804697 -0.82555736 -0.49720507 -0.22860937 -0.19397955]
1487,[ 0.19119549  0.10112568 -0.06798853  0.12661909  0.36420274  0.09514375
 -0.05326255  0.66084259  0.36167926 -0.53550888 -0.04686911 -0.13089997
  0.18603177  0.41982056 -0.32562303  0.22144963 -0.11460895 -0.6242523
  0.11010283  0.13779946 -0.46884276  0.21203221  0.26327331 -0.6346809
 -0.00747207  0.38815283  0.00679621  0.04499415 -0.54264524  0.51656649
  0.57046797  0.55899653  0.63467688  0.23289386 -0.17593453  0.5705083
 -0.16718811  0.42112475 -0.61857621  0.1282625   0.34190616 -0.64034053
  0.00649681 -0.22779008  0.0800529  -0.29463177  0.26762206 -0.51008432
 -0.28806233 -0.8255555  -0.49721131 -0.22860704 -0.19398394]
1488,[ 0.19121132  0.10113205 -0.06802911  0.12662785  0.36421179  0.09513405
 -0.05324833  0.66082743  0.3616636  -0.53550229 -0.04686681 -0.13088296
  0.18602338  0.41983654 -0.32562352  0.22146296 -0.1146005  -0.62424724
  0.11009384  0.13780897 -0.46884414  0.21202372  0.26327045 -0.63469426
 -0.00748581  0.38814622  0.00682089  0.0449859  -0.54265614  0.51658886
  0.57044644  0.55900234  0.63468678  0.23289428 -0.17592617  0.57051064
 -0.16719721  0.42111873 -0.61857238  0.12825272  0.34190836 -0.64032401
  0.00647778 -0.2277917   0.08004166 -0.29463508  0.26763409 -0.51005748
 -0.28807767 -0.82555364 -0.49721754 -0.22860472 -0.19398833]
1489,[ 0.19122714  0.10113842 -0.06806963  0.1266366   0.36422083  0.09512436
 -0.05323413  0.66081229  0.36164796 -0.5354957  -0.04686452 -0.13086597
  0.186015    0.4198525  -0.32562401  0.22147627 -0.11459207 -0.62424219
  0.11008487  0.13781846 -0.46884553  0.21201524  0.26326759 -0.6347076
 -0.00749954  0.38813961  0.00684554  0.04497766 -0.54266703  0.51661122
  0.57042494  0.55900815  0.63469666  0.23289469 -0.17591783  0.57051299
 -0.16720629  0.42111271 -0.61856856  0.12824295  0.34191055 -0.64030752
  0.00645878 -0.22779332  0.08003043 -0.2946384   0.2676461  -0.51003067
 -0.288093   -0.82555178 -0.49722376 -0.2286024  -0.19399272]
1490,[ 0.19124293  0.10114478 -0.06811011  0.12664535  0.36422986  0.09511468
 -0.05321994  0.66079716  0.36163234 -0.53548912 -0.04686223 -0.13084901
  0.18600664  0.41986845 -0.3256245   0.22148957 -0.11458365 -0.62423714
  0.11007591  0.13782794 -0.46884691  0.21200678  0.26326473 -0.63472093
 -0.00751325  0.38813301  0.00687016  0.04496943 -0.5426779   0.51663354
  0.57040346  0.55901396  0.63470654  0.2328951  -0.1759095   0.57051533
 -0.16721537  0.4211067  -0.61856474  0.12823319  0.34191274 -0.64029104
  0.00643979 -0.22779494  0.08001921 -0.29464171  0.2676581  -0.51000389
 -0.2881083  -0.82554992 -0.49722998 -0.22860008 -0.1939971 ]
1491,[ 0.19125871  0.10115113 -0.06815055  0.12665408  0.36423887  0.09510502
 -0.05320577  0.66078205  0.36161674 -0.53548255 -0.04685994 -0.13083206
  0.18599828  0.41988437 -0.32562499  0.22150285 -0.11457523 -0.6242321
  0.11006696  0.13783741 -0.46884829  0.21199832  0.26326188 -0.63473424
 -0.00752694  0.38812642  0.00689475  0.0449612  -0.54268876  0.51665585
  0.570382    0.55901976  0.6347164   0.23289551 -0.17590117  0.57051767
 -0.16722444  0.42110069 -0.61856093  0.12822344  0.34191493 -0.64027458
  0.00642083 -0.22779656  0.08000801 -0.29464502  0.26767009 -0.50997714
 -0.28812359 -0.82554807 -0.49723619 -0.22859776 -0.19400147]
1492,[ 0.19127448  0.10115747 -0.06819094  0.1266628   0.36424788  0.09509536
 -0.05319161  0.66076696  0.36160116 -0.53547599 -0.04685765 -0.13081513
  0.18598993  0.41990028 -0.32562547  0.22151611 -0.11456683 -0.62422706
  0.11005801  0.13784687 -0.46884967  0.21198987  0.26325903 -0.63474754
 -0.00754062  0.38811984  0.00691931  0.04495299 -0.54269961  0.51667812
  0.57036057  0.55902555  0.63472625  0.23289591 -0.17589286  0.57052001
 -0.16723349  0.4210947  -0.61855712  0.1282137   0.34191711 -0.64025814
  0.00640189 -0.22779818  0.07999681 -0.29464832  0.26768206 -0.50995042
 -0.28813887 -0.82554622 -0.4972424  -0.22859545 -0.19400584]
1493,[ 0.19129022  0.1011638  -0.06823128  0.12667152  0.36425688  0.09508571
 -0.05317747  0.66075189  0.36158559 -0.53546943 -0.04685537 -0.13079822
  0.18598159  0.41991617 -0.32562596  0.22152936 -0.11455843 -0.62422203
  0.11004908  0.13785632 -0.46885105  0.21198143  0.26325619 -0.63476083
 -0.00755428  0.38811326  0.00694385  0.04494479 -0.54271045  0.51670037
  0.57033916  0.55903133  0.6347361   0.23289632 -0.17588456  0.57052234
 -0.16724254  0.42108871 -0.61855331  0.12820397  0.34191929 -0.64024171
  0.00638297 -0.22779979  0.07998564 -0.29465162  0.26769402 -0.50992373
 -0.28815412 -0.82554437 -0.49724859 -0.22859314 -0.1940102 ]
1494,[ 0.19130594  0.10117013 -0.06827158  0.12668022  0.36426586  0.09507608
 -0.05316335  0.66073683  0.36157004 -0.53546289 -0.04685309 -0.13078133
  0.18597326  0.41993204 -0.32562645  0.2215426  -0.11455004 -0.62421701
  0.11004016  0.13786576 -0.46885242  0.211973    0.26325335 -0.63477409
 -0.00756793  0.38810669  0.00696836  0.04493659 -0.54272127  0.5167226
  0.57031778  0.55903711  0.63474593  0.23289673 -0.17587626  0.57052467
 -0.16725158  0.42108272 -0.61854951  0.12819425  0.34192147 -0.64022531
  0.00636407 -0.2278014   0.07997447 -0.29465491  0.26770596 -0.50989707
 -0.28816936 -0.82554252 -0.49725479 -0.22859083 -0.19401456]
1495,[ 0.19132165  0.10117645 -0.06831183  0.12668891  0.36427484  0.09506645
 -0.05314924  0.66072179  0.36155451 -0.53545634 -0.04685081 -0.13076445
  0.18596494  0.41994789 -0.32562694  0.22155582 -0.11454167 -0.62421199
  0.11003125  0.13787519 -0.4688538   0.21196458  0.26325051 -0.63478735
 -0.00758157  0.38810013  0.00699284  0.04492841 -0.54273209  0.5167448
  0.57029642  0.55904288  0.63475575  0.23289714 -0.17586797  0.570527
 -0.1672606   0.42107675 -0.61854571  0.12818454  0.34192365 -0.64020892
  0.00634519 -0.22780301  0.07996332 -0.2946582   0.2677179  -0.50987044
 -0.28818458 -0.82554067 -0.49726097 -0.22858852 -0.19401892]
1496,[ 0.19133734  0.10118277 -0.06835204  0.1266976   0.36428381  0.09505684
 -0.05313515  0.66070677  0.361539   -0.53544981 -0.04684854 -0.1307476
  0.18595662  0.41996373 -0.32562742  0.22156903 -0.1145333  -0.62420697
  0.11002235  0.13788461 -0.46885517  0.21195617  0.26324767 -0.63480059
 -0.00759518  0.38809358  0.0070173   0.04492023 -0.54274289  0.51676698
  0.57027508  0.55904865  0.63476555  0.23289755 -0.1758597   0.57052932
 -0.16726962  0.42107078 -0.61854192  0.12817485  0.34192582 -0.64019256
  0.00632633 -0.22780462  0.07995218 -0.29466149  0.26772981 -0.50984384
 -0.28819979 -0.82553883 -0.49726715 -0.22858622 -0.19402327]
1497,[ 0.19135302  0.10118907 -0.0683922   0.12670627  0.36429276  0.09504724
 -0.05312108  0.66069176  0.3615235  -0.53544328 -0.04684627 -0.13073077
  0.18594832  0.41997954 -0.32562791  0.22158222 -0.11452494 -0.62420197
  0.11001345  0.13789401 -0.46885654  0.21194777  0.26324484 -0.63481381
 -0.00760879  0.38808703  0.00704172  0.04491207 -0.54275367  0.51678913
  0.57025377  0.55905441  0.63477535  0.23289795 -0.17585143  0.57053165
 -0.16727862  0.42106481 -0.61853813  0.12816516  0.34192799 -0.64017621
  0.0063075  -0.22780622  0.07994105 -0.29466478  0.26774172 -0.50981727
 -0.28821498 -0.82553699 -0.49727332 -0.22858392 -0.19402761]
1498,[ 0.19136867  0.10119537 -0.06843232  0.12671494  0.36430171  0.09503764
 -0.05310702  0.66067677  0.36150802 -0.53543676 -0.046844   -0.13071395
  0.18594003  0.41999534 -0.32562839  0.2215954  -0.11451659 -0.62419696
  0.11000457  0.13790341 -0.46885791  0.21193938  0.26324201 -0.63482702
 -0.00762237  0.38808049  0.00706612  0.04490391 -0.54276445  0.51681126
  0.57023248  0.55906016  0.63478514  0.23289836 -0.17584317  0.57053397
 -0.16728762  0.42105886 -0.61853434  0.12815549  0.34193016 -0.64015988
  0.00628868 -0.22780783  0.07992993 -0.29466806  0.26775361 -0.50979073
 -0.28823015 -0.82553515 -0.49727948 -0.22858162 -0.19403195]
1499,[ 0.19138431  0.10120167 -0.06847239  0.12672359  0.36431065  0.09502806
 -0.05309297  0.6606618   0.36149256 -0.53543025 -0.04684173 -0.13069715
  0.18593174  0.42001113 -0.32562888  0.22160856 -0.11450825 -0.62419197
  0.1099957   0.1379128  -0.46885928  0.211931    0.26323919 -0.63484021
 -0.00763594  0.38807396  0.0070905   0.04489576 -0.54277521  0.51683336
  0.57021122  0.55906591  0.63479491  0.23289877 -0.17583492  0.57053629
 -0.16729661  0.42105291 -0.61853056  0.12814582  0.34193233 -0.64014356
  0.00626989 -0.22780943  0.07991883 -0.29467133  0.26776549 -0.50976422
 -0.2882453  -0.82553331 -0.49728563 -0.22857933 -0.19403629]
1500,[ 0.19139993  0.10120795 -0.06851242  0.12673224  0.36431957  0.09501849
 -0.05307894  0.66064684  0.36147711 -0.53542375 -0.04683947 -0.13068038
  0.18592347  0.42002689 -0.32562936  0.2216217  -0.11449992 -0.62418697
  0.10998684  0.13792217 -0.46886065  0.21192263  0.26323636 -0.63485339
 -0.0076495   0.38806743  0.00711484  0.04488762 -0.54278597  0.51685544
  0.57018997  0.55907165  0.63480468  0.23289917 -0.17582668  0.5705386
 -0.16730558  0.42104697 -0.61852679  0.12813617  0.34193449 -0.64012727
  0.00625112 -0.22781103  0.07990774 -0.29467461  0.26777736 -0.50973774
 -0.28826043 -0.82553148 -0.49729178 -0.22857703 -0.19404062]
1501,[ 0.19141553  0.10121423 -0.0685524   0.12674087  0.36432849  0.09500893
 -0.05306493  0.6606319   0.36146169 -0.53541725 -0.0468372  -0.13066362
  0.1859152   0.42004264 -0.32562984  0.22163484 -0.1144916  -0.62418199
  0.10997799  0.13793154 -0.46886201  0.21191427  0.26323355 -0.63486656
 -0.00766304  0.38806092  0.00713916  0.04487949 -0.54279671  0.51687749
  0.57016876  0.55907738  0.63481443  0.23289958 -0.17581845  0.57054091
 -0.16731455  0.42104103 -0.61852302  0.12812653  0.34193665 -0.64011099
  0.00623237 -0.22781263  0.07989666 -0.29467788  0.26778921 -0.50971129
 -0.28827555 -0.82552964 -0.49729792 -0.22857474 -0.19404495]
1502,[ 0.19143111  0.1012205  -0.06859234  0.1267495   0.3643374   0.09499938
 -0.05305093  0.66061698  0.36144628 -0.53541076 -0.04683494 -0.13064688
  0.18590695  0.42005836 -0.32563033  0.22164795 -0.11448329 -0.62417701
  0.10996914  0.13794089 -0.46886338  0.21190591  0.26323073 -0.6348797
 -0.00767657  0.38805441  0.00716345  0.04487137 -0.54280743  0.51689952
  0.57014757  0.55908311  0.63482417  0.23289998 -0.17581023  0.57054322
 -0.1673235   0.4210351  -0.61851925  0.1281169   0.34193881 -0.64009474
  0.00621364 -0.22781423  0.07988559 -0.29468114  0.26780105 -0.50968487
 -0.28829066 -0.82552781 -0.49730406 -0.22857245 -0.19404927]
1503,[ 0.19144668  0.10122677 -0.06863223  0.12675812  0.36434629  0.09498984
 -0.05303695  0.66060208  0.36143088 -0.53540428 -0.04683269 -0.13063016
  0.1858987   0.42007407 -0.32563081  0.22166106 -0.11447499 -0.62417204
  0.10996031  0.13795024 -0.46886474  0.21189757  0.26322792 -0.63489284
 -0.00769008  0.3880479   0.00718771  0.04486326 -0.54281815  0.51692152
  0.5701264   0.55908883  0.6348339   0.23290039 -0.17580202  0.57054553
 -0.16733245  0.42102918 -0.61851548  0.12810728  0.34194097 -0.6400785
  0.00619493 -0.22781582  0.07987454 -0.2946844   0.26781287 -0.50965848
 -0.28830574 -0.82552599 -0.49731019 -0.22857017 -0.19405358]
1504,[ 0.19146223  0.10123302 -0.06867208  0.12676672  0.36435518  0.09498032
 -0.05302299  0.66058719  0.36141551 -0.5353978  -0.04683043 -0.13061345
  0.18589046  0.42008977 -0.32563129  0.22167414 -0.11446669 -0.62416707
  0.10995149  0.13795957 -0.4688661   0.21188923  0.26322511 -0.63490596
 -0.00770357  0.38804141  0.00721195  0.04485516 -0.54282885  0.5169435
  0.57010525  0.55909454  0.63484362  0.23290079 -0.17579382  0.57054784
 -0.16734138  0.42102326 -0.61851172  0.12809767  0.34194313 -0.64006228
  0.00617624 -0.22781741  0.0798635  -0.29468766  0.26782468 -0.50963212
 -0.28832081 -0.82552416 -0.49731631 -0.22856789 -0.19405789]
1505,[ 0.19147776  0.10123927 -0.06871188  0.12677532  0.36436405  0.0949708
 -0.05300904  0.66057231  0.36140015 -0.53539133 -0.04682818 -0.13059677
  0.18588224  0.42010544 -0.32563177  0.22168722 -0.11445841 -0.6241621
  0.10994268  0.13796889 -0.46886746  0.21188091  0.2632223  -0.63491906
 -0.00771705  0.38803492  0.00723615  0.04484707 -0.54283954  0.51696545
  0.57008413  0.55910025  0.63485333  0.23290119 -0.17578562  0.57055014
 -0.16735031  0.42101735 -0.61850797  0.12808807  0.34194528 -0.64004608
  0.00615758 -0.22781901  0.07985247 -0.29469092  0.26783648 -0.50960579
 -0.28833586 -0.82552233 -0.49732242 -0.22856561 -0.1940622 ]
1506,[ 0.19149328  0.10124552 -0.06875164  0.12678391  0.36437292  0.09496129
 -0.05299511  0.66055746  0.36138481 -0.53538487 -0.04682593 -0.13058011
  0.18587402  0.4201211  -0.32563225  0.22170027 -0.11445014 -0.62415715
  0.10993388  0.1379782  -0.46886882  0.21187259  0.2632195  -0.63493215
 -0.00773052  0.38802844  0.00726033  0.04483898 -0.54285022  0.51698738
  0.57006303  0.55910595  0.63486303  0.2329016  -0.17577744  0.57055244
 -0.16735922  0.42101145 -0.61850422  0.12807848  0.34194743 -0.64002989
  0.00613893 -0.2278206   0.07984145 -0.29469417  0.26784827 -0.50957949
 -0.28835089 -0.82552051 -0.49732853 -0.22856333 -0.1940665 ]
1507,[ 0.19150877  0.10125175 -0.06879135  0.12679248  0.36438178  0.0949518
 -0.05298119  0.66054262  0.36136949 -0.53537842 -0.04682369 -0.13056346
  0.18586581  0.42013674 -0.32563273  0.22171332 -0.11444187 -0.62415219
  0.10992508  0.13798751 -0.46887017  0.21186429  0.2632167  -0.63494523
 -0.00774397  0.38802197  0.00728449  0.04483091 -0.54286089  0.51700928
  0.57004196  0.55911164  0.63487272  0.232902   -0.17576926  0.57055473
 -0.16736813  0.42100555 -0.61850047  0.12806891  0.34194957 -0.64001373
  0.00612031 -0.22782218  0.07983045 -0.29469742  0.26786004 -0.50955322
 -0.28836591 -0.82551869 -0.49733463 -0.22856105 -0.1940708 ]
1508,[ 0.19152425  0.10125798 -0.06883102  0.12680105  0.36439062  0.09494231
 -0.05296729  0.6605278   0.36135418 -0.53537197 -0.04682144 -0.13054683
  0.18585761  0.42015236 -0.32563321  0.22172635 -0.11443362 -0.62414725
  0.1099163   0.1379968  -0.46887153  0.21185599  0.2632139  -0.63495829
 -0.0077574   0.3880155   0.00730861  0.04482284 -0.54287155  0.51703116
  0.57002091  0.55911733  0.63488239  0.2329024  -0.1757611   0.57055703
 -0.16737702  0.42099966 -0.61849673  0.12805934  0.34195172 -0.63999758
  0.0061017  -0.22782377  0.07981946 -0.29470066  0.2678718  -0.50952697
 -0.28838091 -0.82551687 -0.49734072 -0.22855878 -0.19407509]
1509,[ 0.19153972  0.10126421 -0.06887064  0.12680961  0.36439946  0.09493284
 -0.0529534   0.660513    0.36133889 -0.53536553 -0.0468192  -0.13053023
  0.18584942  0.42016797 -0.32563369  0.22173936 -0.11442537 -0.62414231
  0.10990753  0.13800608 -0.46887288  0.2118477   0.2632111  -0.63497134
 -0.00777082  0.38800904  0.00733271  0.04481479 -0.54288219  0.51705302
  0.56999988  0.55912301  0.63489206  0.2329028  -0.17575294  0.57055932
 -0.16738591  0.42099378 -0.61849299  0.12804979  0.34195386 -0.63998145
  0.00608312 -0.22782535  0.07980848 -0.2947039   0.26788354 -0.50950076
 -0.2883959  -0.82551506 -0.49734681 -0.22855651 -0.19407938]
1510,[ 0.19155516  0.10127042 -0.06891022  0.12681816  0.36440828  0.09492338
 -0.05293953  0.66049821  0.36132362 -0.5353591  -0.04681696 -0.13051364
  0.18584123  0.42018356 -0.32563417  0.22175236 -0.11441713 -0.62413737
  0.10989876  0.13801535 -0.46887423  0.21183942  0.26320831 -0.63498437
 -0.00778423  0.38800259  0.00735678  0.04480674 -0.54289282  0.51707485
  0.56997888  0.55912869  0.63490172  0.2329032  -0.17574479  0.57056161
 -0.16739478  0.4209879  -0.61848926  0.12804024  0.341956   -0.63996534
  0.00606456 -0.22782694  0.07979751 -0.29470714  0.26789528 -0.50947458
 -0.28841086 -0.82551324 -0.49735289 -0.22855424 -0.19408366]
1511,[ 0.19157059  0.10127663 -0.06894976  0.1268267   0.3644171   0.09491393
 -0.05292567  0.66048344  0.36130837 -0.53535268 -0.04681472 -0.13049707
  0.18583306  0.42019913 -0.32563465  0.22176535 -0.11440891 -0.62413244
  0.10989001  0.13802461 -0.46887558  0.21183115  0.26320553 -0.63499738
 -0.00779762  0.38799615  0.00738083  0.0447987  -0.54290344  0.51709665
  0.5699579   0.55913436  0.63491136  0.2329036  -0.17573666  0.5705639
 -0.16740365  0.42098203 -0.61848553  0.12803071  0.34195814 -0.63994924
  0.00604602 -0.22782852  0.07978656 -0.29471037  0.26790699 -0.50944842
 -0.28842581 -0.82551143 -0.49735896 -0.22855198 -0.19408793]
1512,[ 0.191586    0.10128283 -0.06898925  0.12683523  0.36442591  0.09490448
 -0.05291183  0.66046868  0.36129313 -0.53534626 -0.04681249 -0.13048051
  0.1858249   0.42021468 -0.32563513  0.22177832 -0.11440069 -0.62412752
  0.10988127  0.13803386 -0.46887693  0.21182289  0.26320274 -0.63501039
 -0.00781099  0.38798971  0.00740485  0.04479067 -0.54291405  0.51711843
  0.56993695  0.55914002  0.63492099  0.232904   -0.17572853  0.57056618
 -0.1674125   0.42097617 -0.6184818   0.12802119  0.34196028 -0.63993317
  0.0060275  -0.2278301   0.07977562 -0.2947136   0.2679187  -0.5094223
 -0.28844074 -0.82550962 -0.49736503 -0.22854972 -0.19409221]
1513,[ 0.19160139  0.10128903 -0.06902869  0.12684374  0.3644347   0.09489505
 -0.05289801  0.66045394  0.36127791 -0.53533985 -0.04681026 -0.13046398
  0.18581674  0.42023021 -0.3256356   0.22179127 -0.11439248 -0.6241226
  0.10987254  0.1380431  -0.46887828  0.21181464  0.26319996 -0.63502337
 -0.00782435  0.38798328  0.00742884  0.04478265 -0.54292464  0.51714019
  0.56991602  0.55914568  0.63493061  0.2329044  -0.17572041  0.57056846
 -0.16742135  0.42097031 -0.61847808  0.12801167  0.34196241 -0.63991711
  0.006009   -0.22783167  0.07976469 -0.29471682  0.26793039 -0.50939621
 -0.28845566 -0.82550781 -0.49737109 -0.22854746 -0.19409647]
1514,[ 0.19161677  0.10129521 -0.06906809  0.12685225  0.36444349  0.09488563
 -0.0528842   0.66043922  0.36126271 -0.53533345 -0.04680803 -0.13044746
  0.1858086   0.42024573 -0.32563608  0.22180421 -0.11438428 -0.62411769
  0.10986381  0.13805233 -0.46887962  0.2118064   0.26319718 -0.63503635
 -0.0078377   0.38797686  0.0074528   0.04477464 -0.54293523  0.51716192
  0.56989511  0.55915133  0.63494023  0.2329048  -0.1757123   0.57057074
 -0.16743018  0.42096446 -0.61847436  0.12800217  0.34196454 -0.63990107
  0.00599052 -0.22783325  0.07975377 -0.29472005  0.26794207 -0.50937014
 -0.28847056 -0.825506   -0.49737714 -0.2285452  -0.19410074]
1515,[ 0.19163212  0.10130139 -0.06910745  0.12686075  0.36445227  0.09487622
 -0.05287041  0.66042452  0.36124752 -0.53532705 -0.0468058  -0.13043097
  0.18580046  0.42026123 -0.32563655  0.22181714 -0.11437609 -0.62411278
  0.1098551   0.13806154 -0.46888097  0.21179817  0.26319441 -0.6350493
 -0.00785103  0.38797044  0.00747674  0.04476664 -0.5429458   0.51718363
  0.56987423  0.55915697  0.63494983  0.2329052  -0.17570419  0.57057302
 -0.16743901  0.42095862 -0.61847065  0.12799268  0.34196667 -0.63988505
  0.00597207 -0.22783482  0.07974286 -0.29472326  0.26795374 -0.5093441
 -0.28848544 -0.8255042  -0.49738319 -0.22854295 -0.194105  ]
1516,[ 0.19164747  0.10130757 -0.06914676  0.12686925  0.36446103  0.09486682
 -0.05285663  0.66040983  0.36123235 -0.53532066 -0.04680358 -0.13041449
  0.18579234  0.42027671 -0.32563703  0.22183005 -0.11436791 -0.62410788
  0.1098464   0.13807075 -0.46888231  0.21178995  0.26319163 -0.63506225
 -0.00786434  0.38796403  0.00750065  0.04475864 -0.54295636  0.51720531
  0.56985336  0.55916261  0.63495942  0.2329056  -0.1756961   0.57057529
 -0.16744782  0.42095278 -0.61846694  0.1279832   0.34196879 -0.63986905
  0.00595363 -0.2278364   0.07973197 -0.29472648  0.26796539 -0.5093181
 -0.28850031 -0.8255024  -0.49738923 -0.22854069 -0.19410925]
1517,[ 0.19166279  0.10131373 -0.06918603  0.12687773  0.36446979  0.09485743
 -0.05284287  0.66039515  0.3612172  -0.53531428 -0.04680136 -0.13039803
  0.18578422  0.42029218 -0.3256375   0.22184295 -0.11435974 -0.62410298
  0.1098377   0.13807995 -0.46888365  0.21178173  0.26318886 -0.63507518
 -0.00787764  0.38795763  0.00752453  0.04475066 -0.54296691  0.51722697
  0.56983253  0.55916824  0.63496899  0.232906   -0.17568802  0.57057756
 -0.16745663  0.42094695 -0.61846324  0.12797373  0.34197092 -0.63985307
  0.00593521 -0.22783797  0.07972109 -0.29472969  0.26797703 -0.50929212
 -0.28851516 -0.8255006  -0.49739526 -0.22853844 -0.1941135 ]
1518,[ 0.1916781   0.10131989 -0.06922525  0.1268862   0.36447854  0.09484805
 -0.05282912  0.6603805   0.36120206 -0.53530791 -0.04679914 -0.13038159
  0.18577611  0.42030763 -0.32563798  0.22185583 -0.11435157 -0.62409809
  0.10982902  0.13808914 -0.46888499  0.21177353  0.2631861  -0.63508809
 -0.00789092  0.38795124  0.00754839  0.04474268 -0.54297744  0.5172486
  0.56981171  0.55917386  0.63497856  0.23290639 -0.17567994  0.57057983
 -0.16746542  0.42094113 -0.61845954  0.12796428  0.34197304 -0.6398371
  0.00591682 -0.22783953  0.07971022 -0.2947329   0.26798866 -0.50926617
 -0.28852999 -0.8254988  -0.49740128 -0.2285362  -0.19411774]
1519,[ 0.19169338  0.10132604 -0.06926443  0.12689466  0.36448727  0.09483869
 -0.05281539  0.66036586  0.36118695 -0.53530154 -0.04679692 -0.13036517
  0.18576801  0.42032306 -0.32563845  0.2218687  -0.11434342 -0.6240932
  0.10982034  0.13809831 -0.46888633  0.21176533  0.26318334 -0.63510099
 -0.00790419  0.38794485  0.00757221  0.04473472 -0.54298797  0.51727021
  0.56979092  0.55917948  0.63498812  0.23290679 -0.17567188  0.5705821
 -0.16747421  0.42093531 -0.61845584  0.12795483  0.34197515 -0.63982115
  0.00589844 -0.2278411   0.07969937 -0.2947361   0.26800027 -0.50924025
 -0.28854481 -0.825497   -0.4974073  -0.22853395 -0.19412198]
1520,[ 0.19170866  0.10133219 -0.06930357  0.12690311  0.364496    0.09482933
 -0.05280168  0.66035124  0.36117185 -0.53529518 -0.04679471 -0.13034876
  0.18575992  0.42033847 -0.32563893  0.22188156 -0.11433527 -0.62408832
  0.10981168  0.13810748 -0.46888766  0.21175715  0.26318058 -0.63511388
 -0.00791745  0.38793847  0.00759602  0.04472676 -0.54299848  0.5172918
  0.56977016  0.55918509  0.63499767  0.23290719 -0.17566382  0.57058436
 -0.16748298  0.4209295  -0.61845215  0.12794539  0.34197727 -0.63980522
  0.00588009 -0.22784267  0.07968852 -0.2947393   0.26801187 -0.50921436
 -0.2885596  -0.82549521 -0.49741331 -0.22853171 -0.19412621]
1521,[ 0.19172391  0.10133833 -0.06934266  0.12691156  0.36450472  0.09481998
 -0.05278797  0.66033663  0.36115676 -0.53528883 -0.04679249 -0.13033238
  0.18575184  0.42035386 -0.3256394   0.22189439 -0.11432714 -0.62408345
  0.10980302  0.13811664 -0.468889    0.21174897  0.26317782 -0.63512675
 -0.00793069  0.3879321   0.00761979  0.04471881 -0.54300898  0.51731336
  0.56974941  0.5591907   0.6350072   0.23290758 -0.17565578  0.57058662
 -0.16749175  0.4209237  -0.61844846  0.12793596  0.34197938 -0.63978931
  0.00586176 -0.22784423  0.07967769 -0.2947425   0.26802346 -0.5091885
 -0.28857439 -0.82549342 -0.49741932 -0.22852947 -0.19413044]
1522,[ 0.19173915  0.10134446 -0.0693817   0.12691999  0.36451343  0.09481065
 -0.05277429  0.66032204  0.3611417  -0.53528248 -0.04679028 -0.13031601
  0.18574377  0.42036924 -0.32563987  0.22190722 -0.11431901 -0.62407858
  0.10979438  0.13812578 -0.46889033  0.2117408   0.26317507 -0.6351396
 -0.00794391  0.38792574  0.00764354  0.04471087 -0.54301947  0.51733489
  0.56972869  0.5591963   0.63501673  0.23290798 -0.17564774  0.57058888
 -0.16750051  0.4209179  -0.61844478  0.12792655  0.3419815  -0.63977341
  0.00584345 -0.22784579  0.07966687 -0.29474569  0.26803504 -0.50916267
 -0.28858915 -0.82549163 -0.49742532 -0.22852723 -0.19413467]
1523,[ 0.19175437  0.10135059 -0.06942071  0.12692841  0.36452213  0.09480132
 -0.05276062  0.66030747  0.36112665 -0.53527615 -0.04678808 -0.13029966
  0.1857357   0.4203846  -0.32564034  0.22192003 -0.1143109  -0.62407372
  0.10978574  0.13813492 -0.46889166  0.21173265  0.26317232 -0.63515245
 -0.00795712  0.38791938  0.00766726  0.04470294 -0.54302994  0.51735641
  0.56970799  0.55920189  0.63502624  0.23290837 -0.17563971  0.57059114
 -0.16750925  0.42091211 -0.6184411   0.12791714  0.3419836  -0.63975753
  0.00582515 -0.22784735  0.07965607 -0.29474888  0.2680466  -0.50913687
 -0.2886039  -0.82548984 -0.49743131 -0.228525   -0.19413889]
1524,[ 0.19176957  0.1013567  -0.06945967  0.12693683  0.36453081  0.09479201
 -0.05274697  0.66029291  0.36111161 -0.53526981 -0.04678587 -0.13028333
  0.18572765  0.42039995 -0.32564081  0.22193283 -0.11430279 -0.62406886
  0.10977712  0.13814404 -0.46889299  0.2117245   0.26316957 -0.63516527
 -0.00797031  0.38791303  0.00769096  0.04469502 -0.54304041  0.51737789
  0.56968732  0.55920748  0.63503575  0.23290877 -0.17563169  0.57059339
 -0.16751799  0.42090632 -0.61843742  0.12790775  0.34198571 -0.63974167
  0.00580688 -0.22784891  0.07964527 -0.29475207  0.26805815 -0.5091111
 -0.28861863 -0.82548805 -0.49743729 -0.22852277 -0.1941431 ]
1525,[ 0.19178476  0.10136282 -0.06949858  0.12694523  0.36453949  0.0947827
 -0.05273333  0.66027837  0.3610966  -0.53526349 -0.04678367 -0.13026702
  0.18571961  0.42041527 -0.32564128  0.22194561 -0.11429469 -0.62406401
  0.1097685   0.13815316 -0.46889432  0.21171636  0.26316682 -0.63517809
 -0.00798349  0.38790669  0.00771463  0.04468711 -0.54305086  0.51739936
  0.56966667  0.55921306  0.63504524  0.23290916 -0.17562368  0.57059564
 -0.16752671  0.42090055 -0.61843375  0.12789836  0.34198782 -0.63972583
  0.00578863 -0.22785046  0.07963449 -0.29475525  0.26806968 -0.50908535
 -0.28863335 -0.82548627 -0.49744327 -0.22852054 -0.19414731]
1526,[ 0.19179993  0.10136892 -0.06953745  0.12695363  0.36454816  0.09477341
 -0.05271971  0.66026385  0.3610816  -0.53525717 -0.04678147 -0.13025073
  0.18571157  0.42043058 -0.32564175  0.22195838 -0.1142866  -0.62405916
  0.1097599   0.13816226 -0.46889565  0.21170823  0.26316408 -0.63519088
 -0.00799666  0.38790035  0.00773827  0.0446792  -0.5430613   0.5174208
  0.56964604  0.55921863  0.63505472  0.23290956 -0.17561568  0.57059789
 -0.16753543  0.42089477 -0.61843008  0.12788899  0.34198992 -0.63971001
  0.0057704  -0.22785202  0.07962372 -0.29475843  0.26808121 -0.50905964
 -0.28864805 -0.82548449 -0.49744924 -0.22851831 -0.19415152]
1527,[ 0.19181508  0.10137502 -0.06957628  0.12696202  0.36455682  0.09476412
 -0.0527061   0.66024934  0.36106662 -0.53525086 -0.04677928 -0.13023445
  0.18570354  0.42044587 -0.32564222  0.22197113 -0.11427852 -0.62405432
  0.1097513   0.13817136 -0.46889698  0.21170011  0.26316135 -0.63520367
 -0.00800981  0.38789402  0.00776188  0.04467131 -0.54307173  0.51744221
  0.56962544  0.5592242   0.63506419  0.23290995 -0.17560768  0.57060014
 -0.16754414  0.42088901 -0.61842642  0.12787963  0.34199202 -0.6396942
  0.00575219 -0.22785357  0.07961296 -0.2947616   0.26809272 -0.50903395
 -0.28866273 -0.8254827  -0.49745521 -0.22851609 -0.19415572]
1528,[ 0.19183021  0.10138111 -0.06961506  0.12697039  0.36456547  0.09475485
 -0.05269251  0.66023485  0.36105165 -0.53524456 -0.04677708 -0.1302182
  0.18569553  0.42046115 -0.32564269  0.22198387 -0.11427045 -0.62404948
  0.10974271  0.13818044 -0.4688983   0.21169199  0.26315861 -0.63521644
 -0.00802295  0.3878877   0.00778547  0.04466342 -0.54308215  0.5174636
  0.56960486  0.55922976  0.63507365  0.23291034 -0.1755997   0.57060238
 -0.16755283  0.42088325 -0.61842276  0.12787027  0.34199411 -0.63967842
  0.005734   -0.22785512  0.07960221 -0.29476477  0.26810421 -0.50900829
 -0.2886774  -0.82548093 -0.49746117 -0.22851387 -0.19415991]
1529,[ 0.19184533  0.10138719 -0.06965381  0.12697876  0.36457411  0.09474559
 -0.05267893  0.66022037  0.36103671 -0.53523827 -0.04677489 -0.13020196
  0.18568752  0.42047641 -0.32564316  0.22199659 -0.11426239 -0.62404465
  0.10973413  0.13818952 -0.46889962  0.21168389  0.26315588 -0.63522919
 -0.00803607  0.38788138  0.00780903  0.04465554 -0.54309256  0.51748497
  0.5695843   0.55923532  0.6350831   0.23291074 -0.17559172  0.57060462
 -0.16756152  0.4208775  -0.61841911  0.12786093  0.34199621 -0.63966265
  0.00571584 -0.22785667  0.07959148 -0.29476794  0.2681157  -0.50898266
 -0.28869205 -0.82547915 -0.49746712 -0.22851165 -0.19416411]
1530,[ 0.19186043  0.10139327 -0.0696925   0.12698712  0.36458274  0.09473633
 -0.05266537  0.66020591  0.36102177 -0.53523198 -0.0467727  -0.13018574
  0.18567952  0.42049165 -0.32564363  0.2220093  -0.11425433 -0.62403982
  0.10972557  0.13819858 -0.46890094  0.2116758   0.26315315 -0.63524193
 -0.00804917  0.38787508  0.00783257  0.04464767 -0.54310295  0.51750631
  0.56956377  0.55924086  0.63509254  0.23291113 -0.17558376  0.57060686
 -0.1675702   0.42087175 -0.61841546  0.1278516   0.3419983  -0.63964689
  0.00569769 -0.22785822  0.07958076 -0.29477111  0.26812717 -0.50895706
 -0.28870668 -0.82547738 -0.49747306 -0.22850943 -0.19416829]
1531,[ 0.19187551  0.10139934 -0.06973116  0.12699547  0.36459136  0.09472709
 -0.05265182  0.66019147  0.36100686 -0.5352257  -0.04677051 -0.13016954
  0.18567153  0.42050687 -0.32564409  0.222022   -0.11424629 -0.624035
  0.10971701  0.13820763 -0.46890226  0.21166771  0.26315042 -0.63525466
 -0.00806226  0.38786878  0.00785608  0.04463982 -0.54311334  0.51752763
  0.56954326  0.55924641  0.63510197  0.23291152 -0.1755758   0.57060909
 -0.16757887  0.42086601 -0.61841181  0.12784228  0.34200039 -0.63963116
  0.00567956 -0.22785976  0.07957004 -0.29477427  0.26813863 -0.50893149
 -0.2887213  -0.8254756  -0.497479   -0.22850722 -0.19417247]
1532,[ 0.19189058  0.1014054  -0.06976976  0.12700381  0.36459997  0.09471786
 -0.05263829  0.66017705  0.36099196 -0.53521942 -0.04676833 -0.13015335
  0.18566355  0.42052207 -0.32564456  0.22203468 -0.11423825 -0.62403019
  0.10970846  0.13821668 -0.46890358  0.21165964  0.2631477  -0.63526737
 -0.00807534  0.38786248  0.00787956  0.04463196 -0.54312371  0.51754893
  0.56952277  0.55925194  0.63511139  0.23291191 -0.17556785  0.57061133
 -0.16758752  0.42086028 -0.61840817  0.12783297  0.34200248 -0.63961544
  0.00566145 -0.22786131  0.07955935 -0.29477742  0.26815007 -0.50890595
 -0.2887359  -0.82547383 -0.49748493 -0.228505   -0.19417665]
1533,[ 0.19190563  0.10141146 -0.06980833  0.12701214  0.36460857  0.09470864
 -0.05262477  0.66016264  0.36097708 -0.53521315 -0.04676615 -0.13013719
  0.18565557  0.42053726 -0.32564503  0.22204735 -0.11423023 -0.62402538
  0.10969992  0.13822571 -0.4689049   0.21165157  0.26314498 -0.63528007
 -0.0080884   0.3878562   0.00790302  0.04462412 -0.54313407  0.5175702
  0.5695023   0.55925747  0.6351208   0.2329123  -0.17555992  0.57061356
 -0.16759617  0.42085456 -0.61840453  0.12782367  0.34200456 -0.63959974
  0.00564337 -0.22786285  0.07954866 -0.29478058  0.2681615  -0.50888044
 -0.28875048 -0.82547207 -0.49749085 -0.22850279 -0.19418082]
1534,[ 0.19192066  0.10141751 -0.06984685  0.12702046  0.36461716  0.09469943
 -0.05261127  0.66014824  0.36096222 -0.53520689 -0.04676397 -0.13012104
  0.18564761  0.42055243 -0.32564549  0.22206    -0.11422221 -0.62402058
  0.10969139  0.13823473 -0.46890622  0.21164351  0.26314227 -0.63529275
 -0.00810145  0.38784992  0.00792645  0.04461629 -0.54314441  0.51759145
  0.56948186  0.559263    0.63513019  0.23291269 -0.17555199  0.57061579
 -0.16760481  0.42084884 -0.61840089  0.12781438  0.34200665 -0.63958406
  0.0056253  -0.22786439  0.07953799 -0.29478373  0.26817292 -0.50885495
 -0.28876505 -0.8254703  -0.49749677 -0.22850059 -0.19418499]
1535,[ 0.19193568  0.10142355 -0.06988533  0.12702877  0.36462574  0.09469023
 -0.05259779  0.66013387  0.36094737 -0.53520064 -0.04676179 -0.13010491
  0.18563966  0.42056759 -0.32564596  0.22207264 -0.1142142  -0.62401578
  0.10968287  0.13824375 -0.46890753  0.21163546  0.26313955 -0.63530542
 -0.00811448  0.38784364  0.00794985  0.04460847 -0.54315475  0.51761267
  0.56946144  0.55926851  0.63513958  0.23291308 -0.17554406  0.57061801
 -0.16761344  0.42084312 -0.61839726  0.1278051   0.34200873 -0.6395684
  0.00560725 -0.22786593  0.07952732 -0.29478687  0.26818433 -0.5088295
 -0.2887796  -0.82546854 -0.49750268 -0.22849838 -0.19418915]
1536,[ 0.19195068  0.10142958 -0.06992377  0.12703707  0.36463431  0.09468104
 -0.05258432  0.6601195   0.36093254 -0.53519439 -0.04675962 -0.1300888
  0.18563171  0.42058273 -0.32564642  0.22208526 -0.1142062  -0.62401099
  0.10967436  0.13825275 -0.46890884  0.21162742  0.26313684 -0.63531808
 -0.0081275   0.38783738  0.00797323  0.04460065 -0.54316507  0.51763387
  0.56944105  0.55927403  0.63514896  0.23291347 -0.17553615  0.57062024
 -0.16762206  0.42083742 -0.61839364  0.12779583  0.34201081 -0.63955275
  0.00558923 -0.22786747  0.07951667 -0.29479002  0.26819572 -0.50880407
 -0.28879413 -0.82546677 -0.49750859 -0.22849618 -0.19419331]
1537,[ 0.19196566  0.10143561 -0.06996216  0.12704536  0.36464287  0.09467186
 -0.05257086  0.66010516  0.36091773 -0.53518816 -0.04675744 -0.13007271
  0.18562377  0.42059785 -0.32564689  0.22209787 -0.11419821 -0.6240062
  0.10966586  0.13826174 -0.46891015  0.21161939  0.26313413 -0.63533072
 -0.0081405   0.38783112  0.00799658  0.04459284 -0.54317539  0.51765505
  0.56942067  0.55927953  0.63515832  0.23291386 -0.17552825  0.57062246
 -0.16763067  0.42083172 -0.61839002  0.12778657  0.34201288 -0.63953712
  0.00557122 -0.227869    0.07950604 -0.29479316  0.2682071  -0.50877867
 -0.28880865 -0.82546501 -0.49751448 -0.22849398 -0.19419747]
1538,[ 0.19198063  0.10144164 -0.07000051  0.12705364  0.36465142  0.09466269
 -0.05255742  0.66009083  0.36090293 -0.53518192 -0.04675527 -0.13005664
  0.18561585  0.42061295 -0.32564735  0.22211047 -0.11419023 -0.62400142
  0.10965737  0.13827073 -0.46891146  0.21161137  0.26313143 -0.63534335
 -0.00815349  0.38782487  0.0080199   0.04458505 -0.54318569  0.5176762
  0.56940032  0.55928503  0.63516768  0.23291425 -0.17552035  0.57062467
 -0.16763926  0.42082602 -0.6183864   0.12777732  0.34201496 -0.63952151
  0.00555324 -0.22787053  0.07949541 -0.29479629  0.26821847 -0.5087533
 -0.28882315 -0.82546326 -0.49752038 -0.22849178 -0.19420161]
1539,[ 0.19199557  0.10144765 -0.07003882  0.12706192  0.36465997  0.09465353
 -0.05254399  0.66007652  0.36088815 -0.5351757  -0.04675311 -0.13004058
  0.18560793  0.42062804 -0.32564781  0.22212305 -0.11418226 -0.62399664
  0.10964889  0.1382797  -0.46891277  0.21160336  0.26312873 -0.63535596
 -0.00816646  0.38781862  0.0080432   0.04457726 -0.54319598  0.51769733
  0.56938     0.55929052  0.63517702  0.23291464 -0.17551247  0.57062689
 -0.16764785  0.42082033 -0.61838278  0.12776809  0.34201703 -0.63950592
  0.00553527 -0.22787207  0.0794848  -0.29479943  0.26822983 -0.50872796
 -0.28883764 -0.8254615  -0.49752626 -0.22848959 -0.19420576]
1540,[ 0.1920105   0.10145366 -0.07007708  0.12707018  0.3646685   0.09464438
 -0.05253058  0.66006222  0.36087338 -0.53516948 -0.04675094 -0.13002454
  0.18560002  0.42064311 -0.32564828  0.22213562 -0.1141743  -0.62399187
  0.10964042  0.13828866 -0.46891408  0.21159536  0.26312603 -0.63536856
 -0.00817942  0.38781239  0.00806647  0.04456948 -0.54320626  0.51771843
  0.56935969  0.55929601  0.63518636  0.23291502 -0.17550459  0.5706291
 -0.16765643  0.42081465 -0.61837917  0.12775886  0.3420191  -0.63949034
  0.00551733 -0.2278736   0.07947419 -0.29480255  0.26824117 -0.50870265
 -0.28885211 -0.82545975 -0.49753214 -0.2284874  -0.1942099 ]
1541,[ 0.19202542  0.10145966 -0.0701153   0.12707844  0.36467702  0.09463524
 -0.05251719  0.66004794  0.36085864 -0.53516327 -0.04674878 -0.13000852
  0.18559212  0.42065816 -0.32564874  0.22214817 -0.11416634 -0.6239871
  0.10963196  0.13829761 -0.46891538  0.21158736  0.26312334 -0.63538114
 -0.00819237  0.38780616  0.00808972  0.04456171 -0.54321652  0.51773951
  0.56933941  0.55930149  0.63519568  0.23291541 -0.17549672  0.57063131
 -0.167665    0.42080898 -0.61837557  0.12774964  0.34202116 -0.63947479
  0.0054994  -0.22787512  0.0794636  -0.29480568  0.2682525  -0.50867736
 -0.28886656 -0.82545799 -0.49753801 -0.22848521 -0.19421403]
1542,[ 0.19204032  0.10146566 -0.07015348  0.12708668  0.36468554  0.09462612
 -0.05250381  0.66003368  0.36084391 -0.53515707 -0.04674662 -0.12999252
  0.18558422  0.42067319 -0.3256492   0.22216071 -0.1141584  -0.62398234
  0.10962351  0.13830656 -0.46891669  0.21157938  0.26312064 -0.63539371
 -0.0082053   0.38779993  0.00811294  0.04455394 -0.54322678  0.51776057
  0.56931915  0.55930697  0.63520499  0.2329158  -0.17548887  0.57063352
 -0.16767357  0.42080331 -0.61837197  0.12774044  0.34202323 -0.63945924
  0.0054815  -0.22787665  0.07945303 -0.2948088   0.26826381 -0.50865211
 -0.288881   -0.82545624 -0.49754387 -0.22848302 -0.19421816]
1543,[ 0.1920552   0.10147165 -0.07019161  0.12709492  0.36469404  0.094617
 -0.05249045  0.66001943  0.36082919 -0.53515087 -0.04674446 -0.12997653
  0.18557634  0.42068821 -0.32564966  0.22217323 -0.11415046 -0.62397759
  0.10961506  0.13831549 -0.46891799  0.2115714   0.26311795 -0.63540627
 -0.00821821  0.38779372  0.00813613  0.04454619 -0.54323702  0.5177816
  0.56929892  0.55931243  0.63521429  0.23291618 -0.17548102  0.57063573
 -0.16768212  0.42079765 -0.61836837  0.12773124  0.34202529 -0.63944372
  0.00546362 -0.22787818  0.07944246 -0.29481192  0.26827512 -0.50862688
 -0.28889542 -0.82545449 -0.49754973 -0.22848084 -0.19422229]
1544,[ 0.19207006  0.10147763 -0.0702297   0.12710315  0.36470254  0.09460789
 -0.0524771   0.66000519  0.36081449 -0.53514468 -0.04674231 -0.12996057
  0.18556847  0.42070321 -0.32565012  0.22218575 -0.11414253 -0.62397284
  0.10960663  0.13832441 -0.46891929  0.21156343  0.26311527 -0.63541881
 -0.00823111  0.38778751  0.0081593   0.04453844 -0.54324725  0.51780261
  0.5692787   0.5593179   0.63522359  0.23291657 -0.17547317  0.57063793
 -0.16769066  0.42079199 -0.61836478  0.12772205  0.34202735 -0.63942822
  0.00544575 -0.2278797   0.07943191 -0.29481504  0.26828641 -0.50860168
 -0.28890982 -0.82545275 -0.49755558 -0.22847865 -0.19422641]
1545,[ 0.19208491  0.1014836  -0.07026775  0.12711136  0.36471102  0.09459879
 -0.05246376  0.65999098  0.36079981 -0.5351385  -0.04674016 -0.12994462
  0.1855606   0.4207182  -0.32565058  0.22219824 -0.11413462 -0.62396809
  0.10959821  0.13833332 -0.46892059  0.21155547  0.26311259 -0.63543134
 -0.008244    0.38778131  0.00818244  0.04453071 -0.54325747  0.51782359
  0.56925851  0.55932335  0.63523287  0.23291696 -0.17546534  0.57064013
 -0.16769919  0.42078634 -0.61836119  0.12771288  0.34202941 -0.63941273
  0.00542791 -0.22788122  0.07942136 -0.29481815  0.26829769 -0.50857651
 -0.28892421 -0.825451   -0.49756143 -0.22847648 -0.19423053]
1546,[ 0.19209974  0.10148957 -0.07030576  0.12711957  0.3647195   0.09458971
 -0.05245044  0.65997678  0.36078515 -0.53513232 -0.046738   -0.12992869
  0.18555274  0.42073317 -0.32565104  0.22221073 -0.11412671 -0.62396335
  0.10958979  0.13834222 -0.46892189  0.21154752  0.26310991 -0.63544385
 -0.00825687  0.38777511  0.00820555  0.04452298 -0.54326768  0.51784456
  0.56923834  0.5593288   0.63524214  0.23291734 -0.17545752  0.57064233
 -0.16770771  0.4207807  -0.6183576   0.12770371  0.34203146 -0.63939726
  0.00541009 -0.22788274  0.07941083 -0.29482125  0.26830895 -0.50855137
 -0.28893858 -0.82544926 -0.49756727 -0.2284743  -0.19423464]
1547,[ 0.19211456  0.10149553 -0.07034372  0.12712777  0.36472796  0.09458063
 -0.05243714  0.65996259  0.3607705  -0.53512615 -0.04673586 -0.12991278
  0.1855449   0.42074812 -0.3256515   0.22222319 -0.11411881 -0.62395862
  0.10958139  0.13835112 -0.46892318  0.21153958  0.26310723 -0.63545635
 -0.00826973  0.38776892  0.00822864  0.04451526 -0.54327788  0.5178655
  0.5692182   0.55933424  0.6352514   0.23291772 -0.1754497   0.57064453
 -0.16771622  0.42077506 -0.61835402  0.12769456  0.34203351 -0.6393818
  0.00539228 -0.22788426  0.07940031 -0.29482436  0.26832021 -0.50852626
 -0.28895294 -0.82544752 -0.4975731  -0.22847212 -0.19423875]
1548,[ 0.19212935  0.10150149 -0.07038164  0.12713596  0.36473642  0.09457156
 -0.05242385  0.65994842  0.36075587 -0.53511999 -0.04673371 -0.12989688
  0.18553706  0.42076305 -0.32565196  0.22223565 -0.11411091 -0.62395389
  0.10957299  0.13836    -0.46892448  0.21153165  0.26310455 -0.63546883
 -0.00828257  0.38776274  0.0082517   0.04450755 -0.54328806  0.51788641
  0.56919808  0.55933968  0.63526065  0.23291811 -0.1754419   0.57064672
 -0.16772473  0.42076943 -0.61835044  0.12768542  0.34203556 -0.63936637
  0.0053745  -0.22788577  0.07938981 -0.29482746  0.26833145 -0.50850117
 -0.28896728 -0.82544578 -0.49757892 -0.22846995 -0.19424285]
1549,[ 0.19214413  0.10150744 -0.07041952  0.12714414  0.36474486  0.09456251
 -0.05241057  0.65993427  0.36074125 -0.53511383 -0.04673157 -0.12988101
  0.18552923  0.42077797 -0.32565242  0.22224809 -0.11410303 -0.62394917
  0.10956461  0.13836887 -0.46892577  0.21152373  0.26310188 -0.6354813
 -0.0082954   0.38775657  0.00827474  0.04449985 -0.54329824  0.5179073
  0.56917798  0.55934511  0.63526989  0.23291849 -0.1754341   0.57064891
 -0.16773322  0.42076381 -0.61834687  0.12767628  0.34203761 -0.63935095
  0.00535673 -0.22788729  0.07937931 -0.29483056  0.26834268 -0.50847611
 -0.2889816  -0.82544405 -0.49758474 -0.22846778 -0.19424695]
1550,[ 0.1921589   0.10151338 -0.07045735  0.12715231  0.3647533   0.09455346
 -0.05239731  0.65992014  0.36072665 -0.53510768 -0.04672943 -0.12986515
  0.18552141  0.42079287 -0.32565287  0.22226052 -0.11409516 -0.62394445
  0.10955623  0.13837773 -0.46892706  0.21151582  0.26309922 -0.63549376
 -0.00830821  0.3877504   0.00829775  0.04449216 -0.5433084   0.51792817
  0.5691579   0.55935054  0.63527912  0.23291888 -0.17542631  0.5706511
 -0.1677417   0.42075819 -0.6183433   0.12766716  0.34203966 -0.63933555
  0.00533899 -0.2278888   0.07936883 -0.29483365  0.26835389 -0.50845108
 -0.28899591 -0.82544231 -0.49759055 -0.22846561 -0.19425104]
1551,[ 0.19217365  0.10151931 -0.07049514  0.12716048  0.36476173  0.09454442
 -0.05238407  0.65990602  0.36071207 -0.53510154 -0.04672729 -0.12984931
  0.18551359  0.42080775 -0.32565333  0.22227293 -0.11408729 -0.62393974
  0.10954786  0.13838658 -0.46892835  0.21150791  0.26309655 -0.6355062
 -0.00832101  0.38774424  0.00832074  0.04448447 -0.54331855  0.51794901
  0.56913785  0.55935596  0.63528834  0.23291926 -0.17541853  0.57065329
 -0.16775018  0.42075258 -0.61833973  0.12765805  0.3420417  -0.63932016
  0.00532127 -0.22789031  0.07935836 -0.29483674  0.26836509 -0.50842608
 -0.2890102  -0.82544058 -0.49759636 -0.22846345 -0.19425513]
1552,[ 0.19218838  0.10152524 -0.07053289  0.12716863  0.36477015  0.0945354
 -0.05237084  0.65989191  0.36069751 -0.53509541 -0.04672515 -0.12983349
  0.18550579  0.42082262 -0.32565379  0.22228533 -0.11407944 -0.62393503
  0.1095395   0.13839543 -0.46892964  0.21150001  0.26309389 -0.63551863
 -0.0083338   0.38773809  0.0083437   0.0444768  -0.54332869  0.51796983
  0.56911782  0.55936137  0.63529755  0.23291964 -0.17541076  0.57065547
 -0.16775864  0.42074698 -0.61833617  0.12764894  0.34204374 -0.6393048
  0.00530356 -0.22789182  0.0793479  -0.29483983  0.26837628 -0.50840111
 -0.28902447 -0.82543885 -0.49760216 -0.22846129 -0.19425921]
1553,[ 0.19220309  0.10153116 -0.0705706   0.12717677  0.36477856  0.09452638
 -0.05235762  0.65987782  0.36068296 -0.53508928 -0.04672302 -0.12981768
  0.18549799  0.42083747 -0.32565424  0.22229771 -0.11407159 -0.62393033
  0.10953116  0.13840426 -0.46893093  0.21149213  0.26309123 -0.63553105
 -0.00834657  0.38773194  0.00836663  0.04446913 -0.54333882  0.51799063
  0.56909781  0.55936678  0.63530674  0.23292002 -0.175403    0.57065765
 -0.1677671   0.42074138 -0.61833262  0.12763985  0.34204578 -0.63928945
  0.00528588 -0.22789333  0.07933745 -0.29484291  0.26838746 -0.50837616
 -0.28903873 -0.82543712 -0.49760795 -0.22845913 -0.19426329]
1554,[ 0.19221779  0.10153708 -0.07060826  0.12718491  0.36478696  0.09451738
 -0.05234442  0.65986375  0.36066842 -0.53508316 -0.04672089 -0.12980189
  0.18549021  0.4208523  -0.3256547   0.22231008 -0.11406375 -0.62392563
  0.10952282  0.13841308 -0.46893222  0.21148425  0.26308857 -0.63554345
 -0.00835932  0.3877258   0.00838954  0.04446147 -0.54334894  0.5180114
  0.56907782  0.55937218  0.63531593  0.23292041 -0.17539525  0.57065983
 -0.16777554  0.42073578 -0.61832906  0.12763077  0.34204782 -0.63927412
  0.00526822 -0.22789484  0.07932701 -0.29484599  0.26839863 -0.50835125
 -0.28905297 -0.82543539 -0.49761374 -0.22845697 -0.19426737]
1555,[ 0.19223247  0.10154298 -0.07064588  0.12719303  0.36479535  0.09450838
 -0.05233124  0.65984969  0.36065391 -0.53507705 -0.04671876 -0.12978612
  0.18548243  0.42086712 -0.32565515  0.22232244 -0.11405592 -0.62392094
  0.10951449  0.13842189 -0.4689335   0.21147638  0.26308592 -0.63555584
 -0.00837206  0.38771967  0.00841242  0.04445382 -0.54335904  0.51803216
  0.56905786  0.55937757  0.63532511  0.23292079 -0.1753875   0.570662
 -0.16778398  0.4207302  -0.61832551  0.12762169  0.34204985 -0.6392588
  0.00525057 -0.22789634  0.07931659 -0.29484907  0.26840978 -0.50832636
 -0.2890672  -0.82543367 -0.49761952 -0.22845481 -0.19427144]
1556,[ 0.19224713  0.10154888 -0.07068346  0.12720115  0.36480373  0.0944994
 -0.05231807  0.65983565  0.36063941 -0.53507094 -0.04671664 -0.12977037
  0.18547466  0.42088192 -0.32565561  0.22233478 -0.1140481  -0.62391626
  0.10950617  0.13843069 -0.46893478  0.21146852  0.26308327 -0.63556821
 -0.00838479  0.38771354  0.00843527  0.04444618 -0.54336914  0.51805288
  0.56903791  0.55938296  0.63533428  0.23292117 -0.17537977  0.57066418
 -0.16779241  0.42072462 -0.61832197  0.12761263  0.34205188 -0.6392435
  0.00523295 -0.22789784  0.07930617 -0.29485214  0.26842092 -0.5083015
 -0.28908141 -0.82543195 -0.49762529 -0.22845266 -0.1942755 ]
1557,[ 0.19226178  0.10155478 -0.070721    0.12720926  0.3648121   0.09449042
 -0.05230491  0.65982162  0.36062492 -0.53506484 -0.04671451 -0.12975464
  0.1854669   0.4208967  -0.32565606  0.22234711 -0.11404029 -0.62391157
  0.10949786  0.13843949 -0.46893607  0.21146067  0.26308062 -0.63558057
 -0.00839751  0.38770743  0.0084581   0.04443855 -0.54337922  0.51807359
  0.569018    0.55938834  0.63534343  0.23292155 -0.17537204  0.57066635
 -0.16780082  0.42071905 -0.61831843  0.12760358  0.34205391 -0.63922822
  0.00521534 -0.22789934  0.07929577 -0.29485521  0.26843205 -0.50827667
 -0.2890956  -0.82543022 -0.49763105 -0.22845051 -0.19427956]
1558,[ 0.19227641  0.10156067 -0.0707585   0.12721736  0.36482046  0.09448146
 -0.05229177  0.65980762  0.36061046 -0.53505875 -0.04671239 -0.12973892
  0.18545915  0.42091147 -0.32565651  0.22235943 -0.11403249 -0.6239069
  0.10948956  0.13844827 -0.46893735  0.21145283  0.26307798 -0.63559291
 -0.0084102   0.38770131  0.00848091  0.04443092 -0.54338929  0.51809427
  0.5689981   0.55939372  0.63535258  0.23292193 -0.17536432  0.57066852
 -0.16780923  0.42071348 -0.61831489  0.12759454  0.34205594 -0.63921296
  0.00519776 -0.22790084  0.07928538 -0.29485828  0.26844316 -0.50825186
 -0.28910978 -0.82542851 -0.49763681 -0.22844836 -0.19428362]
1559,[ 0.19229103  0.10156655 -0.07079595  0.12722545  0.36482881  0.0944725
 -0.05227865  0.65979362  0.36059601 -0.53505266 -0.04671027 -0.12972322
  0.18545141  0.42092622 -0.32565697  0.22237173 -0.11402469 -0.62390223
  0.10948126  0.13845704 -0.46893863  0.21144499  0.26307534 -0.63560524
 -0.00842289  0.38769521  0.00850369  0.04442331 -0.54339935  0.51811492
  0.56897822  0.55939909  0.63536172  0.23292231 -0.17535661  0.57067068
 -0.16781763  0.42070792 -0.61831136  0.12758551  0.34205797 -0.63919771
  0.0051802  -0.22790234  0.07927501 -0.29486134  0.26845426 -0.50822708
 -0.28912395 -0.82542679 -0.49764257 -0.22844622 -0.19428767]
1560,[ 0.19230563  0.10157242 -0.07083336  0.12723353  0.36483715  0.09446356
 -0.05226554  0.65977964  0.36058157 -0.53504658 -0.04670815 -0.12970754
  0.18544368  0.42094095 -0.32565742  0.22238402 -0.11401691 -0.62389756
  0.10947298  0.1384658  -0.4689399   0.21143717  0.2630727  -0.63561756
 -0.00843556  0.38768911  0.00852644  0.0444157  -0.5434094   0.51813556
  0.56895837  0.55940446  0.63537084  0.23292269 -0.17534891  0.57067285
 -0.16782602  0.42070236 -0.61830783  0.12757649  0.34205999 -0.63918249
  0.00516265 -0.22790384  0.07926464 -0.2948644   0.26846535 -0.50820234
 -0.28913809 -0.82542507 -0.49764831 -0.22844407 -0.19429172]
1561,[ 0.19232021  0.10157829 -0.07087073  0.1272416   0.36484549  0.09445462
 -0.05225244  0.65976568  0.36056715 -0.53504051 -0.04670604 -0.12969188
  0.18543595  0.42095567 -0.32565787  0.22239629 -0.11400913 -0.6238929
  0.10946471  0.13847456 -0.46894118  0.21142935  0.26307007 -0.63562987
 -0.00844822  0.38768302  0.00854917  0.0444081  -0.54341944  0.51815617
  0.56893854  0.55940981  0.63537996  0.23292306 -0.17534122  0.57067501
 -0.1678344   0.42069682 -0.6183043   0.12756747  0.34206201 -0.63916727
  0.00514513 -0.22790533  0.07925429 -0.29486745  0.26847643 -0.50817762
 -0.28915222 -0.82542336 -0.49765405 -0.22844193 -0.19429576]
1562,[ 0.19233478  0.10158415 -0.07090805  0.12724966  0.36485381  0.0944457
 -0.05223936  0.65975173  0.36055275 -0.53503444 -0.04670393 -0.12967623
  0.18542823  0.42097037 -0.32565832  0.22240855 -0.11400136 -0.62388825
  0.10945644  0.1384833  -0.46894245  0.21142154  0.26306743 -0.63564216
 -0.00846086  0.38767693  0.00857187  0.04440051 -0.54342947  0.51817676
  0.56891874  0.55941517  0.63538906  0.23292344 -0.17533353  0.57067717
 -0.16784277  0.42069127 -0.61830078  0.12755847  0.34206403 -0.63915208
  0.00512762 -0.22790682  0.07924394 -0.29487051  0.26848749 -0.50815292
 -0.28916634 -0.82542165 -0.49765979 -0.22843979 -0.1942998 ]
1563,[ 0.19234933  0.10159001 -0.07094534  0.12725771  0.36486213  0.09443678
 -0.05222629  0.6597378   0.36053836 -0.53502838 -0.04670182 -0.12966061
  0.18542053  0.42098506 -0.32565877  0.2224208  -0.1139936  -0.6238836
  0.10944819  0.13849203 -0.46894373  0.21141374  0.2630648  -0.63565443
 -0.00847348  0.38767086  0.00859455  0.04439293 -0.54343948  0.51819732
  0.56889895  0.55942051  0.63539816  0.23292382 -0.17532586  0.57067933
 -0.16785113  0.42068574 -0.61829726  0.12754948  0.34206604 -0.6391369
  0.00511014 -0.22790831  0.07923361 -0.29487356  0.26849855 -0.50812826
 -0.28918044 -0.82541994 -0.49766552 -0.22843766 -0.19430383]
1564,[ 0.19236386  0.10159586 -0.07098258  0.12726576  0.36487043  0.09442788
 -0.05221324  0.65972389  0.36052399 -0.53502233 -0.04669971 -0.129645
  0.18541283  0.42099972 -0.32565922  0.22243303 -0.11398585 -0.62387896
  0.10943994  0.13850076 -0.468945    0.21140596  0.26306218 -0.63566669
 -0.0084861   0.38766479  0.0086172   0.04438536 -0.54344949  0.51821786
  0.56887919  0.55942585  0.63540724  0.2329242  -0.17531819  0.57068148
 -0.16785948  0.42068021 -0.61829375  0.1275405   0.34206806 -0.63912174
  0.00509267 -0.2279098   0.07922329 -0.2948766   0.26850959 -0.50810362
 -0.28919452 -0.82541823 -0.49767124 -0.22843552 -0.19430786]
1565,[ 0.19237838  0.1016017  -0.07101978  0.12727379  0.36487873  0.09441898
 -0.0522002   0.65970999  0.36050964 -0.53501629 -0.04669761 -0.1296294
  0.18540514  0.42101437 -0.32565967  0.22244525 -0.11397811 -0.62387432
  0.10943171  0.13850947 -0.46894627  0.21139817  0.26305955 -0.63567894
 -0.0084987   0.38765872  0.00863982  0.0443778  -0.54345948  0.51823838
  0.56885945  0.55943119  0.63541632  0.23292457 -0.17531053  0.57068363
 -0.16786782  0.42067468 -0.61829024  0.12753153  0.34207007 -0.6391066
  0.00507522 -0.22791129  0.07921299 -0.29487964  0.26852061 -0.50807901
 -0.28920859 -0.82541653 -0.49767695 -0.22843339 -0.19431189]
1566,[ 0.19239288  0.10160753 -0.07105694  0.12728182  0.36488701  0.0944101
 -0.05218718  0.6596961   0.3604953  -0.53501025 -0.04669551 -0.12961383
  0.18539746  0.42102901 -0.32566012  0.22245745 -0.11397038 -0.62386968
  0.10942348  0.13851817 -0.46894754  0.2113904   0.26305693 -0.63569118
 -0.00851128  0.38765267  0.00866242  0.04437024 -0.54346946  0.51825887
  0.56883973  0.55943652  0.63542538  0.23292495 -0.17530288  0.57068578
 -0.16787615  0.42066917 -0.61828673  0.12752257  0.34207208 -0.63909147
  0.0050578  -0.22791278  0.07920269 -0.29488268  0.26853163 -0.50805443
 -0.28922264 -0.82541482 -0.49768266 -0.22843127 -0.19431591]
1567,[ 0.19240736  0.10161336 -0.07109406  0.12728983  0.36489529  0.09440122
 -0.05217417  0.65968224  0.36048098 -0.53500422 -0.04669341 -0.12959827
  0.18538978  0.42104363 -0.32566057  0.22246964 -0.11396265 -0.62386506
  0.10941526  0.13852687 -0.4689488   0.21138264  0.26305432 -0.6357034
 -0.00852385  0.38764662  0.008685    0.04436269 -0.54347943  0.51827935
  0.56882003  0.55944184  0.63543443  0.23292533 -0.17529524  0.57068793
 -0.16788448  0.42066366 -0.61828323  0.12751362  0.34207409 -0.63907636
  0.00504039 -0.22791426  0.07919241 -0.29488572  0.26854263 -0.50802987
 -0.28923668 -0.82541312 -0.49768836 -0.22842914 -0.19431992]
1568,[ 0.19242183  0.10161918 -0.07113113  0.12729784  0.36490356  0.09439236
 -0.05216118  0.65966838  0.36046667 -0.53499819 -0.04669131 -0.12958273
  0.18538212  0.42105823 -0.32566102  0.22248182 -0.11395494 -0.62386043
  0.10940705  0.13853555 -0.46895007  0.21137488  0.2630517  -0.6357156
 -0.00853641  0.38764057  0.00870755  0.04435515 -0.54348939  0.51829979
  0.56880036  0.55944715  0.63544348  0.2329257  -0.17528761  0.57069007
 -0.16789279  0.42065815 -0.61827973  0.12750468  0.34207609 -0.63906127
  0.005023   -0.22791574  0.07918213 -0.29488875  0.26855362 -0.50800535
 -0.28925069 -0.82541142 -0.49769406 -0.22842702 -0.19432394]
1569,[ 0.19243628  0.101625   -0.07116817  0.12730584  0.36491182  0.0943835
 -0.0521482   0.65965455  0.36045238 -0.53499217 -0.04668921 -0.12956721
  0.18537446  0.42107281 -0.32566147  0.22249398 -0.11394723 -0.62385582
  0.10939885  0.13854422 -0.46895134  0.21136714  0.26304909 -0.6357278
 -0.00854895  0.38763454  0.00873007  0.04434762 -0.54349934  0.51832022
  0.56878071  0.55945247  0.63545251  0.23292608 -0.17527999  0.57069221
 -0.16790109  0.42065265 -0.61827624  0.12749575  0.34207809 -0.6390462
  0.00500563 -0.22791722  0.07917187 -0.29489178  0.2685646  -0.50798085
 -0.2892647  -0.82540972 -0.49769975 -0.22842489 -0.19432794]
1570,[ 0.19245071  0.10163081 -0.07120516  0.12731383  0.36492007  0.09437466
 -0.05213523  0.65964072  0.36043811 -0.53498616 -0.04668712 -0.1295517
  0.18536682  0.42108738 -0.32566191  0.22250613 -0.11393953 -0.6238512
  0.10939066  0.13855289 -0.4689526   0.2113594   0.26304648 -0.63573998
 -0.00856148  0.38762851  0.00875257  0.0443401  -0.54350927  0.51834062
  0.56876108  0.55945777  0.63546154  0.23292645 -0.17527237  0.57069435
 -0.16790939  0.42064716 -0.61827275  0.12748683  0.34208009 -0.63903114
  0.00498829 -0.2279187   0.07916162 -0.2948948   0.26857556 -0.50795638
 -0.28927869 -0.82540803 -0.49770543 -0.22842277 -0.19433194]
1571,[ 0.19246513  0.10163661 -0.07124211  0.12732181  0.36492831  0.09436582
 -0.05212228  0.65962692  0.36042385 -0.53498016 -0.04668503 -0.12953621
  0.18535918  0.42110193 -0.32566236  0.22251827 -0.11393184 -0.62384659
  0.10938248  0.13856154 -0.46895386  0.21135167  0.26304388 -0.63575214
 -0.00857399  0.38762248  0.00877504  0.04433259 -0.5435192   0.518361
  0.56874147  0.55946307  0.63547055  0.23292683 -0.17526477  0.57069649
 -0.16791767  0.42064167 -0.61826926  0.12747792  0.34208209 -0.6390161
  0.00497096 -0.22792018  0.07915138 -0.29489782  0.26858652 -0.50793193
 -0.28929266 -0.82540633 -0.4977111  -0.22842066 -0.19433594]
1572,[ 0.19247954  0.10164241 -0.07127901  0.12732978  0.36493654  0.094357
 -0.05210935  0.65961313  0.36040961 -0.53497416 -0.04668294 -0.12952074
  0.18535155  0.42111647 -0.32566281  0.22253039 -0.11392416 -0.62384199
  0.10937431  0.13857019 -0.46895512  0.21134395  0.26304127 -0.63576429
 -0.00858649  0.38761647  0.00879749  0.04432509 -0.54352911  0.51838136
  0.56872189  0.55946836  0.63547955  0.2329272  -0.17525717  0.57069863
 -0.16792595  0.42063619 -0.61826578  0.12746902  0.34208409 -0.63900107
  0.00495365 -0.22792166  0.07914116 -0.29490084  0.26859746 -0.50790752
 -0.28930662 -0.82540464 -0.49771677 -0.22841854 -0.19433993]
1573,[ 0.19249392  0.1016482  -0.07131588  0.12733774  0.36494476  0.09434819
 -0.05209643  0.65959935  0.36039539 -0.53496817 -0.04668086 -0.12950529
  0.18534393  0.42113099 -0.32566325  0.2225425  -0.11391649 -0.6238374
  0.10936615  0.13857882 -0.46895638  0.21133624  0.26303868 -0.63577643
 -0.00859898  0.38761046  0.00881991  0.04431759 -0.54353901  0.51840169
  0.56870232  0.55947365  0.63548855  0.23292757 -0.17524958  0.57070076
 -0.16793422  0.42063072 -0.6182623   0.12746013  0.34208608 -0.63898607
  0.00493636 -0.22792313  0.07913094 -0.29490386  0.26860839 -0.50788313
 -0.28932056 -0.82540295 -0.49772244 -0.22841643 -0.19434392]
1574,[ 0.19250829  0.10165398 -0.07135271  0.1273457   0.36495297  0.09433938
 -0.05208352  0.65958559  0.36038118 -0.53496218 -0.04667877 -0.12948986
  0.18533631  0.42114549 -0.3256637   0.2225546  -0.11390882 -0.6238328
  0.109358    0.13858745 -0.46895764  0.21132854  0.26303608 -0.63578856
 -0.00861145  0.38760445  0.00884231  0.0443101  -0.54354891  0.518422
  0.56868278  0.55947893  0.63549753  0.23292795 -0.175242    0.57070289
 -0.16794248  0.42062525 -0.61825883  0.12745125  0.34208807 -0.63897107
  0.00491909 -0.2279246   0.07912074 -0.29490687  0.2686193  -0.50785877
 -0.28933448 -0.82540126 -0.49772809 -0.22841432 -0.19434791]
1575,[ 0.19252265  0.10165976 -0.07138949  0.12735364  0.36496117  0.09433059
 -0.05207063  0.65957185  0.36036699 -0.53495621 -0.04667669 -0.12947444
  0.18532871  0.42115998 -0.32566414  0.22256668 -0.11390117 -0.62382822
  0.10934985  0.13859607 -0.46895889  0.21132084  0.26303348 -0.63580067
 -0.00862391  0.38759846  0.00886468  0.04430262 -0.54355879  0.51844229
  0.56866326  0.5594842   0.6355065   0.23292832 -0.17523443  0.57070502
 -0.16795072  0.42061979 -0.61825536  0.12744238  0.34209006 -0.6389561
  0.00490184 -0.22792607  0.07911055 -0.29490987  0.26863021 -0.50783443
 -0.28934839 -0.82539958 -0.49773374 -0.22841221 -0.19435189]
1576,[ 0.19253698  0.10166553 -0.07142623  0.12736158  0.36496937  0.0943218
 -0.05205775  0.65955812  0.36035281 -0.53495023 -0.04667461 -0.12945904
  0.18532111  0.42117445 -0.32566459  0.22257875 -0.11389352 -0.62382364
  0.10934172  0.13860467 -0.46896015  0.21131316  0.26303089 -0.63581277
 -0.00863635  0.38759247  0.00888703  0.04429515 -0.54356866  0.51846256
  0.56864377  0.55948947  0.63551546  0.23292869 -0.17522686  0.57070714
 -0.16795896  0.42061434 -0.61825189  0.12743352  0.34209205 -0.63894114
  0.00488461 -0.22792754  0.07910037 -0.29491288  0.2686411  -0.50781012
 -0.28936229 -0.82539789 -0.49773939 -0.22841011 -0.19435586]
1577,[ 0.19255131  0.10167129 -0.07146293  0.1273695   0.36497755  0.09431303
 -0.05204489  0.65954441  0.36033865 -0.53494427 -0.04667254 -0.12944365
  0.18531353  0.4211889  -0.32566503  0.2225908  -0.11388589 -0.62381906
  0.10933359  0.13861327 -0.4689614   0.21130548  0.26302831 -0.63582485
 -0.00864878  0.38758649  0.00890935  0.04428769 -0.54357852  0.5184828
  0.56862429  0.55949473  0.63552442  0.23292906 -0.17521931  0.57070926
 -0.16796719  0.42060889 -0.61824843  0.12742467  0.34209403 -0.6389262
  0.0048674  -0.22792901  0.0790902  -0.29491588  0.26865198 -0.50778585
 -0.28937616 -0.82539621 -0.49774503 -0.22840801 -0.19435983]
1578,[ 0.19256561  0.10167705 -0.07149959  0.12737742  0.36498573  0.09430426
 -0.05203204  0.65953071  0.3603245  -0.53493831 -0.04667046 -0.12942829
  0.18530595  0.42120334 -0.32566547  0.22260284 -0.11387826 -0.62381449
  0.10932548  0.13862185 -0.46896265  0.21129781  0.26302572 -0.63583692
 -0.0086612   0.38758051  0.00893165  0.04428023 -0.54358836  0.51850302
  0.56860484  0.55949999  0.63553336  0.23292944 -0.17521176  0.57071138
 -0.16797541  0.42060344 -0.61824497  0.12741583  0.34209601 -0.63891128
  0.0048502  -0.22793048  0.07908004 -0.29491888  0.26866284 -0.50776159
 -0.28939003 -0.82539453 -0.49775066 -0.22840591 -0.1943638 ]
1579,[ 0.1925799   0.1016828  -0.07153621  0.12738533  0.36499389  0.0942955
 -0.05201921  0.65951703  0.36031037 -0.53493236 -0.04666839 -0.12941294
  0.18529838  0.42121776 -0.32566592  0.22261487 -0.11387064 -0.62380992
  0.10931737  0.13863043 -0.4689639   0.21129015  0.26302314 -0.63584898
 -0.0086736   0.38757454  0.00895392  0.04427279 -0.5435982   0.51852322
  0.56858541  0.55950524  0.63554229  0.23292981 -0.17520423  0.5707135
 -0.16798362  0.42059801 -0.61824152  0.127407    0.34209799 -0.63889638
  0.00483303 -0.22793194  0.07906989 -0.29492187  0.2686737  -0.50773737
 -0.28940387 -0.82539285 -0.49775628 -0.22840381 -0.19436776]
1580,[ 0.19259417  0.10168854 -0.07157279  0.12739323  0.36500205  0.09428676
 -0.05200639  0.65950336  0.36029626 -0.53492642 -0.04666632 -0.12939761
  0.18529082  0.42123217 -0.32566636  0.22262688 -0.11386302 -0.62380536
  0.10930927  0.138639   -0.46896515  0.2112825   0.26302056 -0.63586102
 -0.00868599  0.38756858  0.00897616  0.04426535 -0.54360802  0.51854339
  0.568566    0.55951049  0.63555122  0.23293018 -0.1751967   0.57071562
 -0.16799183  0.42059258 -0.61823807  0.12739817  0.34209997 -0.63888149
  0.00481588 -0.2279334   0.07905976 -0.29492486  0.26868454 -0.50771317
 -0.28941771 -0.82539117 -0.4977619  -0.22840171 -0.19437172]
1581,[ 0.19260843  0.10169428 -0.07160932  0.12740112  0.3650102   0.09427802
 -0.05199359  0.65948971  0.36028216 -0.53492048 -0.04666425 -0.12938229
  0.18528326  0.42124655 -0.3256668   0.22263888 -0.11385542 -0.6238008
  0.10930118  0.13864756 -0.4689664   0.21127486  0.26301798 -0.63587305
 -0.00869836  0.38756262  0.00899838  0.04425792 -0.54361784  0.51856354
  0.56854661  0.55951572  0.63556013  0.23293055 -0.17518917  0.57071773
 -0.16800002  0.42058715 -0.61823462  0.12738936  0.34210195 -0.63886661
  0.00479874 -0.22793486  0.07904963 -0.29492785  0.26869537 -0.507689
 -0.28943152 -0.8253895  -0.49776751 -0.22839962 -0.19437567]
1582,[ 0.19262267  0.10170001 -0.07164582  0.12740901  0.36501834  0.0942693
 -0.0519808   0.65947608  0.36026808 -0.53491455 -0.04666219 -0.129367
  0.18527572  0.42126093 -0.32566724  0.22265087 -0.11384782 -0.62379625
  0.1092931   0.1386561  -0.46896765  0.21126723  0.26301541 -0.63588506
 -0.00871072  0.38755668  0.00902058  0.0442505  -0.54362764  0.51858367
  0.56852724  0.55952096  0.63556903  0.23293092 -0.17518166  0.57071984
 -0.1680082   0.42058173 -0.61823118  0.12738056  0.34210392 -0.63885176
  0.00478163 -0.22793632  0.07903952 -0.29493084  0.26870619 -0.50766486
 -0.28944532 -0.82538783 -0.49777312 -0.22839753 -0.19437962]
1583,[ 0.1926369   0.10170573 -0.07168227  0.12741688  0.36502647  0.09426058
 -0.05196802  0.65946245  0.36025401 -0.53490863 -0.04666013 -0.12935172
  0.18526818  0.42127528 -0.32566768  0.22266284 -0.11384024 -0.62379171
  0.10928503  0.13866464 -0.46896889  0.2112596   0.26301284 -0.63589707
 -0.00872307  0.38755073  0.00904275  0.04424309 -0.54363743  0.51860378
  0.5685079   0.55952618  0.63557792  0.23293129 -0.17517416  0.57072195
 -0.16801638  0.42057632 -0.61822774  0.12737177  0.34210589 -0.63883692
  0.00476453 -0.22793778  0.07902942 -0.29493382  0.268717   -0.50764074
 -0.28945911 -0.82538616 -0.49777872 -0.22839544 -0.19438356]
1584,[ 0.19265111  0.10171145 -0.07171868  0.12742474  0.36503459  0.09425188
 -0.05195526  0.65944885  0.36023996 -0.53490271 -0.04665807 -0.12933645
  0.18526066  0.42128962 -0.32566812  0.2226748  -0.11383266 -0.62378717
  0.10927697  0.13867317 -0.46897013  0.21125199  0.26301027 -0.63590906
 -0.0087354   0.3875448   0.0090649   0.04423569 -0.54364721  0.51862386
  0.56848858  0.55953141  0.6355868   0.23293165 -0.17516666  0.57072406
 -0.16802454  0.42057091 -0.6182243   0.12736299  0.34210786 -0.6388221
  0.00474745 -0.22793924  0.07901933 -0.29493679  0.26872779 -0.50761665
 -0.28947288 -0.82538449 -0.49778431 -0.22839336 -0.1943875 ]
1585,[ 0.1926653   0.10171716 -0.07175506  0.1274326   0.3650427   0.09424318
 -0.05194251  0.65943526  0.36022593 -0.5348968  -0.04665601 -0.12932121
  0.18525314  0.42130395 -0.32566856  0.22268675 -0.11382509 -0.62378263
  0.10926892  0.13868169 -0.46897138  0.21124438  0.26300771 -0.63592103
 -0.00874772  0.38753887  0.00908702  0.04422829 -0.54365698  0.51864392
  0.56846928  0.55953662  0.63559568  0.23293202 -0.17515918  0.57072616
 -0.1680327   0.42056551 -0.61822087  0.12735422  0.34210983 -0.63880729
  0.0047304  -0.22794069  0.07900925 -0.29493977  0.26873857 -0.50759259
 -0.28948663 -0.82538282 -0.4977899  -0.22839127 -0.19439144]
1586,[ 0.19267948  0.10172287 -0.07179139  0.12744045  0.3650508   0.09423449
 -0.05192978  0.65942169  0.36021191 -0.53489089 -0.04665395 -0.12930598
  0.18524563  0.42131826 -0.325669    0.22269868 -0.11381753 -0.6237781
  0.10926087  0.1386902  -0.46897262  0.21123678  0.26300514 -0.63593299
 -0.00876002  0.38753295  0.00910911  0.0442209  -0.54366674  0.51866396
  0.56845     0.55954183  0.63560454  0.23293239 -0.1751517   0.57072826
 -0.16804084  0.42056012 -0.61821744  0.12734546  0.34211179 -0.6387925
  0.00471336 -0.22794214  0.07899919 -0.29494274  0.26874934 -0.50756856
 -0.28950037 -0.82538115 -0.49779548 -0.22838919 -0.19439537]
1587,[ 0.19269364  0.10172857 -0.07182768  0.12744828  0.36505889  0.09422582
 -0.05191706  0.65940813  0.36019791 -0.534885   -0.0466519  -0.12929077
  0.18523813  0.42133255 -0.32566944  0.2227106  -0.11380998 -0.62377358
  0.10925284  0.1386987  -0.46897386  0.21122919  0.26300259 -0.63594494
 -0.00877232  0.38752703  0.00913119  0.04421352 -0.54367649  0.51868398
  0.56843074  0.55954703  0.63561339  0.23293276 -0.17514423  0.57073036
 -0.16804898  0.42055473 -0.61821402  0.12733671  0.34211375 -0.63877773
  0.00469634 -0.2279436   0.07898913 -0.29494571  0.2687601  -0.50754455
 -0.28951409 -0.82537949 -0.49780106 -0.22838711 -0.19439929]
1588,[ 0.19270779  0.10173426 -0.07186392  0.12745611  0.36506697  0.09421715
 -0.05190436  0.65939458  0.36018392 -0.53487911 -0.04664985 -0.12927558
  0.18523063  0.42134683 -0.32566988  0.22272251 -0.11380243 -0.62376906
  0.10924481  0.13870719 -0.46897509  0.21122161  0.26300003 -0.63595688
 -0.00878459  0.38752112  0.00915323  0.04420615 -0.54368623  0.51870397
  0.56841151  0.55955223  0.63562223  0.23293313 -0.17513676  0.57073246
 -0.16805711  0.42054935 -0.6182106   0.12732797  0.34211571 -0.63876297
  0.00467934 -0.22794505  0.07897909 -0.29494867  0.26877084 -0.50752057
 -0.2895278  -0.82537783 -0.49780663 -0.22838504 -0.19440321]
1589,[ 0.19272191  0.10173995 -0.07190013  0.12746393  0.36507505  0.09420849
 -0.05189167  0.65938105  0.36016995 -0.53487322 -0.0466478  -0.1292604
  0.18522315  0.42136109 -0.32567032  0.2227344  -0.1137949  -0.62376454
  0.1092368   0.13871567 -0.46897633  0.21121403  0.26299748 -0.6359688
 -0.00879685  0.38751522  0.00917525  0.04419879 -0.54369595  0.51872394
  0.56839229  0.55955742  0.63563107  0.23293349 -0.17512931  0.57073455
 -0.16806523  0.42054397 -0.61820719  0.12731924  0.34211767 -0.63874823
  0.00466236 -0.22794649  0.07896906 -0.29495163  0.26878158 -0.50749662
 -0.28954149 -0.82537617 -0.49781219 -0.22838296 -0.19440713]
1590,[ 0.19273603  0.10174562 -0.0719363   0.12747174  0.36508311  0.09419984
 -0.05187899  0.65936754  0.360156   -0.53486735 -0.04664575 -0.12924524
  0.18521567  0.42137533 -0.32567075  0.22274628 -0.11378737 -0.62376003
  0.10922879  0.13872414 -0.46897757  0.21120647  0.26299493 -0.63598071
 -0.0088091   0.38750933  0.00919725  0.04419144 -0.54370567  0.51874389
  0.5683731   0.55956261  0.63563989  0.23293386 -0.17512187  0.57073664
 -0.16807334  0.4205386  -0.61820377  0.12731052  0.34211963 -0.63873351
  0.0046454  -0.22794794  0.07895903 -0.29495459  0.2687923  -0.50747269
 -0.28955517 -0.82537451 -0.49781774 -0.22838089 -0.19441104]
1591,[ 0.19275013  0.1017513  -0.07197243  0.12747955  0.36509117  0.09419121
 -0.05186633  0.65935404  0.36014206 -0.53486147 -0.04664371 -0.1292301
  0.1852082   0.42138956 -0.32567119  0.22275814 -0.11377985 -0.62375553
  0.10922079  0.13873261 -0.4689788   0.21119891  0.26299238 -0.6359926
 -0.00882134  0.38750344  0.00921922  0.04418409 -0.54371537  0.51876381
  0.56835393  0.55956779  0.6356487   0.23293423 -0.17511443  0.57073873
 -0.16808144  0.42053324 -0.61820037  0.1273018   0.34212158 -0.63871881
  0.00462845 -0.22794938  0.07894902 -0.29495754  0.26880301 -0.50744879
 -0.28956883 -0.82537285 -0.49782329 -0.22837882 -0.19441495]
1592,[ 0.19276421  0.10175696 -0.07200851  0.12748734  0.36509922  0.09418258
 -0.05185369  0.65934056  0.36012813 -0.53485561 -0.04664167 -0.12921497
  0.18520074  0.42140377 -0.32567163  0.22277    -0.11377234 -0.62375103
  0.1092128   0.13874106 -0.46898003  0.21119137  0.26298983 -0.63600448
 -0.00883356  0.38749755  0.00924117  0.04417675 -0.54372507  0.51878372
  0.56833478  0.55957297  0.6356575   0.23293459 -0.175107    0.57074082
 -0.16808953  0.42052788 -0.61819696  0.1272931   0.34212353 -0.63870412
  0.00461153 -0.22795083  0.07893903 -0.29496049  0.2688137  -0.50742492
 -0.28958247 -0.8253712  -0.49782884 -0.22837675 -0.19441886]
1593,[ 0.19277827  0.10176263 -0.07204456  0.12749513  0.36510726  0.09417396
 -0.05184105  0.65932709  0.36011423 -0.53484975 -0.04663963 -0.12919986
  0.18519329  0.42141796 -0.32567206  0.22278183 -0.11376484 -0.62374653
  0.10920482  0.1387495  -0.46898126  0.21118383  0.26298729 -0.63601635
 -0.00884577  0.38749168  0.00926309  0.04416943 -0.54373475  0.5188036
  0.56831565  0.55957813  0.6356663   0.23293496 -0.17509958  0.57074291
 -0.16809761  0.42052253 -0.61819356  0.12728441  0.34212548 -0.63868944
  0.00459463 -0.22795227  0.07892904 -0.29496344  0.26882439 -0.50740107
 -0.2895961  -0.82536955 -0.49783437 -0.22837469 -0.19442276]
1594,[ 0.19279232  0.10176828 -0.07208056  0.1275029   0.36511529  0.09416535
 -0.05182843  0.65931364  0.36010033 -0.5348439  -0.04663759 -0.12918477
  0.18518585  0.42143214 -0.3256725   0.22279366 -0.11375735 -0.62374204
  0.10919685  0.13875793 -0.46898249  0.21117629  0.26298475 -0.6360282
 -0.00885796  0.38748581  0.00928499  0.0441621  -0.54374442  0.51882346
  0.56829655  0.5595833   0.63567508  0.23293532 -0.17509217  0.57074499
 -0.16810569  0.42051719 -0.61819016  0.12727573  0.34212743 -0.63867479
  0.00457774 -0.22795371  0.07891906 -0.29496639  0.26883506 -0.50737726
 -0.28960972 -0.8253679  -0.4978399  -0.22837263 -0.19442665]
1595,[ 0.19280636  0.10177393 -0.07211653  0.12751067  0.36512331  0.09415675
 -0.05181583  0.6593002   0.36008646 -0.53483806 -0.04663556 -0.1291697
  0.18517841  0.42144631 -0.32567293  0.22280547 -0.11374986 -0.62373756
  0.10918889  0.13876636 -0.46898372  0.21116877  0.26298222 -0.63604005
 -0.00887014  0.38747995  0.00930687  0.04415479 -0.54375408  0.51884329
  0.56827746  0.55958845  0.63568385  0.23293569 -0.17508477  0.57074707
 -0.16811375  0.42051185 -0.61818677  0.12726705  0.34212937 -0.63866015
  0.00456087 -0.22795515  0.0789091  -0.29496933  0.26884572 -0.50735346
 -0.28962332 -0.82536625 -0.49784543 -0.22837057 -0.19443054]
1596,[ 0.19282038  0.10177957 -0.07215245  0.12751843  0.36513132  0.09414816
 -0.05180324  0.65928678  0.3600726  -0.53483222 -0.04663353 -0.12915464
  0.18517099  0.42146046 -0.32567337  0.22281727 -0.11374239 -0.62373308
  0.10918093  0.13877477 -0.46898495  0.21116126  0.26297968 -0.63605187
 -0.00888231  0.38747409  0.00932871  0.04414749 -0.54376373  0.5188631
  0.5682584   0.55959361  0.63569262  0.23293605 -0.17507737  0.57074915
 -0.16812181  0.42050651 -0.61818338  0.12725839  0.34213131 -0.63864552
  0.00454403 -0.22795658  0.07889914 -0.29497226  0.26885637 -0.5073297
 -0.2896369  -0.8253646  -0.49785095 -0.22836851 -0.19443443]
1597,[ 0.19283438  0.1017852  -0.07218833  0.12752618  0.36513932  0.09413958
 -0.05179066  0.65927337  0.36005875 -0.53482639 -0.04663149 -0.1291396
  0.18516357  0.42147459 -0.3256738   0.22282906 -0.11373492 -0.6237286
  0.10917299  0.13878318 -0.46898617  0.21115375  0.26297715 -0.63606369
 -0.00889446  0.38746824  0.00935054  0.04414019 -0.54377337  0.5188829
  0.56823936  0.55959875  0.63570137  0.23293641 -0.17506998  0.57075122
 -0.16812985  0.42050118 -0.61818     0.12724974  0.34213326 -0.63863092
  0.0045272  -0.22795802  0.0788892  -0.2949752   0.26886701 -0.50730596
 -0.28965047 -0.82536295 -0.49785646 -0.22836645 -0.19443831]
1598,[ 0.19284837  0.10179083 -0.07222417  0.12753392  0.36514731  0.09413101
 -0.0517781   0.65925998  0.36004492 -0.53482056 -0.04662947 -0.12912458
  0.18515616  0.4214887  -0.32567423  0.22284083 -0.11372746 -0.62372414
  0.10916505  0.13879157 -0.4689874   0.21114626  0.26297463 -0.63607549
 -0.0089066   0.3874624   0.00937234  0.0441329  -0.543783    0.51890267
  0.56822034  0.55960389  0.63571011  0.23293678 -0.17506261  0.5707533
 -0.16813789  0.42049586 -0.61817662  0.1272411   0.34213519 -0.63861633
  0.00451039 -0.22795945  0.07887927 -0.29497813  0.26887763 -0.50728225
 -0.28966403 -0.82536131 -0.49786197 -0.2283644  -0.19444219]
1599,[ 0.19286234  0.10179645 -0.07225998  0.12754165  0.3651553   0.09412245
 -0.05176556  0.6592466   0.3600311  -0.53481475 -0.04662744 -0.12910957
  0.18514876  0.4215028  -0.32567467  0.22285259 -0.11372001 -0.62371967
  0.10915713  0.13879996 -0.46898862  0.21113877  0.2629721  -0.63608728
 -0.00891873  0.38745656  0.00939411  0.04412562 -0.54379261  0.51892241
  0.56820134  0.55960902  0.63571885  0.23293714 -0.17505524  0.57075537
 -0.16814592  0.42049055 -0.61817324  0.12723246  0.34213713 -0.63860175
  0.0044936  -0.22796088  0.07886935 -0.29498106  0.26888824 -0.50725856
 -0.28967757 -0.82535967 -0.49786747 -0.22836235 -0.19444606]
1600,[ 0.19287629  0.10180207 -0.07229574  0.12754938  0.36516327  0.0941139
 -0.05175302  0.65923324  0.36001731 -0.53480893 -0.04662542 -0.12909458
  0.18514137  0.42151689 -0.3256751   0.22286434 -0.11371257 -0.62371521
  0.10914921  0.13880833 -0.46898984  0.21113129  0.26296958 -0.63609905
 -0.00893084  0.38745074  0.00941586  0.04411835 -0.54380222  0.51894214
  0.56818236  0.55961415  0.63572757  0.2329375  -0.17504787  0.57075744
 -0.16815394  0.42048524 -0.61816986  0.12722384  0.34213906 -0.63858719
  0.00447683 -0.22796231  0.07885944 -0.29498398  0.26889885 -0.50723491
 -0.28969109 -0.82535803 -0.49787296 -0.2283603  -0.19444993]
1601,[ 0.19289023  0.10180768 -0.07233146  0.12755709  0.36517124  0.09410536
 -0.0517405   0.65921989  0.36000352 -0.53480313 -0.0466234  -0.12907961
  0.18513398  0.42153096 -0.32567553  0.22287607 -0.11370513 -0.62371076
  0.1091413   0.1388167  -0.46899106  0.21112382  0.26296706 -0.63611081
 -0.00894294  0.38744491  0.00943759  0.04411109 -0.54381181  0.51896184
  0.56816341  0.55961927  0.63573628  0.23293786 -0.17504052  0.5707595
 -0.16816195  0.42047993 -0.61816649  0.12721522  0.34214099 -0.63857265
  0.00446008 -0.22796374  0.07884954 -0.2949869   0.26890943 -0.50721128
 -0.2897046  -0.82535639 -0.49787845 -0.22835825 -0.1944538 ]
1602,[ 0.19290416  0.10181328 -0.07236714  0.1275648   0.36517919  0.09409683
 -0.051728    0.65920656  0.35998975 -0.53479733 -0.04662138 -0.12906465
  0.18512661  0.42154501 -0.32567596  0.22288779 -0.11369771 -0.62370631
  0.1091334   0.13882506 -0.46899228  0.21111635  0.26296454 -0.63612256
 -0.00895502  0.3874391   0.00945929  0.04410383 -0.5438214   0.51898152
  0.56814447  0.55962439  0.63574499  0.23293822 -0.17503318  0.57076157
 -0.16816995  0.42047463 -0.61816313  0.12720662  0.34214292 -0.63855813
  0.00444334 -0.22796517  0.07883965 -0.29498982  0.26892001 -0.50718767
 -0.28971809 -0.82535476 -0.49788393 -0.22835621 -0.19445766]
1603,[ 0.19291806  0.10181888 -0.07240278  0.1275725   0.36518714  0.09408831
 -0.05171551  0.65919324  0.359976   -0.53479154 -0.04661936 -0.12904971
  0.18511924  0.42155905 -0.32567639  0.22289949 -0.11369029 -0.62370186
  0.10912551  0.13883341 -0.46899349  0.2111089   0.26296203 -0.6361343
 -0.00896709  0.38743329  0.00948097  0.04409659 -0.54383097  0.51900118
  0.56812556  0.5596295   0.63575368  0.23293859 -0.17502584  0.57076363
 -0.16817794  0.42046934 -0.61815976  0.12719802  0.34214485 -0.63854362
  0.00442663 -0.22796659  0.07882978 -0.29499274  0.26893058 -0.50716409
 -0.28973157 -0.82535312 -0.4978894  -0.22835417 -0.19446151]
1604,[ 0.19293196  0.10182447 -0.07243838  0.12758019  0.36519508  0.09407979
 -0.05170303  0.65917994  0.35996227 -0.53478575 -0.04661735 -0.12903479
  0.18511188  0.42157307 -0.32567682  0.22291119 -0.11368288 -0.62369742
  0.10911763  0.13884175 -0.46899471  0.21110145  0.26295952 -0.63614602
 -0.00897915  0.38742748  0.00950262  0.04408935 -0.54384054  0.51902081
  0.56810667  0.55963461  0.63576237  0.23293895 -0.17501851  0.57076569
 -0.16818592  0.42046406 -0.61815641  0.12718944  0.34214678 -0.63852913
  0.00440993 -0.22796802  0.07881991 -0.29499565  0.26894113 -0.50714054
 -0.28974503 -0.82535149 -0.49789487 -0.22835213 -0.19446536]
1605,[ 0.19294583  0.10183005 -0.07247395  0.12758787  0.36520301  0.09407129
 -0.05169057  0.65916665  0.35994854 -0.53477997 -0.04661534 -0.12901988
  0.18510453  0.42158707 -0.32567725  0.22292287 -0.11367548 -0.62369299
  0.10910975  0.13885008 -0.46899592  0.21109401  0.26295701 -0.63615773
 -0.00899119  0.38742169  0.00952425  0.04408212 -0.54385009  0.51904043
  0.5680878   0.55963971  0.63577104  0.23293931 -0.17501119  0.57076774
 -0.1681939   0.42045878 -0.61815305  0.12718086  0.3421487  -0.63851465
  0.00439325 -0.22796944  0.07881006 -0.29499855  0.26895167 -0.50711702
 -0.28975848 -0.82534986 -0.49790033 -0.22835009 -0.19446921]
1606,[ 0.1929597   0.10183563 -0.07250947  0.12759554  0.36521093  0.0940628
 -0.05167812  0.65915338  0.35993484 -0.5347742  -0.04661333 -0.12900499
  0.18509718  0.42160106 -0.32567768  0.22293453 -0.11366809 -0.62368856
  0.10910189  0.1388584  -0.46899714  0.21108658  0.26295451 -0.63616942
 -0.00900322  0.3874159   0.00954585  0.04407489 -0.54385963  0.51906002
  0.56806895  0.5596448   0.63577971  0.23293967 -0.17500388  0.5707698
 -0.16820186  0.4204535  -0.6181497   0.1271723   0.34215062 -0.63850019
  0.00437659 -0.22797086  0.07880022 -0.29500146  0.2689622  -0.50709352
 -0.28977191 -0.82534823 -0.49790579 -0.22834805 -0.19447306]
1607,[ 0.19297354  0.1018412  -0.07254495  0.1276032   0.36521885  0.09405432
 -0.05166568  0.65914012  0.35992115 -0.53476844 -0.04661132 -0.12899012
  0.18508985  0.42161504 -0.32567811  0.22294619 -0.11366071 -0.62368414
  0.10909403  0.13886671 -0.46899835  0.21107916  0.26295201 -0.6361811
 -0.00901524  0.38741011  0.00956743  0.04406768 -0.54386916  0.51907959
  0.56805012  0.55964989  0.63578836  0.23294003 -0.17499657  0.57077185
 -0.16820982  0.42044824 -0.61814635  0.12716374  0.34215254 -0.63848575
  0.00435995 -0.22797228  0.07879039 -0.29500436  0.26897272 -0.50707004
 -0.28978533 -0.82534661 -0.49791124 -0.22834602 -0.19447689]
1608,[ 0.19298737  0.10184677 -0.07258039  0.12761086  0.36522675  0.09404584
 -0.05165326  0.65912688  0.35990747 -0.53476268 -0.04660931 -0.12897527
  0.18508252  0.42162899 -0.32567854  0.22295783 -0.11365333 -0.62367972
  0.10908619  0.13887501 -0.46899956  0.21107175  0.26294951 -0.63619277
 -0.00902724  0.38740434  0.00958899  0.04406047 -0.54387868  0.51909914
  0.56803132  0.55965497  0.63579701  0.23294039 -0.17498928  0.5707739
 -0.16821777  0.42044297 -0.61814301  0.1271552   0.34215445 -0.63847132
  0.00434333 -0.22797369  0.07878057 -0.29500726  0.26898322 -0.5070466
 -0.28979873 -0.82534498 -0.49791669 -0.22834399 -0.19448073]
1609,[ 0.19300119  0.10185233 -0.07261579  0.1276185   0.36523464  0.09403738
 -0.05164086  0.65911365  0.35989381 -0.53475692 -0.04660731 -0.12896043
  0.1850752   0.42164294 -0.32567897  0.22296946 -0.11364596 -0.6236753
  0.10907835  0.1388833  -0.46900077  0.21106434  0.26294701 -0.63620443
 -0.00903923  0.38739857  0.00961052  0.04405328 -0.54388819  0.51911866
  0.56801253  0.55966005  0.63580564  0.23294074 -0.17498199  0.57077595
 -0.1682257   0.42043772 -0.61813967  0.12714666  0.34215637 -0.63845691
  0.00432673 -0.22797511  0.07877076 -0.29501015  0.26899372 -0.50702318
 -0.28981212 -0.82534336 -0.49792212 -0.22834196 -0.19448456]
1610,[ 0.19301498  0.10185788 -0.07265115  0.12762614  0.36524253  0.09402892
 -0.05162846  0.65910044  0.35988017 -0.53475118 -0.04660531 -0.12894561
  0.18506789  0.42165686 -0.3256794   0.22298107 -0.1136386  -0.62367089
  0.10907052  0.13889158 -0.46900198  0.21105695  0.26294452 -0.63621607
 -0.00905121  0.3873928   0.00963203  0.04404609 -0.54389769  0.51913817
  0.56799377  0.55966512  0.63581427  0.2329411  -0.17497471  0.57077799
 -0.16823363  0.42043247 -0.61813633  0.12713813  0.34215828 -0.63844252
  0.00431015 -0.22797652  0.07876096 -0.29501305  0.2690042  -0.50699979
 -0.28982549 -0.82534174 -0.49792756 -0.22833994 -0.19448838]
1611,[ 0.19302877  0.10186343 -0.07268647  0.12763377  0.36525041  0.09402048
 -0.05161608  0.65908724  0.35986654 -0.53474544 -0.04660331 -0.1289308
  0.18506059  0.42167077 -0.32567982  0.22299267 -0.11363125 -0.62366649
  0.1090627   0.13889986 -0.46900318  0.21104956  0.26294203 -0.6362277
 -0.00906317  0.38738704  0.00965351  0.0440389  -0.54390717  0.51915765
  0.56797502  0.55967018  0.63582288  0.23294146 -0.17496744  0.57078004
 -0.16824155  0.42042722 -0.618133    0.12712961  0.34216019 -0.63842814
  0.00429358 -0.22797794  0.07875117 -0.29501593  0.26901467 -0.50697642
 -0.28983884 -0.82534012 -0.49793298 -0.22833791 -0.19449221]
1612,[ 0.19304254  0.10186897 -0.07272175  0.12764139  0.36525827  0.09401204
 -0.05160372  0.65907406  0.35985293 -0.5347397  -0.04660132 -0.12891601
  0.1850533   0.42168467 -0.32568025  0.22300426 -0.11362391 -0.62366209
  0.10905489  0.13890812 -0.46900439  0.21104218  0.26293954 -0.63623932
 -0.00907512  0.38738129  0.00967497  0.04403173 -0.54391665  0.51917711
  0.5679563   0.55967524  0.63583149  0.23294182 -0.17496018  0.57078208
 -0.16824946  0.42042198 -0.61812967  0.12712111  0.3421621  -0.63841378
  0.00427704 -0.22797935  0.0787414  -0.29501882  0.26902513 -0.50695308
 -0.28985219 -0.8253385  -0.4979384  -0.22833589 -0.19449602]
1613,[ 0.19305629  0.1018745  -0.072757    0.127649    0.36526613  0.09400362
 -0.05159137  0.65906089  0.35983933 -0.53473398 -0.04659932 -0.12890124
  0.18504601  0.42169855 -0.32568068  0.22301584 -0.11361658 -0.62365769
  0.10904709  0.13891637 -0.46900559  0.21103481  0.26293705 -0.63625092
 -0.00908706  0.38737555  0.0096964   0.04402456 -0.54392612  0.51919654
  0.5679376   0.55968029  0.63584009  0.23294217 -0.17495292  0.57078412
 -0.16825737  0.42041675 -0.61812635  0.12711261  0.342164   -0.63839943
  0.00426051 -0.22798076  0.07873163 -0.2950217   0.26903558 -0.50692976
 -0.28986551 -0.82533688 -0.49794381 -0.22833387 -0.19449983]
1614,[ 0.19307003  0.10188003 -0.0727922   0.12765661  0.36527398  0.0939952
 -0.05157903  0.65904774  0.35982575 -0.53472826 -0.04659733 -0.12888649
  0.18503874  0.42171241 -0.3256811   0.2230274  -0.11360925 -0.62365331
  0.10903929  0.13892462 -0.46900679  0.21102744  0.26293457 -0.63626251
 -0.00909898  0.38736981  0.00971781  0.04401741 -0.54393557  0.51921596
  0.56791892  0.55968534  0.63584868  0.23294253 -0.17494568  0.57078615
 -0.16826526  0.42041152 -0.61812303  0.12710412  0.34216591 -0.6383851
  0.004244   -0.22798216  0.07872188 -0.29502458  0.26904601 -0.50690648
 -0.28987882 -0.82533527 -0.49794922 -0.22833186 -0.19450364]
1615,[ 0.19308375  0.10188555 -0.07282736  0.1276642   0.36528183  0.09398679
 -0.05156671  0.6590346   0.35981218 -0.53472254 -0.04659534 -0.12887175
  0.18503147  0.42172626 -0.32568153  0.22303895 -0.11360193 -0.62364892
  0.10903151  0.13893286 -0.46900799  0.21102009  0.26293209 -0.63627409
 -0.00911089  0.38736408  0.0097392   0.04401026 -0.54394502  0.51923535
  0.56790026  0.55969038  0.63585725  0.23294289 -0.17493844  0.57078819
 -0.16827315  0.4204063  -0.61811971  0.12709564  0.34216781 -0.63837079
  0.00422751 -0.22798357  0.07871213 -0.29502745  0.26905643 -0.50688321
 -0.28989212 -0.82533366 -0.49795462 -0.22832984 -0.19450745]
1616,[ 0.19309745  0.10189107 -0.07286248  0.12767179  0.36528966  0.09397839
 -0.0515544   0.65902148  0.35979863 -0.53471683 -0.04659335 -0.12885702
  0.18502421  0.42174009 -0.32568195  0.22305048 -0.11359462 -0.62364454
  0.10902373  0.13894108 -0.46900919  0.21101274  0.26292961 -0.63628565
 -0.00912279  0.38735835  0.00976056  0.04400311 -0.54395445  0.51925473
  0.56788162  0.55969542  0.63586582  0.23294324 -0.17493121  0.57079022
 -0.16828102  0.42040109 -0.6181164   0.12708717  0.34216971 -0.63835649
  0.00421104 -0.22798497  0.0787024  -0.29503033  0.26906685 -0.50685998
 -0.2899054  -0.82533205 -0.49796002 -0.22832783 -0.19451125]
1617,[ 0.19311114  0.10189658 -0.07289757  0.12767936  0.36529748  0.09397
 -0.0515421   0.65900837  0.35978509 -0.53471113 -0.04659137 -0.12884232
  0.18501695  0.42175391 -0.32568237  0.22306201 -0.11358732 -0.62364017
  0.10901596  0.1389493  -0.46901039  0.21100541  0.26292714 -0.6362972
 -0.00913467  0.38735263  0.0097819   0.04399598 -0.54396388  0.51927408
  0.567863    0.55970045  0.63587438  0.2329436  -0.17492399  0.57079225
 -0.16828889  0.42039588 -0.61811309  0.12707871  0.3421716  -0.63834221
  0.00419458 -0.22798638  0.07869268 -0.2950332   0.26907725 -0.50683677
 -0.28991867 -0.82533044 -0.49796541 -0.22832582 -0.19451504]
1618,[ 0.19312482  0.10190208 -0.07293261  0.12768693  0.3653053   0.09396163
 -0.05152982  0.65899528  0.35977157 -0.53470544 -0.04658939 -0.12882763
  0.18500971  0.42176771 -0.3256828   0.22307352 -0.11358003 -0.6236358
  0.1090082   0.13895751 -0.46901159  0.21099808  0.26292467 -0.63630874
 -0.00914654  0.38734692  0.00980321  0.04398886 -0.54397329  0.51929341
  0.56784441  0.55970548  0.63588293  0.23294395 -0.17491677  0.57079427
 -0.16829675  0.42039068 -0.61810978  0.12707026  0.3421735  -0.63832794
  0.00417815 -0.22798778  0.07868297 -0.29503606  0.26908763 -0.50681359
 -0.28993192 -0.82532883 -0.49797079 -0.22832381 -0.19451883]
1619,[ 0.19313848  0.10190758 -0.07296762  0.12769449  0.3653131   0.09395326
 -0.05151755  0.6589822   0.35975806 -0.53469975 -0.04658741 -0.12881296
  0.18500247  0.4217815  -0.32568322  0.22308501 -0.11357274 -0.62363143
  0.10900045  0.13896571 -0.46901278  0.21099075  0.2629222  -0.63632027
 -0.00915839  0.38734122  0.0098245   0.04398174 -0.54398269  0.51931271
  0.56782583  0.5597105   0.63589147  0.23294431 -0.17490957  0.5707963
 -0.1683046   0.42038548 -0.61810648  0.12706182  0.34217539 -0.63831369
  0.00416173 -0.22798918  0.07867327 -0.29503892  0.26909801 -0.50679043
 -0.28994516 -0.82532723 -0.49797617 -0.22832181 -0.19452262]
1620,[ 0.19315212  0.10191307 -0.07300258  0.12770205  0.3653209   0.0939449
 -0.0515053   0.65896913  0.35974457 -0.53469407 -0.04658543 -0.1287983
  0.18499524  0.42179527 -0.32568364  0.2230965  -0.11356547 -0.62362707
  0.10899271  0.1389739  -0.46901398  0.21098344  0.26291974 -0.63633178
 -0.00917023  0.38733552  0.00984577  0.04397463 -0.54399209  0.519332
  0.56780728  0.55971551  0.6359      0.23294466 -0.17490237  0.57079832
 -0.16831244  0.42038029 -0.61810318  0.12705339  0.34217728 -0.63829946
  0.00414533 -0.22799058  0.07866358 -0.29504178  0.26910837 -0.5067673
 -0.28995838 -0.82532563 -0.49798154 -0.22831981 -0.1945264 ]
1621,[ 0.19316575  0.10191855 -0.07303751  0.12770959  0.36532869  0.09393655
 -0.05149306  0.65895608  0.35973109 -0.53468839 -0.04658345 -0.12878366
  0.18498802  0.42180902 -0.32568407  0.22310797 -0.1135582  -0.62362272
  0.10898498  0.13898208 -0.46901517  0.21097613  0.26291727 -0.63634328
 -0.00918206  0.38732982  0.00986701  0.04396753 -0.54400147  0.51935126
  0.56778875  0.55972052  0.63590852  0.23294502 -0.17489518  0.57080034
 -0.16832027  0.4203751  -0.61809988  0.12704496  0.34217917 -0.63828524
  0.00412896 -0.22799197  0.07865391 -0.29504464  0.26911873 -0.50674419
 -0.28997159 -0.82532402 -0.49798691 -0.22831781 -0.19453018]
1622,[ 0.19317937  0.10192403 -0.07307239  0.12771712  0.36533647  0.0939282
 -0.05148083  0.65894305  0.35971763 -0.53468272 -0.04658148 -0.12876904
  0.18498081  0.42182276 -0.32568449  0.22311943 -0.11355094 -0.62361837
  0.10897726  0.13899025 -0.46901636  0.21096884  0.26291481 -0.63635477
 -0.00919388  0.38732414  0.00988823  0.04396043 -0.54401084  0.5193705
  0.56777023  0.55972552  0.63591703  0.23294537 -0.174888    0.57080236
 -0.16832809  0.42036992 -0.61809659  0.12703655  0.34218106 -0.63827104
  0.00411259 -0.22799337  0.07864424 -0.29504749  0.26912907 -0.50672112
 -0.28998478 -0.82532242 -0.49799226 -0.22831581 -0.19453396]
1623,[ 0.19319296  0.10192951 -0.07310724  0.12772465  0.36534424  0.09391987
 -0.05146862  0.65893003  0.35970419 -0.53467706 -0.04657951 -0.12875443
  0.18497361  0.42183649 -0.32568491  0.22313087 -0.11354369 -0.62361402
  0.10896954  0.13899841 -0.46901755  0.21096155  0.26291235 -0.63636624
 -0.00920568  0.38731846  0.00990942  0.04395335 -0.5440202   0.51938972
  0.56775174  0.55973052  0.63592553  0.23294572 -0.17488082  0.57080437
 -0.1683359   0.42036475 -0.61809331  0.12702815  0.34218294 -0.63825686
  0.00409625 -0.22799476  0.07863458 -0.29505034  0.2691394  -0.50669806
 -0.28999796 -0.82532083 -0.49799762 -0.22831381 -0.19453773]
1624,[ 0.19320655  0.10193497 -0.07314205  0.12773217  0.365352    0.09391155
 -0.05145642  0.65891702  0.35969075 -0.5346714  -0.04657754 -0.12873984
  0.18496641  0.42185019 -0.32568533  0.22314231 -0.11353644 -0.62360968
  0.10896183  0.13900657 -0.46901874  0.21095427  0.2629099  -0.6363777
 -0.00921747  0.38731278  0.00993059  0.04394627 -0.54402955  0.51940892
  0.56773327  0.55973551  0.63593402  0.23294608 -0.17487366  0.57080639
 -0.16834371  0.42035958 -0.61809002  0.12701975  0.34218482 -0.63824269
  0.00407993 -0.22799615  0.07862494 -0.29505319  0.26914972 -0.50667504
 -0.29001112 -0.82531923 -0.49800296 -0.22831182 -0.19454149]
1625,[ 0.19322012  0.10194043 -0.07317682  0.12773968  0.36535976  0.09390324
 -0.05144423  0.65890403  0.35967734 -0.53466575 -0.04657557 -0.12872527
  0.18495923  0.42186389 -0.32568575  0.22315373 -0.11352921 -0.62360534
  0.10895414  0.13901471 -0.46901993  0.210947    0.26290745 -0.63638915
 -0.00922924  0.38730712  0.00995174  0.0439392  -0.54403889  0.5194281
  0.56771482  0.55974049  0.6359425   0.23294643 -0.1748665   0.5708084
 -0.16835151  0.42035442 -0.61808674  0.12701137  0.3421867  -0.63822853
  0.00406362 -0.22799754  0.07861531 -0.29505603  0.26916002 -0.50665203
 -0.29002427 -0.82531764 -0.49800831 -0.22830982 -0.19454525]
1626,[ 0.19323367  0.10194588 -0.07321155  0.12774718  0.3653675   0.09389493
 -0.05143206  0.65889105  0.35966394 -0.53466011 -0.0465736  -0.12871071
  0.18495205  0.42187756 -0.32568617  0.22316513 -0.11352198 -0.62360101
  0.10894645  0.13902284 -0.46902111  0.21093973  0.262905   -0.63640058
 -0.00924101  0.38730145  0.00997286  0.04393214 -0.54404822  0.51944725
  0.56769639  0.55974547  0.63595097  0.23294678 -0.17485935  0.57081041
 -0.16835929  0.42034926 -0.61808347  0.12700299  0.34218858 -0.6382144
  0.00404733 -0.22799893  0.07860568 -0.29505887  0.26917032 -0.50662906
 -0.2900374  -0.82531605 -0.49801364 -0.22830783 -0.19454901]
1627,[ 0.1932472   0.10195133 -0.07324624  0.12775467  0.36537524  0.09388664
 -0.05141991  0.65887809  0.35965055 -0.53465447 -0.04657164 -0.12869617
  0.18494488  0.42189123 -0.32568659  0.22317653 -0.11351476 -0.62359669
  0.10893877  0.13903097 -0.4690223   0.21093248  0.26290255 -0.636412
 -0.00925275  0.3872958   0.00999396  0.04392509 -0.54405754  0.51946639
  0.56767798  0.55975045  0.63595943  0.23294713 -0.17485221  0.57081241
 -0.16836707  0.42034411 -0.61808019  0.12699463  0.34219046 -0.63820028
  0.00403107 -0.22800032  0.07859607 -0.29506171  0.2691806  -0.50660611
 -0.29005052 -0.82531445 -0.49801897 -0.22830585 -0.19455277]
1628,[ 0.19326073  0.10195677 -0.07328089  0.12776216  0.36538296  0.09387835
 -0.05140776  0.65886515  0.35963718 -0.53464884 -0.04656968 -0.12868165
  0.18493771  0.42190487 -0.32568701  0.22318791 -0.11350755 -0.62359237
  0.1089311   0.13903909 -0.46902348  0.21092523  0.26290011 -0.63642341
 -0.00926449  0.38729015  0.01001503  0.04391804 -0.54406684  0.5194855
  0.5676596   0.55975542  0.63596788  0.23294748 -0.17484508  0.57081442
 -0.16837484  0.42033897 -0.61807692  0.12698627  0.34219233 -0.63818617
  0.00401481 -0.2280017   0.07858647 -0.29506454  0.26919087 -0.50658319
 -0.29006362 -0.82531287 -0.49802429 -0.22830386 -0.19455651]
1629,[ 0.19327423  0.10196221 -0.0733155   0.12776963  0.36539068  0.09387008
 -0.05139563  0.65885221  0.35962383 -0.53464322 -0.04656772 -0.12866714
  0.18493056  0.42191851 -0.32568743  0.22319928 -0.11350034 -0.62358805
  0.10892343  0.13904719 -0.46902466  0.21091799  0.26289767 -0.63643481
 -0.00927621  0.38728451  0.01003608  0.043911   -0.54407614  0.51950459
  0.56764123  0.55976038  0.63597633  0.23294783 -0.17483795  0.57081642
 -0.1683826   0.42033383 -0.61807366  0.12697793  0.3421942  -0.63817208
  0.00399858 -0.22800309  0.07857688 -0.29506737  0.26920113 -0.50656029
 -0.29007671 -0.82531128 -0.49802961 -0.22830188 -0.19456026]
1630,[ 0.19328773  0.10196764 -0.07335007  0.1277771   0.36539839  0.09386181
 -0.05138351  0.6588393   0.35961049 -0.5346376  -0.04656577 -0.12865265
  0.18492341  0.42193212 -0.32568785  0.22321063 -0.11349315 -0.62358374
  0.10891578  0.13905529 -0.46902584  0.21091076  0.26289523 -0.63644619
 -0.00928792  0.38727887  0.01005711  0.04390397 -0.54408543  0.51952366
  0.56762288  0.55976534  0.63598476  0.23294818 -0.17483084  0.57081842
 -0.16839036  0.42032869 -0.6180704   0.12696959  0.34219607 -0.63815801
  0.00398237 -0.22800447  0.0785673  -0.2950702   0.26921138 -0.50653742
 -0.29008978 -0.82530969 -0.49803492 -0.2282999  -0.194564  ]
1631,[ 0.1933012   0.10197306 -0.07338461  0.12778456  0.36540609  0.09385355
 -0.05137141  0.65882639  0.35959716 -0.53463199 -0.04656381 -0.12863817
  0.18491627  0.42194572 -0.32568826  0.22322197 -0.11348596 -0.62357943
  0.10890813  0.13906338 -0.46902702  0.21090353  0.2628928  -0.63645756
 -0.00929962  0.38727324  0.01007812  0.04389695 -0.5440947   0.51954271
  0.56760456  0.55977029  0.63599319  0.23294853 -0.17482373  0.57082042
 -0.1683981   0.42032357 -0.61806714  0.12696126  0.34219794 -0.63814395
  0.00396617 -0.22800585  0.07855773 -0.29507302  0.26922162 -0.50651457
 -0.29010284 -0.82530811 -0.49804023 -0.22829792 -0.19456774]
1632,[ 0.19331466  0.10197848 -0.0734191   0.12779201  0.36541379  0.09384531
 -0.05135932  0.6588135   0.35958385 -0.53462638 -0.04656186 -0.12862371
  0.18490914  0.42195931 -0.32568868  0.2232333  -0.11347878 -0.62357513
  0.10890049  0.13907146 -0.4690282   0.21089632  0.26289036 -0.63646892
 -0.0093113   0.38726762  0.0100991   0.04388994 -0.54410397  0.51956173
  0.56758625  0.55977524  0.6360016   0.23294888 -0.17481663  0.57082241
 -0.16840584  0.42031844 -0.61806388  0.12695294  0.3421998  -0.63812991
  0.00394999 -0.22800723  0.07854817 -0.29507584  0.26923184 -0.50649175
 -0.29011589 -0.82530653 -0.49804552 -0.22829594 -0.19457147]
1633,[ 0.19332811  0.10198389 -0.07345356  0.12779945  0.36542147  0.09383707
 -0.05134725  0.65880063  0.35957056 -0.53462078 -0.04655991 -0.12860927
  0.18490202  0.42197288 -0.3256891   0.22324462 -0.11347161 -0.62357084
  0.10889287  0.13907953 -0.46902938  0.21088911  0.26288793 -0.63648027
 -0.00932297  0.387262    0.01012005  0.04388293 -0.54411323  0.51958074
  0.56756797  0.55978018  0.63601001  0.23294923 -0.17480953  0.57082441
 -0.16841356  0.42031333 -0.61806063  0.12694463  0.34220167 -0.63811588
  0.00393384 -0.22800861  0.07853862 -0.29507866  0.26924206 -0.50646896
 -0.29012892 -0.82530495 -0.49805082 -0.22829397 -0.1945752 ]
1634,[ 0.19334154  0.10198929 -0.07348798  0.12780688  0.36542915  0.09382884
 -0.05133518  0.65878777  0.35955728 -0.53461519 -0.04655797 -0.12859485
  0.1848949   0.42198643 -0.32568951  0.22325593 -0.11346445 -0.62356654
  0.10888525  0.13908759 -0.46903055  0.21088191  0.26288551 -0.6364916
 -0.00933463  0.38725639  0.01014099  0.04387593 -0.54412247  0.51959972
  0.5675497   0.55978511  0.6360184   0.23294958 -0.17480245  0.5708264
 -0.16842128  0.42030822 -0.61805739  0.12693633  0.34220353 -0.63810187
  0.00391769 -0.22800999  0.07852909 -0.29508148  0.26925226 -0.50644619
 -0.29014193 -0.82530337 -0.49805611 -0.228292   -0.19457892]
1635,[ 0.19335496  0.10199469 -0.07352236  0.12781431  0.36543681  0.09382062
 -0.05132313  0.65877492  0.35954401 -0.5346096  -0.04655602 -0.12858044
  0.18488779  0.42199997 -0.32568993  0.22326722 -0.1134573  -0.62356226
  0.10887763  0.13909564 -0.46903173  0.21087472  0.26288308 -0.63650292
 -0.00934627  0.38725079  0.0101619   0.04386894 -0.54413171  0.51961868
  0.56753146  0.55979004  0.63602679  0.23294993 -0.17479537  0.57082839
 -0.16842899  0.42030311 -0.61805414  0.12692804  0.34220539 -0.63808787
  0.00390157 -0.22801136  0.07851956 -0.29508429  0.26926245 -0.50642344
 -0.29015493 -0.8253018  -0.49806139 -0.22829003 -0.19458264]
1636,[ 0.19336836  0.10200009 -0.0735567   0.12782173  0.36544447  0.09381241
 -0.0513111   0.65876209  0.35953076 -0.53460402 -0.04655408 -0.12856604
  0.1848807   0.4220135  -0.32569034  0.2232785  -0.11345015 -0.62355798
  0.10887003  0.13910369 -0.4690329   0.21086754  0.26288066 -0.63651422
 -0.0093579   0.38724519  0.01018278  0.04386196 -0.54414093  0.51963762
  0.56751324  0.55979497  0.63603517  0.23295028 -0.1747883   0.57083037
 -0.16843669  0.42029802 -0.6180509   0.12691976  0.34220724 -0.6380739
  0.00388547 -0.22801273  0.07851005 -0.29508709  0.26927263 -0.50640073
 -0.29016792 -0.82530022 -0.49806666 -0.22828806 -0.19458635]
1637,[ 0.19338174  0.10200547 -0.073591    0.12782914  0.36545212  0.09380421
 -0.05129908  0.65874928  0.35951753 -0.53459845 -0.04655214 -0.12855166
  0.1848736   0.42202701 -0.32569076  0.22328976 -0.11344301 -0.6235537
  0.10886244  0.13911172 -0.46903407  0.21086036  0.26287824 -0.63652552
 -0.00936952  0.3872396   0.01020364  0.04385498 -0.54415014  0.51965654
  0.56749504  0.55979988  0.63604353  0.23295062 -0.17478124  0.57083236
 -0.16844438  0.42029292 -0.61804767  0.12691149  0.3422091  -0.63805993
  0.00386938 -0.2280141   0.07850054 -0.2950899   0.2692828  -0.50637803
 -0.29018089 -0.82529865 -0.49807193 -0.2282861  -0.19459006]
1638,[ 0.19339511  0.10201085 -0.07362526  0.12783654  0.36545976  0.09379601
 -0.05128707  0.65873647  0.3595043  -0.53459288 -0.0465502  -0.1285373
  0.18486652  0.4220405  -0.32569117  0.22330102 -0.11343588 -0.62354943
  0.10885485  0.13911975 -0.46903524  0.2108532   0.26287583 -0.6365368
 -0.00938112  0.38723402  0.01022448  0.04384802 -0.54415935  0.51967544
  0.56747685  0.5598048   0.63605189  0.23295097 -0.17477419  0.57083434
 -0.16845206  0.42028784 -0.61804443  0.12690323  0.34221095 -0.63804599
  0.00385331 -0.22801548  0.07849105 -0.2950927   0.26929296 -0.50635537
 -0.29019385 -0.82529708 -0.49807719 -0.22828413 -0.19459377]
1639,[ 0.19340847  0.10201623 -0.07365949  0.12784393  0.36546739  0.09378783
 -0.05127508  0.65872369  0.3594911  -0.53458732 -0.04654826 -0.12852296
  0.18485945  0.42205398 -0.32569159  0.22331226 -0.11342876 -0.62354516
  0.10884727  0.13912776 -0.46903641  0.21084604  0.26287341 -0.63654807
 -0.00939272  0.38722844  0.0102453   0.04384106 -0.54416854  0.51969432
  0.56745869  0.55980971  0.63606024  0.23295132 -0.17476714  0.57083632
 -0.16845974  0.42028275 -0.61804121  0.12689497  0.3422128  -0.63803205
  0.00383726 -0.22801684  0.07848157 -0.2950955   0.2693031  -0.50633273
 -0.29020679 -0.82529551 -0.49808245 -0.22828217 -0.19459747]
1640,[ 0.19342181  0.1020216  -0.07369367  0.12785131  0.36547502  0.09377966
 -0.05126309  0.65871091  0.35947791 -0.53458176 -0.04654633 -0.12850863
  0.18485238  0.42206744 -0.325692    0.22332349 -0.11342164 -0.6235409
  0.1088397   0.13913577 -0.46903758  0.21083889  0.262871   -0.63655932
 -0.00940429  0.38722287  0.01026609  0.04383411 -0.54417772  0.51971317
  0.56744055  0.55981461  0.63606858  0.23295166 -0.1747601   0.5708383
 -0.1684674   0.42027768 -0.61803798  0.12688673  0.34221465 -0.63801814
  0.00382123 -0.22801821  0.07847209 -0.2950983   0.26931324 -0.50631011
 -0.29021971 -0.82529394 -0.4980877  -0.22828022 -0.19460117]
1641,[ 0.19343513  0.10202696 -0.07372782  0.12785869  0.36548263  0.09377149
 -0.05125113  0.65869815  0.35946473 -0.53457621 -0.0465444  -0.12849431
  0.18484532  0.42208089 -0.32569241  0.2233347  -0.11341454 -0.62353664
  0.10883214  0.13914377 -0.46903874  0.21083174  0.26286859 -0.63657057
 -0.00941586  0.3872173   0.01028686  0.04382716 -0.5441869   0.51973201
  0.56742243  0.5598195   0.63607691  0.23295201 -0.17475308  0.57084027
 -0.16847506  0.42027261 -0.61803476  0.1268785   0.3422165  -0.63800424
  0.00380521 -0.22801958  0.07846263 -0.29510109  0.26932336 -0.50628752
 -0.29023263 -0.82529238 -0.49809295 -0.22827826 -0.19460487]
1642,[ 0.19344844  0.10203231 -0.07376193  0.12786605  0.36549024  0.09376334
 -0.05123917  0.65868541  0.35945157 -0.53457067 -0.04654247 -0.12848002
  0.18483827  0.42209432 -0.32569282  0.22334591 -0.11340744 -0.62353238
  0.10882459  0.13915176 -0.46903991  0.21082461  0.26286619 -0.6365818
 -0.00942741  0.38721174  0.0103076   0.04382023 -0.54419606  0.51975082
  0.56740433  0.5598244   0.63608523  0.23295236 -0.17474605  0.57084224
 -0.16848271  0.42026754 -0.61803154  0.12687027  0.34221834 -0.63799035
  0.00378922 -0.22802094  0.07845318 -0.29510388  0.26933347 -0.50626496
 -0.29024553 -0.82529081 -0.49809819 -0.22827631 -0.19460856]
1643,[ 0.19346174  0.10203767 -0.073796    0.12787341  0.36549784  0.09375519
 -0.05122723  0.65867268  0.35943843 -0.53456513 -0.04654054 -0.12846574
  0.18483123  0.42210774 -0.32569324  0.2233571  -0.11340035 -0.62352814
  0.10881705  0.13915974 -0.46904107  0.21081748  0.26286379 -0.63659301
 -0.00943895  0.38720619  0.01032833  0.0438133  -0.54420521  0.51976961
  0.56738625  0.55982928  0.63609354  0.2329527  -0.17473904  0.57084421
 -0.16849035  0.42026248 -0.61802833  0.12686206  0.34222018 -0.63797648
  0.00377324 -0.2280223   0.07844374 -0.29510666  0.26934357 -0.50624242
 -0.29025841 -0.82528925 -0.49810342 -0.22827435 -0.19461224]
1644,[ 0.19347502  0.10204301 -0.07383003  0.12788076  0.36550543  0.09374705
 -0.05121531  0.65865996  0.35942529 -0.5345596  -0.04653861 -0.12845147
  0.18482419  0.42212115 -0.32569365  0.22336827 -0.11339326 -0.62352389
  0.10880951  0.13916771 -0.46904223  0.21081037  0.26286139 -0.63660422
 -0.00945048  0.38720064  0.01034902  0.04380638 -0.54421435  0.51978838
  0.56736819  0.55983416  0.63610184  0.23295305 -0.17473203  0.57084618
 -0.16849798  0.42025743 -0.61802512  0.12685385  0.34222202 -0.63796263
  0.00375728 -0.22802366  0.07843431 -0.29510945  0.26935366 -0.5062199
 -0.29027128 -0.82528769 -0.49810865 -0.2282724  -0.19461593]
1645,[ 0.19348828  0.10204835 -0.07386403  0.1278881   0.36551301  0.09373892
 -0.05120339  0.65864726  0.35941218 -0.53455408 -0.04653669 -0.12843722
  0.18481716  0.42213453 -0.32569406  0.22337944 -0.11338619 -0.62351965
  0.10880199  0.13917567 -0.46904339  0.21080325  0.26285899 -0.63661541
 -0.00946199  0.3871951   0.0103697   0.04379947 -0.54422348  0.51980713
  0.56735016  0.55983904  0.63611013  0.23295339 -0.17472504  0.57084815
 -0.1685056   0.42025238 -0.61802191  0.12684565  0.34222386 -0.63794879
  0.00374134 -0.22802502  0.07842489 -0.29511223  0.26936373 -0.50619741
 -0.29028413 -0.82528613 -0.49811387 -0.22827046 -0.1946196 ]
1646,[ 0.19350154  0.10205368 -0.07389798  0.12789544  0.36552058  0.09373081
 -0.05119149  0.65863457  0.35939907 -0.53454856 -0.04653477 -0.12842299
  0.18481014  0.42214791 -0.32569447  0.22339059 -0.11337912 -0.62351542
  0.10879447  0.13918363 -0.46904455  0.21079615  0.26285659 -0.63662659
 -0.00947349  0.38718956  0.01039035  0.04379256 -0.5442326   0.51982586
  0.56733214  0.5598439   0.63611842  0.23295373 -0.17471805  0.57085011
 -0.16851322  0.42024734 -0.61801871  0.12683746  0.3422257  -0.63793497
  0.00372541 -0.22802638  0.07841548 -0.295115    0.2693738  -0.50617495
 -0.29029697 -0.82528458 -0.49811909 -0.22826851 -0.19462328]
1647,[ 0.19351477  0.10205901 -0.0739319   0.12790276  0.36552814  0.0937227
 -0.0511796   0.6586219   0.35938599 -0.53454305 -0.04653285 -0.12840877
  0.18480313  0.42216126 -0.32569488  0.22340173 -0.11337206 -0.62351119
  0.10878696  0.13919157 -0.46904571  0.21078906  0.2628542  -0.63663776
 -0.00948498  0.38718403  0.01041098  0.04378567 -0.54424171  0.51984457
  0.56731414  0.55984877  0.63612669  0.23295408 -0.17471107  0.57085207
 -0.16852082  0.42024231 -0.61801551  0.12682928  0.34222753 -0.63792116
  0.00370951 -0.22802774  0.07840608 -0.29511778  0.26938385 -0.50615251
 -0.2903098  -0.82528302 -0.4981243  -0.22826657 -0.19462695]
1648,[ 0.19352799  0.10206433 -0.07396578  0.12791008  0.3655357   0.0937146
 -0.05116773  0.65860924  0.35937292 -0.53453754 -0.04653093 -0.12839457
  0.18479613  0.42217461 -0.32569529  0.22341286 -0.11336501 -0.62350696
  0.10877946  0.13919951 -0.46904687  0.21078197  0.26285181 -0.63664891
 -0.00949645  0.38717851  0.01043159  0.04377878 -0.54425081  0.51986325
  0.56729616  0.55985363  0.63613496  0.23295442 -0.17470409  0.57085403
 -0.16852842  0.42023728 -0.61801231  0.12682111  0.34222936 -0.63790737
  0.00369362 -0.22802909  0.0783967  -0.29512055  0.2693939  -0.5061301
 -0.29032261 -0.82528147 -0.4981295  -0.22826463 -0.19463061]
1649,[ 0.1935412   0.10206964 -0.07399962  0.12791739  0.36554324  0.0937065
 -0.05115587  0.6585966   0.35935986 -0.53453204 -0.04652902 -0.12838039
  0.18478913  0.42218793 -0.3256957   0.22342398 -0.11335797 -0.62350274
  0.10877197  0.13920743 -0.46904802  0.21077489  0.26284943 -0.63666006
 -0.00950791  0.38717299  0.01045217  0.0437719  -0.5442599   0.51988192
  0.5672782   0.55985848  0.63614321  0.23295476 -0.17469712  0.57085599
 -0.16853601  0.42023225 -0.61800912  0.12681295  0.34223119 -0.6378936
  0.00367775 -0.22803044  0.07838732 -0.29512331  0.26940393 -0.50610771
 -0.29033541 -0.82527992 -0.4981347  -0.22826269 -0.19463427]
1650,[ 0.19355439  0.10207495 -0.07403342  0.12792469  0.36555078  0.09369842
 -0.05114402  0.65858397  0.35934681 -0.53452655 -0.04652711 -0.12836622
  0.18478215  0.42220125 -0.32569611  0.22343508 -0.11335094 -0.62349853
  0.10876448  0.13921535 -0.46904918  0.21076782  0.26284704 -0.63667119
 -0.00951936  0.38716748  0.01047273  0.04376502 -0.54426898  0.51990056
  0.56726027  0.55986333  0.63615146  0.23295511 -0.17469017  0.57085795
 -0.16854359  0.42022723 -0.61800593  0.1268048   0.34223302 -0.63787984
  0.00366189 -0.2280318   0.07837795 -0.29512608  0.26941395 -0.50608535
 -0.29034819 -0.82527837 -0.49813989 -0.22826075 -0.19463793]
1651,[ 0.19356756  0.10208025 -0.07406719  0.12793198  0.36555831  0.09369035
 -0.05113219  0.65857135  0.35933379 -0.53452106 -0.0465252  -0.12835207
  0.18477517  0.42221455 -0.32569651  0.22344617 -0.11334391 -0.62349432
  0.10875701  0.13922326 -0.46905033  0.21076076  0.26284466 -0.6366823
 -0.0095308   0.38716198  0.01049326  0.04375816 -0.54427805  0.51991918
  0.56724235  0.55986817  0.63615969  0.23295545 -0.17468322  0.5708599
 -0.16855116  0.42022222 -0.61800274  0.12679666  0.34223485 -0.63786609
  0.00364606 -0.22803315  0.0783686  -0.29512884  0.26942396 -0.50606301
 -0.29036096 -0.82527682 -0.49814508 -0.22825882 -0.19464158]
1652,[ 0.19358073  0.10208555 -0.07410091  0.12793927  0.36556583  0.09368228
 -0.05112037  0.65855875  0.35932077 -0.53451558 -0.04652329 -0.12833793
  0.18476819  0.42222783 -0.32569692  0.22345725 -0.11333689 -0.62349011
  0.10874954  0.13923116 -0.46905148  0.21075371  0.26284228 -0.63669341
 -0.00954222  0.38715648  0.01051377  0.0437513  -0.54428711  0.51993779
  0.56722445  0.559873    0.63616792  0.23295579 -0.17467627  0.57086185
 -0.16855872  0.42021721 -0.61799956  0.12678853  0.34223667 -0.63785236
  0.00363024 -0.22803449  0.07835925 -0.2951316   0.26943395 -0.5060407
 -0.29037371 -0.82527527 -0.49815026 -0.22825689 -0.19464523]
1653,[ 0.19359387  0.10209084 -0.0741346   0.12794655  0.36557335  0.09367423
 -0.05110856  0.65854616  0.35930777 -0.53451011 -0.04652138 -0.12832381
  0.18476123  0.4222411  -0.32569733  0.22346831 -0.11332988 -0.62348591
  0.10874208  0.13923905 -0.46905263  0.21074666  0.26283991 -0.6367045
 -0.00955363  0.38715099  0.01053426  0.04374445 -0.54429616  0.51995637
  0.56720657  0.55987783  0.63617614  0.23295613 -0.17466934  0.5708638
 -0.16856628  0.42021221 -0.61799638  0.1267804   0.34223849 -0.63783865
  0.00361444 -0.22803584  0.07834992 -0.29513435  0.26944394 -0.50601842
 -0.29038645 -0.82527373 -0.49815544 -0.22825496 -0.19464888]
1654,[ 0.193607    0.10209612 -0.07416825  0.12795381  0.36558085  0.09366618
 -0.05109677  0.65853359  0.35929479 -0.53450464 -0.04651948 -0.1283097
  0.18475427  0.42225435 -0.32569774  0.22347936 -0.11332288 -0.62348172
  0.10873463  0.13924693 -0.46905378  0.21073962  0.26283754 -0.63671558
 -0.00956502  0.38714551  0.01055473  0.04373761 -0.5443052   0.51997493
  0.56718872  0.55988266  0.63618435  0.23295647 -0.17466241  0.57086575
 -0.16857382  0.42020721 -0.61799321  0.12677229  0.34224031 -0.63782495
  0.00359866 -0.22803719  0.07834059 -0.2951371   0.26945392 -0.50599615
 -0.29039918 -0.82527218 -0.49816061 -0.22825303 -0.19465252]
1655,[ 0.19362012  0.1021014  -0.07420187  0.12796107  0.36558835  0.09365815
 -0.05108499  0.65852103  0.35928182 -0.53449918 -0.04651758 -0.12829562
  0.18474732  0.42226759 -0.32569814  0.2234904  -0.11331588 -0.62347753
  0.10872719  0.13925481 -0.46905493  0.21073259  0.26283517 -0.63672665
 -0.00957641  0.38714003  0.01057517  0.04373077 -0.54431423  0.51999347
  0.56717088  0.55988748  0.63619255  0.23295681 -0.17465549  0.57086769
 -0.16858136  0.42020222 -0.61799004  0.12676418  0.34224213 -0.63781127
  0.0035829  -0.22803853  0.07833128 -0.29513985  0.26946388 -0.50597392
 -0.29041189 -0.82527064 -0.49816577 -0.2282511  -0.19465615]
1656,[ 0.19363322  0.10210667 -0.07423544  0.12796833  0.36559583  0.09365012
 -0.05107322  0.65850849  0.35926886 -0.53449372 -0.04651568 -0.12828154
  0.18474038  0.42228081 -0.32569855  0.22350143 -0.11330889 -0.62347334
  0.10871976  0.13926267 -0.46905608  0.21072557  0.2628328  -0.6367377
 -0.00958778  0.38713455  0.0105956   0.04372395 -0.54432325  0.52001199
  0.56715306  0.55989229  0.63620074  0.23295715 -0.17464858  0.57086963
 -0.16858889  0.42019724 -0.61798687  0.12675609  0.34224395 -0.6377976
  0.00356715 -0.22803987  0.07832198 -0.2951426   0.26947383 -0.50595171
 -0.29042458 -0.8252691  -0.49817093 -0.22824918 -0.19465979]
1657,[ 0.19364631  0.10211194 -0.07426898  0.12797557  0.36560331  0.0936421
 -0.05106147  0.65849595  0.35925592 -0.53448827 -0.04651378 -0.12826748
  0.18473345  0.42229402 -0.32569895  0.22351245 -0.11330191 -0.62346916
  0.10871233  0.13927053 -0.46905722  0.21071855  0.26283043 -0.63674874
 -0.00959914  0.38712909  0.01061599  0.04371713 -0.54433226  0.52003048
  0.56713527  0.5598971   0.63620892  0.23295749 -0.17464168  0.57087157
 -0.16859641  0.42019226 -0.61798371  0.126748    0.34224576 -0.63778395
  0.00355142 -0.22804122  0.07831268 -0.29514534  0.26948377 -0.50592952
 -0.29043727 -0.82526757 -0.49817608 -0.22824726 -0.19466341]
1658,[ 0.19365938  0.1021172  -0.07430248  0.1279828   0.36561078  0.09363409
 -0.05104973  0.65848344  0.359243   -0.53448283 -0.04651188 -0.12825344
  0.18472652  0.42230721 -0.32569936  0.22352345 -0.11329494 -0.62346498
  0.10870491  0.13927837 -0.46905837  0.21071155  0.26282807 -0.63675977
 -0.00961048  0.38712363  0.01063637  0.04371032 -0.54434126  0.52004896
  0.56711749  0.55990191  0.63621709  0.23295783 -0.17463478  0.57087351
 -0.16860392  0.42018729 -0.61798055  0.12673992  0.34224757 -0.63777031
  0.00353571 -0.22804255  0.0783034  -0.29514808  0.2694937  -0.50590736
 -0.29044993 -0.82526603 -0.49818123 -0.22824534 -0.19466704]
1659,[ 0.19367244  0.10212246 -0.07433594  0.12799003  0.36561825  0.09362609
 -0.051038    0.65847093  0.35923009 -0.53447739 -0.04650999 -0.12823942
  0.18471961  0.42232039 -0.32569976  0.22353444 -0.11328798 -0.62346081
  0.10869751  0.13928621 -0.46905951  0.21070455  0.26282571 -0.63677079
 -0.00962182  0.38711817  0.01065672  0.04370351 -0.54435025  0.52006742
  0.56709973  0.5599067   0.63622525  0.23295817 -0.17462789  0.57087545
 -0.16861142  0.42018232 -0.61797739  0.12673185  0.34224938 -0.63775669
  0.00352002 -0.22804389  0.07829413 -0.29515082  0.26950362 -0.50588522
 -0.29046259 -0.8252645  -0.49818637 -0.22824342 -0.19467066]
1660,[ 0.19368548  0.1021277  -0.07436936  0.12799725  0.3656257   0.0936181
 -0.05102629  0.65845845  0.35921719 -0.53447196 -0.0465081  -0.12822541
  0.1847127   0.42233355 -0.32570017  0.22354542 -0.11328102 -0.62345664
  0.10869011  0.13929404 -0.46906065  0.21069756  0.26282335 -0.63678179
 -0.00963314  0.38711272  0.01067705  0.04369672 -0.54435922  0.52008585
  0.567082    0.5599115   0.63623341  0.23295851 -0.17462101  0.57087738
 -0.16861892  0.42017735 -0.61797423  0.12672379  0.34225119 -0.63774308
  0.00350434 -0.22804523  0.07828487 -0.29515355  0.26951353 -0.50586311
 -0.29047523 -0.82526296 -0.4981915  -0.22824151 -0.19467427]
1661,[ 0.19369851  0.10213295 -0.07440275  0.12800446  0.36563315  0.09361012
 -0.05101459  0.65844597  0.35920431 -0.53446653 -0.04650621 -0.12821141
  0.1847058   0.4223467  -0.32570057  0.22355638 -0.11327407 -0.62345248
  0.10868271  0.13930186 -0.46906179  0.21069057  0.262821   -0.63679279
 -0.00964444  0.38710728  0.01069735  0.04368993 -0.54436819  0.52010427
  0.56706428  0.55991629  0.63624155  0.23295885 -0.17461414  0.57087931
 -0.1686264   0.4201724  -0.61797109  0.12671574  0.34225299 -0.63772949
  0.00348869 -0.22804656  0.07827562 -0.29515628  0.26952343 -0.50584102
 -0.29048785 -0.82526143 -0.49819663 -0.22823959 -0.19467789]
1662,[ 0.19371153  0.10213818 -0.0744361   0.12801166  0.36564058  0.09360214
 -0.0510029   0.65843351  0.35919144 -0.53446111 -0.04650432 -0.12819743
  0.1846989   0.42235984 -0.32570097  0.22356734 -0.11326713 -0.62344832
  0.10867533  0.13930967 -0.46906293  0.2106836   0.26281865 -0.63680377
 -0.00965574  0.38710185  0.01071764  0.04368315 -0.54437715  0.52012266
  0.56704658  0.55992107  0.63624968  0.23295919 -0.17460727  0.57088124
 -0.16863388  0.42016745 -0.61796794  0.1267077   0.3422548  -0.63771592
  0.00347305 -0.2280479   0.07826638 -0.29515901  0.26953331 -0.50581896
 -0.29050046 -0.82525991 -0.49820175 -0.22823768 -0.19468149]
1663,[ 0.19372452  0.10214342 -0.07446941  0.12801886  0.36564801  0.09359418
 -0.05099122  0.65842106  0.35917859 -0.5344557  -0.04650244 -0.12818347
  0.18469202  0.42237296 -0.32570138  0.22357828 -0.1132602  -0.62344416
  0.10866796  0.13931747 -0.46906407  0.21067663  0.2628163  -0.63681474
 -0.00966702  0.38709642  0.0107379   0.04367637 -0.5443861   0.52014103
  0.56702891  0.55992584  0.63625781  0.23295952 -0.17460042  0.57088317
 -0.16864135  0.4201625  -0.6179648   0.12669966  0.3422566  -0.63770236
  0.00345742 -0.22804923  0.07825715 -0.29516173  0.26954319 -0.50579692
 -0.29051306 -0.82525838 -0.49820687 -0.22823578 -0.1946851 ]
1664,[ 0.19373751  0.10214864 -0.07450269  0.12802605  0.36565543  0.09358622
 -0.05097956  0.65840863  0.35916575 -0.53445029 -0.04650056 -0.12816953
  0.18468514  0.42238606 -0.32570178  0.22358921 -0.11325328 -0.62344001
  0.10866059  0.13932527 -0.4690652   0.21066967  0.26281395 -0.63682569
 -0.00967829  0.38709099  0.01075813  0.04366961 -0.54439504  0.52015938
  0.56701125  0.55993062  0.63626593  0.23295986 -0.17459357  0.57088509
 -0.16864881  0.42015756 -0.61796166  0.12669164  0.3422584  -0.63768881
  0.00344182 -0.22805056  0.07824793 -0.29516445  0.26955305 -0.50577491
 -0.29052564 -0.82525685 -0.49821198 -0.22823387 -0.1946887 ]
1665,[ 0.19375048  0.10215386 -0.07453592  0.12803322  0.36566284  0.09357827
 -0.05096792  0.65839621  0.35915292 -0.53444489 -0.04649868 -0.12815559
  0.18467827  0.42239915 -0.32570218  0.22360012 -0.11324636 -0.62343587
  0.10865323  0.13933305 -0.46906634  0.21066272  0.26281161 -0.63683663
 -0.00968955  0.38708557  0.01077835  0.04366285 -0.54440396  0.52017772
  0.56699361  0.55993538  0.63627403  0.2329602  -0.17458673  0.57088701
 -0.16865627  0.42015262 -0.61795852  0.12668363  0.34226019 -0.63767528
  0.00342623 -0.22805189  0.07823872 -0.29516717  0.2695629  -0.50575292
 -0.29053821 -0.82525533 -0.49821709 -0.22823197 -0.19469229]
1666,[ 0.19376343  0.10215907 -0.07456912  0.12804039  0.36567025  0.09357034
 -0.05095628  0.65838381  0.35914011 -0.5344395  -0.0464968  -0.12814168
  0.1846714   0.42241222 -0.32570258  0.22361103 -0.11323945 -0.62343173
  0.10864588  0.13934083 -0.46906747  0.21065577  0.26280927 -0.63684756
 -0.00970079  0.38708016  0.01079854  0.0436561  -0.54441288  0.52019603
  0.566976    0.55994014  0.63628213  0.23296053 -0.17457989  0.57088893
 -0.16866371  0.4201477  -0.61795539  0.12667562  0.34226199 -0.63766177
  0.00341066 -0.22805322  0.07822952 -0.29516988  0.26957275 -0.50573096
 -0.29055076 -0.82525381 -0.49822219 -0.22823006 -0.19469589]
1667,[ 0.19377638  0.10216428 -0.07460228  0.12804756  0.36567764  0.09356241
 -0.05094466  0.65837142  0.35912732 -0.53443411 -0.04649492 -0.12812778
  0.18466455  0.42242528 -0.32570298  0.22362192 -0.11323255 -0.6234276
  0.10863854  0.13934859 -0.4690686   0.21064884  0.26280693 -0.63685848
 -0.00971202  0.38707476  0.01081871  0.04364936 -0.54442179  0.52021432
  0.5669584   0.5599449   0.63629022  0.23296087 -0.17457306  0.57089085
 -0.16867115  0.42014277 -0.61795226  0.12666762  0.34226378 -0.63764827
  0.00339511 -0.22805454  0.07822033 -0.2951726   0.26958258 -0.50570902
 -0.2905633  -0.82525229 -0.49822728 -0.22822816 -0.19469947]
1668,[ 0.1937893   0.10216948 -0.07463541  0.12805471  0.36568503  0.09355449
 -0.05093305  0.65835904  0.35911454 -0.53442872 -0.04649305 -0.12811389
  0.1846577   0.42243833 -0.32570338  0.2236328  -0.11322566 -0.62342346
  0.1086312   0.13935635 -0.46906973  0.21064191  0.26280459 -0.63686939
 -0.00972324  0.38706936  0.01083886  0.04364262 -0.54443069  0.52023259
  0.56694082  0.55994965  0.6362983   0.2329612  -0.17456625  0.57089277
 -0.16867857  0.42013785 -0.61794914  0.12665963  0.34226557 -0.63763479
  0.00337958 -0.22805587  0.07821115 -0.2951753   0.26959239 -0.50568711
 -0.29057583 -0.82525077 -0.49823237 -0.22822627 -0.19470306]
1669,[ 0.19380221  0.10217468 -0.07466849  0.12806186  0.36569241  0.09354658
 -0.05092145  0.65834668  0.35910177 -0.53442335 -0.04649118 -0.12810003
  0.18465086  0.42245136 -0.32570378  0.22364367 -0.11321877 -0.62341934
  0.10862388  0.1393641  -0.46907086  0.21063499  0.26280226 -0.63688028
 -0.00973445  0.38706396  0.01085898  0.04363589 -0.54443957  0.52025084
  0.56692327  0.55995439  0.63630637  0.23296154 -0.17455943  0.57089468
 -0.16868599  0.42013294 -0.61794601  0.12665166  0.34226736 -0.63762132
  0.00336406 -0.22805719  0.07820199 -0.29517801  0.2696022  -0.50566522
 -0.29058834 -0.82524925 -0.49823745 -0.22822437 -0.19470664]
1670,[ 0.19381511  0.10217987 -0.07470154  0.128069    0.36569978  0.09353867
 -0.05090987  0.65833433  0.35908902 -0.53441798 -0.04648931 -0.12808617
  0.18464403  0.42246438 -0.32570418  0.22365452 -0.11321189 -0.62341522
  0.10861656  0.13937184 -0.46907199  0.21062807  0.26279993 -0.63689117
 -0.00974564  0.38705858  0.01087908  0.04362917 -0.54444845  0.52026907
  0.56690573  0.55995913  0.63631444  0.23296187 -0.17455263  0.57089659
 -0.1686934   0.42012803 -0.6179429   0.12664369  0.34226915 -0.63760786
  0.00334856 -0.22805851  0.07819283 -0.29518071  0.269612   -0.50564336
 -0.29060084 -0.82524774 -0.49824253 -0.22822248 -0.19471021]
1671,[ 0.19382799  0.10218505 -0.07473456  0.12807613  0.36570714  0.09353078
 -0.0508983   0.658322    0.35907628 -0.53441261 -0.04648744 -0.12807234
  0.1846372   0.42247738 -0.32570458  0.22366537 -0.11320502 -0.6234111
  0.10860925  0.13937958 -0.46907312  0.21062117  0.2627976  -0.63690203
 -0.00975682  0.3870532   0.01089916  0.04362246 -0.54445732  0.52028727
  0.56688821  0.55996386  0.63632249  0.23296221 -0.17454584  0.5708985
 -0.16870081  0.42012313 -0.61793978  0.12663573  0.34227093 -0.63759442
  0.00333308 -0.22805983  0.07818368 -0.29518341  0.26962179 -0.50562152
 -0.29061332 -0.82524622 -0.4982476  -0.22822059 -0.19471378]
1672,[ 0.19384086  0.10219023 -0.07476753  0.12808325  0.36571449  0.0935229
 -0.05088674  0.65830967  0.35906356 -0.53440725 -0.04648557 -0.12805851
  0.18463039  0.42249037 -0.32570498  0.2236762  -0.11319816 -0.62340699
  0.10860195  0.1393873  -0.46907425  0.21061427  0.26279528 -0.63691289
 -0.00976799  0.38704782  0.01091921  0.04361576 -0.54446618  0.52030546
  0.56687071  0.55996859  0.63633053  0.23296254 -0.17453905  0.57090041
 -0.1687082   0.42011824 -0.61793667  0.12662777  0.34227272 -0.637581
  0.00331761 -0.22806115  0.07817454 -0.29518611  0.26963156 -0.5055997
 -0.29062579 -0.82524471 -0.49825266 -0.2282187  -0.19471735]
1673,[ 0.19385371  0.1021954  -0.07480047  0.12809036  0.36572184  0.09351502
 -0.0508752   0.65829737  0.35905085 -0.5344019  -0.04648371 -0.12804471
  0.18462358  0.42250334 -0.32570538  0.22368701 -0.1131913  -0.62340288
  0.10859466  0.13939502 -0.46907537  0.21060738  0.26279295 -0.63692374
 -0.00977914  0.38704245  0.01093925  0.04360906 -0.54447502  0.52032363
  0.56685323  0.55997332  0.63633857  0.23296288 -0.17453227  0.57090231
 -0.16871559  0.42011335 -0.61793356  0.12661983  0.3422745  -0.63756759
  0.00330216 -0.22806247  0.07816542 -0.2951888   0.26964132 -0.50557791
 -0.29063825 -0.8252432  -0.49825772 -0.22821681 -0.19472092]
1674,[ 0.19386655  0.10220057 -0.07483337  0.12809747  0.36572918  0.09350715
 -0.05086367  0.65828507  0.35903815 -0.53439655 -0.04648185 -0.12803092
  0.18461678  0.4225163  -0.32570578  0.22369782 -0.11318446 -0.62339878
  0.10858737  0.13940272 -0.46907649  0.2106005   0.26279063 -0.63693457
 -0.00979029  0.38703709  0.01095926  0.04360237 -0.54448386  0.52034177
  0.56683577  0.55997803  0.63634659  0.23296321 -0.17452549  0.57090422
 -0.16872297  0.42010846 -0.61793046  0.1266119   0.34227628 -0.6375542
  0.00328673 -0.22806378  0.0781563  -0.29519149  0.26965108 -0.50555615
 -0.29065069 -0.82524169 -0.49826278 -0.22821493 -0.19472448]
1675,[ 0.19387938  0.10220573 -0.07486624  0.12810457  0.3657365   0.0934993
 -0.05085215  0.65827279  0.35902547 -0.53439121 -0.04647999 -0.12801714
  0.18460998  0.42252924 -0.32570617  0.22370862 -0.11317762 -0.62339468
  0.1085801   0.13941042 -0.46907762  0.21059363  0.26278832 -0.63694539
 -0.00980142  0.38703173  0.01097925  0.04359569 -0.54449269  0.5203599
  0.56681833  0.55998275  0.63635461  0.23296354 -0.17451873  0.57090612
 -0.16873033  0.42010358 -0.61792736  0.12660397  0.34227805 -0.63754082
  0.00327132 -0.2280651   0.07814719 -0.29519418  0.26966082 -0.50553441
 -0.29066312 -0.82524019 -0.49826783 -0.22821304 -0.19472803]
1676,[ 0.19389219  0.10221089 -0.07489906  0.12811166  0.36574382  0.09349145
 -0.05084065  0.65826053  0.3590128  -0.53438588 -0.04647813 -0.12800338
  0.1846032   0.42254217 -0.32570657  0.2237194  -0.11317079 -0.62339059
  0.10857283  0.13941811 -0.46907874  0.21058676  0.262786   -0.6369562
 -0.00981254  0.38702638  0.01099921  0.04358901 -0.54450151  0.52037801
  0.56680091  0.55998745  0.63636262  0.23296388 -0.17451197  0.57090802
 -0.1687377   0.42009871 -0.61792426  0.12659606  0.34227983 -0.63752746
  0.00325593 -0.22806641  0.0781381  -0.29519686  0.26967055 -0.50551269
 -0.29067553 -0.82523868 -0.49827287 -0.22821116 -0.19473158]
1677,[ 0.19390498  0.10221604 -0.07493185  0.12811874  0.36575114  0.09348361
 -0.05082916  0.65824828  0.35900015 -0.53438055 -0.04647628 -0.12798964
  0.18459642  0.42255508 -0.32570697  0.22373017 -0.11316396 -0.6233865
  0.10856557  0.13942579 -0.46907986  0.2105799   0.26278369 -0.63696699
 -0.00982364  0.38702104  0.01101915  0.04358234 -0.54451032  0.52039609
  0.56678351  0.55999215  0.63637062  0.23296421 -0.17450522  0.57090991
 -0.16874505  0.42009384 -0.61792117  0.12658815  0.3422816  -0.63751411
  0.00324055 -0.22806772  0.07812901 -0.29519955  0.26968027 -0.505491
 -0.29068793 -0.82523718 -0.49827791 -0.22820928 -0.19473513]
1678,[ 0.19391776  0.10222118 -0.07496461  0.12812581  0.36575844  0.09347578
 -0.05081768  0.65823604  0.35898751 -0.53437523 -0.04647442 -0.12797591
  0.18458965  0.42256798 -0.32570736  0.22374093 -0.11315715 -0.62338242
  0.10855832  0.13943346 -0.46908098  0.21057305  0.26278138 -0.63697778
 -0.00983473  0.3870157   0.01103907  0.04357568 -0.54451911  0.52041416
  0.56676613  0.55999685  0.63637861  0.23296454 -0.17449848  0.57091181
 -0.16875239  0.42008898 -0.61791808  0.12658025  0.34228337 -0.63750078
  0.00322519 -0.22806903  0.07811994 -0.29520222  0.26968998 -0.50546933
 -0.29070032 -0.82523568 -0.49828294 -0.22820741 -0.19473867]
1679,[ 0.19393053  0.10222632 -0.07499732  0.12813288  0.36576574  0.09346795
 -0.05080621  0.65822382  0.35897489 -0.53436991 -0.04647257 -0.1279622
  0.18458288  0.42258086 -0.32570776  0.22375167 -0.11315034 -0.62337834
  0.10855108  0.13944112 -0.46908209  0.21056621  0.26277907 -0.63698855
 -0.00984581  0.38701036  0.01105897  0.04356903 -0.5445279   0.5204322
  0.56674877  0.56000154  0.63638659  0.23296487 -0.17449174  0.5709137
 -0.16875973  0.42008412 -0.61791499  0.12657236  0.34228514 -0.63748746
  0.00320985 -0.22807034  0.07811087 -0.2952049   0.26969968 -0.50544769
 -0.29071269 -0.82523418 -0.49828796 -0.22820553 -0.19474221]
1680,[ 0.19394328  0.10223145 -0.07503     0.12813994  0.36577302  0.09346014
 -0.05079476  0.65821161  0.35896228 -0.5343646  -0.04647072 -0.1279485
  0.18457613  0.42259373 -0.32570815  0.2237624  -0.11314354 -0.62337426
  0.10854384  0.13944878 -0.46908321  0.21055937  0.26277677 -0.63699931
 -0.00985688  0.38700504  0.01107885  0.04356239 -0.54453668  0.52045023
  0.56673143  0.56000623  0.63639456  0.2329652  -0.17448502  0.57091559
 -0.16876706  0.42007927 -0.61791191  0.12656448  0.34228691 -0.63747416
  0.00319452 -0.22807165  0.07810182 -0.29520757  0.26970936 -0.50542607
 -0.29072504 -0.82523268 -0.49829298 -0.22820366 -0.19474575]
1681,[ 0.19395602  0.10223657 -0.07506264  0.12814699  0.3657803   0.09345234
 -0.05078332  0.65819941  0.35894969 -0.5343593  -0.04646888 -0.12793482
  0.18456938  0.42260659 -0.32570855  0.22377313 -0.11313674 -0.62337019
  0.10853661  0.13945642 -0.46908432  0.21055254  0.26277447 -0.63701006
 -0.00986794  0.38699972  0.0110987   0.04355575 -0.54454545  0.52046823
  0.56671411  0.56001091  0.63640252  0.23296553 -0.1744783   0.57091748
 -0.16877438  0.42007442 -0.61790883  0.12655661  0.34228867 -0.63746087
  0.00317921 -0.22807295  0.07809277 -0.29521024  0.26971904 -0.50540447
 -0.29073739 -0.82523118 -0.498298   -0.22820179 -0.19474928]
1682,[ 0.19396875  0.10224169 -0.07509525  0.12815403  0.36578758  0.09344454
 -0.05077189  0.65818723  0.3589371  -0.534354   -0.04646703 -0.12792115
  0.18456264  0.42261943 -0.32570894  0.22378384 -0.11312996 -0.62336612
  0.10852939  0.13946406 -0.46908544  0.21054572  0.26277217 -0.63702079
 -0.00987898  0.3869944   0.01111853  0.04354912 -0.54455421  0.52048621
  0.56669681  0.56001559  0.63641048  0.23296586 -0.17447159  0.57091937
 -0.16878169  0.42006958 -0.61790575  0.12654875  0.34229044 -0.6374476
  0.00316392 -0.22807425  0.07808374 -0.29521291  0.26972871 -0.5053829
 -0.29074972 -0.82522969 -0.49830301 -0.22819992 -0.19475281]
1683,[ 0.19398146  0.10224681 -0.07512782  0.12816107  0.36579484  0.09343675
 -0.05076048  0.65817506  0.35892454 -0.5343487  -0.04646519 -0.1279075
  0.18455591  0.42263226 -0.32570934  0.22379453 -0.11312318 -0.62336206
  0.10852218  0.13947169 -0.46908655  0.21053891  0.26276987 -0.63703152
 -0.00989001  0.38698909  0.01113834  0.0435425  -0.54456295  0.52050418
  0.56667953  0.56002026  0.63641842  0.23296619 -0.17446488  0.57092125
 -0.16878899  0.42006474 -0.61790268  0.12654089  0.3422922  -0.63743434
  0.00314865 -0.22807556  0.07807471 -0.29521557  0.26973836 -0.50536136
 -0.29076203 -0.82522819 -0.49830801 -0.22819806 -0.19475633]
1684,[ 0.19399415  0.10225192 -0.07516035  0.12816809  0.36580209  0.09342897
 -0.05074907  0.6581629   0.35891198 -0.53434342 -0.04646335 -0.12789386
  0.18454918  0.42264507 -0.32570973  0.22380522 -0.11311641 -0.62335801
  0.10851498  0.13947931 -0.46908766  0.21053211  0.26276758 -0.63704223
 -0.00990103  0.38698379  0.01115813  0.04353588 -0.54457169  0.52052212
  0.56666226  0.56002492  0.63642636  0.23296652 -0.17445818  0.57092313
 -0.16879629  0.42005991 -0.61789961  0.12653305  0.34229396 -0.6374211
  0.00313339 -0.22807686  0.0780657  -0.29521823  0.269748   -0.50533984
 -0.29077434 -0.8252267  -0.49831301 -0.22819619 -0.19475985]
1685,[ 0.19400683  0.10225702 -0.07519285  0.12817511  0.36580934  0.0934212
 -0.05073769  0.65815076  0.35889945 -0.53433814 -0.04646151 -0.12788024
  0.18454246  0.42265787 -0.32571012  0.22381589 -0.11310965 -0.62335395
  0.10850779  0.13948692 -0.46908877  0.21052531  0.26276529 -0.63705293
 -0.00991204  0.38697849  0.01117789  0.04352928 -0.54458042  0.52054005
  0.56664502  0.56002958  0.63643428  0.23296685 -0.17445149  0.57092501
 -0.16880357  0.42005509 -0.61789655  0.12652521  0.34229571 -0.63740787
  0.00311815 -0.22807816  0.0780567  -0.29522089  0.26975764 -0.50531834
 -0.29078662 -0.82522521 -0.498318   -0.22819433 -0.19476337]
1686,[ 0.1940195   0.10226212 -0.07522531  0.12818212  0.36581658  0.09341344
 -0.05072631  0.65813863  0.35888692 -0.53433286 -0.04645967 -0.12786663
  0.18453575  0.42267065 -0.32571052  0.22382655 -0.11310289 -0.62334991
  0.1085006   0.13949452 -0.46908988  0.21051852  0.262763   -0.63706361
 -0.00992303  0.3869732   0.01119763  0.04352268 -0.54458914  0.52055795
  0.56662779  0.56003423  0.6364422   0.23296718 -0.17444481  0.57092689
 -0.16881085  0.42005027 -0.61789348  0.12651738  0.34229747 -0.63739466
  0.00310293 -0.22807946  0.0780477  -0.29522354  0.26976726 -0.50529687
 -0.2907989  -0.82522372 -0.49832299 -0.22819247 -0.19476688]
1687,[ 0.19403215  0.10226721 -0.07525773  0.12818912  0.36582381  0.09340569
 -0.05071495  0.65812652  0.35887441 -0.53432759 -0.04645784 -0.12785304
  0.18452905  0.42268342 -0.32571091  0.2238372  -0.11309614 -0.62334586
  0.10849342  0.13950212 -0.46909098  0.21051174  0.26276071 -0.63707429
 -0.00993401  0.38696792  0.01121735  0.04351608 -0.54459785  0.52057583
  0.56661059  0.56003888  0.63645011  0.23296751 -0.17443814  0.57092876
 -0.16881812  0.42004545 -0.61789043  0.12650956  0.34229922 -0.63738146
  0.00308772 -0.22808075  0.07803872 -0.29522619  0.26977687 -0.50527542
 -0.29081116 -0.82522224 -0.49832797 -0.22819062 -0.19477039]
1688,[ 0.19404479  0.1022723  -0.07529012  0.12819612  0.36583103  0.09339795
 -0.0507036   0.65811442  0.35886192 -0.53432233 -0.04645601 -0.12783947
  0.18452236  0.42269618 -0.3257113   0.22384784 -0.1130894  -0.62334183
  0.10848625  0.1395097  -0.46909209  0.21050497  0.26275843 -0.63708495
 -0.00994498  0.38696264  0.01123705  0.0435095  -0.54460655  0.52059369
  0.5665934   0.56004353  0.63645801  0.23296784 -0.17443147  0.57093064
 -0.16882538  0.42004065 -0.61788737  0.12650175  0.34230097 -0.63736827
  0.00307253 -0.22808205  0.07802974 -0.29522884  0.26978647 -0.50525399
 -0.29082341 -0.82522075 -0.49833294 -0.22818876 -0.19477389]
1689,[ 0.19405741  0.10227738 -0.07532247  0.12820311  0.36583825  0.09339021
 -0.05069226  0.65810233  0.35884943 -0.53431707 -0.04645418 -0.12782591
  0.18451567  0.42270892 -0.32571169  0.22385846 -0.11308267 -0.62333779
  0.10847909  0.13951728 -0.4690932   0.2104982   0.26275615 -0.6370956
 -0.00995593  0.38695736  0.01125673  0.04350292 -0.54461524  0.52061154
  0.56657624  0.56004817  0.6364659   0.23296817 -0.17442481  0.57093251
 -0.16883264  0.42003584 -0.61788432  0.12649395  0.34230272 -0.6373551
  0.00305736 -0.22808334  0.07802078 -0.29523149  0.26979606 -0.50523259
 -0.29083564 -0.82521927 -0.49833791 -0.22818691 -0.19477739]
1690,[ 0.19407002  0.10228245 -0.07535478  0.12821009  0.36584545  0.09338249
 -0.05068093  0.65809025  0.35883696 -0.53431182 -0.04645235 -0.12781237
  0.18450899  0.42272164 -0.32571208  0.22386908 -0.11307595 -0.62333376
  0.10847193  0.13952485 -0.4690943   0.21049144  0.26275387 -0.63710624
 -0.00996688  0.3869521   0.01127638  0.04349635 -0.54462392  0.52062936
  0.56655909  0.5600528   0.63647378  0.23296849 -0.17441816  0.57093438
 -0.16883988  0.42003104 -0.61788127  0.12648616  0.34230447 -0.63734195
  0.00304221 -0.22808463  0.07801183 -0.29523413  0.26980564 -0.50521121
 -0.29084786 -0.82521779 -0.49834287 -0.22818506 -0.19478089]
1691,[ 0.19408262  0.10228752 -0.07538706  0.12821706  0.36585265  0.09337477
 -0.05066962  0.65807819  0.35882451 -0.53430658 -0.04645052 -0.12779884
  0.18450232  0.42273435 -0.32571247  0.22387968 -0.11306923 -0.62332974
  0.10846479  0.13953241 -0.4690954   0.21048469  0.26275159 -0.63711687
 -0.00997781  0.38694684  0.01129601  0.04348979 -0.54463259  0.52064716
  0.56654196  0.56005743  0.63648166  0.23296882 -0.17441152  0.57093624
 -0.16884712  0.42002625 -0.61787822  0.12647838  0.34230622 -0.63732881
  0.00302707 -0.22808592  0.07800288 -0.29523677  0.26981521 -0.50518986
 -0.29086006 -0.82521631 -0.49834783 -0.22818321 -0.19478438]
1692,[ 0.1940952   0.10229258 -0.0754193   0.12822402  0.36585984  0.09336706
 -0.05065832  0.65806615  0.35881207 -0.53430134 -0.0464487  -0.12778532
  0.18449565  0.42274705 -0.32571286  0.22389027 -0.11306252 -0.62332572
  0.10845765  0.13953996 -0.4690965   0.21047795  0.26274932 -0.63712749
 -0.00998873  0.38694158  0.01131562  0.04348323 -0.54464125  0.52066494
  0.56652485  0.56006205  0.63648952  0.23296915 -0.17440488  0.57093811
 -0.16885435  0.42002147 -0.61787518  0.1264706   0.34230796 -0.63731569
  0.00301195 -0.22808721  0.07799395 -0.29523941  0.26982476 -0.50516853
 -0.29087226 -0.82521483 -0.49835279 -0.22818136 -0.19478787]
1693,[ 0.19410777  0.10229764 -0.0754515   0.12823098  0.36586702  0.09335936
 -0.05064704  0.65805412  0.35879964 -0.5342961  -0.04644688 -0.12777182
  0.18448899  0.42275974 -0.32571325  0.22390085 -0.11305582 -0.6233217
  0.10845052  0.13954751 -0.4690976   0.21047121  0.26274705 -0.63713809
 -0.00999964  0.38693633  0.0113352   0.04347668 -0.5446499   0.52068271
  0.56650776  0.56006667  0.63649738  0.23296947 -0.17439825  0.57093997
 -0.16886157  0.42001668 -0.61787214  0.12646284  0.3423097  -0.63730258
  0.00299685 -0.2280885   0.07798503 -0.29524204  0.26983431 -0.50514723
 -0.29088443 -0.82521335 -0.49835773 -0.22817952 -0.19479135]
1694,[ 0.19412032  0.10230269 -0.07548367  0.12823792  0.36587419  0.09335167
 -0.05063576  0.6580421   0.35878723 -0.53429088 -0.04644506 -0.12775834
  0.18448234  0.4227724  -0.32571364  0.22391141 -0.11304912 -0.62331769
  0.1084434   0.13955504 -0.4690987   0.21046448  0.26274478 -0.63714868
 -0.01001053  0.38693109  0.01135477  0.04347014 -0.54465854  0.52070045
  0.56649069  0.56007128  0.63650523  0.2329698  -0.17439163  0.57094183
 -0.16886879  0.42001191 -0.61786911  0.12645508  0.34231144 -0.63728948
  0.00298176 -0.22808979  0.07797611 -0.29524467  0.26984384 -0.50512595
 -0.2908966  -0.82521188 -0.49836267 -0.22817767 -0.19479483]
1695,[ 0.19413286  0.10230774 -0.0755158   0.12824486  0.36588136  0.09334399
 -0.0506245   0.65803009  0.35877483 -0.53428565 -0.04644324 -0.12774487
  0.1844757   0.42278506 -0.32571403  0.22392196 -0.11304244 -0.62331368
  0.10843628  0.13956257 -0.4690998   0.21045776  0.26274251 -0.63715926
 -0.01002141  0.38692585  0.01137431  0.04346361 -0.54466717  0.52071817
  0.56647364  0.56007589  0.63651306  0.23297012 -0.17438501  0.57094369
 -0.16887599  0.42000714 -0.61786608  0.12644733  0.34231318 -0.6372764
  0.00296669 -0.22809107  0.07796721 -0.2952473   0.26985337 -0.50510469
 -0.29090875 -0.82521041 -0.49836761 -0.22817583 -0.19479831]
1696,[ 0.19414538  0.10231278 -0.0755479   0.1282518   0.36588852  0.09333631
 -0.05061325  0.6580181   0.35876245 -0.53428044 -0.04644142 -0.12773142
  0.18446907  0.4227977  -0.32571442  0.22393251 -0.11303576 -0.62330968
  0.10842918  0.13957008 -0.46910089  0.21045105  0.26274025 -0.63716983
 -0.01003228  0.38692062  0.01139383  0.04345708 -0.54467579  0.52073587
  0.56645661  0.56008049  0.63652089  0.23297045 -0.17437841  0.57094555
 -0.16888319  0.42000237 -0.61786305  0.12643959  0.34231491 -0.63726334
  0.00295164 -0.22809235  0.07795832 -0.29524992  0.26986288 -0.50508346
 -0.29092088 -0.82520893 -0.49837254 -0.22817399 -0.19480178]
1697,[ 0.19415789  0.10231781 -0.07557995  0.12825872  0.36589567  0.09332865
 -0.05060202  0.65800612  0.35875008 -0.53427523 -0.04643961 -0.12771798
  0.18446244  0.42281033 -0.3257148   0.22394304 -0.11302909 -0.62330568
  0.10842208  0.13957759 -0.46910199  0.21044434  0.26273799 -0.63718038
 -0.01004314  0.38691539  0.01141333  0.04345056 -0.54468441  0.52075356
  0.5664396   0.56008509  0.63652871  0.23297077 -0.17437181  0.5709474
 -0.16889038  0.41999761 -0.61786003  0.12643186  0.34231665 -0.63725029
  0.0029366  -0.22809364  0.07794943 -0.29525254  0.26987239 -0.50506225
 -0.29093301 -0.82520746 -0.49837747 -0.22817216 -0.19480525]
1698,[ 0.19417039  0.10232284 -0.07561198  0.12826564  0.36590281  0.09332099
 -0.0505908   0.65799415  0.35873772 -0.53427002 -0.0464378  -0.12770456
  0.18445582  0.42282294 -0.32571519  0.22395355 -0.11302242 -0.62330169
  0.10841499  0.13958509 -0.46910308  0.21043764  0.26273573 -0.63719093
 -0.01005399  0.38691017  0.01143281  0.04344405 -0.54469301  0.52077122
  0.56642261  0.56008968  0.63653653  0.2329711  -0.17436522  0.57094925
 -0.16889756  0.41999286 -0.61785701  0.12642414  0.34231838 -0.63723725
  0.00292159 -0.22809492  0.07794056 -0.29525516  0.26988188 -0.50504107
 -0.29094512 -0.825206   -0.49838238 -0.22817032 -0.19480871]
1699,[ 0.19418287  0.10232786 -0.07564397  0.12827255  0.36590994  0.09331334
 -0.05057958  0.6579822   0.35872538 -0.53426483 -0.04643599 -0.12769115
  0.18444921  0.42283553 -0.32571558  0.22396406 -0.11301576 -0.6232977
  0.10840791  0.13959259 -0.46910417  0.21043095  0.26273347 -0.63720146
 -0.01006482  0.38690496  0.01145226  0.04343755 -0.5447016   0.52078886
  0.56640563  0.56009427  0.63654433  0.23297142 -0.17435863  0.5709511
 -0.16890473  0.41998811 -0.61785399  0.12641642  0.34232011 -0.63722423
  0.00290658 -0.2280962   0.0779317  -0.29525778  0.26989136 -0.5050199
 -0.29095721 -0.82520453 -0.4983873  -0.22816849 -0.19481217]
1700,[ 0.19419534  0.10233288 -0.07567592  0.12827945  0.36591707  0.0933057
 -0.05056839  0.65797026  0.35871305 -0.53425963 -0.04643418 -0.12767776
  0.1844426   0.42284812 -0.32571596  0.22397456 -0.11300911 -0.62329372
  0.10840083  0.13960007 -0.46910527  0.21042427  0.26273122 -0.63721198
 -0.01007564  0.38689975  0.0114717   0.04343105 -0.54471018  0.52080648
  0.56638868  0.56009885  0.63655212  0.23297175 -0.17435205  0.57095295
 -0.16891189  0.41998336 -0.61785097  0.12640872  0.34232183 -0.63721123
  0.0028916  -0.22809747  0.07792284 -0.29526039  0.26990083 -0.50499877
 -0.2909693  -0.82520307 -0.49839221 -0.22816666 -0.19481563]
1701,[ 0.19420779  0.10233789 -0.07570783  0.12828634  0.36592418  0.09329807
 -0.0505572   0.65795834  0.35870074 -0.53425445 -0.04643237 -0.12766438
  0.184436    0.42286069 -0.32571635  0.22398504 -0.11300247 -0.62328974
  0.10839377  0.13960755 -0.46910635  0.21041759  0.26272897 -0.63722249
 -0.01008645  0.38689455  0.01149111  0.04342456 -0.54471875  0.52082409
  0.56637174  0.56010343  0.63655991  0.23297207 -0.17434548  0.5709548
 -0.16891905  0.41997863 -0.61784796  0.12640102  0.34232356 -0.63719823
  0.00287663 -0.22809875  0.077914   -0.295263    0.26991029 -0.50497765
 -0.29098136 -0.8252016  -0.49839711 -0.22816483 -0.19481908]
1702,[ 0.19422023  0.1023429  -0.07573971  0.12829322  0.36593129  0.09329045
 -0.05054603  0.65794643  0.35868844 -0.53424927 -0.04643057 -0.12765102
  0.18442941  0.42287324 -0.32571673  0.22399551 -0.11299584 -0.62328576
  0.10838671  0.13961501 -0.46910744  0.21041093  0.26272672 -0.63723298
 -0.01009725  0.38688935  0.0115105   0.04341808 -0.54472732  0.52084167
  0.56635483  0.560108    0.63656768  0.23297239 -0.17433892  0.57095664
 -0.1689262   0.41997389 -0.61784495  0.12639334  0.34232528 -0.63718526
  0.00286168 -0.22810002  0.07790517 -0.29526561  0.26991974 -0.50495656
 -0.29099342 -0.82520014 -0.49840201 -0.228163   -0.19482253]
1703,[ 0.19423266  0.1023479  -0.07577155  0.1283001   0.36593839  0.09328283
 -0.05053487  0.65793453  0.35867615 -0.53424409 -0.04642877 -0.12763767
  0.18442283  0.42288578 -0.32571712  0.22400597 -0.11298921 -0.62328179
  0.10837966  0.13962247 -0.46910853  0.21040426  0.26272448 -0.63724347
 -0.01010803  0.38688416  0.01152986  0.04341161 -0.54473587  0.52085923
  0.56633793  0.56011256  0.63657545  0.23297272 -0.17433237  0.57095848
 -0.16893334  0.41996916 -0.61784195  0.12638566  0.34232701 -0.63717229
  0.00284675 -0.2281013   0.07789634 -0.29526821  0.26992918 -0.5049355
 -0.29100546 -0.82519868 -0.4984069  -0.22816118 -0.19482598]
1704,[ 0.19424507  0.10235289 -0.07580336  0.12830697  0.36594549  0.09327523
 -0.05052372  0.65792265  0.35866388 -0.53423892 -0.04642697 -0.12762434
  0.18441626  0.42289831 -0.3257175   0.22401641 -0.11298259 -0.62327783
  0.10837262  0.13962992 -0.46910962  0.21039761  0.26272223 -0.63725394
 -0.01011881  0.38687898  0.01154921  0.04340514 -0.54474442  0.52087678
  0.56632105  0.56011712  0.63658321  0.23297304 -0.17432582  0.57096032
 -0.16894047  0.41996444 -0.61783895  0.12637799  0.34232873 -0.63715935
  0.00283183 -0.22810257  0.07788753 -0.29527081  0.26993861 -0.50491446
 -0.29101749 -0.82519722 -0.49841178 -0.22815936 -0.19482942]
1705,[ 0.19425747  0.10235788 -0.07583513  0.12831383  0.36595257  0.09326763
 -0.05051259  0.65791077  0.35865162 -0.53423376 -0.04642517 -0.12761102
  0.18440969  0.42291082 -0.32571789  0.22402685 -0.11297598 -0.62327386
  0.10836558  0.13963736 -0.4691107   0.21039097  0.26271999 -0.6372644
 -0.01012957  0.3868738   0.01156853  0.04339868 -0.54475295  0.5208943
  0.56630419  0.56012168  0.63659096  0.23297336 -0.17431928  0.57096216
 -0.1689476   0.41995972 -0.61783595  0.12637032  0.34233044 -0.63714641
  0.00281693 -0.22810384  0.07787873 -0.29527341  0.26994803 -0.50489344
 -0.2910295  -0.82519577 -0.49841666 -0.22815754 -0.19483285]
1706,[ 0.19426986  0.10236287 -0.07586687  0.12832069  0.36595965  0.09326004
 -0.05050146  0.65789892  0.35863937 -0.5342286  -0.04642338 -0.12759772
  0.18440313  0.42292332 -0.32571827  0.22403727 -0.11296937 -0.62326991
  0.10835856  0.1396448  -0.46911179  0.21038433  0.26271776 -0.63727485
 -0.01014031  0.38686862  0.01158783  0.04339223 -0.54476147  0.5209118
  0.56628735  0.56012623  0.6365987   0.23297368 -0.17431275  0.570964
 -0.16895471  0.41995501 -0.61783296  0.12636267  0.34233216 -0.63713349
  0.00280205 -0.22810511  0.07786993 -0.29527601  0.26995744 -0.50487244
 -0.2910415  -0.82519431 -0.49842154 -0.22815572 -0.19483629]
1707,[ 0.19428223  0.10236784 -0.07589857  0.12832754  0.36596672  0.09325247
 -0.05049035  0.65788707  0.35862714 -0.53422345 -0.04642158 -0.12758443
  0.18439657  0.42293581 -0.32571865  0.22404769 -0.11296278 -0.62326595
  0.10835154  0.13965222 -0.46911287  0.2103777   0.26271552 -0.63728529
 -0.01015105  0.38686346  0.01160711  0.04338578 -0.54476999  0.52092929
  0.56627053  0.56013078  0.63660644  0.232974   -0.17430622  0.57096583
 -0.16896182  0.41995031 -0.61782997  0.12635503  0.34233387 -0.63712059
  0.00278718 -0.22810638  0.07786115 -0.2952786   0.26996683 -0.50485147
 -0.29105349 -0.82519286 -0.49842641 -0.2281539  -0.19483972]
1708,[ 0.19429458  0.10237282 -0.07593023  0.12833438  0.36597378  0.09324489
 -0.05047926  0.65787524  0.35861492 -0.53421831 -0.04641979 -0.12757116
  0.18439003  0.42294828 -0.32571904  0.22405809 -0.11295619 -0.62326201
  0.10834453  0.13965964 -0.46911395  0.21037107  0.26271329 -0.63729571
 -0.01016177  0.38685829  0.01162637  0.04337934 -0.5447785   0.52094675
  0.56625372  0.56013532  0.63661416  0.23297432 -0.1742997   0.57096766
 -0.16896892  0.4199456  -0.61782698  0.12634739  0.34233559 -0.6371077
  0.00277233 -0.22810764  0.07785238 -0.29528119  0.26997622 -0.50483052
 -0.29106547 -0.82519141 -0.49843127 -0.22815209 -0.19484314]
1709,[ 0.19430692  0.10237778 -0.07596186  0.12834121  0.36598083  0.09323733
 -0.05046817  0.65786342  0.35860272 -0.53421317 -0.046418   -0.1275579
  0.18438349  0.42296073 -0.32571942  0.22406847 -0.11294961 -0.62325806
  0.10833752  0.13966705 -0.46911503  0.21036446  0.26271106 -0.63730613
 -0.01017249  0.38685314  0.01164561  0.04337291 -0.54478699  0.5209642
  0.56623694  0.56013985  0.63662188  0.23297464 -0.17429319  0.57096949
 -0.16897601  0.41994091 -0.617824    0.12633976  0.3423373  -0.63709482
  0.0027575  -0.22810891  0.07784361 -0.29528377  0.2699856  -0.5048096
 -0.29107743 -0.82518996 -0.49843613 -0.22815028 -0.19484657]
1710,[ 0.19431925  0.10238275 -0.07599346  0.12834803  0.36598788  0.09322978
 -0.0504571   0.65785162  0.35859053 -0.53420803 -0.04641621 -0.12754466
  0.18437696  0.42297318 -0.3257198   0.22407885 -0.11294303 -0.62325412
  0.10833053  0.13967445 -0.46911611  0.21035785  0.26270883 -0.63731653
 -0.01018319  0.38684799  0.01166482  0.04336649 -0.54479548  0.52098162
  0.56622018  0.56014438  0.63662958  0.23297496 -0.17428669  0.57097132
 -0.1689831   0.41993622 -0.61782102  0.12633215  0.342339   -0.63708196
  0.00274268 -0.22811017  0.07783486 -0.29528636  0.26999496 -0.5047887
 -0.29108937 -0.82518851 -0.49844099 -0.22814847 -0.19484998]
1711,[ 0.19433157  0.1023877  -0.07602501  0.12835485  0.36599492  0.09322223
 -0.05044604  0.65783983  0.35857835 -0.5342029  -0.04641443 -0.12753143
  0.18437043  0.42298561 -0.32572018  0.22408922 -0.11293646 -0.62325019
  0.10832354  0.13968184 -0.46911719  0.21035125  0.2627066  -0.63732692
 -0.01019387  0.38684285  0.01168402  0.04336007 -0.54480395  0.52099903
  0.56620343  0.56014891  0.63663728  0.23297528 -0.17428019  0.57097314
 -0.16899017  0.41993153 -0.61781804  0.12632454  0.34234071 -0.63706912
  0.00272788 -0.22811143  0.07782611 -0.29528894  0.27000432 -0.50476782
 -0.29110131 -0.82518706 -0.49844583 -0.22814666 -0.1948534 ]
1712,[ 0.19434387  0.10239265 -0.07605654  0.12836165  0.36600195  0.0932147
 -0.05043499  0.65782805  0.35856619 -0.53419778 -0.04641264 -0.12751822
  0.18436392  0.42299802 -0.32572056  0.22409957 -0.1129299  -0.62324626
  0.10831656  0.13968922 -0.46911826  0.21034466  0.26270438 -0.6373373
 -0.01020455  0.38683771  0.01170319  0.04335366 -0.54481242  0.52101642
  0.5661867   0.56015343  0.63664497  0.2329756  -0.1742737   0.57097497
 -0.16899724  0.41992685 -0.61781506  0.12631693  0.34234242 -0.63705629
  0.0027131  -0.22811269  0.07781738 -0.29529152  0.27001366 -0.50474697
 -0.29111323 -0.82518562 -0.49845068 -0.22814485 -0.19485681]
1713,[ 0.19435616  0.1023976  -0.07608802  0.12836846  0.36600897  0.09320717
 -0.05042396  0.65781628  0.35855404 -0.53419266 -0.04641086 -0.12750502
  0.18435741  0.42301042 -0.32572095  0.22410991 -0.11292335 -0.62324233
  0.10830959  0.1396966  -0.46911934  0.21033807  0.26270216 -0.63734766
 -0.01021521  0.38683257  0.01172234  0.04334726 -0.54482088  0.52103378
  0.56616999  0.56015794  0.63665265  0.23297592 -0.17426722  0.57097679
 -0.1690043   0.41992218 -0.61781209  0.12630934  0.34234412 -0.63704347
  0.00269833 -0.22811395  0.07780866 -0.29529409  0.27002299 -0.50472614
 -0.29112513 -0.82518417 -0.49845551 -0.22814305 -0.19486021]
1714,[ 0.19436843  0.10240253 -0.07611947  0.12837525  0.36601598  0.09319965
 -0.05041294  0.65780453  0.3585419  -0.53418755 -0.04640908 -0.12749184
  0.18435091  0.42302281 -0.32572133  0.22412024 -0.1129168  -0.62323841
  0.10830263  0.13970396 -0.46912041  0.21033149  0.26269994 -0.63735802
 -0.01022587  0.38682745  0.01174147  0.04334086 -0.54482933  0.52105113
  0.5661533   0.56016245  0.63666032  0.23297624 -0.17426075  0.57097861
 -0.16901136  0.41991751 -0.61780913  0.12630176  0.34234582 -0.63703067
  0.00268358 -0.22811521  0.07779994 -0.29529666  0.27003232 -0.50470533
 -0.29113703 -0.82518273 -0.49846034 -0.22814125 -0.19486362]
1715,[ 0.19438069  0.10240747 -0.07615089  0.12838203  0.36602299  0.09319214
 -0.05040192  0.65779279  0.35852978 -0.53418245 -0.04640731 -0.12747867
  0.18434441  0.42303518 -0.32572171  0.22413056 -0.11291027 -0.62323449
  0.10829567  0.13971132 -0.46912148  0.21032492  0.26269773 -0.63736836
 -0.01023651  0.38682233  0.01176058  0.04333447 -0.54483777  0.52106846
  0.56613663  0.56016696  0.63666799  0.23297656 -0.17425428  0.57098043
 -0.1690184   0.41991284 -0.61780616  0.12629418  0.34234752 -0.63701788
  0.00266885 -0.22811647  0.07779124 -0.29529923  0.27004163 -0.50468455
 -0.29114891 -0.82518129 -0.49846517 -0.22813945 -0.19486702]
1716,[ 0.19439293  0.1024124  -0.07618227  0.12838881  0.36602999  0.09318463
 -0.05039093  0.65778107  0.35851767 -0.53417735 -0.04640553 -0.12746552
  0.18433793  0.42304754 -0.32572208  0.22414087 -0.11290374 -0.62323058
  0.10828873  0.13971867 -0.46912256  0.21031836  0.26269551 -0.6373787
 -0.01024713  0.38681721  0.01177966  0.04332809 -0.5448462   0.52108576
  0.56611998  0.56017146  0.63667564  0.23297688 -0.17424782  0.57098224
 -0.16902544  0.41990818 -0.6178032   0.12628661  0.34234921 -0.6370051
  0.00265413 -0.22811772  0.07778254 -0.2953018   0.27005093 -0.50466379
 -0.29116077 -0.82517985 -0.49846999 -0.22813765 -0.19487041]
1717,[ 0.19440517  0.10241732 -0.07621362  0.12839558  0.36603698  0.09317714
 -0.05037994  0.65776936  0.35850558 -0.53417225 -0.04640376 -0.12745238
  0.18433145  0.42305988 -0.32572246  0.22415116 -0.11289721 -0.62322667
  0.10828179  0.13972602 -0.46912363  0.2103118   0.2626933  -0.63738902
 -0.01025775  0.3868121   0.01179873  0.04332172 -0.54485462  0.52110305
  0.56610335  0.56017595  0.63668329  0.23297719 -0.17424137  0.57098405
 -0.16903247  0.41990353 -0.61780025  0.12627906  0.34235091 -0.63699234
  0.00263943 -0.22811897  0.07777386 -0.29530436  0.27006022 -0.50464305
 -0.29117263 -0.82517841 -0.49847481 -0.22813586 -0.1948738 ]
1718,[ 0.19441738  0.10242224 -0.07624493  0.12840234  0.36604396  0.09316965
 -0.05036897  0.65775766  0.3584935  -0.53416717 -0.04640199 -0.12743926
  0.18432497  0.42307221 -0.32572284  0.22416145 -0.1128907  -0.62322276
  0.10827485  0.13973335 -0.4691247   0.21030525  0.2626911  -0.63739932
 -0.01026835  0.386807    0.01181777  0.04331535 -0.54486303  0.52112032
  0.56608673  0.56018044  0.63669093  0.23297751 -0.17423492  0.57098586
 -0.16903949  0.41989888 -0.61779729  0.12627151  0.3423526  -0.6369796
  0.00262475 -0.22812023  0.07776518 -0.29530692  0.2700695  -0.50462234
 -0.29118447 -0.82517698 -0.49847962 -0.22813406 -0.19487719]
1719,[ 0.19442959  0.10242715 -0.0762762   0.1284091   0.36605093  0.09316217
 -0.05035801  0.65774597  0.35848143 -0.53416208 -0.04640022 -0.12742615
  0.18431851  0.42308453 -0.32572322  0.22417172 -0.11288419 -0.62321886
  0.10826793  0.13974067 -0.46912576  0.21029871  0.26268889 -0.63740962
 -0.01027895  0.3868019   0.01183679  0.04330899 -0.54487143  0.52113757
  0.56607014  0.56018493  0.63669855  0.23297783 -0.17422848  0.57098767
 -0.1690465   0.41989424 -0.61779434  0.12626396  0.34235429 -0.63696687
  0.00261008 -0.22812148  0.07775652 -0.29530948  0.27007878 -0.50460165
 -0.29119629 -0.82517555 -0.49848442 -0.22813227 -0.19488057]
1720,[ 0.19444178  0.10243205 -0.07630744  0.12841585  0.3660579   0.0931547
 -0.05034706  0.6577343   0.35846938 -0.53415701 -0.04639845 -0.12741305
  0.18431205  0.42309683 -0.3257236   0.22418198 -0.11287769 -0.62321497
  0.10826101  0.13974799 -0.46912683  0.21029218  0.26268669 -0.63741991
 -0.01028953  0.38679681  0.01185579  0.04330264 -0.54487982  0.5211548
  0.56605356  0.56018941  0.63670617  0.23297814 -0.17422205  0.57098948
 -0.1690535   0.4198896  -0.61779139  0.12625643  0.34235598 -0.63695415
  0.00259543 -0.22812273  0.07774786 -0.29531203  0.27008804 -0.50458099
 -0.29120811 -0.82517411 -0.49848922 -0.22813048 -0.19488395]
1721,[ 0.19445396  0.10243695 -0.07633864  0.12842259  0.36606486  0.09314724
 -0.05033612  0.65772264  0.35845734 -0.53415194 -0.04639668 -0.12739997
  0.1843056   0.42310912 -0.32572398  0.22419223 -0.11287119 -0.62321108
  0.10825411  0.1397553  -0.4691279   0.21028565  0.26268449 -0.63743018
 -0.0103001   0.38679172  0.01187477  0.0432963  -0.5448882   0.52117201
  0.566037    0.56019388  0.63671379  0.23297846 -0.17421563  0.57099129
 -0.1690605   0.41988497 -0.61778845  0.12624891  0.34235767 -0.63694145
  0.00258079 -0.22812397  0.07773921 -0.29531458  0.27009729 -0.50456034
 -0.2912199  -0.82517268 -0.49849401 -0.22812869 -0.19488733]
1722,[ 0.19446612  0.10244185 -0.07636981  0.12842932  0.36607181  0.09313979
 -0.0503252   0.657711    0.35844531 -0.53414687 -0.04639492 -0.12738691
  0.18429916  0.4231214  -0.32572435  0.22420247 -0.11286471 -0.62320719
  0.1082472   0.1397626  -0.46912896  0.21027913  0.26268229 -0.63744044
 -0.01031065  0.38678664  0.01189372  0.04328996 -0.54489657  0.5211892
  0.56602046  0.56019835  0.63672139  0.23297878 -0.17420921  0.57099309
 -0.16906749  0.41988034 -0.61778551  0.12624139  0.34235935 -0.63692876
  0.00256618 -0.22812522  0.07773058 -0.29531713  0.27010652 -0.50453972
 -0.29123169 -0.82517125 -0.4984988  -0.22812691 -0.1948907 ]
1723,[ 0.19447827  0.10244674 -0.07640095  0.12843604  0.36607875  0.09313235
 -0.05031429  0.65769936  0.3584333  -0.53414181 -0.04639316 -0.12737386
  0.18429272  0.42313366 -0.32572473  0.22421269 -0.11285823 -0.62320331
  0.10824031  0.13976989 -0.46913002  0.21027262  0.26268009 -0.63745069
 -0.0103212   0.38678157  0.01191266  0.04328363 -0.54490494  0.52120638
  0.56600394  0.56020281  0.63672898  0.23297909 -0.1742028   0.57099489
 -0.16907447  0.41987571 -0.61778257  0.12623388  0.34236104 -0.63691609
  0.00255158 -0.22812647  0.07772195 -0.29531968  0.27011575 -0.50451913
 -0.29124346 -0.82516983 -0.49850358 -0.22812512 -0.19489407]
1724,[ 0.1944904   0.10245162 -0.07643205  0.12844276  0.36608569  0.09312491
 -0.05030339  0.65768774  0.3584213  -0.53413676 -0.0463914  -0.12736082
  0.18428629  0.42314591 -0.3257251   0.22422291 -0.11285176 -0.62319943
  0.10823343  0.13977718 -0.46913109  0.21026611  0.2626779  -0.63746093
 -0.01033173  0.3867765   0.01193157  0.04327731 -0.54491329  0.52122353
  0.56598744  0.56020727  0.63673657  0.23297941 -0.1741964   0.57099669
 -0.16908145  0.4198711  -0.61777964  0.12622638  0.34236272 -0.63690343
  0.00253699 -0.22812771  0.07771333 -0.29532222  0.27012497 -0.50449855
 -0.29125522 -0.8251684  -0.49850836 -0.22812334 -0.19489743]
1725,[ 0.19450253  0.1024565  -0.07646311  0.12844947  0.36609261  0.09311748
 -0.0502925   0.65767614  0.35840931 -0.53413171 -0.04638964 -0.1273478
  0.18427987  0.42315814 -0.32572548  0.22423311 -0.11284529 -0.62319556
  0.10822655  0.13978445 -0.46913215  0.21025961  0.26267571 -0.63747116
 -0.01034225  0.38677143  0.01195047  0.04327099 -0.54492163  0.52124066
  0.56597096  0.56021173  0.63674415  0.23297972 -0.17419001  0.57099849
 -0.16908841  0.41986649 -0.61777671  0.12621889  0.3423644  -0.63689078
  0.00252242 -0.22812895  0.07770473 -0.29532476  0.27013418 -0.504478
 -0.29126697 -0.82516698 -0.49851313 -0.22812156 -0.19490079]
1726,[ 0.19451463  0.10246137 -0.07649414  0.12845617  0.36609953  0.09311007
 -0.05028163  0.65766454  0.35839734 -0.53412667 -0.04638789 -0.1273348
  0.18427346  0.42317036 -0.32572585  0.2242433  -0.11283883 -0.62319169
  0.10821968  0.13979172 -0.46913321  0.21025312  0.26267352 -0.63748138
 -0.01035276  0.38676638  0.01196934  0.04326468 -0.54492997  0.52125778
  0.56595449  0.56021618  0.63675172  0.23298004 -0.17418362  0.57100028
 -0.16909537  0.41986188 -0.61777378  0.12621141  0.34236608 -0.63687815
  0.00250787 -0.22813019  0.07769613 -0.2953273   0.27014338 -0.50445748
 -0.2912787  -0.82516555 -0.4985179  -0.22811979 -0.19490415]
1727,[ 0.19452673  0.10246624 -0.07652513  0.12846286  0.36610645  0.09310265
 -0.05027077  0.65765296  0.35838538 -0.53412163 -0.04638613 -0.12732181
  0.18426705  0.42318257 -0.32572623  0.22425348 -0.11283238 -0.62318782
  0.10821282  0.13979898 -0.46913426  0.21024664  0.26267134 -0.63749158
 -0.01036326  0.38676132  0.01198819  0.04325838 -0.54493829  0.52127487
  0.56593804  0.56022062  0.63675928  0.23298035 -0.17417724  0.57100207
 -0.16910232  0.41985728 -0.61777086  0.12620393  0.34236775 -0.63686553
  0.00249334 -0.22813143  0.07768754 -0.29532983  0.27015257 -0.50443697
 -0.29129043 -0.82516413 -0.49852266 -0.22811801 -0.1949075 ]
1728,[ 0.19453881  0.1024711  -0.07655609  0.12846955  0.36611335  0.09309525
 -0.05025992  0.65764139  0.35837343 -0.5341166  -0.04638438 -0.12730883
  0.18426065  0.42319476 -0.3257266   0.22426365 -0.11282594 -0.62318396
  0.10820596  0.13980623 -0.46913532  0.21024017  0.26266915 -0.63750178
 -0.01037374  0.38675628  0.01200702  0.04325208 -0.54494661  0.52129195
  0.56592162  0.56022506  0.63676683  0.23298066 -0.17417087  0.57100386
 -0.16910926  0.41985268 -0.61776794  0.12619647  0.34236943 -0.63685293
  0.00247882 -0.22813267  0.07767896 -0.29533237  0.27016174 -0.50441649
 -0.29130213 -0.82516271 -0.49852742 -0.22811624 -0.19491085]
1729,[ 0.19455088  0.10247596 -0.07658702  0.12847623  0.36612025  0.09308786
 -0.05024908  0.65762984  0.3583615  -0.53411158 -0.04638263 -0.12729587
  0.18425426  0.42320694 -0.32572698  0.22427381 -0.1128195  -0.62318011
  0.10819912  0.13981348 -0.46913638  0.2102337   0.26266697 -0.63751196
 -0.01038421  0.38675124  0.01202583  0.0432458  -0.54495492  0.521309
  0.56590521  0.5602295   0.63677437  0.23298098 -0.1741645   0.57100565
 -0.16911619  0.41984809 -0.61776502  0.12618901  0.3423711  -0.63684034
  0.00246431 -0.22813391  0.07767039 -0.29533489  0.27017091 -0.50439603
 -0.29131383 -0.8251613  -0.49853217 -0.22811447 -0.1949142 ]
1730,[ 0.19456293  0.10248081 -0.0766179   0.1284829   0.36612713  0.09308047
 -0.05023825  0.6576183   0.35834958 -0.53410656 -0.04638088 -0.12728292
  0.18424787  0.42321911 -0.32572735  0.22428395 -0.11281308 -0.62317626
  0.10819228  0.13982071 -0.46913743  0.21022724  0.2626648  -0.63752213
 -0.01039468  0.3867462   0.01204461  0.04323952 -0.54496321  0.52132604
  0.56588881  0.56023392  0.63678191  0.23298129 -0.17415814  0.57100744
 -0.16912312  0.4198435  -0.6177621   0.12618156  0.34237277 -0.63682777
  0.00244983 -0.22813514  0.07766183 -0.29533742  0.27018007 -0.5043756
 -0.29132551 -0.82515988 -0.49853691 -0.2281127  -0.19491754]
1731,[ 0.19457497  0.10248565 -0.07664876  0.12848957  0.36613402  0.0930731
 -0.05022744  0.65760677  0.35833768 -0.53410154 -0.04637914 -0.12726999
  0.18424149  0.42323126 -0.32572772  0.22429409 -0.11280665 -0.62317241
  0.10818545  0.13982794 -0.46913849  0.21022078  0.26266262 -0.63753229
 -0.01040513  0.38674117  0.01206338  0.04323324 -0.5449715   0.52134306
  0.56587244  0.56023835  0.63678944  0.2329816  -0.17415179  0.57100922
 -0.16913004  0.41983892 -0.61775919  0.12617412  0.34237444 -0.63681521
  0.00243536 -0.22813637  0.07765329 -0.29533994  0.27018921 -0.50435519
 -0.29133717 -0.82515847 -0.49854165 -0.22811093 -0.19492088]
1732,[ 0.194587    0.10249049 -0.07667958  0.12849622  0.36614089  0.09306573
 -0.05021664  0.65759525  0.35832579 -0.53409653 -0.04637739 -0.12725707
  0.18423512  0.42324339 -0.3257281   0.22430421 -0.11280024 -0.62316857
  0.10817862  0.13983516 -0.46913954  0.21021434  0.26266045 -0.63754243
 -0.01041556  0.38673615  0.01208213  0.04322697 -0.54497978  0.52136006
  0.56585609  0.56024277  0.63679695  0.23298191 -0.17414545  0.57101101
 -0.16913695  0.41983434 -0.61775629  0.12616669  0.3423761  -0.63680266
  0.0024209  -0.22813761  0.07764475 -0.29534246  0.27019835 -0.5043348
 -0.29134883 -0.82515705 -0.49854638 -0.22810916 -0.19492421]
1733,[ 0.19459901  0.10249533 -0.07671036  0.12850287  0.36614775  0.09305837
 -0.05020585  0.65758375  0.35831391 -0.53409153 -0.04637565 -0.12724417
  0.18422876  0.42325552 -0.32572847  0.22431432 -0.11279383 -0.62316473
  0.10817181  0.13984237 -0.46914059  0.2102079   0.26265828 -0.63755257
 -0.01042599  0.38673113  0.01210085  0.04322072 -0.54498805  0.52137704
  0.56583975  0.56024718  0.63680446  0.23298223 -0.17413911  0.57101279
 -0.16914385  0.41982977 -0.61775338  0.12615927  0.34237777 -0.63679013
  0.00240647 -0.22813884  0.07763622 -0.29534498  0.27020747 -0.50431443
 -0.29136047 -0.82515564 -0.49855111 -0.2281074  -0.19492754]
1734,[ 0.19461101  0.10250015 -0.07674111  0.12850951  0.36615461  0.09305101
 -0.05019507  0.65757226  0.35830204 -0.53408653 -0.04637391 -0.12723128
  0.1842224   0.42326763 -0.32572884  0.22432442 -0.11278743 -0.62316089
  0.108165    0.13984957 -0.46914164  0.21020147  0.26265611 -0.6375627
 -0.0104364   0.38672612  0.01211955  0.04321446 -0.54499631  0.521394
  0.56582343  0.56025159  0.63681196  0.23298254 -0.17413278  0.57101457
 -0.16915075  0.41982521 -0.61775048  0.12615185  0.34237943 -0.63677762
  0.00239205 -0.22814007  0.07762769 -0.2953475   0.27021659 -0.50429409
 -0.2913721  -0.82515423 -0.49855584 -0.22810564 -0.19493087]
1735,[ 0.194623    0.10250498 -0.07677183  0.12851615  0.36616146  0.09304367
 -0.05018431  0.65756079  0.35829019 -0.53408154 -0.04637218 -0.1272184
  0.18421605  0.42327973 -0.32572921  0.22433451 -0.11278104 -0.62315706
  0.1081582   0.13985677 -0.46914269  0.21019504  0.26265394 -0.63757281
 -0.01044681  0.38672111  0.01213823  0.04320822 -0.54500456  0.52141094
  0.56580713  0.560256    0.63681946  0.23298285 -0.17412646  0.57101634
 -0.16915764  0.41982065 -0.61774758  0.12614444  0.34238109 -0.63676511
  0.00237764 -0.2281413   0.07761918 -0.29535001  0.27022569 -0.50427377
 -0.29138371 -0.82515282 -0.49856056 -0.22810388 -0.19493419]
1736,[ 0.19463497  0.1025098  -0.07680251  0.12852277  0.3661683   0.09303633
 -0.05017355  0.65754932  0.35827835 -0.53407656 -0.04637044 -0.12720554
  0.18420971  0.42329181 -0.32572958  0.22434459 -0.11277466 -0.62315324
  0.1081514   0.13986395 -0.46914374  0.21018862  0.26265178 -0.63758291
 -0.0104572   0.38671611  0.01215689  0.04320198 -0.5450128   0.52142786
  0.56579085  0.5602604   0.63682694  0.23298316 -0.17412014  0.57101812
 -0.16916452  0.41981609 -0.61774469  0.12613705  0.34238275 -0.63675262
  0.00236325 -0.22814252  0.07761068 -0.29535252  0.27023479 -0.50425347
 -0.29139532 -0.82515142 -0.49856527 -0.22810212 -0.19493751]
1737,[ 0.19464693  0.10251461 -0.07683316  0.12852939  0.36617514  0.09302901
 -0.05016281  0.65753787  0.35826653 -0.53407158 -0.04636871 -0.1271927
  0.18420337  0.42330388 -0.32572995  0.22435465 -0.11276828 -0.62314941
  0.10814462  0.13987113 -0.46914478  0.21018221  0.26264962 -0.637593
 -0.01046758  0.38671111  0.01217553  0.04319575 -0.54502103  0.52144476
  0.56577459  0.56026479  0.63683442  0.23298347 -0.17411383  0.57101989
 -0.16917139  0.41981154 -0.6177418   0.12612966  0.34238441 -0.63674015
  0.00234888 -0.22814375  0.07760219 -0.29535502  0.27024387 -0.5042332
 -0.2914069  -0.82515001 -0.49856998 -0.22810036 -0.19494083]
1738,[ 0.19465888  0.10251942 -0.07686377  0.128536    0.36618196  0.09302169
 -0.05015209  0.65752643  0.35825471 -0.5340666  -0.04636697 -0.12717986
  0.18419704  0.42331594 -0.32573032  0.22436471 -0.11276191 -0.6231456
  0.10813784  0.1398783  -0.46914583  0.21017581  0.26264746 -0.63760308
 -0.01047795  0.38670612  0.01219415  0.04318952 -0.54502926  0.52146165
  0.56575835  0.56026918  0.63684188  0.23298378 -0.17410753  0.57102166
 -0.16917825  0.419807   -0.61773891  0.12612227  0.34238606 -0.63672769
  0.00233452 -0.22814497  0.07759371 -0.29535753  0.27025295 -0.50421295
 -0.29141848 -0.82514861 -0.49857468 -0.22809861 -0.19494414]
1739,[ 0.19467081  0.10252422 -0.07689435  0.12854261  0.36618878  0.09301438
 -0.05014137  0.65751501  0.35824292 -0.53406163 -0.04636524 -0.12716705
  0.18419072  0.42332798 -0.32573069  0.22437475 -0.11275554 -0.62314178
  0.10813107  0.13988546 -0.46914687  0.21016941  0.2626453  -0.63761315
 -0.0104883   0.38670114  0.01221275  0.04318331 -0.54503747  0.52147851
  0.56574212  0.56027356  0.63684934  0.23298409 -0.17410124  0.57102343
 -0.16918511  0.41980246 -0.61773602  0.1261149   0.34238772 -0.63671524
  0.00232018 -0.22814619  0.07758524 -0.29536003  0.27026201 -0.50419272
 -0.29143004 -0.82514721 -0.49857938 -0.22809686 -0.19494745]
1740,[ 0.19468273  0.10252901 -0.07692489  0.12854921  0.36619559  0.09300707
 -0.05013066  0.6575036   0.35823113 -0.53405667 -0.04636352 -0.12715425
  0.18418441  0.42334001 -0.32573106  0.22438478 -0.11274919 -0.62313798
  0.10812431  0.13989262 -0.46914791  0.21016303  0.26264315 -0.6376232
 -0.01049865  0.38669616  0.01223132  0.0431771  -0.54504567  0.52149536
  0.56572591  0.56027794  0.63685679  0.2329844  -0.17409495  0.5710252
 -0.16919196  0.41979792 -0.61773314  0.12610753  0.34238937 -0.63670281
  0.00230586 -0.22814742  0.07757677 -0.29536252  0.27027107 -0.50417251
 -0.29144159 -0.82514581 -0.49858407 -0.22809511 -0.19495075]
1741,[ 0.19469463  0.10253381 -0.0769554   0.1285558   0.3662024   0.09299978
 -0.05011997  0.6574922   0.35821936 -0.53405171 -0.04636179 -0.12714146
  0.1841781   0.42335202 -0.32573143  0.2243948  -0.11274284 -0.62313417
  0.10811756  0.13989976 -0.46914896  0.21015664  0.262641   -0.63763325
 -0.01050898  0.38669119  0.01224988  0.04317089 -0.54505387  0.52151219
  0.56570972  0.56028232  0.63686424  0.23298471 -0.17408867  0.57102696
 -0.1691988   0.41979339 -0.61773026  0.12610018  0.34239102 -0.63669039
  0.00229155 -0.22814864  0.07756832 -0.29536502  0.27028011 -0.50415233
 -0.29145313 -0.82514441 -0.49858876 -0.22809336 -0.19495405]
1742,[ 0.19470652  0.10253859 -0.07698587  0.12856238  0.36620919  0.09299249
 -0.05010929  0.65748081  0.3582076  -0.53404676 -0.04636007 -0.12712868
  0.1841718   0.42336402 -0.3257318   0.22440481 -0.1127365  -0.62313037
  0.10811081  0.1399069  -0.46915     0.21015027  0.26263885 -0.63764328
 -0.0105193   0.38668622  0.01226841  0.0431647  -0.54506205  0.52152899
  0.56569355  0.56028669  0.63687167  0.23298502 -0.17408239  0.57102872
 -0.16920563  0.41978887 -0.61772739  0.12609283  0.34239267 -0.63667798
  0.00227726 -0.22814985  0.07755988 -0.29536751  0.27028914 -0.50413217
 -0.29146465 -0.82514301 -0.49859344 -0.22809162 -0.19495735]
1743,[ 0.1947184   0.10254337 -0.07701631  0.12856895  0.36621598  0.09298521
 -0.05009862  0.65746944  0.35819585 -0.53404181 -0.04635834 -0.12711592
  0.18416551  0.42337601 -0.32573217  0.22441481 -0.11273016 -0.62312658
  0.10810407  0.13991403 -0.46915104  0.2101439   0.2626367  -0.63765331
 -0.01052961  0.38668126  0.01228693  0.04315851 -0.54507023  0.52154578
  0.5656774   0.56029105  0.6368791   0.23298533 -0.17407613  0.57103048
 -0.16921246  0.41978435 -0.61772452  0.12608549  0.34239431 -0.63666559
  0.00226298 -0.22815107  0.07755144 -0.29537     0.27029817 -0.50411203
 -0.29147616 -0.82514161 -0.49859811 -0.22808987 -0.19496064]
1744,[ 0.19473027  0.10254815 -0.07704672  0.12857552  0.36622276  0.09297794
 -0.05008797  0.65745808  0.35818412 -0.53403687 -0.04635662 -0.12710318
  0.18415922  0.42338799 -0.32573254  0.2244248  -0.11272383 -0.62312278
  0.10809734  0.13992115 -0.46915207  0.21013754  0.26263456 -0.63766332
 -0.01053991  0.3866763   0.01230542  0.04315232 -0.5450784   0.52156255
  0.56566126  0.56029541  0.63688651  0.23298563 -0.17406987  0.57103224
 -0.16921928  0.41977983 -0.61772165  0.12607816  0.34239596 -0.63665321
  0.00224872 -0.22815229  0.07754302 -0.29537249  0.27030718 -0.50409192
 -0.29148766 -0.82514022 -0.49860278 -0.22808813 -0.19496393]
1745,[ 0.19474212  0.10255292 -0.07707709  0.12858208  0.36622954  0.09297068
 -0.05007732  0.65744673  0.3581724  -0.53403193 -0.0463549  -0.12709045
  0.18415295  0.42339995 -0.3257329   0.22443477 -0.11271751 -0.623119
  0.10809061  0.13992827 -0.46915311  0.21013119  0.26263242 -0.63767332
 -0.01055019  0.38667135  0.01232389  0.04314615 -0.54508656  0.52157931
  0.56564515  0.56029977  0.63689392  0.23298594 -0.17406362  0.571034
 -0.16922609  0.41977532 -0.61771878  0.12607083  0.3423976  -0.63664085
  0.00223448 -0.2281535   0.0775346  -0.29537497  0.27031618 -0.50407183
 -0.29149915 -0.82513883 -0.49860745 -0.22808639 -0.19496722]
1746,[ 0.19475396  0.10255768 -0.07710743  0.12858863  0.3662363   0.09296343
 -0.05006669  0.65743539  0.3581607  -0.534027   -0.04635319 -0.12707773
  0.18414667  0.4234119  -0.32573327  0.22444474 -0.1127112  -0.62311521
  0.1080839   0.13993537 -0.46915415  0.21012485  0.26263028 -0.6376833
 -0.01056047  0.38666641  0.01234234  0.04313998 -0.54509471  0.52159604
  0.56562905  0.56030412  0.63690132  0.23298625 -0.17405737  0.57103575
 -0.16923289  0.41977082 -0.61771592  0.12606352  0.34239924 -0.6366285
  0.00222025 -0.22815471  0.07752619 -0.29537745  0.27032518 -0.50405176
 -0.29151062 -0.82513744 -0.49861211 -0.22808465 -0.1949705 ]
1747,[ 0.19476578  0.10256244 -0.07713773  0.12859518  0.36624306  0.09295618
 -0.05005607  0.65742407  0.35814901 -0.53402208 -0.04635147 -0.12706503
  0.18414041  0.42342383 -0.32573364  0.22445469 -0.11270489 -0.62311144
  0.10807719  0.13994247 -0.46915518  0.21011851  0.26262814 -0.63769328
 -0.01057073  0.38666147  0.01236078  0.04313382 -0.54510285  0.52161275
  0.56561297  0.56030846  0.63690871  0.23298656 -0.17405113  0.57103751
 -0.16923969  0.41976632 -0.61771306  0.12605621  0.34240088 -0.63661616
  0.00220604 -0.22815593  0.0775178  -0.29537993  0.27033416 -0.50403171
 -0.29152208 -0.82513605 -0.49861676 -0.22808292 -0.19497378]
1748,[ 0.1947776   0.10256719 -0.077168    0.12860171  0.36624981  0.09294894
 -0.05004546  0.65741276  0.35813733 -0.53401716 -0.04634976 -0.12705234
  0.18413415  0.42343575 -0.325734    0.22446463 -0.11269859 -0.62310766
  0.10807048  0.13994956 -0.46915622  0.21011218  0.262626   -0.63770325
 -0.01058098  0.38665653  0.01237918  0.04312766 -0.54511098  0.52162945
  0.56559691  0.56031281  0.6369161   0.23298686 -0.1740449   0.57103926
 -0.16924647  0.41976183 -0.61771021  0.12604891  0.34240251 -0.63660384
  0.00219184 -0.22815714  0.07750941 -0.2953824   0.27034313 -0.50401169
 -0.29153352 -0.82513466 -0.49862141 -0.22808118 -0.19497706]
1749,[ 0.19478939  0.10257194 -0.07719824  0.12860824  0.36625655  0.09294172
 -0.05003487  0.65740146  0.35812566 -0.53401225 -0.04634805 -0.12703967
  0.1841279   0.42344766 -0.32573437  0.22447456 -0.1126923  -0.62310389
  0.10806379  0.13995664 -0.46915725  0.21010585  0.26262387 -0.6377132
 -0.01059122  0.3866516   0.01239757  0.04312151 -0.5451191   0.52164612
  0.56558086  0.56031714  0.63692347  0.23298717 -0.17403868  0.57104101
 -0.16925325  0.41975734 -0.61770736  0.12604162  0.34240415 -0.63659153
  0.00217767 -0.22815835  0.07750103 -0.29538488  0.27035209 -0.50399168
 -0.29154496 -0.82513327 -0.49862606 -0.22807945 -0.19498033]
1750,[ 0.19480118  0.10257668 -0.07722844  0.12861477  0.36626329  0.09293449
 -0.05002428  0.65739018  0.35811401 -0.53400734 -0.04634634 -0.12702701
  0.18412166  0.42345955 -0.32573473  0.22448448 -0.11268602 -0.62310013
  0.1080571   0.13996372 -0.46915828  0.21009953  0.26262174 -0.63772315
 -0.01060145  0.38664668  0.01241594  0.04311537 -0.54512721  0.52166278
  0.56556484  0.56032147  0.63693084  0.23298748 -0.17403246  0.57104275
 -0.16926002  0.41975285 -0.61770451  0.12603433  0.34240578 -0.63657924
  0.0021635  -0.22815955  0.07749267 -0.29538735  0.27036105 -0.5039717
 -0.29155638 -0.82513189 -0.4986307  -0.22807772 -0.19498359]
1751,[ 0.19481295  0.10258142 -0.0772586   0.12862128  0.36627001  0.09292728
 -0.05001371  0.65737891  0.35810237 -0.53400244 -0.04634464 -0.12701437
  0.18411542  0.42347143 -0.3257351   0.22449439 -0.11267974 -0.62309636
  0.10805043  0.13997078 -0.46915931  0.21009322  0.26261962 -0.63773308
 -0.01061167  0.38664176  0.01243429  0.04310924 -0.54513531  0.52167942
  0.56554883  0.5603258   0.6369382   0.23298778 -0.17402625  0.5710445
 -0.16926679  0.41974837 -0.61770166  0.12602706  0.34240741 -0.63656696
  0.00214935 -0.22816076  0.07748431 -0.29538981  0.27036999 -0.50395175
 -0.29156779 -0.82513051 -0.49863533 -0.22807599 -0.19498686]
1752,[ 0.19482471  0.10258615 -0.07728874  0.12862779  0.36627673  0.09292008
 -0.05000315  0.65736765  0.35809074 -0.53399754 -0.04634293 -0.12700174
  0.18410919  0.4234833  -0.32573546  0.22450429 -0.11267347 -0.62309261
  0.10804375  0.13997784 -0.46916034  0.21008692  0.26261749 -0.637743
 -0.01062187  0.38663685  0.01245262  0.04310311 -0.54514341  0.52169604
  0.56553284  0.56033012  0.63694555  0.23298809 -0.17402005  0.57104624
 -0.16927355  0.4197439  -0.61769882  0.12601979  0.34240904 -0.63655469
  0.00213522 -0.22816196  0.07747596 -0.29539228  0.27037892 -0.50393181
 -0.29157918 -0.82512913 -0.49863996 -0.22807427 -0.19499012]
1753,[ 0.19483646  0.10259088 -0.07731884  0.12863429  0.36628345  0.09291288
 -0.0499926   0.6573564   0.35807913 -0.53399265 -0.04634123 -0.12698912
  0.18410297  0.42349516 -0.32573583  0.22451417 -0.1126672  -0.62308885
  0.10803709  0.13998489 -0.46916137  0.21008063  0.26261537 -0.63775291
 -0.01063207  0.38663195  0.01247092  0.04309699 -0.54515149  0.52171264
  0.56551687  0.56033443  0.63695289  0.23298839 -0.17401385  0.57104798
 -0.1692803   0.41973943 -0.61769598  0.12601254  0.34241067 -0.63654244
  0.00212111 -0.22816317  0.07746762 -0.29539474  0.27038784 -0.5039119
 -0.29159056 -0.82512775 -0.49864458 -0.22807254 -0.19499337]
1754,[ 0.19484819  0.1025956  -0.0773489   0.12864079  0.36629015  0.09290569
 -0.04998206  0.65734517  0.35806752 -0.53398776 -0.04633953 -0.12697652
  0.18409676  0.423507   -0.32573619  0.22452405 -0.11266095 -0.6230851
  0.10803043  0.13999193 -0.46916239  0.21007434  0.26261325 -0.63776281
 -0.01064225  0.38662705  0.01248921  0.04309088 -0.54515957  0.52172922
  0.56550091  0.56033875  0.63696023  0.2329887  -0.17400766  0.57104972
 -0.16928704  0.41973497 -0.61769314  0.12600529  0.3424123  -0.6365302
  0.00210701 -0.22816437  0.07745929 -0.2953972   0.27039676 -0.50389201
 -0.29160193 -0.82512637 -0.4986492  -0.22807082 -0.19499663]
1755,[ 0.19485991  0.10260032 -0.07737893  0.12864727  0.36629685  0.09289851
 -0.04997154  0.65733395  0.35805594 -0.53398288 -0.04633783 -0.12696393
  0.18409055  0.42351882 -0.32573655  0.22453391 -0.1126547  -0.62308136
  0.10802378  0.13999897 -0.46916342  0.21006806  0.26261113 -0.6377727
 -0.01065242  0.38662215  0.01250747  0.04308477 -0.54516764  0.52174579
  0.56548498  0.56034305  0.63696755  0.232989   -0.17400148  0.57105146
 -0.16929377  0.41973051 -0.61769031  0.12599804  0.34241392 -0.63651798
  0.00209292 -0.22816557  0.07745097 -0.29539965  0.27040566 -0.50387215
 -0.29161329 -0.82512499 -0.49865382 -0.2280691  -0.19499988]
1756,[ 0.19487161  0.10260503 -0.07740893  0.12865375  0.36630354  0.09289134
 -0.04996103  0.65732274  0.35804436 -0.53397801 -0.04633613 -0.12695136
  0.18408435  0.42353064 -0.32573691  0.22454376 -0.11264845 -0.62307762
  0.10801714  0.14000599 -0.46916444  0.21006178  0.26260902 -0.63778257
 -0.01066258  0.38661726  0.01252572  0.04307867 -0.54517569  0.52176233
  0.56546906  0.56034735  0.63697487  0.2329893  -0.17399531  0.57105319
 -0.1693005   0.41972605 -0.61768748  0.12599081  0.34241554 -0.63650577
  0.00207885 -0.22816677  0.07744265 -0.2954021   0.27041455 -0.5038523
 -0.29162463 -0.82512361 -0.49865842 -0.22806738 -0.19500312]
1757,[ 0.19488331  0.10260973 -0.07743889  0.12866022  0.36631022  0.09288417
 -0.04995052  0.65731154  0.3580328  -0.53397314 -0.04633444 -0.1269388
  0.18407815  0.42354244 -0.32573728  0.22455361 -0.11264222 -0.62307388
  0.10801051  0.14001301 -0.46916547  0.21005551  0.2626069  -0.63779244
 -0.01067273  0.38661238  0.01254394  0.04307258 -0.54518374  0.52177886
  0.56545316  0.56035165  0.63698218  0.23298961 -0.17398914  0.57105493
 -0.16930722  0.41972161 -0.61768465  0.12598358  0.34241716 -0.63649357
  0.0020648  -0.22816797  0.07743435 -0.29540456  0.27042343 -0.50383248
 -0.29163596 -0.82512224 -0.49866303 -0.22806566 -0.19500636]
1758,[ 0.19489499  0.10261443 -0.07746882  0.12866669  0.36631689  0.09287702
 -0.04994003  0.65730036  0.35802125 -0.53396828 -0.04633274 -0.12692625
  0.18407196  0.42355423 -0.32573764  0.22456344 -0.11263599 -0.62307015
  0.10800388  0.14002002 -0.46916649  0.21004925  0.26260479 -0.63780229
 -0.01068287  0.3866075   0.01256215  0.0430665  -0.54519178  0.52179537
  0.56543727  0.56035594  0.63698948  0.23298991 -0.17398298  0.57105666
 -0.16931393  0.41971716 -0.61768183  0.12597637  0.34241878 -0.63648139
  0.00205077 -0.22816917  0.07742606 -0.295407    0.27043231 -0.50381268
 -0.29164728 -0.82512087 -0.49866763 -0.22806395 -0.1950096 ]
1759,[ 0.19490665  0.10261913 -0.07749872  0.12867314  0.36632356  0.09286987
 -0.04992956  0.65728919  0.35800972 -0.53396342 -0.04633105 -0.12691372
  0.18406578  0.423566   -0.325738    0.22457326 -0.11262977 -0.62306642
  0.10799726  0.14002702 -0.46916751  0.210043    0.26260268 -0.63781214
 -0.01069299  0.38660262  0.01258033  0.04306042 -0.54519981  0.52181186
  0.56542141  0.56036023  0.63699677  0.23299021 -0.17397682  0.57105839
 -0.16932063  0.41971272 -0.61767901  0.12596916  0.3424204  -0.63646922
  0.00203674 -0.22817036  0.07741777 -0.29540945  0.27044117 -0.5037929
 -0.29165859 -0.8251195  -0.49867222 -0.22806224 -0.19501284]
1760,[ 0.19491831  0.10262382 -0.07752858  0.12867959  0.36633022  0.09286273
 -0.04991909  0.65727803  0.35799819 -0.53395856 -0.04632936 -0.1269012
  0.18405961  0.42357776 -0.32573836  0.22458306 -0.11262355 -0.6230627
  0.10799065  0.14003402 -0.46916853  0.21003675  0.26260058 -0.63782197
 -0.01070311  0.38659776  0.01259849  0.04305434 -0.54520783  0.52182833
  0.56540556  0.56036451  0.63700406  0.23299052 -0.17397068  0.57106011
 -0.16932733  0.41970829 -0.61767619  0.12596196  0.34242201 -0.63645706
  0.00202274 -0.22817156  0.0774095  -0.29541189  0.27045002 -0.50377314
 -0.29166988 -0.82511813 -0.4986768  -0.22806053 -0.19501607]
1761,[ 0.19492995  0.1026285  -0.07755841  0.12868604  0.36633687  0.0928556
 -0.04990864  0.65726689  0.35798668 -0.53395372 -0.04632767 -0.1268887
  0.18405344  0.42358951 -0.32573872  0.22459286 -0.11261734 -0.62305898
  0.10798405  0.14004101 -0.46916955  0.21003051  0.26259847 -0.63783179
 -0.01071321  0.38659289  0.01261663  0.04304828 -0.54521585  0.52184478
  0.56538974  0.56036879  0.63701133  0.23299082 -0.17396454  0.57106184
 -0.16933402  0.41970386 -0.61767338  0.12595476  0.34242362 -0.63644492
  0.00200875 -0.22817275  0.07740123 -0.29541433  0.27045886 -0.50375341
 -0.29168116 -0.82511676 -0.49868139 -0.22805882 -0.19501929]
1762,[ 0.19494157  0.10263318 -0.07758821  0.12869247  0.36634352  0.09284847
 -0.0498982   0.65725575  0.35797519 -0.53394888 -0.04632599 -0.12687621
  0.18404728  0.42360124 -0.32573908  0.22460265 -0.11261114 -0.62305526
  0.10797745  0.14004798 -0.46917057  0.21002428  0.26259637 -0.6378416
 -0.0107233   0.38658804  0.01263476  0.04304222 -0.54522385  0.52186121
  0.56537392  0.56037306  0.6370186   0.23299112 -0.1739584   0.57106356
 -0.1693407   0.41969944 -0.61767056  0.12594758  0.34242524 -0.63643279
  0.00199478 -0.22817394  0.07739298 -0.29541676  0.27046769 -0.5037337
 -0.29169242 -0.8251154  -0.49868596 -0.22805711 -0.19502252]
1763,[ 0.19495319  0.10263785 -0.07761797  0.1286989   0.36635015  0.09284136
 -0.04988776  0.65724463  0.3579637  -0.53394404 -0.0463243  -0.12686374
  0.18404113  0.42361297 -0.32573944  0.22461242 -0.11260495 -0.62305155
  0.10797086  0.14005496 -0.46917158  0.21001806  0.26259427 -0.6378514
 -0.01073338  0.38658319  0.01265286  0.04303617 -0.54523184  0.52187763
  0.56535813  0.56037733  0.63702586  0.23299142 -0.17395228  0.57106528
 -0.16934737  0.41969502 -0.61766776  0.1259404   0.34242684 -0.63642067
  0.00198082 -0.22817513  0.07738473 -0.2954192   0.27047652 -0.50371401
 -0.29170368 -0.82511403 -0.49869054 -0.22805541 -0.19502574]
1764,[ 0.19496479  0.10264252 -0.0776477   0.12870532  0.36635678  0.09283425
 -0.04987735  0.65723353  0.35795223 -0.53393921 -0.04632262 -0.12685128
  0.18403499  0.42362467 -0.3257398   0.22462219 -0.11259876 -0.62304785
  0.10796428  0.14006192 -0.4691726   0.21001184  0.26259218 -0.63786119
 -0.01074345  0.38657834  0.01267094  0.04303012 -0.54523983  0.52189402
  0.56534236  0.56038159  0.63703311  0.23299172 -0.17394616  0.571067
 -0.16935404  0.4196906  -0.61766495  0.12593323  0.34242845 -0.63640857
  0.00196688 -0.22817632  0.07737649 -0.29542163  0.27048533 -0.50369435
 -0.29171492 -0.82511267 -0.4986951  -0.2280537  -0.19502895]
1765,[ 0.19497638  0.10264718 -0.07767739  0.12871174  0.36636341  0.09282715
 -0.04986694  0.65722243  0.35794078 -0.53393438 -0.04632094 -0.12683883
  0.18402885  0.42363637 -0.32574016  0.22463194 -0.11259258 -0.62304414
  0.10795771  0.14006887 -0.46917361  0.21000563  0.26259008 -0.63787097
 -0.0107535   0.3865735   0.012689    0.04302409 -0.54524781  0.5219104
  0.5653266   0.56038585  0.63704036  0.23299202 -0.17394004  0.57106872
 -0.1693607   0.41968619 -0.61766215  0.12592607  0.34243006 -0.63639648
  0.00195295 -0.22817751  0.07736827 -0.29542406  0.27049413 -0.5036747
 -0.29172615 -0.82511131 -0.49869966 -0.228052   -0.19503217]
1766,[ 0.19498795  0.10265184 -0.07770705  0.12871814  0.36637002  0.09282006
 -0.04985654  0.65721135  0.35792933 -0.53392956 -0.04631926 -0.1268264
  0.18402272  0.42364805 -0.32574052  0.22464168 -0.11258641 -0.62304044
  0.10795114  0.14007582 -0.46917462  0.20999942  0.26258799 -0.63788073
 -0.01076355  0.38656866  0.01270704  0.04301806 -0.54525577  0.52192676
  0.56531086  0.5603901   0.63704759  0.23299232 -0.17393394  0.57107044
 -0.16936735  0.41968179 -0.61765935  0.12591892  0.34243166 -0.63638441
  0.00193904 -0.22817869  0.07736005 -0.29542648  0.27050292 -0.50365508
 -0.29173737 -0.82510995 -0.49870422 -0.2280503  -0.19503537]
1767,[ 0.19499951  0.1026565  -0.07773668  0.12872454  0.36637663  0.09281297
 -0.04984616  0.65720028  0.3579179  -0.53392475 -0.04631759 -0.12681398
  0.18401659  0.42365972 -0.32574088  0.22465141 -0.11258024 -0.62303675
  0.10794458  0.14008276 -0.46917564  0.20999323  0.2625859  -0.63789049
 -0.01077358  0.38656384  0.01272506  0.04301203 -0.54526373  0.5219431
  0.56529514  0.56039435  0.63705482  0.23299262 -0.17392784  0.57107215
 -0.16937399  0.41967739 -0.61765656  0.12591177  0.34243326 -0.63637235
  0.00192515 -0.22817988  0.07735184 -0.29542891  0.27051171 -0.50363548
 -0.29174857 -0.82510859 -0.49870877 -0.2280486  -0.19503858]
1768,[ 0.19501106  0.10266114 -0.07776628  0.12873093  0.36638323  0.0928059
 -0.04983579  0.65718922  0.35790648 -0.53391994 -0.04631591 -0.12680157
  0.18401047  0.42367137 -0.32574123  0.22466113 -0.11257409 -0.62303306
  0.10793803  0.14008969 -0.46917665  0.20998704  0.26258382 -0.63790023
 -0.01078361  0.38655901  0.01274306  0.04300601 -0.54527168  0.52195943
  0.56527943  0.56039859  0.63706204  0.23299292 -0.17392175  0.57107386
 -0.16938063  0.419673   -0.61765377  0.12590464  0.34243486 -0.6363603
  0.00191127 -0.22818106  0.07734364 -0.29543133  0.27052048 -0.5036159
 -0.29175976 -0.82510723 -0.49871332 -0.22804691 -0.19504178]
1769,[ 0.1950226   0.10266578 -0.07779584  0.12873732  0.36638982  0.09279883
 -0.04982543  0.65717817  0.35789507 -0.53391513 -0.04631424 -0.12678918
  0.18400436  0.42368302 -0.32574159  0.22467084 -0.11256793 -0.62302937
  0.10793148  0.14009662 -0.46917766  0.20998085  0.26258173 -0.63790996
 -0.01079362  0.38655419  0.01276104  0.043      -0.54527962  0.52197573
  0.56526375  0.56040283  0.63706925  0.23299322 -0.17391566  0.57107557
 -0.16938726  0.41966861 -0.61765098  0.12589751  0.34243646 -0.63634827
  0.0018974  -0.22818224  0.07733545 -0.29543374  0.27052924 -0.50359634
 -0.29177094 -0.82510588 -0.49871786 -0.22804522 -0.19504498]
1770,[ 0.19503412  0.10267042 -0.07782537  0.1287437   0.3663964   0.09279177
 -0.04981508  0.65716714  0.35788368 -0.53391034 -0.04631257 -0.12677681
  0.18399826  0.42369464 -0.32574195  0.22468054 -0.11256179 -0.62302569
  0.10792494  0.14010353 -0.46917866  0.20997468  0.26257965 -0.63791969
 -0.01080362  0.38654938  0.012779    0.042994   -0.54528755  0.52199202
  0.56524808  0.56040707  0.63707645  0.23299352 -0.17390958  0.57107728
 -0.16939388  0.41966422 -0.61764819  0.12589039  0.34243806 -0.63633625
  0.00188356 -0.22818342  0.07732727 -0.29543616  0.27053799 -0.50357681
 -0.29178211 -0.82510452 -0.4987224  -0.22804352 -0.19504817]
1771,[ 0.19504563  0.10267505 -0.07785486  0.12875007  0.36640298  0.09278472
 -0.04980474  0.65715612  0.3578723  -0.53390554 -0.0463109  -0.12676444
  0.18399216  0.42370626 -0.32574231  0.22469023 -0.11255565 -0.62302201
  0.10791841  0.14011044 -0.46917967  0.20996851  0.26257757 -0.6379294
 -0.01081361  0.38654457  0.01279693  0.042988   -0.54529548  0.52200829
  0.56523243  0.5604113   0.63708365  0.23299382 -0.17390351  0.57107899
 -0.16940049  0.41965984 -0.61764541  0.12588327  0.34243965 -0.63632424
  0.00186972 -0.2281846   0.07731909 -0.29543857  0.27054674 -0.5035573
 -0.29179326 -0.82510317 -0.49872693 -0.22804183 -0.19505137]
1772,[ 0.19505713  0.10267968 -0.07788432  0.12875643  0.36640955  0.09277767
 -0.04979442  0.65714511  0.35786093 -0.53390075 -0.04630923 -0.12675209
  0.18398607  0.42371786 -0.32574266  0.22469991 -0.11254952 -0.62301834
  0.10791189  0.14011734 -0.46918068  0.20996235  0.26257549 -0.6379391
 -0.01082359  0.38653977  0.01281485  0.04298201 -0.54530339  0.52202454
  0.56521679  0.56041552  0.63709084  0.23299412 -0.17389745  0.57108069
 -0.1694071   0.41965547 -0.61764263  0.12587617  0.34244125 -0.63631225
  0.00185591 -0.22818578  0.07731093 -0.29544098  0.27055547 -0.50353781
 -0.2918044  -0.82510182 -0.49873145 -0.22804015 -0.19505455]
1773,[ 0.19506861  0.1026843  -0.07791375  0.12876279  0.36641611  0.09277064
 -0.0497841   0.65713412  0.35784958 -0.53389597 -0.04630757 -0.12673976
  0.18397999  0.42372945 -0.32574302  0.22470957 -0.11254339 -0.62301467
  0.10790538  0.14012424 -0.46918168  0.20995619  0.26257342 -0.63794879
 -0.01083355  0.38653497  0.01283275  0.04297603 -0.5453113   0.52204077
  0.56520118  0.56041974  0.63709801  0.23299442 -0.17389139  0.57108239
 -0.1694137   0.4196511  -0.61763985  0.12586907  0.34244284 -0.63630027
  0.0018421  -0.22818696  0.07730278 -0.29544339  0.27056419 -0.50351834
 -0.29181553 -0.82510047 -0.49873597 -0.22803846 -0.19505774]
1774,[ 0.19508008  0.10268892 -0.07794315  0.12876913  0.36642267  0.09276361
 -0.0497738   0.65712313  0.35783823 -0.5338912  -0.04630591 -0.12672744
  0.18397391  0.42374103 -0.32574337  0.22471923 -0.11253728 -0.623011
  0.10789887  0.14013112 -0.46918269  0.20995004  0.26257134 -0.63795847
 -0.01084351  0.38653018  0.01285063  0.04297005 -0.54531919  0.52205698
  0.56518558  0.56042396  0.63710519  0.23299472 -0.17388534  0.57108409
 -0.16942029  0.41964674 -0.61763708  0.12586199  0.34244443 -0.6362883
  0.00182832 -0.22818813  0.07729463 -0.29544579  0.27057291 -0.50349889
 -0.29182664 -0.82509912 -0.49874049 -0.22803678 -0.19506092]
1775,[ 0.19509154  0.10269353 -0.07797251  0.12877548  0.36642922  0.09275659
 -0.04976351  0.65711216  0.3578269  -0.53388642 -0.04630424 -0.12671513
  0.18396784  0.42375259 -0.32574373  0.22472887 -0.11253117 -0.62300734
  0.10789237  0.140138   -0.46918369  0.2099439   0.26256927 -0.63796813
 -0.01085345  0.38652539  0.01286849  0.04296408 -0.54532708  0.52207317
  0.56517     0.56042817  0.63711235  0.23299501 -0.17387929  0.57108579
 -0.16942687  0.41964238 -0.61763431  0.1258549   0.34244602 -0.63627635
  0.00181455 -0.22818931  0.07728649 -0.29544819  0.27058161 -0.50347947
 -0.29183775 -0.82509778 -0.498745   -0.22803509 -0.19506409]
1776,[ 0.19510298  0.10269813 -0.07800184  0.12878181  0.36643576  0.09274957
 -0.04975323  0.6571012   0.35781559 -0.53388166 -0.04630259 -0.12670284
  0.18396178  0.42376415 -0.32574408  0.2247385  -0.11252506 -0.62300369
  0.10788587  0.14014487 -0.46918469  0.20993777  0.26256721 -0.63797779
 -0.01086339  0.38652061  0.01288633  0.04295812 -0.54533496  0.52208935
  0.56515443  0.56043237  0.6371195   0.23299531 -0.17387326  0.57108749
 -0.16943345  0.41963802 -0.61763154  0.12584783  0.3424476  -0.63626441
  0.00180079 -0.22819048  0.07727837 -0.29545059  0.27059031 -0.50346007
 -0.29184884 -0.82509643 -0.4987495  -0.22803341 -0.19506727]
1777,[ 0.19511442  0.10270273 -0.07803113  0.12878814  0.36644229  0.09274257
 -0.04974296  0.65709026  0.35780428 -0.5338769  -0.04630093 -0.12669056
  0.18395572  0.42377568 -0.32574444  0.22474813 -0.11251897 -0.62300003
  0.10787939  0.14015173 -0.46918569  0.20993164  0.26256514 -0.63798744
 -0.01087331  0.38651584  0.01290414  0.04295216 -0.54534283  0.52210551
  0.56513889  0.56043657  0.63712665  0.23299561 -0.17386722  0.57108918
 -0.16944002  0.41963367 -0.61762878  0.12584077  0.34244919 -0.63625249
  0.00178705 -0.22819165  0.07727025 -0.29545298  0.27059899 -0.50344069
 -0.29185992 -0.82509509 -0.498754   -0.22803174 -0.19507044]
1778,[ 0.19512584  0.10270733 -0.0780604   0.12879446  0.36644882  0.09273557
 -0.04973271  0.65707932  0.35779299 -0.53387214 -0.04629927 -0.12667829
  0.18394967  0.42378721 -0.32574479  0.22475774 -0.11251288 -0.62299638
  0.10787291  0.14015859 -0.46918669  0.20992552  0.26256308 -0.63799707
 -0.01088322  0.38651107  0.01292194  0.04294621 -0.54535069  0.52212165
  0.56512336  0.56044077  0.63713379  0.2329959  -0.1738612   0.57109088
 -0.16944658  0.41962933 -0.61762602  0.12583371  0.34245077 -0.63624057
  0.00177333 -0.22819282  0.07726214 -0.29545538  0.27060767 -0.50342133
 -0.29187098 -0.82509375 -0.4987585  -0.22803006 -0.1950736 ]
1779,[ 0.19513724  0.10271192 -0.07808963  0.12880077  0.36645534  0.09272858
 -0.04972247  0.6570684   0.35778171 -0.53386739 -0.04629762 -0.12666604
  0.18394363  0.42379872 -0.32574514  0.22476734 -0.11250679 -0.62299274
  0.10786644  0.14016543 -0.46918769  0.2099194   0.26256101 -0.63800669
 -0.01089312  0.3865063   0.01293972  0.04294027 -0.54535854  0.52213777
  0.56510785  0.56044496  0.63714092  0.2329962  -0.17385518  0.57109257
 -0.16945313  0.41962499 -0.61762326  0.12582666  0.34245235 -0.63622868
  0.00175962 -0.22819399  0.07725404 -0.29545777  0.27061633 -0.50340199
 -0.29188204 -0.82509241 -0.49876299 -0.22802839 -0.19507676]
1780,[ 0.19514864  0.10271651 -0.07811882  0.12880708  0.36646185  0.0927216
 -0.04971223  0.65705749  0.35777045 -0.53386265 -0.04629597 -0.1266538
  0.18393759  0.42381022 -0.3257455   0.22477693 -0.11250072 -0.6229891
  0.10785997  0.14017227 -0.46918868  0.2099133   0.26255896 -0.63801631
 -0.01090301  0.38650154  0.01295748  0.04293433 -0.54536638  0.52215388
  0.56509235  0.56044915  0.63714804  0.2329965  -0.17384917  0.57109426
 -0.16945968  0.41962065 -0.61762051  0.12581962  0.34245393 -0.63621679
  0.00174593 -0.22819516  0.07724595 -0.29546016  0.27062498 -0.50338267
 -0.29189308 -0.82509107 -0.49876748 -0.22802671 -0.19507992]
1781,[ 0.19516002  0.10272109 -0.07814799  0.12881338  0.36646835  0.09271463
 -0.04970201  0.6570466   0.35775919 -0.53385791 -0.04629432 -0.12664158
  0.18393156  0.4238217  -0.32574585  0.22478651 -0.11249465 -0.62298546
  0.10785351  0.1401791  -0.46918968  0.2099072   0.2625569  -0.63802591
 -0.01091289  0.38649679  0.01297522  0.0429284  -0.54537422  0.52216996
  0.56507688  0.56045333  0.63715515  0.23299679 -0.17384317  0.57109594
 -0.16946622  0.41961632 -0.61761775  0.12581259  0.3424555  -0.63620492
  0.00173225 -0.22819632  0.07723787 -0.29546254  0.27063363 -0.50336338
 -0.2919041  -0.82508973 -0.49877196 -0.22802504 -0.19508308]
1782,[ 0.19517138  0.10272566 -0.07817712  0.12881967  0.36647485  0.09270766
 -0.0496918   0.65703571  0.35774795 -0.53385317 -0.04629267 -0.12662937
  0.18392554  0.42383318 -0.3257462   0.22479608 -0.11248858 -0.62298183
  0.10784707  0.14018593 -0.46919068  0.2099011   0.26255485 -0.6380355
 -0.01092275  0.38649204  0.01299293  0.04292248 -0.54538204  0.52218603
  0.56506142  0.56045751  0.63716226  0.23299709 -0.17383717  0.57109763
 -0.16947275  0.419612   -0.61761501  0.12580556  0.34245708 -0.63619306
  0.00171859 -0.22819749  0.0772298  -0.29546492  0.27064227 -0.50334411
 -0.29191512 -0.8250884  -0.49877643 -0.22802337 -0.19508623]
1783,[ 0.19518274  0.10273023 -0.07820622  0.12882595  0.36648134  0.09270071
 -0.0496816   0.65702484  0.35773673 -0.53384844 -0.04629102 -0.12661717
  0.18391953  0.42384464 -0.32574655  0.22480563 -0.11248253 -0.6229782
  0.10784062  0.14019274 -0.46919167  0.20989502  0.26255279 -0.63804508
 -0.01093261  0.3864873   0.01301063  0.04291656 -0.54538986  0.52220208
  0.56504598  0.56046168  0.63716936  0.23299738 -0.17383118  0.57109931
 -0.16947928  0.41960768 -0.61761226  0.12579855  0.34245865 -0.63618121
  0.00170494 -0.22819865  0.07722174 -0.2954673   0.27065089 -0.50332486
 -0.29192612 -0.82508706 -0.4987809  -0.22802171 -0.19508938]
1784,[ 0.19519408  0.10273479 -0.07823528  0.12883223  0.36648782  0.09269376
 -0.04967142  0.65701398  0.35772551 -0.53384372 -0.04628938 -0.12660499
  0.18391352  0.42385608 -0.3257469   0.22481518 -0.11247648 -0.62297458
  0.10783419  0.14019955 -0.46919266  0.20988894  0.26255074 -0.63805465
 -0.01094245  0.38648256  0.01302831  0.04291065 -0.54539766  0.52221811
  0.56503055  0.56046585  0.63717645  0.23299768 -0.1738252   0.57110099
 -0.1694858   0.41960336 -0.61760952  0.12579154  0.34246022 -0.63616938
  0.00169131 -0.22819981  0.07721368 -0.29546968  0.27065951 -0.50330563
 -0.29193712 -0.82508573 -0.49878537 -0.22802004 -0.19509252]
1785,[ 0.19520541  0.10273935 -0.07826432  0.1288385   0.36649429  0.09268682
 -0.04966124  0.65700313  0.35771431 -0.533839   -0.04628774 -0.12659282
  0.18390752  0.42386752 -0.32574726  0.22482472 -0.11247044 -0.62297096
  0.10782776  0.14020635 -0.46919365  0.20988286  0.2625487  -0.63806421
 -0.01095228  0.38647783  0.01304597  0.04290475 -0.54540546  0.52223412
  0.56501515  0.56047001  0.63718353  0.23299797 -0.17381922  0.57110267
 -0.16949231  0.41959905 -0.61760678  0.12578454  0.34246179 -0.63615756
  0.0016777  -0.22820097  0.07720564 -0.29547205  0.27066811 -0.50328642
 -0.29194809 -0.8250844  -0.49878983 -0.22801838 -0.19509566]
1786,[ 0.19521673  0.10274391 -0.07829332  0.12884477  0.36650076  0.09267988
 -0.04965108  0.6569923   0.35770312 -0.53383429 -0.04628609 -0.12658066
  0.18390152  0.42387894 -0.32574761  0.22483424 -0.1124644  -0.62296734
  0.10782134  0.14021314 -0.46919464  0.2098768   0.26254665 -0.63807376
 -0.01096211  0.3864731   0.01306361  0.04289885 -0.54541325  0.52225012
  0.56499976  0.56047417  0.63719061  0.23299826 -0.17381325  0.57110435
 -0.16949881  0.41959474 -0.61760404  0.12577754  0.34246336 -0.63614576
  0.0016641  -0.22820213  0.0771976  -0.29547442  0.27067671 -0.50326724
 -0.29195906 -0.82508307 -0.49879428 -0.22801672 -0.1950988 ]
1787,[ 0.19522803  0.10274846 -0.07832229  0.12885102  0.36650722  0.09267296
 -0.04964093  0.65698147  0.35769194 -0.53382958 -0.04628446 -0.12656852
  0.18389553  0.42389035 -0.32574796  0.22484376 -0.11245837 -0.62296373
  0.10781493  0.14021993 -0.46919563  0.20987074  0.26254461 -0.6380833
 -0.01097192  0.38646838  0.01308122  0.04289296 -0.54542103  0.5222661
  0.56498439  0.56047832  0.63719767  0.23299856 -0.17380729  0.57110602
 -0.1695053   0.41959044 -0.61760131  0.12577056  0.34246493 -0.63613397
  0.00165051 -0.22820329  0.07718958 -0.29547679  0.2706853  -0.50324807
 -0.29197002 -0.82508174 -0.49879873 -0.22801506 -0.19510194]
1788,[ 0.19523932  0.102753   -0.07835122  0.12885727  0.36651367  0.09266604
 -0.04963079  0.65697066  0.35768078 -0.53382488 -0.04628282 -0.12655639
  0.18388955  0.42390174 -0.32574831  0.22485326 -0.11245235 -0.62296012
  0.10780852  0.1402267  -0.46919662  0.20986469  0.26254257 -0.63809282
 -0.01098172  0.38646366  0.01309882  0.04288708 -0.54542881  0.52228206
  0.56496903  0.56048247  0.63720473  0.23299885 -0.17380133  0.5711077
 -0.16951179  0.41958615 -0.61759858  0.12576358  0.34246649 -0.63612219
  0.00163694 -0.22820445  0.07718156 -0.29547916  0.27069387 -0.50322893
 -0.29198096 -0.82508042 -0.49880317 -0.2280134  -0.19510507]
1789,[ 0.1952506   0.10275754 -0.07838012  0.12886351  0.36652012  0.09265913
 -0.04962066  0.65695986  0.35766962 -0.53382018 -0.04628118 -0.12654428
  0.18388358  0.42391313 -0.32574866  0.22486275 -0.11244634 -0.62295651
  0.10780212  0.14023347 -0.46919761  0.20985864  0.26254053 -0.63810234
 -0.01099151  0.38645895  0.0131164   0.0428812  -0.54543657  0.522298
  0.5649537   0.56048662  0.63721178  0.23299914 -0.17379538  0.57110937
 -0.16951827  0.41958186 -0.61759585  0.12575661  0.34246806 -0.63611042
  0.00162339 -0.22820561  0.07717355 -0.29548152  0.27070244 -0.50320981
 -0.29199189 -0.82507909 -0.49880761 -0.22801174 -0.19510819]
1790,[ 0.19526187  0.10276207 -0.07840899  0.12886975  0.36652656  0.09265222
 -0.04961054  0.65694907  0.35765848 -0.53381549 -0.04627955 -0.12653218
  0.18387761  0.4239245  -0.325749    0.22487224 -0.11244033 -0.62295291
  0.10779573  0.14024024 -0.46919859  0.2098526   0.26253849 -0.63811185
 -0.01100128  0.38645424  0.01313396  0.04287533 -0.54544432  0.52231392
  0.56493838  0.56049076  0.63721882  0.23299944 -0.17378944  0.57111104
 -0.16952475  0.41957757 -0.61759313  0.12574965  0.34246962 -0.63609867
  0.00160985 -0.22820676  0.07716555 -0.29548388  0.270711   -0.50319071
 -0.2920028  -0.82507777 -0.49881205 -0.22801009 -0.19511132]
1791,[ 0.19527312  0.1027666  -0.07843783  0.12887598  0.36653299  0.09264533
 -0.04960043  0.6569383   0.35764736 -0.53381081 -0.04627792 -0.12652009
  0.18387165  0.42393585 -0.32574935  0.22488171 -0.11243433 -0.62294932
  0.10778934  0.14024699 -0.46919958  0.20984657  0.26253646 -0.63812134
 -0.01101105  0.38644954  0.0131515   0.04286946 -0.54545207  0.52232983
  0.56492307  0.56049489  0.63722586  0.23299973 -0.1737835   0.57111271
 -0.16953121  0.41957329 -0.61759041  0.12574269  0.34247118 -0.63608693
  0.00159632 -0.22820791  0.07715756 -0.29548624  0.27071955 -0.50317164
 -0.29201371 -0.82507644 -0.49881648 -0.22800844 -0.19511444]
1792,[ 0.19528436  0.10277112 -0.07846664  0.1288822   0.36653941  0.09263844
 -0.04959034  0.65692754  0.35763624 -0.53380612 -0.04627629 -0.12650801
  0.18386569  0.4239472  -0.3257497   0.22489117 -0.11242833 -0.62294573
  0.10778297  0.14025374 -0.46920056  0.20984054  0.26253443 -0.63813082
 -0.01102081  0.38644485  0.01316902  0.04286361 -0.54545981  0.52234571
  0.56490779  0.56049902  0.63723288  0.23300002 -0.17377757  0.57111437
 -0.16953767  0.41956901 -0.61758769  0.12573575  0.34247273 -0.63607521
  0.00158281 -0.22820906  0.07714958 -0.2954886   0.27072809 -0.50315258
 -0.2920246  -0.82507512 -0.4988209  -0.22800679 -0.19511755]
1793,[ 0.19529559  0.10277564 -0.07849541  0.12888841  0.36654583  0.09263156
 -0.04958025  0.65691679  0.35762514 -0.53380145 -0.04627466 -0.12649595
  0.18385974  0.42395853 -0.32575005  0.22490062 -0.11242234 -0.62294214
  0.1077766   0.14026048 -0.46920154  0.20983453  0.2625324  -0.6381403
 -0.01103055  0.38644016  0.01318652  0.04285776 -0.54546754  0.52236158
  0.56489252  0.56050315  0.6372399   0.23300031 -0.17377165  0.57111604
 -0.16954413  0.41956474 -0.61758498  0.12572881  0.34247429 -0.63606349
  0.00156932 -0.22821022  0.07714161 -0.29549095  0.27073662 -0.50313355
 -0.29203548 -0.8250738  -0.49882532 -0.22800514 -0.19512067]
1794,[ 0.19530681  0.10278016 -0.07852415  0.12889462  0.36655224  0.09262469
 -0.04957018  0.65690605  0.35761405 -0.53379678 -0.04627303 -0.12648391
  0.1838538   0.42396985 -0.3257504   0.22491006 -0.11241636 -0.62293856
  0.10777023  0.14026721 -0.46920253  0.20982852  0.26253037 -0.63814976
 -0.01104028  0.38643547  0.013204    0.04285191 -0.54547526  0.52237743
  0.56487727  0.56050727  0.63724691  0.2330006  -0.17376574  0.5711177
 -0.16955057  0.41956047 -0.61758227  0.12572188  0.34247584 -0.63605179
  0.00155584 -0.22821136  0.07713364 -0.2954933   0.27074514 -0.50311453
 -0.29204635 -0.82507249 -0.49882974 -0.22800349 -0.19512378]
1795,[ 0.19531801  0.10278466 -0.07855286  0.12890082  0.36655864  0.09261783
 -0.04956012  0.65689532  0.35760297 -0.53379211 -0.04627141 -0.12647187
  0.18384787  0.42398116 -0.32575074  0.22491949 -0.11241039 -0.62293498
  0.10776388  0.14027393 -0.46920351  0.20982251  0.26252835 -0.63815921
 -0.01105001  0.38643079  0.01322146  0.04284608 -0.54548297  0.52239327
  0.56486203  0.56051138  0.63725392  0.23300089 -0.17375983  0.57111936
 -0.16955701  0.41955621 -0.61757956  0.12571496  0.3424774  -0.63604011
  0.00154238 -0.22821251  0.07712569 -0.29549565  0.27075365 -0.50309554
 -0.29205721 -0.82507117 -0.49883415 -0.22800185 -0.19512688]
1796,[ 0.1953292   0.10278917 -0.07858153  0.12890702  0.36656503  0.09261097
 -0.04955007  0.65688461  0.35759191 -0.53378745 -0.04626979 -0.12645985
  0.18384194  0.42399245 -0.32575109  0.22492891 -0.11240442 -0.6229314
  0.10775753  0.14028065 -0.46920449  0.20981651  0.26252633 -0.63816865
 -0.01105972  0.38642612  0.0132389   0.04284025 -0.54549067  0.52240908
  0.56484682  0.5605155   0.63726091  0.23300118 -0.17375392  0.57112102
 -0.16956344  0.41955195 -0.61757685  0.12570804  0.34247895 -0.63602844
  0.00152893 -0.22821366  0.07711774 -0.29549799  0.27076215 -0.50307657
 -0.29206805 -0.82506986 -0.49883855 -0.22800021 -0.19512998]
1797,[ 0.19534038  0.10279367 -0.07861018  0.1289132   0.36657142  0.09260412
 -0.04954003  0.6568739   0.35758086 -0.5337828  -0.04626817 -0.12644785
  0.18383602  0.42400373 -0.32575144  0.22493831 -0.11239846 -0.62292783
  0.10775119  0.14028736 -0.46920546  0.20981052  0.26252431 -0.63817809
 -0.01106942  0.38642145  0.01325632  0.04283442 -0.54549837  0.52242488
  0.56483162  0.5605196   0.6372679   0.23300147 -0.17374803  0.57112268
 -0.16956986  0.4195477  -0.61757415  0.12570113  0.3424805  -0.63601678
  0.0015155  -0.2282148   0.07710981 -0.29550033  0.27077064 -0.50305762
 -0.29207888 -0.82506854 -0.49884295 -0.22799857 -0.19513308]
1798,[ 0.19535154  0.10279816 -0.07863879  0.12891938  0.3665778   0.09259728
 -0.04953     0.65686321  0.35756982 -0.53377815 -0.04626655 -0.12643586
  0.1838301   0.424015   -0.32575178  0.22494771 -0.11239251 -0.62292426
  0.10774485  0.14029406 -0.46920644  0.20980454  0.26252229 -0.63818751
 -0.01107911  0.38641679  0.01327372  0.0428286  -0.54550605  0.52244066
  0.56481644  0.56052371  0.63727488  0.23300176 -0.17374214  0.57112433
 -0.16957628  0.41954345 -0.61757145  0.12569423  0.34248204 -0.63600513
  0.00150208 -0.22821595  0.07710188 -0.29550267  0.27077912 -0.50303869
 -0.2920897  -0.82506723 -0.49884735 -0.22799693 -0.19513618]
1799,[ 0.19536269  0.10280265 -0.07866737  0.12892555  0.36658417  0.09259045
 -0.04951999  0.65685254  0.35755879 -0.53377351 -0.04626493 -0.12642388
  0.1838242   0.42402625 -0.32575213  0.2249571  -0.11238656 -0.6229207
  0.10773852  0.14030075 -0.46920742  0.20979856  0.26252027 -0.63819692
 -0.01108879  0.38641213  0.0132911   0.04282279 -0.54551373  0.52245643
  0.56480127  0.5605278   0.63728185  0.23300205 -0.17373625  0.57112598
 -0.16958268  0.41953921 -0.61756876  0.12568734  0.34248359 -0.6359935
  0.00148868 -0.22821709  0.07709396 -0.29550501  0.27078759 -0.50301979
 -0.29210051 -0.82506592 -0.49885174 -0.22799529 -0.19513927]
1800,[ 0.19537383  0.10280713 -0.07869591  0.12893172  0.36659054  0.09258362
 -0.04950998  0.65684187  0.35754778 -0.53376887 -0.04626332 -0.12641191
  0.1838183   0.4240375  -0.32575247  0.22496647 -0.11238062 -0.62291714
  0.1077322   0.14030744 -0.46920839  0.20979259  0.26251826 -0.63820631
 -0.01109846  0.38640748  0.01330846  0.04281699 -0.5455214   0.52247217
  0.56478612  0.5605319   0.63728881  0.23300234 -0.17373038  0.57112764
 -0.16958909  0.41953497 -0.61756606  0.12568046  0.34248513 -0.63598187
  0.00147529 -0.22821823  0.07708605 -0.29550735  0.27079605 -0.5030009
 -0.2921113  -0.82506461 -0.49885612 -0.22799365 -0.19514236]
1801,[ 0.19538496  0.10281161 -0.07872443  0.12893788  0.3665969   0.0925768
 -0.04949999  0.65683122  0.35753677 -0.53376423 -0.0462617  -0.12639996
  0.1838124   0.42404873 -0.32575282  0.22497584 -0.11237468 -0.62291358
  0.10772589  0.14031412 -0.46920936  0.20978662  0.26251625 -0.6382157
 -0.01110812  0.38640283  0.01332581  0.04281119 -0.54552905  0.5224879
  0.56477099  0.56053599  0.63729577  0.23300263 -0.17372451  0.57112928
 -0.16959548  0.41953074 -0.61756337  0.12567358  0.34248667 -0.63597027
  0.00146192 -0.22821937  0.07707815 -0.29550968  0.2708045  -0.50298204
 -0.29212208 -0.82506331 -0.49886051 -0.22799202 -0.19514544]
1802,[ 0.19539607  0.10281608 -0.07875291  0.12894403  0.36660325  0.09256999
 -0.04949001  0.65682057  0.35752578 -0.5337596  -0.04626009 -0.12638802
  0.18380651  0.42405994 -0.32575316  0.22498519 -0.11236876 -0.62291003
  0.10771958  0.14032079 -0.46921034  0.20978067  0.26251424 -0.63822508
 -0.01111776  0.38639818  0.01334313  0.0428054  -0.54553671  0.52250361
  0.56475588  0.56054007  0.63730272  0.23300292 -0.17371864  0.57113093
 -0.16960187  0.41952651 -0.61756069  0.12566671  0.34248821 -0.63595867
  0.00144856 -0.22822051  0.07707026 -0.29551201  0.27081295 -0.5029632
 -0.29213285 -0.825062   -0.49886488 -0.22799039 -0.19514852]
1803,[ 0.19540718  0.10282055 -0.07878136  0.12895018  0.3666096   0.09256319
 -0.04948004  0.65680994  0.35751481 -0.53375498 -0.04625848 -0.1263761
  0.18380063  0.42407115 -0.32575351  0.22499454 -0.11236284 -0.62290648
  0.10771329  0.14032746 -0.46921131  0.20977472  0.26251224 -0.63823445
 -0.0111274   0.38639355  0.01336043  0.04279961 -0.54554435  0.5225193
  0.56474078  0.56054415  0.63730966  0.23300321 -0.17371279  0.57113258
 -0.16960825  0.41952228 -0.617558    0.12565985  0.34248975 -0.63594709
  0.00143522 -0.22822165  0.07706237 -0.29551433  0.27082138 -0.50294438
 -0.29214361 -0.8250607  -0.49886925 -0.22798876 -0.1951516 ]
1804,[ 0.19541827  0.10282501 -0.07880978  0.12895631  0.36661593  0.0925564
 -0.04947008  0.65679932  0.35750384 -0.53375036 -0.04625687 -0.12636418
  0.18379476  0.42408234 -0.32575385  0.22500387 -0.11235692 -0.62290294
  0.10770699  0.14033411 -0.46921228  0.20976877  0.26251023 -0.6382438
 -0.01113702  0.38638892  0.01337772  0.04279384 -0.54555198  0.52253497
  0.5647257   0.56054823  0.63731659  0.2330035  -0.17370694  0.57113422
 -0.16961462  0.41951806 -0.61755532  0.125653    0.34249129 -0.63593552
  0.00142189 -0.22822279  0.0770545  -0.29551666  0.2708298  -0.50292558
 -0.29215436 -0.82505939 -0.49887362 -0.22798713 -0.19515468]
1805,[ 0.19542934  0.10282947 -0.07883816  0.12896244  0.36662226  0.09254961
 -0.04946013  0.65678872  0.35749289 -0.53374575 -0.04625527 -0.12635229
  0.18378889  0.42409352 -0.32575419  0.2250132  -0.11235101 -0.6228994
  0.10770071  0.14034076 -0.46921325  0.20976283  0.26250823 -0.63825315
 -0.01114664  0.38638429  0.01339498  0.04278806 -0.54555961  0.52255063
  0.56471064  0.5605523   0.63732351  0.23300378 -0.17370109  0.57113586
 -0.16962098  0.41951385 -0.61755264  0.12564615  0.34249282 -0.63592397
  0.00140858 -0.22822392  0.07704663 -0.29551898  0.27083822 -0.5029068
 -0.29216509 -0.82505809 -0.49887798 -0.2279855  -0.19515775]
1806,[ 0.19544041  0.10283392 -0.07886652  0.12896857  0.36662859  0.09254283
 -0.04945019  0.65677812  0.35748195 -0.53374114 -0.04625366 -0.1263404
  0.18378303  0.42410469 -0.32575454  0.22502251 -0.11234511 -0.62289586
  0.10769443  0.1403474  -0.46921422  0.2097569   0.26250623 -0.63826249
 -0.01115624  0.38637967  0.01341223  0.0427823  -0.54556722  0.52256627
  0.56469559  0.56055636  0.63733043  0.23300407 -0.17369526  0.5711375
 -0.16962734  0.41950964 -0.61754997  0.12563932  0.34249436 -0.63591243
  0.00139528 -0.22822505  0.07703878 -0.2955213   0.27084662 -0.50288804
 -0.29217582 -0.82505679 -0.49888233 -0.22798388 -0.19516082]
1807,[ 0.19545146  0.10283837 -0.07889484  0.12897469  0.3666349   0.09253606
 -0.04944027  0.65676754  0.35747102 -0.53373654 -0.04625206 -0.12632853
  0.18377717  0.42411584 -0.32575488  0.22503181 -0.11233922 -0.62289233
  0.10768816  0.14035404 -0.46921518  0.20975098  0.26250423 -0.63827181
 -0.01116583  0.38637505  0.01342945  0.04277654 -0.54557483  0.52258189
  0.56468056  0.56056042  0.63733734  0.23300436 -0.17368943  0.57113914
 -0.16963369  0.41950543 -0.6175473   0.12563249  0.34249589 -0.6359009
  0.001382   -0.22822619  0.07703093 -0.29552361  0.27085502 -0.5028693
 -0.29218653 -0.82505549 -0.49888668 -0.22798226 -0.19516388]
1808,[ 0.1954625   0.10284281 -0.07892313  0.1289808   0.36664121  0.09252929
 -0.04943035  0.65675697  0.3574601  -0.53373194 -0.04625046 -0.12631667
  0.18377132  0.42412698 -0.32575522  0.2250411  -0.11233333 -0.6228888
  0.1076819   0.14036066 -0.46921615  0.20974506  0.26250224 -0.63828113
 -0.01117541  0.38637044  0.01344666  0.04277079 -0.54558243  0.52259749
  0.56466555  0.56056448  0.63734424  0.23300464 -0.1736836   0.57114078
 -0.16964004  0.41950123 -0.61754463  0.12562567  0.34249742 -0.63588938
  0.00136873 -0.22822732  0.07702309 -0.29552593  0.27086341 -0.50285059
 -0.29219722 -0.8250542  -0.49889103 -0.22798064 -0.19516694]
1809,[ 0.19547353  0.10284725 -0.07895139  0.1289869   0.36664751  0.09252254
 -0.04942045  0.65674641  0.3574492  -0.53372735 -0.04624886 -0.12630483
  0.18376548  0.42413811 -0.32575556  0.22505039 -0.11232745 -0.62288528
  0.10767564  0.14036728 -0.46921712  0.20973915  0.26250025 -0.63829043
 -0.01118498  0.38636583  0.01346385  0.04276504 -0.54559002  0.52261308
  0.56465055  0.56056853  0.63735113  0.23300493 -0.17367779  0.57114241
 -0.16964637  0.41949704 -0.61754196  0.12561885  0.34249895 -0.63587788
  0.00135547 -0.22822845  0.07701526 -0.29552824  0.27087178 -0.50283189
 -0.29220791 -0.8250529  -0.49889537 -0.22797902 -0.19517   ]
1810,[ 0.19548454  0.10285168 -0.07897962  0.128993    0.36665381  0.09251579
 -0.04941055  0.65673587  0.35743831 -0.53372276 -0.04624727 -0.126293
  0.18375965  0.42414923 -0.3257559   0.22505966 -0.11232158 -0.62288176
  0.10766939  0.14037389 -0.46921808  0.20973325  0.26249826 -0.63829972
 -0.01119454  0.38636123  0.01348101  0.0427593  -0.5455976   0.52262865
  0.56463558  0.56057258  0.63735802  0.23300522 -0.17367198  0.57114405
 -0.1696527   0.41949285 -0.6175393   0.12561204  0.34250047 -0.63586639
  0.00134224 -0.22822958  0.07700744 -0.29553055  0.27088015 -0.50281322
 -0.29221858 -0.82505161 -0.49889971 -0.2279774  -0.19517305]
1811,[ 0.19549555  0.10285611 -0.07900781  0.12899909  0.3666601   0.09250905
 -0.04940067  0.65672533  0.35742743 -0.53371818 -0.04624567 -0.12628118
  0.18375382  0.42416033 -0.32575624  0.22506892 -0.11231571 -0.62287824
  0.10766315  0.1403805  -0.46921904  0.20972735  0.26249627 -0.63830901
 -0.01120409  0.38635663  0.01349816  0.04275357 -0.54560518  0.5226442
  0.56462061  0.56057662  0.6373649   0.2330055  -0.17366617  0.57114568
 -0.16965902  0.41948866 -0.61753664  0.12560524  0.342502   -0.63585491
  0.00132901 -0.2282307   0.07699963 -0.29553285  0.27088851 -0.50279457
 -0.29222925 -0.82505031 -0.49890404 -0.22797579 -0.1951761 ]
1812,[ 0.19550654  0.10286053 -0.07903598  0.12900517  0.36666638  0.09250231
 -0.0493908   0.65671481  0.35741656 -0.5337136  -0.04624408 -0.12626937
  0.183748    0.42417142 -0.32575658  0.22507817 -0.11230985 -0.62287473
  0.10765691  0.14038709 -0.46922     0.20972146  0.26249428 -0.63831828
 -0.01121363  0.38635204  0.01351529  0.04274784 -0.54561274  0.52265973
  0.56460567  0.56058066  0.63737177  0.23300579 -0.17366037  0.5711473
 -0.16966534  0.41948448 -0.61753398  0.12559845  0.34250352 -0.63584345
  0.00131581 -0.22823183  0.07699182 -0.29553515  0.27089686 -0.50277594
 -0.2922399  -0.82504902 -0.49890836 -0.22797417 -0.19517915]
1813,[ 0.19551751  0.10286495 -0.07906411  0.12901124  0.36667265  0.09249559
 -0.04938094  0.6567043   0.35740571 -0.53370903 -0.04624249 -0.12625758
  0.18374218  0.4241825  -0.32575692  0.22508741 -0.11230399 -0.62287122
  0.10765069  0.14039368 -0.46922096  0.20971557  0.2624923  -0.63832754
 -0.01122316  0.38634746  0.0135324   0.04274212 -0.5456203   0.52267525
  0.56459074  0.56058469  0.63737863  0.23300607 -0.17365458  0.57114893
 -0.16967165  0.4194803  -0.61753133  0.12559167  0.34250504 -0.63583199
  0.00130261 -0.22823296  0.07698403 -0.29553745  0.2709052  -0.50275733
 -0.29225053 -0.82504773 -0.49891269 -0.22797256 -0.19518219]
1814,[ 0.19552848  0.10286936 -0.07909221  0.12901731  0.36667892  0.09248887
 -0.0493711   0.6566938   0.35739486 -0.53370447 -0.0462409  -0.1262458
  0.18373637  0.42419357 -0.32575726  0.22509664 -0.11229814 -0.62286772
  0.10764446  0.14040026 -0.46922192  0.2097097   0.26249032 -0.63833679
 -0.01123268  0.38634288  0.01354949  0.04273641 -0.54562785  0.52269075
  0.56457583  0.56058872  0.63738548  0.23300636 -0.1736488   0.57115056
 -0.16967795  0.41947613 -0.61752868  0.12558489  0.34250656 -0.63582056
  0.00128943 -0.22823408  0.07697624 -0.29553975  0.27091352 -0.50273874
 -0.29226116 -0.82504644 -0.498917   -0.22797095 -0.19518523]
1815,[ 0.19553943  0.10287377 -0.07912028  0.12902338  0.36668518  0.09248216
 -0.04936126  0.65668331  0.35738403 -0.5336999  -0.04623931 -0.12623404
  0.18373057  0.42420462 -0.3257576   0.22510586 -0.1122923  -0.62286422
  0.10763825  0.14040684 -0.46922288  0.20970383  0.26248834 -0.63834604
 -0.01124218  0.3863383   0.01356656  0.0427307  -0.54563538  0.52270623
  0.56456094  0.56059275  0.63739233  0.23300664 -0.17364302  0.57115218
 -0.16968424  0.41947196 -0.61752603  0.12557812  0.34250808 -0.63580913
  0.00127627 -0.2282352   0.07696847 -0.29554205  0.27092185 -0.50272017
 -0.29227177 -0.82504516 -0.49892131 -0.22796934 -0.19518827]
1816,[ 0.19555037  0.10287817 -0.07914831  0.12902943  0.36669143  0.09247545
 -0.04935143  0.65667283  0.35737322 -0.53369535 -0.04623772 -0.12622229
  0.18372477  0.42421567 -0.32575794  0.22511506 -0.11228647 -0.62286072
  0.10763204  0.14041341 -0.46922384  0.20969796  0.26248636 -0.63835527
 -0.01125168  0.38633373  0.01358361  0.042725   -0.54564292  0.52272169
  0.56454606  0.56059677  0.63739917  0.23300693 -0.17363725  0.5711538
 -0.16969053  0.4194678  -0.61752338  0.12557136  0.34250959 -0.63579772
  0.00126312 -0.22823632  0.0769607  -0.29554434  0.27093016 -0.50270162
 -0.29228238 -0.82504387 -0.49892562 -0.22796774 -0.1951913 ]
1817,[ 0.1955613   0.10288257 -0.07917632  0.12903548  0.36669767  0.09246876
 -0.04934162  0.65666237  0.35736241 -0.5336908  -0.04623614 -0.12621055
  0.18371898  0.4242267  -0.32575828  0.22512426 -0.11228064 -0.62285723
  0.10762584  0.14041997 -0.4692248   0.2096921   0.26248439 -0.63836449
 -0.01126116  0.38632917  0.01360065  0.04271931 -0.54565044  0.52273714
  0.5645312   0.56060079  0.637406    0.23300721 -0.17363148  0.57115542
 -0.16969681  0.41946364 -0.61752074  0.12556461  0.34251111 -0.63578632
  0.00124999 -0.22823744  0.07695294 -0.29554663  0.27093846 -0.5026831
 -0.29229297 -0.82504259 -0.49892992 -0.22796613 -0.19519433]
1818,[ 0.19557222  0.10288696 -0.07920429  0.12904152  0.36670391  0.09246207
 -0.04933181  0.65665192  0.35735162 -0.53368625 -0.04623455 -0.12619882
  0.1837132   0.42423771 -0.32575862  0.22513345 -0.11227482 -0.62285374
  0.10761965  0.14042652 -0.46922575  0.20968625  0.26248241 -0.6383737
 -0.01127064  0.38632461  0.01361766  0.04271362 -0.54565795  0.52275257
  0.56451635  0.5606048   0.63741283  0.23300749 -0.17362573  0.57115704
 -0.16970308  0.41945949 -0.6175181   0.12555786  0.34251262 -0.63577493
  0.00123687 -0.22823856  0.07694519 -0.29554892  0.27094675 -0.50266459
 -0.29230354 -0.82504131 -0.49893422 -0.22796453 -0.19519736]
1819,[ 0.19558312  0.10289135 -0.07923223  0.12904756  0.36671014  0.09245539
 -0.04932202  0.65664148  0.35734084 -0.53368171 -0.04623297 -0.12618711
  0.18370743  0.42424872 -0.32575896  0.22514263 -0.112269   -0.62285026
  0.10761346  0.14043306 -0.46922671  0.20968041  0.26248044 -0.6383829
 -0.0112801   0.38632005  0.01363465  0.04270794 -0.54566546  0.52276798
  0.56450153  0.5606088   0.63741964  0.23300778 -0.17361997  0.57115866
 -0.16970935  0.41945534 -0.61751547  0.12555113  0.34251413 -0.63576356
  0.00122377 -0.22823968  0.07693745 -0.2955512   0.27095503 -0.5026461
 -0.29231411 -0.82504003 -0.49893851 -0.22796293 -0.19520038]
1820,[ 0.19559401  0.10289573 -0.07926014  0.12905359  0.36671637  0.09244871
 -0.04931224  0.65663105  0.35733007 -0.53367718 -0.04623139 -0.12617541
  0.18370166  0.42425971 -0.32575929  0.2251518  -0.1122632  -0.62284678
  0.10760728  0.1404396  -0.46922766  0.20967457  0.26247847 -0.63839209
 -0.01128955  0.3863155   0.01365163  0.04270226 -0.54567296  0.52278337
  0.56448671  0.56061281  0.63742645  0.23300806 -0.17361423  0.57116027
 -0.16971561  0.41945119 -0.61751283  0.1255444   0.34251564 -0.63575219
  0.00121068 -0.22824079  0.07692971 -0.29555348  0.27096331 -0.50262764
 -0.29232466 -0.82503875 -0.4989428  -0.22796133 -0.1952034 ]
1821,[ 0.19560489  0.10290011 -0.07928802  0.12905961  0.36672258  0.09244205
 -0.04930247  0.65662063  0.35731931 -0.53367264 -0.04622982 -0.12616373
  0.18369589  0.42427069 -0.32575963  0.22516095 -0.11225739 -0.6228433
  0.10760111  0.14044613 -0.46922861  0.20966874  0.26247651 -0.63840127
 -0.01129899  0.38631096  0.01366859  0.04269659 -0.54568044  0.52279875
  0.56447192  0.5606168   0.63743325  0.23300834 -0.17360849  0.57116188
 -0.16972186  0.41944706 -0.6175102   0.12553767  0.34251715 -0.63574085
  0.0011976  -0.22824191  0.07692199 -0.29555576  0.27097157 -0.5026092
 -0.29233521 -0.82503747 -0.49894708 -0.22795973 -0.19520642]
1822,[ 0.19561576  0.10290448 -0.07931587  0.12906562  0.36672879  0.09243539
 -0.04929271  0.65661023  0.35730856 -0.53366812 -0.04622824 -0.12615205
  0.18369014  0.42428166 -0.32575997  0.2251701  -0.1122516  -0.62283983
  0.10759495  0.14045265 -0.46922956  0.20966291  0.26247454 -0.63841044
 -0.01130843  0.38630642  0.01368552  0.04269093 -0.54568792  0.52281411
  0.56445714  0.5606208   0.63744004  0.23300862 -0.17360276  0.57116349
 -0.1697281   0.41944292 -0.61750757  0.12553096  0.34251865 -0.63572951
  0.00118454 -0.22824302  0.07691427 -0.29555804  0.27097983 -0.50259077
 -0.29234574 -0.82503619 -0.49895136 -0.22795814 -0.19520943]
1823,[ 0.19562661  0.10290885 -0.07934369  0.12907163  0.366735    0.09242874
 -0.04928296  0.65659983  0.35729783 -0.5336636  -0.04622667 -0.12614039
  0.18368439  0.42429261 -0.3257603   0.22517924 -0.11224581 -0.62283636
  0.10758879  0.14045917 -0.46923051  0.2096571   0.26247258 -0.63841959
 -0.01131785  0.38630189  0.01370244  0.04268528 -0.5456954   0.52282945
  0.56444238  0.56062478  0.63744683  0.23300891 -0.17359703  0.5711651
 -0.16973434  0.41943879 -0.61750495  0.12552425  0.34252016 -0.63571819
  0.0011715  -0.22824414  0.07690656 -0.29556032  0.27098807 -0.50257237
 -0.29235626 -0.82503492 -0.49895563 -0.22795654 -0.19521244]
1824,[ 0.19563746  0.10291322 -0.07937147  0.12907763  0.36674119  0.0924221
 -0.04927322  0.65658945  0.35728711 -0.53365908 -0.0462251  -0.12612875
  0.18367864  0.42430355 -0.32576064  0.22518836 -0.11224003 -0.6228329
  0.10758263  0.14046568 -0.46923146  0.20965128  0.26247062 -0.63842874
 -0.01132726  0.38629736  0.01371934  0.04267963 -0.54570286  0.52284478
  0.56442764  0.56062877  0.63745361  0.23300919 -0.17359131  0.57116671
 -0.16974057  0.41943467 -0.61750233  0.12551755  0.34252166 -0.63570688
  0.00115847 -0.22824525  0.07689886 -0.29556259  0.27099631 -0.50255399
 -0.29236676 -0.82503364 -0.4989599  -0.22795495 -0.19521545]
1825,[ 0.19564829  0.10291757 -0.07939922  0.12908363  0.36674738  0.09241546
 -0.0492635   0.65657908  0.3572764  -0.53365457 -0.04622353 -0.12611711
  0.1836729   0.42431448 -0.32576098  0.22519748 -0.11223425 -0.62282944
  0.10757649  0.14047218 -0.46923241  0.20964548  0.26246867 -0.63843788
 -0.01133666  0.38629283  0.01373622  0.04267398 -0.54571031  0.52286008
  0.56441291  0.56063275  0.63746038  0.23300947 -0.1735856   0.57116832
 -0.16974679  0.41943054 -0.61749971  0.12551086  0.34252316 -0.63569558
  0.00114545 -0.22824636  0.07689117 -0.29556486  0.27100453 -0.50253563
 -0.29237726 -0.82503237 -0.49896416 -0.22795336 -0.19521845]
1826,[ 0.1956591   0.10292193 -0.07942695  0.12908961  0.36675356  0.09240883
 -0.04925378  0.65656872  0.3572657  -0.53365007 -0.04622196 -0.12610549
  0.18366717  0.4243254  -0.32576131  0.22520658 -0.11222848 -0.62282598
  0.10757035  0.14047867 -0.46923335  0.20963968  0.26246671 -0.63844701
 -0.01134605  0.38628831  0.01375308  0.04266835 -0.54571776  0.52287537
  0.5643982   0.56063672  0.63746714  0.23300975 -0.17357989  0.57116992
 -0.16975301  0.41942643 -0.6174971   0.12550417  0.34252466 -0.63568429
  0.00113245 -0.22824746  0.07688349 -0.29556712  0.27101275 -0.50251729
 -0.29238774 -0.8250311  -0.49896842 -0.22795177 -0.19522145]
1827,[ 0.19566991  0.10292628 -0.07945464  0.12909559  0.36675974  0.09240221
 -0.04924408  0.65655838  0.35725502 -0.53364557 -0.04622039 -0.12609389
  0.18366145  0.42433631 -0.32576165  0.22521568 -0.11222272 -0.62282253
  0.10756422  0.14048516 -0.4692343   0.20963389  0.26246476 -0.63845613
 -0.01135542  0.3862838   0.01376992  0.04266272 -0.5457252   0.52289065
  0.56438351  0.56064069  0.63747389  0.23301003 -0.17357419  0.57117152
 -0.16975922  0.41942232 -0.61749448  0.12549749  0.34252616 -0.63567302
  0.00111946 -0.22824857  0.07687582 -0.29556939  0.27102096 -0.50249897
 -0.29239821 -0.82502983 -0.49897268 -0.22795019 -0.19522444]
1828,[ 0.1956807   0.10293062 -0.0794823   0.12910157  0.36676591  0.0923956
 -0.04923438  0.65654804  0.35724435 -0.53364107 -0.04621883 -0.12608229
  0.18365573  0.4243472  -0.32576198  0.22522476 -0.11221696 -0.62281908
  0.1075581   0.14049164 -0.46923524  0.2096281   0.26246281 -0.63846523
 -0.01136479  0.38627929  0.01378675  0.04265709 -0.54573263  0.5229059
  0.56436883  0.56064466  0.63748064  0.23301031 -0.1735685   0.57117312
 -0.16976542  0.41941821 -0.61749187  0.12549082  0.34252765 -0.63566176
  0.00110649 -0.22824968  0.07686816 -0.29557165  0.27102916 -0.50248067
 -0.29240867 -0.82502856 -0.49897693 -0.2279486  -0.19522744]
1829,[ 0.19569149  0.10293496 -0.07950993  0.12910754  0.36677207  0.09238899
 -0.0492247   0.65653772  0.35723369 -0.53363658 -0.04621726 -0.12607071
  0.18365002  0.42435808 -0.32576231  0.22523384 -0.11221121 -0.62281563
  0.10755198  0.14049811 -0.46923619  0.20962232  0.26246086 -0.63847433
 -0.01137415  0.38627479  0.01380355  0.04265147 -0.54574005  0.52292114
  0.56435417  0.56064862  0.63748738  0.23301059 -0.17356281  0.57117472
 -0.16977162  0.41941411 -0.61748927  0.12548416  0.34252915 -0.63565051
  0.00109353 -0.22825078  0.0768605  -0.29557391  0.27103735 -0.5024624
 -0.29241912 -0.82502729 -0.49898117 -0.22794702 -0.19523043]
1830,[ 0.19570226  0.10293929 -0.07953753  0.1291135   0.36677822  0.09238239
 -0.04921503  0.65652741  0.35722304 -0.5336321  -0.0462157  -0.12605915
  0.18364431  0.42436895 -0.32576265  0.2252429  -0.11220547 -0.62281219
  0.10754587  0.14050457 -0.46923713  0.20961655  0.26245891 -0.63848342
 -0.0113835   0.38627029  0.01382033  0.04264586 -0.54574746  0.52293636
  0.56433952  0.56065258  0.63749411  0.23301087 -0.17355713  0.57117632
 -0.16977781  0.41941001 -0.61748666  0.12547751  0.34253064 -0.63563928
  0.00108059 -0.22825189  0.07685285 -0.29557617  0.27104553 -0.50244414
 -0.29242956 -0.82502603 -0.49898541 -0.22794544 -0.19523341]
1831,[ 0.19571301  0.10294362 -0.07956509  0.12911945  0.36678437  0.0923758
 -0.04920537  0.65651711  0.3572124  -0.53362762 -0.04621414 -0.12604759
  0.18363862  0.42437981 -0.32576298  0.22525196 -0.11219973 -0.62280875
  0.10753977  0.14051103 -0.46923807  0.20961079  0.26245697 -0.63849249
 -0.01139283  0.3862658   0.0138371   0.04264026 -0.54575487  0.52295157
  0.56432489  0.56065653  0.63750084  0.23301115 -0.17355145  0.57117791
 -0.16978399  0.41940592 -0.61748406  0.12547086  0.34253213 -0.63562806
  0.00106766 -0.22825299  0.07684521 -0.29557842  0.2710537  -0.5024259
 -0.29243998 -0.82502477 -0.49898964 -0.22794386 -0.19523639]
1832,[ 0.19572376  0.10294795 -0.07959263  0.1291254   0.36679051  0.09236922
 -0.04919572  0.65650682  0.35720178 -0.53362314 -0.04621258 -0.12603605
  0.18363292  0.42439065 -0.32576331  0.225261   -0.112194   -0.62280532
  0.10753367  0.14051748 -0.46923901  0.20960503  0.26245503 -0.63850156
 -0.01140216  0.38626131  0.01385385  0.04263466 -0.54576227  0.52296676
  0.56431028  0.56066048  0.63750756  0.23301143 -0.17354579  0.5711795
 -0.16979016  0.41940183 -0.61748146  0.12546422  0.34253362 -0.63561685
  0.00105475 -0.22825409  0.07683759 -0.29558067  0.27106186 -0.50240769
 -0.29245039 -0.8250235  -0.49899387 -0.22794228 -0.19523937]
1833,[ 0.19573449  0.10295226 -0.07962013  0.12913134  0.36679665  0.09236264
 -0.04918608  0.65649654  0.35719116 -0.53361867 -0.04621103 -0.12602452
  0.18362724  0.42440149 -0.32576365  0.22527003 -0.11218828 -0.62280189
  0.10752758  0.14052392 -0.46923995  0.20959927  0.26245309 -0.63851061
 -0.01141147  0.38625682  0.01387058  0.04262906 -0.54576965  0.52298193
  0.56429569  0.56066443  0.63751426  0.23301171 -0.17354012  0.57118109
 -0.16979633  0.41939775 -0.61747887  0.12545759  0.34253511 -0.63560565
  0.00104185 -0.22825519  0.07682996 -0.29558292  0.27107002 -0.50238949
 -0.29246079 -0.82502224 -0.4989981  -0.22794071 -0.19524235]
1834,[ 0.19574521  0.10295658 -0.07964761  0.12913727  0.36680277  0.09235607
 -0.04917645  0.65648628  0.35718056 -0.53361421 -0.04620947 -0.126013
  0.18362156  0.42441231 -0.32576398  0.22527906 -0.11218256 -0.62279847
  0.1075215   0.14053036 -0.46924089  0.20959353  0.26245115 -0.63851966
 -0.01142078  0.38625235  0.01388729  0.04262348 -0.54577703  0.52299708
  0.56428111  0.56066837  0.63752097  0.23301198 -0.17353447  0.57118268
 -0.16980249  0.41939367 -0.61747628  0.12545096  0.34253659 -0.63559447
  0.00102897 -0.22825629  0.07682235 -0.29558517  0.27107816 -0.50237132
 -0.29247118 -0.82502098 -0.49900232 -0.22793913 -0.19524532]
1835,[ 0.19575592  0.10296089 -0.07967505  0.1291432   0.36680889  0.09234951
 -0.04916683  0.65647602  0.35716997 -0.53360975 -0.04620792 -0.1260015
  0.18361588  0.42442311 -0.32576431  0.22528807 -0.11217685 -0.62279504
  0.10751542  0.14053678 -0.46924183  0.20958779  0.26244922 -0.6385287
 -0.01143007  0.38624787  0.01390398  0.0426179  -0.5457844   0.52301222
  0.56426655  0.5606723   0.63752766  0.23301226 -0.17352882  0.57118427
 -0.16980864  0.41938959 -0.61747369  0.12544434  0.34253807 -0.6355833
  0.00101609 -0.22825739  0.07681475 -0.29558741  0.2710863  -0.50235316
 -0.29248156 -0.82501972 -0.49900654 -0.22793756 -0.19524829]
1836,[ 0.19576662  0.10296519 -0.07970246  0.12914912  0.36681501  0.09234296
 -0.04915722  0.65646578  0.3571594  -0.5336053  -0.04620637 -0.12599001
  0.18361022  0.42443391 -0.32576464  0.22529707 -0.11217114 -0.62279162
  0.10750935  0.1405432  -0.46924276  0.20958205  0.26244728 -0.63853772
 -0.01143936  0.3862434   0.01392065  0.04261232 -0.54579177  0.52302733
  0.564252    0.56067623  0.63753435  0.23301254 -0.17352318  0.57118586
 -0.16981479  0.41938552 -0.6174711   0.12543773  0.34253956 -0.63557214
  0.00100324 -0.22825848  0.07680715 -0.29558965  0.27109442 -0.50233503
 -0.29249193 -0.82501847 -0.49901075 -0.22793599 -0.19525126]
1837,[ 0.1957773   0.10296949 -0.07972984  0.12915503  0.36682111  0.09233641
 -0.04914763  0.65645555  0.35714883 -0.53360085 -0.04620482 -0.12597853
  0.18360456  0.42444469 -0.32576497  0.22530607 -0.11216545 -0.62278821
  0.10750329  0.14054962 -0.4692437   0.20957633  0.26244535 -0.63854674
 -0.01144863  0.38623894  0.0139373   0.04260676 -0.54579912  0.52304244
  0.56423747  0.56068016  0.63754103  0.23301282 -0.17351754  0.57118744
 -0.16982093  0.41938146 -0.61746852  0.12543113  0.34254104 -0.63556099
  0.0009904  -0.22825958  0.07679957 -0.29559189  0.27110254 -0.50231691
 -0.29250228 -0.82501721 -0.49901495 -0.22793442 -0.19525422]
1838,[ 0.19578798  0.10297379 -0.07975719  0.12916094  0.36682721  0.09232987
 -0.04913804  0.65644533  0.35713828 -0.5335964  -0.04620327 -0.12596707
  0.1835989   0.42445546 -0.3257653   0.22531505 -0.11215975 -0.6227848
  0.10749724  0.14055602 -0.46924463  0.2095706   0.26244342 -0.63855574
 -0.01145789  0.38623448  0.01395394  0.0426012  -0.54580647  0.52305752
  0.56422296  0.56068408  0.6375477   0.23301309 -0.17351191  0.57118902
 -0.16982706  0.4193774  -0.61746594  0.12542453  0.34254252 -0.63554986
  0.00097757 -0.22826067  0.07679199 -0.29559413  0.27111065 -0.50229882
 -0.29251262 -0.82501596 -0.49901915 -0.22793286 -0.19525718]
1839,[ 0.19579864  0.10297808 -0.07978451  0.12916684  0.3668333   0.09232334
 -0.04912847  0.65643512  0.35712774 -0.53359196 -0.04620173 -0.12595562
  0.18359326  0.42446622 -0.32576563  0.22532402 -0.11215407 -0.62278139
  0.10749119  0.14056242 -0.46924556  0.20956489  0.2624415  -0.63856474
 -0.01146715  0.38623003  0.01397055  0.04259564 -0.54581381  0.52307259
  0.56420846  0.560688    0.63755436  0.23301337 -0.17350629  0.5711906
 -0.16983319  0.41937334 -0.61746336  0.12541795  0.34254399 -0.63553874
  0.00096476 -0.22826176  0.07678442 -0.29559636  0.27111874 -0.50228075
 -0.29252295 -0.82501471 -0.49902335 -0.22793129 -0.19526013]
1840,[ 0.19580929  0.10298236 -0.0798118   0.12917274  0.36683939  0.09231681
 -0.0491189   0.65642493  0.35711721 -0.53358753 -0.04620018 -0.12594418
  0.18358761  0.42447697 -0.32576596  0.22533299 -0.11214839 -0.62277799
  0.10748515  0.14056881 -0.4692465   0.20955918  0.26243957 -0.63857372
 -0.01147639  0.38622558  0.01398715  0.04259009 -0.54582114  0.52308764
  0.56419398  0.56069191  0.63756102  0.23301365 -0.17350067  0.57119218
 -0.16983931  0.41936929 -0.61746079  0.12541137  0.34254547 -0.63552763
  0.00095196 -0.22826285  0.07677686 -0.2955986   0.27112683 -0.50226269
 -0.29253327 -0.82501345 -0.49902754 -0.22792973 -0.19526308]
1841,[ 0.19581992  0.10298664 -0.07983906  0.12917862  0.36684547  0.0923103
 -0.04910935  0.65641474  0.35710669 -0.5335831  -0.04619864 -0.12593276
  0.18358198  0.42448771 -0.32576629  0.22534194 -0.11214272 -0.62277459
  0.10747911  0.1405752  -0.46924743  0.20955348  0.26243765 -0.6385827
 -0.01148562  0.38622114  0.01400373  0.04258455 -0.54582846  0.52310268
  0.56417951  0.56069582  0.63756767  0.23301392 -0.17349506  0.57119376
 -0.16984542  0.41936524 -0.61745822  0.12540479  0.34254694 -0.63551653
  0.00093918 -0.22826394  0.0767693  -0.29560082  0.27113491 -0.50224466
 -0.29254358 -0.82501221 -0.49903173 -0.22792817 -0.19526603]
1842,[ 0.19583055  0.10299092 -0.07986629  0.1291845   0.36685154  0.09230379
 -0.04909981  0.65640457  0.35709618 -0.53357867 -0.0461971  -0.12592134
  0.18357635  0.42449843 -0.32576662  0.22535088 -0.11213705 -0.6227712
  0.10747308  0.14058158 -0.46924836  0.20954779  0.26243573 -0.63859166
 -0.01149484  0.3862167   0.01402029  0.04257901 -0.54583577  0.52311769
  0.56416507  0.56069972  0.63757431  0.2330142  -0.17348945  0.57119533
 -0.16985152  0.4193612  -0.61745565  0.12539823  0.34254841 -0.63550545
  0.00092641 -0.22826503  0.07676176 -0.29560305  0.27114299 -0.50222665
 -0.29255388 -0.82501096 -0.49903591 -0.22792661 -0.19526898]
1843,[ 0.19584116  0.10299519 -0.07989348  0.12919038  0.3668576   0.09229728
 -0.04909028  0.65639441  0.35708569 -0.53357425 -0.04619556 -0.12590994
  0.18357073  0.42450914 -0.32576695  0.22535982 -0.11213139 -0.62276781
  0.10746706  0.14058795 -0.46924929  0.2095421   0.26243381 -0.63860061
 -0.01150405  0.38621227  0.01403683  0.04257348 -0.54584308  0.52313269
  0.56415063  0.56070362  0.63758095  0.23301448 -0.17348385  0.5711969
 -0.16985762  0.41935716 -0.61745308  0.12539167  0.34254989 -0.63549438
  0.00091365 -0.22826612  0.07675422 -0.29560527  0.27115105 -0.50220866
 -0.29256416 -0.82500971 -0.49904009 -0.22792505 -0.19527192]
1844,[ 0.19585176  0.10299946 -0.07992065  0.12919624  0.36686366  0.09229079
 -0.04908076  0.65638426  0.35707521 -0.53356984 -0.04619403 -0.12589856
  0.18356511  0.42451984 -0.32576728  0.22536874 -0.11212574 -0.62276442
  0.10746105  0.14059431 -0.46925021  0.20953642  0.2624319  -0.63860956
 -0.01151325  0.38620784  0.01405335  0.04256796 -0.54585038  0.52314768
  0.56413622  0.56070752  0.63758757  0.23301475 -0.17347826  0.57119848
 -0.16986371  0.41935313 -0.61745052  0.12538512  0.34255135 -0.63548332
  0.00090091 -0.22826721  0.0767467  -0.2956075   0.2711591  -0.50219069
 -0.29257443 -0.82500846 -0.49904426 -0.22792349 -0.19527486]
1845,[ 0.19586235  0.10300372 -0.07994778  0.12920211  0.36686971  0.0922843
 -0.04907125  0.65637412  0.35706474 -0.53356543 -0.04619249 -0.12588718
  0.1835595   0.42453053 -0.32576761  0.22537765 -0.11212009 -0.62276103
  0.10745504  0.14060067 -0.46925114  0.20953074  0.26242998 -0.63861849
 -0.01152244  0.38620341  0.01406985  0.04256244 -0.54585767  0.52316264
  0.56412182  0.56071141  0.63759419  0.23301503 -0.17347268  0.57120005
 -0.1698698   0.4193491  -0.61744796  0.12537857  0.34255282 -0.63547228
  0.00088819 -0.22826829  0.07673918 -0.29560972  0.27116714 -0.50217274
 -0.29258469 -0.82500722 -0.49904843 -0.22792194 -0.1952778 ]
1846,[ 0.19587293  0.10300797 -0.07997489  0.12920796  0.36687576  0.09227782
 -0.04906175  0.65636399  0.35705428 -0.53356102 -0.04619096 -0.12587582
  0.1835539   0.4245412  -0.32576794  0.22538655 -0.11211445 -0.62275765
  0.10744904  0.14060701 -0.46925207  0.20952507  0.26242807 -0.63862742
 -0.01153162  0.386199    0.01408634  0.04255693 -0.54586495  0.52317759
  0.56410744  0.5607153   0.6376008   0.2330153  -0.1734671   0.57120161
 -0.16987588  0.41934507 -0.6174454   0.12537204  0.34255429 -0.63546124
  0.00087548 -0.22826937  0.07673167 -0.29561193  0.27117518 -0.5021548
 -0.29259494 -0.82500598 -0.4990526  -0.22792039 -0.19528073]
1847,[ 0.19588349  0.10301223 -0.08000196  0.12921381  0.3668818   0.09227135
 -0.04905226  0.65635388  0.35704383 -0.53355663 -0.04618943 -0.12586447
  0.1835483   0.42455186 -0.32576826  0.22539545 -0.11210881 -0.62275428
  0.10744304  0.14061336 -0.46925299  0.20951941  0.26242616 -0.63863633
 -0.01154079  0.38619458  0.01410281  0.04255143 -0.54587222  0.52319253
  0.56409307  0.56071918  0.63760741  0.23301557 -0.17346152  0.57120318
 -0.16988195  0.41934105 -0.61744285  0.12536551  0.34255575 -0.63545022
  0.00086278 -0.22827046  0.07672416 -0.29561415  0.2711832  -0.50213689
 -0.29260518 -0.82500474 -0.49905675 -0.22791883 -0.19528366]
1848,[ 0.19589405  0.10301647 -0.08002901  0.12921965  0.36688783  0.09226488
 -0.04904278  0.65634377  0.3570334  -0.53355223 -0.04618789 -0.12585314
  0.18354271  0.42456251 -0.32576859  0.22540433 -0.11210319 -0.62275091
  0.10743706  0.14061969 -0.46925391  0.20951375  0.26242426 -0.63864524
 -0.01154995  0.38619018  0.01411925  0.04254593 -0.54587948  0.52320744
  0.56407872  0.56072306  0.637614    0.23301585 -0.17345596  0.57120474
 -0.16988801  0.41933704 -0.6174403   0.12535899  0.34255721 -0.63543921
  0.0008501  -0.22827154  0.07671667 -0.29561636  0.27119122 -0.502119
 -0.29261541 -0.8250035  -0.49906091 -0.22791728 -0.19528658]
1849,[ 0.19590459  0.10302071 -0.08005602  0.12922548  0.36689385  0.09225842
 -0.04903331  0.65633368  0.35702297 -0.53354784 -0.04618637 -0.12584182
  0.18353713  0.42457315 -0.32576892  0.2254132  -0.11209756 -0.62274754
  0.10743108  0.14062602 -0.46925484  0.2095081   0.26242235 -0.63865413
 -0.0115591   0.38618577  0.01413568  0.04254043 -0.54588674  0.52322234
  0.56406438  0.56072693  0.63762059  0.23301612 -0.1734504   0.57120631
 -0.16989407  0.41933303 -0.61743775  0.12535247  0.34255867 -0.63542822
  0.00083743 -0.22827262  0.07670919 -0.29561857  0.27119923 -0.50210113
 -0.29262562 -0.82500226 -0.49906506 -0.22791574 -0.19528951]
1850,[ 1.95915117e-01  1.03024952e-01 -8.00830017e-02  1.29231311e-01
  3.66899868e-01  9.22519690e-02 -4.90238563e-02  6.56323596e-01
  3.57012563e-01 -5.33543456e-01 -4.61848401e-02 -1.25830506e-01
  1.83531551e-01  4.24583779e-01 -3.25769242e-01  2.25422064e-01
 -1.12091949e-01 -6.22744173e-01  1.07425101e-01  1.40632338e-01
 -4.69255757e-01  2.09502456e-01  2.62420449e-01 -6.38663014e-01
 -1.15682386e-02  3.86181374e-01  1.41520950e-02  4.25349485e-02
 -5.45893987e-01  5.23237223e-01  5.64050066e-01  5.60730798e-01
  6.37627176e-01  2.33016395e-01 -1.73444841e-01  5.71207867e-01
 -1.69900121e-01  4.19329021e-01 -6.17435202e-01  1.25345967e-01
  3.42560133e-01 -6.35417233e-01  8.24774156e-04 -2.28273698e-01
  7.67017101e-02 -2.95620773e-01  2.71207226e-01 -5.02083282e-01
 -2.92635826e-01 -8.25001021e-01 -4.99069203e-01 -2.27914192e-01
 -1.95292425e-01]
1851,[ 1.95925635e-01  1.03029185e-01 -8.01099542e-02  1.29237132e-01
  3.66905879e-01  9.22455247e-02 -4.90144104e-02  6.56313525e-01
  3.57002163e-01 -5.33539076e-01 -4.61833152e-02 -1.25819209e-01
  1.83525979e-01  4.24594394e-01 -3.25769568e-01  2.25430916e-01
 -1.12086339e-01 -6.22740812e-01  1.07419134e-01  1.40638651e-01
 -4.69256678e-01  2.09496819e-01  2.62418549e-01 -6.38671889e-01
 -1.15773669e-02  3.86176980e-01  1.41684876e-02  4.25294682e-02
 -5.45901227e-01  5.23252089e-01  5.64035764e-01  5.60734663e-01
  6.37633751e-01  2.33016668e-01 -1.73439292e-01  5.71209426e-01
 -1.69906164e-01  4.19325019e-01 -6.17432660e-01  1.25339467e-01
  3.42561591e-01 -6.35406261e-01  8.12134037e-04 -2.28274776e-01
  7.66942420e-02 -2.95622977e-01  2.71215216e-01 -5.02065452e-01
 -2.92646018e-01 -8.24999786e-01 -4.99073344e-01 -2.27912648e-01
 -1.95295341e-01]
1852,[ 1.95936140e-01  1.03033412e-01 -8.01368763e-02  1.29242947e-01
  3.66911882e-01  9.22390876e-02 -4.90049751e-02  6.56303466e-01
  3.56991775e-01 -5.33534701e-01 -4.61817920e-02 -1.25807924e-01
  1.83520414e-01  4.24604996e-01 -3.25769893e-01  2.25439759e-01
 -1.12080737e-01 -6.22737455e-01  1.07413173e-01  1.40644957e-01
 -4.69257597e-01  2.09491188e-01  2.62416650e-01 -6.38680753e-01
 -1.15864849e-02  3.86172592e-01  1.41848617e-02  4.25239940e-02
 -5.45908458e-01  5.23266938e-01  5.64021478e-01  5.60738524e-01
  6.37640318e-01  2.33016941e-01 -1.73433750e-01  5.71210983e-01
 -1.69912201e-01  4.19321022e-01 -6.17430120e-01  1.25332975e-01
  3.42563046e-01 -6.35395302e-01  7.99508151e-04 -2.28275852e-01
  7.66867823e-02 -2.95625178e-01  2.71223197e-01 -5.02047642e-01
 -2.92656199e-01 -8.24998551e-01 -4.99077479e-01 -2.27911105e-01
 -1.95298254e-01]
1853,[ 1.95946634e-01  1.03037635e-01 -8.01637682e-02  1.29248755e-01
  3.66917879e-01  9.22326578e-02 -4.89955505e-02  6.56293418e-01
  3.56981398e-01 -5.33530331e-01 -4.61802706e-02 -1.25796652e-01
  1.83514854e-01  4.24615587e-01 -3.25770219e-01  2.25448591e-01
 -1.12075140e-01 -6.22734102e-01  1.07407220e-01  1.40651256e-01
 -4.69258515e-01  2.09485563e-01  2.62414754e-01 -6.38689607e-01
 -1.15955927e-02  3.86168208e-01  1.42012173e-02  4.25185260e-02
 -5.45915682e-01  5.23281770e-01  5.64007208e-01  5.60742380e-01
  6.37646878e-01  2.33017214e-01 -1.73428215e-01  5.71212539e-01
 -1.69918231e-01  4.19317029e-01 -6.17427583e-01  1.25326490e-01
  3.42564500e-01 -6.35384355e-01  7.86896484e-04 -2.28276927e-01
  7.66793310e-02 -2.95627377e-01  2.71231168e-01 -5.02029852e-01
 -2.92666368e-01 -8.24997319e-01 -4.99081610e-01 -2.27909565e-01
 -1.95301163e-01]
1854,[ 1.95957117e-01  1.03041854e-01 -8.01906297e-02  1.29254557e-01
  3.66923870e-01  9.22262352e-02 -4.89861364e-02  6.56283381e-01
  3.56971034e-01 -5.33525965e-01 -4.61787508e-02 -1.25785393e-01
  1.83509302e-01  4.24626166e-01 -3.25770543e-01  2.25457414e-01
 -1.12069550e-01 -6.22730752e-01  1.07401272e-01  1.40657547e-01
 -4.69259432e-01  2.09479944e-01  2.62412860e-01 -6.38698451e-01
 -1.16046902e-02  3.86163830e-01  1.42175546e-02  4.25130642e-02
 -5.45922897e-01  5.23296586e-01  5.63992954e-01  5.60746231e-01
  6.37653431e-01  2.33017486e-01 -1.73422685e-01  5.71214093e-01
 -1.69924255e-01  4.19313041e-01 -6.17425049e-01  1.25320013e-01
  3.42565953e-01 -6.35373420e-01  7.74299018e-04 -2.28278002e-01
  7.66718880e-02 -2.95629574e-01  2.71239131e-01 -5.02012081e-01
 -2.92676526e-01 -8.24996087e-01 -4.99085737e-01 -2.27908026e-01
 -1.95304070e-01]
1855,[ 1.95967587e-01  1.03046067e-01 -8.02174610e-02  1.29260352e-01
  3.66929853e-01  9.22198198e-02 -4.89767330e-02  6.56273356e-01
  3.56960681e-01 -5.33521605e-01 -4.61772328e-02 -1.25774147e-01
  1.83503755e-01  4.24636733e-01 -3.25770868e-01  2.25466227e-01
 -1.12063966e-01 -6.22727407e-01  1.07395332e-01  1.40663832e-01
 -4.69260349e-01  2.09474332e-01  2.62410968e-01 -6.38707285e-01
 -1.16137774e-02  3.86159456e-01  1.42338734e-02  4.25076085e-02
 -5.45930104e-01  5.23311385e-01  5.63978716e-01  5.60750079e-01
  6.37659976e-01  2.33017758e-01 -1.73417162e-01  5.71215645e-01
 -1.69930271e-01  4.19309057e-01 -6.17422517e-01  1.25313542e-01
  3.42567404e-01 -6.35362498e-01  7.61715738e-04 -2.28279074e-01
  7.66644535e-02 -2.95631768e-01  2.71247084e-01 -5.01994331e-01
 -2.92686672e-01 -8.24994857e-01 -4.99089858e-01 -2.27906489e-01
 -1.95306972e-01]
1856,[ 1.95978046e-01  1.03050276e-01 -8.02442621e-02  1.29266141e-01
  3.66935830e-01  9.22134117e-02 -4.89673401e-02  6.56263342e-01
  3.56950340e-01 -5.33517250e-01 -4.61757165e-02 -1.25762913e-01
  1.83498214e-01  4.24647289e-01 -3.25771192e-01  2.25475030e-01
 -1.12058388e-01 -6.22724065e-01  1.07389398e-01  1.40670110e-01
 -4.69261264e-01  2.09468726e-01  2.62409078e-01 -6.38716110e-01
 -1.16228545e-02  3.86155087e-01  1.42501739e-02  4.25021590e-02
 -5.45937304e-01  5.23326167e-01  5.63964494e-01  5.60753922e-01
  6.37666514e-01  2.33018029e-01 -1.73411645e-01  5.71217195e-01
 -1.69936281e-01  4.19305077e-01 -6.17419989e-01  1.25307079e-01
  3.42568853e-01 -6.35351588e-01  7.49146629e-04 -2.28280146e-01
  7.66570274e-02 -2.95633959e-01  2.71255029e-01 -5.01976601e-01
 -2.92696807e-01 -8.24993628e-01 -4.99093975e-01 -2.27904954e-01
 -1.95309872e-01]
1857,[ 1.95988492e-01  1.03054480e-01 -8.02710330e-02  1.29271923e-01
  3.66941800e-01  9.22070108e-02 -4.89579579e-02  6.56253339e-01
  3.56940010e-01 -5.33512899e-01 -4.61742019e-02 -1.25751692e-01
  1.83492680e-01  4.24657832e-01 -3.25771515e-01  2.25483822e-01
 -1.12052817e-01 -6.22720726e-01  1.07383471e-01  1.40676380e-01
 -4.69262178e-01  2.09463127e-01  2.62407190e-01 -6.38724924e-01
 -1.16319213e-02  3.86150723e-01  1.42664560e-02  4.24967156e-02
 -5.45944495e-01  5.23340932e-01  5.63950288e-01  5.60757761e-01
  6.37673044e-01  2.33018300e-01 -1.73406134e-01  5.71218743e-01
 -1.69942284e-01  4.19301103e-01 -6.17417463e-01  1.25300624e-01
  3.42570300e-01 -6.35340691e-01  7.36591673e-04 -2.28281217e-01
  7.66496096e-02 -2.95636149e-01  2.71262965e-01 -5.01958891e-01
 -2.92706930e-01 -8.24992401e-01 -4.99098088e-01 -2.27903420e-01
 -1.95312768e-01]
1858,[ 1.95998927e-01  1.03058679e-01 -8.02977737e-02  1.29277698e-01
  3.66947763e-01  9.22006171e-02 -4.89485862e-02  6.56243348e-01
  3.56929692e-01 -5.33508554e-01 -4.61726890e-02 -1.25740483e-01
  1.83487152e-01  4.24668363e-01 -3.25771839e-01  2.25492605e-01
 -1.12047252e-01 -6.22717392e-01  1.07377551e-01  1.40682644e-01
 -4.69263091e-01  2.09457533e-01  2.62405304e-01 -6.38733728e-01
 -1.16409778e-02  3.86146365e-01  1.42827198e-02  4.24912783e-02
 -5.45951678e-01  5.23355681e-01  5.63936098e-01  5.60761595e-01
  6.37679567e-01  2.33018571e-01 -1.73400629e-01  5.71220290e-01
 -1.69948280e-01  4.19297132e-01 -6.17414941e-01  1.25294175e-01
  3.42571746e-01 -6.35329805e-01  7.24050855e-04 -2.28282286e-01
  7.66422001e-02 -2.95638335e-01  2.71270891e-01 -5.01941201e-01
 -2.92717042e-01 -8.24991175e-01 -4.99102196e-01 -2.27901888e-01
 -1.95315661e-01]
1859,[ 1.96009351e-01  1.03062874e-01 -8.03244843e-02  1.29283468e-01
  3.66953720e-01  9.21942306e-02 -4.89392250e-02  6.56233368e-01
  3.56919386e-01 -5.33504213e-01 -4.61711778e-02 -1.25729287e-01
  1.83481631e-01  4.24678883e-01 -3.25772161e-01  2.25501379e-01
 -1.12041693e-01 -6.22714061e-01  1.07371637e-01  1.40688900e-01
 -4.69264003e-01  2.09451946e-01  2.62403421e-01 -6.38742523e-01
 -1.16500242e-02  3.86142011e-01  1.42989653e-02  4.24858472e-02
 -5.45958852e-01  5.23370414e-01  5.63921924e-01  5.60765425e-01
  6.37686083e-01  2.33018842e-01 -1.73395131e-01  5.71221835e-01
 -1.69954270e-01  4.19293166e-01 -6.17412421e-01  1.25287734e-01
  3.42573191e-01 -6.35318932e-01  7.11524159e-04 -2.28283354e-01
  7.66347990e-02 -2.95640519e-01  2.71278809e-01 -5.01923531e-01
 -2.92727142e-01 -8.24989951e-01 -4.99106299e-01 -2.27900358e-01
 -1.95318551e-01]
1860,[ 1.96019762e-01  1.03067063e-01 -8.03511649e-02  1.29289230e-01
  3.66959670e-01  9.21878513e-02 -4.89298744e-02  6.56223399e-01
  3.56909091e-01 -5.33499877e-01 -4.61696683e-02 -1.25718104e-01
  1.83476115e-01  4.24689391e-01 -3.25772484e-01  2.25510142e-01
 -1.12036141e-01 -6.22710734e-01  1.07365730e-01  1.40695149e-01
 -4.69264914e-01  2.09446366e-01  2.62401539e-01 -6.38751307e-01
 -1.16590604e-02  3.86137662e-01  1.43151925e-02  4.24804222e-02
 -5.45966019e-01  5.23385129e-01  5.63907766e-01  5.60769251e-01
  6.37692591e-01  2.33019112e-01 -1.73389638e-01  5.71223378e-01
 -1.69960252e-01  4.19289205e-01 -6.17409904e-01  1.25281300e-01
  3.42574633e-01 -6.35308071e-01  6.99011570e-04 -2.28284421e-01
  7.66274063e-02 -2.95642701e-01  2.71286718e-01 -5.01905880e-01
 -2.92737232e-01 -8.24988727e-01 -4.99110397e-01 -2.27898829e-01
 -1.95321438e-01]
1861,[ 1.96030162e-01  1.03071249e-01 -8.03778154e-02  1.29294986e-01
  3.66965613e-01  9.21814791e-02 -4.89205343e-02  6.56213441e-01
  3.56898808e-01 -5.33495547e-01 -4.61681605e-02 -1.25706933e-01
  1.83470606e-01  4.24699887e-01 -3.25772806e-01  2.25518895e-01
 -1.12030594e-01 -6.22707411e-01  1.07359829e-01  1.40701392e-01
 -4.69265824e-01  2.09440791e-01  2.62399660e-01 -6.38760082e-01
 -1.16680865e-02  3.86133317e-01  1.43314014e-02  4.24750033e-02
 -5.45973178e-01  5.23399829e-01  5.63893624e-01  5.60773073e-01
  6.37699092e-01  2.33019382e-01 -1.73384152e-01  5.71224920e-01
 -1.69966228e-01  4.19285248e-01 -6.17407389e-01  1.25274873e-01
  3.42576074e-01 -6.35297223e-01  6.86513071e-04 -2.28285486e-01
  7.66200218e-02 -2.95644881e-01  2.71294618e-01 -5.01888250e-01
 -2.92747309e-01 -8.24987506e-01 -4.99114491e-01 -2.27897303e-01
 -1.95324321e-01]
1862,[ 1.96040550e-01  1.03075429e-01 -8.04044359e-02  1.29300736e-01
  3.66971549e-01  9.21751142e-02 -4.89112047e-02  6.56203495e-01
  3.56888536e-01 -5.33491221e-01 -4.61666544e-02 -1.25695775e-01
  1.83465103e-01  4.24710371e-01 -3.25773128e-01  2.25527639e-01
 -1.12025054e-01 -6.22704092e-01  1.07353935e-01  1.40707627e-01
 -4.69266733e-01  2.09435223e-01  2.62397783e-01 -6.38768847e-01
 -1.16771023e-02  3.86128978e-01  1.43475920e-02  4.24695905e-02
 -5.45980329e-01  5.23414511e-01  5.63879498e-01  5.60776890e-01
  6.37705586e-01  2.33019652e-01 -1.73378672e-01  5.71226460e-01
 -1.69972198e-01  4.19281296e-01 -6.17404878e-01  1.25268454e-01
  3.42577514e-01 -6.35286386e-01  6.74028646e-04 -2.28286551e-01
  7.66126457e-02 -2.95647057e-01  2.71302509e-01 -5.01870639e-01
 -2.92757376e-01 -8.24986285e-01 -4.99118581e-01 -2.27895778e-01
 -1.95327201e-01]
1863,[ 1.96050927e-01  1.03079605e-01 -8.04310264e-02  1.29306479e-01
  3.66977479e-01  9.21687564e-02 -4.89018857e-02  6.56193559e-01
  3.56878276e-01 -5.33486899e-01 -4.61651499e-02 -1.25684630e-01
  1.83459606e-01  4.24720843e-01 -3.25773449e-01  2.25536372e-01
 -1.12019521e-01 -6.22700776e-01  1.07348048e-01  1.40713855e-01
 -4.69267641e-01  2.09429661e-01  2.62395908e-01 -6.38777602e-01
 -1.16861080e-02  3.86124644e-01  1.43637645e-02  4.24641837e-02
 -5.45987471e-01  5.23429177e-01  5.63865387e-01  5.60780703e-01
  6.37712072e-01  2.33019921e-01 -1.73373199e-01  5.71227998e-01
 -1.69978160e-01  4.19277348e-01 -6.17402369e-01  1.25262042e-01
  3.42578951e-01 -6.35275562e-01  6.61558280e-04 -2.28287614e-01
  7.66052779e-02 -2.95649232e-01  2.71310392e-01 -5.01853048e-01
 -2.92767431e-01 -8.24985066e-01 -4.99122665e-01 -2.27894254e-01
 -1.95330078e-01]
1864,[ 1.96061291e-01  1.03083776e-01 -8.04575870e-02  1.29312216e-01
  3.66983402e-01  9.21624058e-02 -4.88925771e-02  6.56183635e-01
  3.56868027e-01 -5.33482583e-01 -4.61636472e-02 -1.25673497e-01
  1.83454115e-01  4.24731303e-01 -3.25773771e-01  2.25545096e-01
 -1.12013993e-01 -6.22697464e-01  1.07342168e-01  1.40720077e-01
 -4.69268548e-01  2.09424106e-01  2.62394035e-01 -6.38786347e-01
 -1.16951036e-02  3.86120314e-01  1.43799187e-02  4.24587831e-02
 -5.45994606e-01  5.23443827e-01  5.63851293e-01  5.60784511e-01
  6.37718552e-01  2.33020190e-01 -1.73367731e-01  5.71229534e-01
 -1.69984116e-01  4.19273404e-01 -6.17399864e-01  1.25255637e-01
  3.42580388e-01 -6.35264750e-01  6.49101957e-04 -2.28288676e-01
  7.65979183e-02 -2.95651404e-01  2.71318265e-01 -5.01835477e-01
 -2.92777475e-01 -8.24983848e-01 -4.99126746e-01 -2.27892733e-01
 -1.95332951e-01]
1865,[ 1.96071644e-01  1.03087942e-01 -8.04841177e-02  1.29317946e-01
  3.66989319e-01  9.21560623e-02 -4.88832790e-02  6.56173722e-01
  3.56857790e-01 -5.33478272e-01 -4.61621462e-02 -1.25662376e-01
  1.83448630e-01  4.24741752e-01 -3.25774091e-01  2.25553810e-01
 -1.12008472e-01 -6.22694156e-01  1.07336294e-01  1.40726291e-01
 -4.69269454e-01  2.09418557e-01  2.62392164e-01 -6.38795082e-01
 -1.17040890e-02  3.86115990e-01  1.43960547e-02  4.24533886e-02
 -5.46001732e-01  5.23458460e-01  5.63837215e-01  5.60788316e-01
  6.37725023e-01  2.33020459e-01 -1.73362270e-01  5.71231069e-01
 -1.69990065e-01  4.19269465e-01 -6.17397361e-01  1.25249239e-01
  3.42581822e-01 -6.35253950e-01  6.36659661e-04 -2.28289737e-01
  7.65905671e-02 -2.95653573e-01  2.71326129e-01 -5.01817926e-01
 -2.92787507e-01 -8.24982632e-01 -4.99130821e-01 -2.27891213e-01
 -1.95335822e-01]
1866,[ 1.96081986e-01  1.03092103e-01 -8.05106185e-02  1.29323670e-01
  3.66995229e-01  9.21497259e-02 -4.88739914e-02  6.56163820e-01
  3.56847565e-01 -5.33473965e-01 -4.61606469e-02 -1.25651268e-01
  1.83443152e-01  4.24752189e-01 -3.25774412e-01  2.25562514e-01
 -1.12002957e-01 -6.22690851e-01  1.07330427e-01  1.40732498e-01
 -4.69270359e-01  2.09413013e-01  2.62390295e-01 -6.38803808e-01
 -1.17130644e-02  3.86111670e-01  1.44121725e-02  4.24480001e-02
 -5.46008851e-01  5.23473076e-01  5.63823152e-01  5.60792116e-01
  6.37731488e-01  2.33020728e-01 -1.73356814e-01  5.71232601e-01
 -1.69996008e-01  4.19265530e-01 -6.17394860e-01  1.25242848e-01
  3.42583255e-01 -6.35243163e-01  6.24231376e-04 -2.28290797e-01
  7.65832242e-02 -2.95655740e-01  2.71333985e-01 -5.01800394e-01
 -2.92797529e-01 -8.24981417e-01 -4.99134892e-01 -2.27889695e-01
 -1.95338689e-01]
1867,[ 1.96092316e-01  1.03096260e-01 -8.05370894e-02  1.29329387e-01
  3.67001132e-01  9.21433967e-02 -4.88647143e-02  6.56153930e-01
  3.56837351e-01 -5.33469663e-01 -4.61591492e-02 -1.25640173e-01
  1.83437680e-01  4.24762614e-01 -3.25774732e-01  2.25571209e-01
 -1.11997448e-01 -6.22687550e-01  1.07324566e-01  1.40738698e-01
 -4.69271263e-01  2.09407477e-01  2.62388429e-01 -6.38812523e-01
 -1.17220296e-02  3.86107355e-01  1.44282722e-02  4.24426177e-02
 -5.46015961e-01  5.23487677e-01  5.63809105e-01  5.60795912e-01
  6.37737945e-01  2.33020996e-01 -1.73351365e-01  5.71234133e-01
 -1.70001943e-01  4.19261600e-01 -6.17392363e-01  1.25236465e-01
  3.42584686e-01 -6.35232387e-01  6.11817087e-04 -2.28291855e-01
  7.65758895e-02 -2.95657905e-01  2.71341832e-01 -5.01782883e-01
 -2.92807539e-01 -8.24980204e-01 -4.99138958e-01 -2.27888178e-01
 -1.95341553e-01]
1868,[ 1.96102634e-01  1.03100413e-01 -8.05635306e-02  1.29335098e-01
  3.67007028e-01  9.21370747e-02 -4.88554476e-02  6.56144050e-01
  3.56827149e-01 -5.33465367e-01 -4.61576533e-02 -1.25629090e-01
  1.83432214e-01  4.24773027e-01 -3.25775051e-01  2.25579893e-01
 -1.11991945e-01 -6.22684253e-01  1.07318712e-01  1.40744892e-01
 -4.69272166e-01  2.09401946e-01  2.62386564e-01 -6.38821229e-01
 -1.17309847e-02  3.86103045e-01  1.44443538e-02  4.24372413e-02
 -5.46023064e-01  5.23502260e-01  5.63795074e-01  5.60799703e-01
  6.37744395e-01  2.33021264e-01 -1.73345922e-01  5.71235662e-01
 -1.70007872e-01  4.19257674e-01 -6.17389869e-01  1.25230089e-01
  3.42586116e-01 -6.35221624e-01  5.99416777e-04 -2.28292913e-01
  7.65685630e-02 -2.95660067e-01  2.71349670e-01 -5.01765391e-01
 -2.92817537e-01 -8.24978991e-01 -4.99143020e-01 -2.27886664e-01
 -1.95344413e-01]
1869,[ 1.96112940e-01  1.03104560e-01 -8.05899419e-02  1.29340802e-01
  3.67012918e-01  9.21307597e-02 -4.88461913e-02  6.56134182e-01
  3.56816958e-01 -5.33461075e-01 -4.61561590e-02 -1.25618019e-01
  1.83426754e-01  4.24783429e-01 -3.25775371e-01  2.25588568e-01
 -1.11986448e-01 -6.22680960e-01  1.07312864e-01  1.40751078e-01
 -4.69273068e-01  2.09396422e-01  2.62384702e-01 -6.38829925e-01
 -1.17399297e-02  3.86098740e-01  1.44604172e-02  4.24318711e-02
 -5.46030158e-01  5.23516827e-01  5.63781059e-01  5.60803490e-01
  6.37750838e-01  2.33021531e-01 -1.73340485e-01  5.71237190e-01
 -1.70013795e-01  4.19253753e-01 -6.17387377e-01  1.25223720e-01
  3.42587544e-01 -6.35210872e-01  5.87030431e-04 -2.28293969e-01
  7.65612449e-02 -2.95662227e-01  2.71357499e-01 -5.01747918e-01
 -2.92827525e-01 -8.24977781e-01 -4.99147077e-01 -2.27885151e-01
 -1.95347271e-01]
1870,[ 1.96123235e-01  1.03108703e-01 -8.06163236e-02  1.29346500e-01
  3.67018801e-01  9.21244519e-02 -4.88369455e-02  6.56124325e-01
  3.56806778e-01 -5.33456787e-01 -4.61546664e-02 -1.25606961e-01
  1.83421300e-01  4.24793819e-01 -3.25775690e-01  2.25597233e-01
 -1.11980958e-01 -6.22677670e-01  1.07307023e-01  1.40757257e-01
 -4.69273969e-01  2.09390904e-01  2.62382841e-01 -6.38838611e-01
 -1.17488647e-02  3.86094439e-01  1.44764626e-02  4.24265068e-02
 -5.46037245e-01  5.23531378e-01  5.63767060e-01  5.60807273e-01
  6.37757273e-01  2.33021799e-01 -1.73335055e-01  5.71238716e-01
 -1.70019710e-01  4.19249836e-01 -6.17384888e-01  1.25217358e-01
  3.42588971e-01 -6.35200133e-01  5.74658033e-04 -2.28295024e-01
  7.65539349e-02 -2.95664384e-01  2.71365319e-01 -5.01730466e-01
 -2.92837501e-01 -8.24976571e-01 -4.99151130e-01 -2.27883639e-01
 -1.95350125e-01]
1871,[ 1.96133519e-01  1.03112841e-01 -8.06426755e-02  1.29352192e-01
  3.67024678e-01  9.21181512e-02 -4.88277100e-02  6.56114479e-01
  3.56796610e-01 -5.33452505e-01 -4.61531755e-02 -1.25595916e-01
  1.83415853e-01  4.24804197e-01 -3.25776008e-01  2.25605888e-01
 -1.11975474e-01 -6.22674384e-01  1.07301189e-01  1.40763430e-01
 -4.69274869e-01  2.09385392e-01  2.62380983e-01 -6.38847287e-01
 -1.17577896e-02  3.86090144e-01  1.44924899e-02  4.24211486e-02
 -5.46044323e-01  5.23545913e-01  5.63753076e-01  5.60811052e-01
  6.37763702e-01  2.33022065e-01 -1.73329630e-01  5.71240240e-01
 -1.70025619e-01  4.19245923e-01 -6.17382402e-01  1.25211003e-01
  3.42590396e-01 -6.35189406e-01  5.62299568e-04 -2.28296077e-01
  7.65466332e-02 -2.95666539e-01  2.71373131e-01 -5.01713033e-01
 -2.92847466e-01 -8.24975363e-01 -4.99155178e-01 -2.27882130e-01
 -1.95352976e-01]
1872,[ 1.96143790e-01  1.03116975e-01 -8.06689977e-02  1.29357877e-01
  3.67030548e-01  9.21118575e-02 -4.88184850e-02  6.56104643e-01
  3.56786454e-01 -5.33448228e-01 -4.61516863e-02 -1.25584883e-01
  1.83410411e-01  4.24814564e-01 -3.25776326e-01  2.25614534e-01
 -1.11969996e-01 -6.22671102e-01  1.07295361e-01  1.40769595e-01
 -4.69275768e-01  2.09379886e-01  2.62379127e-01 -6.38855954e-01
 -1.17667044e-02  3.86085853e-01  1.45084992e-02  4.24157964e-02
 -5.46051394e-01  5.23560431e-01  5.63739108e-01  5.60814826e-01
  6.37770123e-01  2.33022332e-01 -1.73324211e-01  5.71241762e-01
 -1.70031522e-01  4.19242015e-01 -6.17379919e-01  1.25204656e-01
  3.42591819e-01 -6.35178691e-01  5.49955019e-04 -2.28297130e-01
  7.65393397e-02 -2.95668692e-01  2.71380933e-01 -5.01695619e-01
 -2.92857419e-01 -8.24974156e-01 -4.99159221e-01 -2.27880622e-01
 -1.95355824e-01]
1873,[ 1.96154050e-01  1.03121104e-01 -8.06952903e-02  1.29363556e-01
  3.67036411e-01  9.21055710e-02 -4.88092704e-02  6.56094819e-01
  3.56776309e-01 -5.33443955e-01 -4.61501988e-02 -1.25573862e-01
  1.83404976e-01  4.24824919e-01 -3.25776644e-01  2.25623170e-01
 -1.11964524e-01 -6.22667823e-01  1.07289540e-01  1.40775754e-01
 -4.69276665e-01  2.09374386e-01  2.62377273e-01 -6.38864611e-01
 -1.17756092e-02  3.86081567e-01  1.45244904e-02  4.24104503e-02
 -5.46058456e-01  5.23574933e-01  5.63725156e-01  5.60818597e-01
  6.37776536e-01  2.33022599e-01 -1.73318799e-01  5.71243283e-01
 -1.70037418e-01  4.19238111e-01 -6.17377438e-01  1.25198315e-01
  3.42593241e-01 -6.35167988e-01  5.37624372e-04 -2.28298181e-01
  7.65320545e-02 -2.95670842e-01  2.71388727e-01 -5.01678226e-01
 -2.92867362e-01 -8.24972951e-01 -4.99163260e-01 -2.27879116e-01
 -1.95358668e-01]
1874,[ 1.96164299e-01  1.03125228e-01 -8.07215533e-02  1.29369229e-01
  3.67042268e-01  9.20992915e-02 -4.88000661e-02  6.56085006e-01
  3.56766175e-01 -5.33439687e-01 -4.61487129e-02 -1.25562854e-01
  1.83399547e-01  4.24835262e-01 -3.25776962e-01  2.25631796e-01
 -1.11959059e-01 -6.22664548e-01  1.07283725e-01  1.40781905e-01
 -4.69277562e-01  2.09368893e-01  2.62375421e-01 -6.38873258e-01
 -1.17845040e-02  3.86077286e-01  1.45404636e-02  4.24051102e-02
 -5.46065511e-01  5.23589418e-01  5.63711220e-01  5.60822363e-01
  6.37782943e-01  2.33022865e-01 -1.73313393e-01  5.71244802e-01
 -1.70043307e-01  4.19234212e-01 -6.17374961e-01  1.25191982e-01
  3.42594661e-01 -6.35157297e-01  5.25307610e-04 -2.28299231e-01
  7.65247774e-02 -2.95672989e-01  2.71396513e-01 -5.01660852e-01
 -2.92877293e-01 -8.24971747e-01 -4.99167295e-01 -2.27877611e-01
 -1.95361509e-01]
1875,[ 1.96174536e-01  1.03129347e-01 -8.07477868e-02  1.29374895e-01
  3.67048118e-01  9.20930191e-02 -4.87908722e-02  6.56075205e-01
  3.56756053e-01 -5.33435424e-01 -4.61472287e-02 -1.25551858e-01
  1.83394124e-01  4.24845594e-01 -3.25777279e-01  2.25640412e-01
 -1.11953599e-01 -6.22661277e-01  1.07277917e-01  1.40788050e-01
 -4.69278458e-01  2.09363406e-01  2.62373571e-01 -6.38881895e-01
 -1.17933888e-02  3.86073010e-01  1.45564188e-02  4.23997761e-02
 -5.46072557e-01  5.23603887e-01  5.63697299e-01  5.60826124e-01
  6.37789342e-01  2.33023130e-01 -1.73307993e-01  5.71246320e-01
 -1.70049189e-01  4.19230317e-01 -6.17372486e-01  1.25185656e-01
  3.42596079e-01 -6.35146618e-01  5.13004718e-04 -2.28300280e-01
  7.65175085e-02 -2.95675134e-01  2.71404289e-01 -5.01643497e-01
 -2.92887213e-01 -8.24970544e-01 -4.99171325e-01 -2.27876108e-01
 -1.95364348e-01]
1876,[ 1.96184762e-01  1.03133462e-01 -8.07739906e-02  1.29380554e-01
  3.67053962e-01  9.20867537e-02 -4.87816886e-02  6.56065414e-01
  3.56745942e-01 -5.33431166e-01 -4.61457461e-02 -1.25540874e-01
  1.83388707e-01  4.24855914e-01 -3.25777596e-01  2.25649019e-01
 -1.11948146e-01 -6.22658010e-01  1.07272116e-01  1.40794188e-01
 -4.69279353e-01  2.09357925e-01  2.62371723e-01 -6.38890523e-01
 -1.18022635e-02  3.86068739e-01  1.45723561e-02  4.23944480e-02
 -5.46079596e-01  5.23618340e-01  5.63683394e-01  5.60829882e-01
  6.37795734e-01  2.33023396e-01 -1.73302598e-01  5.71247835e-01
 -1.70055065e-01  4.19226426e-01 -6.17370014e-01  1.25179337e-01
  3.42597496e-01 -6.35135952e-01  5.00715680e-04 -2.28301328e-01
  7.65102479e-02 -2.95677277e-01  2.71412057e-01 -5.01626162e-01
 -2.92897122e-01 -8.24969343e-01 -4.99175350e-01 -2.27874607e-01
 -1.95367183e-01]
1877,[ 1.96194976e-01  1.03137573e-01 -8.08001650e-02  1.29386207e-01
  3.67059799e-01  9.20804955e-02 -4.87725154e-02  6.56055634e-01
  3.56735842e-01 -5.33426912e-01 -4.61442653e-02 -1.25529903e-01
  1.83383296e-01  4.24866222e-01 -3.25777912e-01  2.25657616e-01
 -1.11942699e-01 -6.22654746e-01  1.07266321e-01  1.40800318e-01
 -4.69280247e-01  2.09352450e-01  2.62369878e-01 -6.38899141e-01
 -1.18111283e-02  3.86064472e-01  1.45882754e-02  4.23891259e-02
 -5.46086627e-01  5.23632777e-01  5.63669505e-01  5.60833635e-01
  6.37802119e-01  2.33023661e-01 -1.73297210e-01  5.71249349e-01
 -1.70060934e-01  4.19222540e-01 -6.17367544e-01  1.25173025e-01
  3.42598911e-01 -6.35125297e-01  4.88440480e-04 -2.28302375e-01
  7.65029953e-02 -2.95679417e-01  2.71419815e-01 -5.01608846e-01
 -2.92907020e-01 -8.24968143e-01 -4.99179371e-01 -2.27873108e-01
 -1.95370014e-01]
1878,[ 1.96205178e-01  1.03141678e-01 -8.08263099e-02  1.29391854e-01
  3.67065629e-01  9.20742442e-02 -4.87633525e-02  6.56045865e-01
  3.56725754e-01 -5.33422663e-01 -4.61427861e-02 -1.25518945e-01
  1.83377891e-01  4.24876519e-01 -3.25778228e-01  2.25666203e-01
 -1.11937258e-01 -6.22651486e-01  1.07260532e-01  1.40806442e-01
 -4.69281140e-01  2.09346982e-01  2.62368034e-01 -6.38907749e-01
 -1.18199831e-02  3.86060211e-01  1.46041768e-02  4.23838098e-02
 -5.46093650e-01  5.23647197e-01  5.63655631e-01  5.60837384e-01
  6.37808497e-01  2.33023926e-01 -1.73291828e-01  5.71250862e-01
 -1.70066797e-01  4.19218658e-01 -6.17365078e-01  1.25166721e-01
  3.42600325e-01 -6.35114654e-01  4.76179104e-04 -2.28303420e-01
  7.64957510e-02 -2.95681555e-01  2.71427566e-01 -5.01591550e-01
 -2.92916907e-01 -8.24966944e-01 -4.99183387e-01 -2.27871610e-01
 -1.95372843e-01]
1879,[ 1.96215369e-01  1.03145780e-01 -8.08524254e-02  1.29397495e-01
  3.67071453e-01  9.20680000e-02 -4.87542000e-02  6.56036107e-01
  3.56715678e-01 -5.33418419e-01 -4.61413086e-02 -1.25507998e-01
  1.83372492e-01  4.24886804e-01 -3.25778544e-01  2.25674781e-01
 -1.11931823e-01 -6.22648229e-01  1.07254750e-01  1.40812559e-01
 -4.69282031e-01  2.09341519e-01  2.62366192e-01 -6.38916348e-01
 -1.18288279e-02  3.86055954e-01  1.46200603e-02  4.23784996e-02
 -5.46100665e-01  5.23661601e-01  5.63641773e-01  5.60841129e-01
  6.37814868e-01  2.33024191e-01 -1.73286452e-01  5.71252372e-01
 -1.70072653e-01  4.19214780e-01 -6.17362614e-01  1.25160423e-01
  3.42601737e-01 -6.35104023e-01  4.63931535e-04 -2.28304464e-01
  7.64885148e-02 -2.95683691e-01  2.71435307e-01 -5.01574274e-01
 -2.92926782e-01 -8.24965747e-01 -4.99187399e-01 -2.27870114e-01
 -1.95375668e-01]
1880,[ 1.96225549e-01  1.03149876e-01 -8.08785114e-02  1.29403129e-01
  3.67077271e-01  9.20617629e-02 -4.87450577e-02  6.56026360e-01
  3.56705612e-01 -5.33414180e-01 -4.61398327e-02 -1.25497064e-01
  1.83367100e-01  4.24897078e-01 -3.25778859e-01  2.25683349e-01
 -1.11926394e-01 -6.22644976e-01  1.07248975e-01  1.40818669e-01
 -4.69282922e-01  2.09336063e-01  2.62364353e-01 -6.38924937e-01
 -1.18376628e-02  3.86051702e-01  1.46359259e-02  4.23731955e-02
 -5.46107672e-01  5.23675989e-01  5.63627930e-01  5.60844869e-01
  6.37821231e-01  2.33024455e-01 -1.73281082e-01  5.71253881e-01
 -1.70078502e-01  4.19210907e-01 -6.17360153e-01  1.25154132e-01
  3.42603148e-01 -6.35093404e-01  4.51697758e-04 -2.28305508e-01
  7.64812868e-02 -2.95685824e-01  2.71443040e-01 -5.01557017e-01
 -2.92936647e-01 -8.24964551e-01 -4.99191406e-01 -2.27868620e-01
 -1.95378491e-01]
1881,[ 1.96235717e-01  1.03153968e-01 -8.09045681e-02  1.29408757e-01
  3.67083081e-01  9.20555327e-02 -4.87359258e-02  6.56016625e-01
  3.56695558e-01 -5.33409946e-01 -4.61383585e-02 -1.25486142e-01
  1.83361713e-01  4.24907340e-01 -3.25779174e-01  2.25691907e-01
 -1.11920971e-01 -6.22641727e-01  1.07243206e-01  1.40824773e-01
 -4.69283812e-01  2.09330613e-01  2.62362515e-01 -6.38933516e-01
 -1.18464877e-02  3.86047454e-01  1.46517736e-02  4.23678973e-02
 -5.46114671e-01  5.23690360e-01  5.63614103e-01  5.60848606e-01
  6.37827587e-01  2.33024719e-01 -1.73275719e-01  5.71255388e-01
 -1.70084345e-01  4.19207038e-01 -6.17357695e-01  1.25147849e-01
  3.42604557e-01 -6.35082797e-01  4.39477758e-04 -2.28306549e-01
  7.64740669e-02 -2.95687955e-01  2.71450764e-01 -5.01539779e-01
 -2.92946500e-01 -8.24963356e-01 -4.99195409e-01 -2.27867127e-01
 -1.95381310e-01]
1882,[ 1.96245874e-01  1.03158055e-01 -8.09305954e-02  1.29414379e-01
  3.67088886e-01  9.20493096e-02 -4.87268041e-02  6.56006900e-01
  3.56685515e-01 -5.33405716e-01 -4.61368860e-02 -1.25475233e-01
  1.83356333e-01  4.24917590e-01 -3.25779489e-01  2.25700456e-01
 -1.11915554e-01 -6.22638482e-01  1.07237443e-01  1.40830869e-01
 -4.69284701e-01  2.09325169e-01  2.62360680e-01 -6.38942085e-01
 -1.18553026e-02  3.86043212e-01  1.46676035e-02  4.23626051e-02
 -5.46121662e-01  5.23704716e-01  5.63600292e-01  5.60852338e-01
  6.37833936e-01  2.33024982e-01 -1.73270361e-01  5.71256894e-01
 -1.70090181e-01  4.19203174e-01 -6.17355239e-01  1.25141572e-01
  3.42605964e-01 -6.35072202e-01  4.27271518e-04 -2.28307590e-01
  7.64668551e-02 -2.95690083e-01  2.71458479e-01 -5.01522561e-01
 -2.92956342e-01 -8.24962163e-01 -4.99199407e-01 -2.27865636e-01
 -1.95384125e-01]
1883,[ 1.96256019e-01  1.03162138e-01 -8.09565934e-02  1.29419994e-01
  3.67094683e-01  9.20430935e-02 -4.87176927e-02  6.55997186e-01
  3.56675484e-01 -5.33401491e-01 -4.61354151e-02 -1.25464336e-01
  1.83350958e-01  4.24927829e-01 -3.25779803e-01  2.25708995e-01
 -1.11910144e-01 -6.22635240e-01  1.07231687e-01  1.40836958e-01
 -4.69285588e-01  2.09319731e-01  2.62358847e-01 -6.38950645e-01
 -1.18641077e-02  3.86038974e-01  1.46834155e-02  4.23573189e-02
 -5.46128646e-01  5.23719055e-01  5.63586496e-01  5.60856066e-01
  6.37840278e-01  2.33025246e-01 -1.73265009e-01  5.71258398e-01
 -1.70096011e-01  4.19199314e-01 -6.17352787e-01  1.25135303e-01
  3.42607370e-01 -6.35061619e-01  4.15079024e-04 -2.28308630e-01
  7.64596515e-02 -2.95692209e-01  2.71466186e-01 -5.01505362e-01
 -2.92966173e-01 -8.24960971e-01 -4.99203401e-01 -2.27864146e-01
 -1.95386938e-01]
1884,[ 1.96266153e-01  1.03166216e-01 -8.09825622e-02  1.29425603e-01
  3.67100474e-01  9.20368843e-02 -4.87085915e-02  6.55987483e-01
  3.56665464e-01 -5.33397271e-01 -4.61339458e-02 -1.25453451e-01
  1.83345590e-01  4.24938056e-01 -3.25780117e-01  2.25717524e-01
 -1.11904740e-01 -6.22632002e-01  1.07225938e-01  1.40843041e-01
 -4.69286475e-01  2.09314299e-01  2.62357016e-01 -6.38959195e-01
 -1.18729028e-02  3.86034741e-01  1.46992098e-02  4.23520386e-02
 -5.46135621e-01  5.23733378e-01  5.63572716e-01  5.60859790e-01
  6.37846613e-01  2.33025509e-01 -1.73259663e-01  5.71259900e-01
 -1.70101834e-01  4.19195458e-01 -6.17350337e-01  1.25129041e-01
  3.42608774e-01 -6.35051048e-01  4.02900259e-04 -2.28309668e-01
  7.64524559e-02 -2.95694333e-01  2.71473883e-01 -5.01488182e-01
 -2.92975993e-01 -8.24959781e-01 -4.99207390e-01 -2.27862659e-01
 -1.95389748e-01]
1885,[ 1.96276275e-01  1.03170289e-01 -8.10085017e-02  1.29431205e-01
  3.67106259e-01  9.20306822e-02 -4.86995006e-02  6.55977791e-01
  3.56655455e-01 -5.33393056e-01 -4.61324783e-02 -1.25442578e-01
  1.83340228e-01  4.24948272e-01 -3.25780431e-01  2.25726044e-01
 -1.11899341e-01 -6.22628767e-01  1.07220195e-01  1.40849117e-01
 -4.69287361e-01  2.09308873e-01  2.62355186e-01 -6.38967736e-01
 -1.18816880e-02  3.86030512e-01  1.47149863e-02  4.23467643e-02
 -5.46142589e-01  5.23747685e-01  5.63558951e-01  5.60863509e-01
  6.37852940e-01  2.33025772e-01 -1.73254324e-01  5.71261400e-01
 -1.70107651e-01  4.19191607e-01 -6.17347889e-01  1.25122786e-01
  3.42610177e-01 -6.35040489e-01  3.90735209e-04 -2.28310705e-01
  7.64452685e-02 -2.95696454e-01  2.71481573e-01 -5.01471022e-01
 -2.92985802e-01 -8.24958592e-01 -4.99211375e-01 -2.27861173e-01
 -1.95392554e-01]
1886,[ 1.96286386e-01  1.03174358e-01 -8.10344119e-02  1.29436801e-01
  3.67112037e-01  9.20244871e-02 -4.86904200e-02  6.55968110e-01
  3.56645457e-01 -5.33388845e-01 -4.61310123e-02 -1.25431717e-01
  1.83334871e-01  4.24958477e-01 -3.25780744e-01  2.25734554e-01
 -1.11893949e-01 -6.22625536e-01  1.07214458e-01  1.40855186e-01
 -4.69288246e-01  2.09303454e-01  2.62353359e-01 -6.38976267e-01
 -1.18904633e-02  3.86026289e-01  1.47307450e-02  4.23414959e-02
 -5.46149549e-01  5.23761976e-01  5.63545202e-01  5.60867225e-01
  6.37859261e-01  2.33026034e-01 -1.73248990e-01  5.71262899e-01
 -1.70113461e-01  4.19187760e-01 -6.17345445e-01  1.25116537e-01
  3.42611578e-01 -6.35029942e-01  3.78583858e-04 -2.28311741e-01
  7.64380892e-02 -2.95698573e-01  2.71489253e-01 -5.01453882e-01
 -2.92995600e-01 -8.24957404e-01 -4.99215355e-01 -2.27859689e-01
 -1.95395357e-01]
1887,[ 1.96296485e-01  1.03178422e-01 -8.10602931e-02  1.29442391e-01
  3.67117809e-01  9.20182989e-02 -4.86813495e-02  6.55958439e-01
  3.56635471e-01 -5.33384640e-01 -4.61295481e-02 -1.25420869e-01
  1.83329521e-01  4.24968670e-01 -3.25781057e-01  2.25743055e-01
 -1.11888563e-01 -6.22622309e-01  1.07208728e-01  1.40861248e-01
 -4.69289130e-01  2.09298040e-01  2.62351534e-01 -6.38984788e-01
 -1.18992288e-02  3.86022070e-01  1.47464859e-02  4.23362334e-02
 -5.46156501e-01  5.23776251e-01  5.63531468e-01  5.60870936e-01
  6.37865574e-01  2.33026296e-01 -1.73243662e-01  5.71264396e-01
 -1.70119264e-01  4.19183917e-01 -6.17343003e-01  1.25110296e-01
  3.42612977e-01 -6.35019406e-01  3.66446191e-04 -2.28312776e-01
  7.64309179e-02 -2.95700689e-01  2.71496925e-01 -5.01436760e-01
 -2.93005387e-01 -8.24956217e-01 -4.99219331e-01 -2.27858206e-01
 -1.95398157e-01]
1888,[ 1.96306574e-01  1.03182482e-01 -8.10861450e-02  1.29447975e-01
  3.67123574e-01  9.20121177e-02 -4.86722893e-02  6.55948780e-01
  3.56625496e-01 -5.33380439e-01 -4.61280855e-02 -1.25410033e-01
  1.83324177e-01  4.24978851e-01 -3.25781369e-01  2.25751546e-01
 -1.11883183e-01 -6.22619085e-01  1.07203004e-01  1.40867303e-01
 -4.69290012e-01  2.09292633e-01  2.62349711e-01 -6.38993300e-01
 -1.19079844e-02  3.86017856e-01  1.47622091e-02  4.23309768e-02
 -5.46163445e-01  5.23790510e-01  5.63517750e-01  5.60874643e-01
  6.37871881e-01  2.33026558e-01 -1.73238340e-01  5.71265891e-01
 -1.70125061e-01  4.19180079e-01 -6.17340564e-01  1.25104062e-01
  3.42614375e-01 -6.35008883e-01  3.54322192e-04 -2.28313810e-01
  7.64237547e-02 -2.95702803e-01  2.71504589e-01 -5.01419658e-01
 -2.93015163e-01 -8.24955032e-01 -4.99223302e-01 -2.27856725e-01
 -1.95400954e-01]
1889,[ 1.96316651e-01  1.03186537e-01 -8.11119679e-02  1.29453552e-01
  3.67129332e-01  9.20059435e-02 -4.86632393e-02  6.55939132e-01
  3.56615532e-01 -5.33376242e-01 -4.61266245e-02 -1.25399209e-01
  1.83318839e-01  4.24989021e-01 -3.25781682e-01  2.25760028e-01
 -1.11877809e-01 -6.22615865e-01  1.07197287e-01  1.40873352e-01
 -4.69290894e-01  2.09287232e-01  2.62347890e-01 -6.39001802e-01
 -1.19167301e-02  3.86013647e-01  1.47779147e-02  4.23257262e-02
 -5.46170382e-01  5.23804752e-01  5.63504047e-01  5.60878346e-01
  6.37878180e-01  2.33026820e-01 -1.73233025e-01  5.71267385e-01
 -1.70130852e-01  4.19176245e-01 -6.17338128e-01  1.25097835e-01
  3.42615771e-01 -6.34998371e-01  3.42211845e-04 -2.28314843e-01
  7.64165996e-02 -2.95704915e-01  2.71512243e-01 -5.01402575e-01
 -2.93024928e-01 -8.24953848e-01 -4.99227269e-01 -2.27855246e-01
 -1.95403748e-01]
1890,[ 1.96326716e-01  1.03190588e-01 -8.11377617e-02  1.29459123e-01
  3.67135085e-01  9.19997762e-02 -4.86541995e-02  6.55929494e-01
  3.56605580e-01 -5.33372050e-01 -4.61251652e-02 -1.25388398e-01
  1.83313506e-01  4.24999179e-01 -3.25781993e-01  2.25768500e-01
 -1.11872441e-01 -6.22612649e-01  1.07191577e-01  1.40879393e-01
 -4.69291775e-01  2.09281836e-01  2.62346071e-01 -6.39010295e-01
 -1.19254659e-02  3.86009442e-01  1.47936025e-02  4.23204815e-02
 -5.46177310e-01  5.23818979e-01  5.63490360e-01  5.60882044e-01
  6.37884472e-01  2.33027081e-01 -1.73227715e-01  5.71268877e-01
 -1.70136636e-01  4.19172415e-01 -6.17335695e-01  1.25091615e-01
  3.42617166e-01 -6.34987871e-01  3.30115136e-04 -2.28315874e-01
  7.64094526e-02 -2.95707024e-01  2.71519889e-01 -5.01385511e-01
 -2.93034682e-01 -8.24952666e-01 -4.99231231e-01 -2.27853768e-01
 -1.95406538e-01]
1891,[ 1.96336770e-01  1.03194634e-01 -8.11635264e-02  1.29464688e-01
  3.67140830e-01  9.19936158e-02 -4.86451698e-02  6.55919867e-01
  3.56595638e-01 -5.33367864e-01 -4.61237075e-02 -1.25377598e-01
  1.83308180e-01  4.25009326e-01 -3.25782305e-01  2.25776962e-01
 -1.11867079e-01 -6.22609436e-01  1.07185872e-01  1.40885428e-01
 -4.69292655e-01  2.09276447e-01  2.62344255e-01 -6.39018778e-01
 -1.19341920e-02  3.86005243e-01  1.48092727e-02  4.23152427e-02
 -5.46184231e-01  5.23833190e-01  5.63476688e-01  5.60885739e-01
  6.37890757e-01  2.33027342e-01 -1.73222411e-01  5.71270367e-01
 -1.70142413e-01  4.19168589e-01 -6.17333264e-01  1.25085402e-01
  3.42618559e-01 -6.34977383e-01  3.18032049e-04 -2.28316904e-01
  7.64023136e-02 -2.95709131e-01  2.71527527e-01 -5.01368467e-01
 -2.93044424e-01 -8.24951484e-01 -4.99235189e-01 -2.27852292e-01
 -1.95409326e-01]
1892,[ 1.96346813e-01  1.03198675e-01 -8.11892621e-02  1.29470247e-01
  3.67146569e-01  9.19874624e-02 -4.86361504e-02  6.55910251e-01
  3.56585708e-01 -5.33363681e-01 -4.61222514e-02 -1.25366811e-01
  1.83302860e-01  4.25019462e-01 -3.25782616e-01  2.25785415e-01
 -1.11861723e-01 -6.22606227e-01  1.07180174e-01  1.40891456e-01
 -4.69293534e-01  2.09271064e-01  2.62342440e-01 -6.39027252e-01
 -1.19429082e-02  3.86001048e-01  1.48249252e-02  4.23100098e-02
 -5.46191144e-01  5.23847384e-01  5.63463031e-01  5.60889429e-01
  6.37897035e-01  2.33027603e-01 -1.73217113e-01  5.71271856e-01
 -1.70148184e-01  4.19164768e-01 -6.17330836e-01  1.25079196e-01
  3.42619951e-01 -6.34966907e-01  3.05962568e-04 -2.28317933e-01
  7.63951826e-02 -2.95711235e-01  2.71535156e-01 -5.01351441e-01
 -2.93054156e-01 -8.24950305e-01 -4.99239142e-01 -2.27850818e-01
 -1.95412110e-01]
1893,[ 1.96356845e-01  1.03202712e-01 -8.12149688e-02  1.29475799e-01
  3.67152302e-01  9.19813160e-02 -4.86271410e-02  6.55900646e-01
  3.56575789e-01 -5.33359504e-01 -4.61207970e-02 -1.25356036e-01
  1.83297546e-01  4.25029586e-01 -3.25782927e-01  2.25793858e-01
 -1.11856373e-01 -6.22603022e-01  1.07174483e-01  1.40897477e-01
 -4.69294411e-01  2.09265687e-01  2.62340627e-01 -6.39035716e-01
 -1.19516146e-02  3.85996857e-01  1.48405601e-02  4.23047828e-02
 -5.46198049e-01  5.23861563e-01  5.63449390e-01  5.60893115e-01
  6.37903305e-01  2.33027864e-01 -1.73211822e-01  5.71273343e-01
 -1.70153948e-01  4.19160952e-01 -6.17328411e-01  1.25072997e-01
  3.42621341e-01 -6.34956443e-01  2.93906679e-04 -2.28318961e-01
  7.63880597e-02 -2.95713337e-01  2.71542776e-01 -5.01334435e-01
 -2.93063877e-01 -8.24949126e-01 -4.99243091e-01 -2.27849345e-01
 -1.95414891e-01]
1894,[ 1.96366865e-01  1.03206744e-01 -8.12406466e-02  1.29481345e-01
  3.67158028e-01  9.19751764e-02 -4.86181419e-02  6.55891052e-01
  3.56565881e-01 -5.33355331e-01 -4.61193443e-02 -1.25345273e-01
  1.83292238e-01  4.25039699e-01 -3.25783237e-01  2.25802292e-01
 -1.11851029e-01 -6.22599820e-01  1.07168798e-01  1.40903492e-01
 -4.69295288e-01  2.09260316e-01  2.62338816e-01 -6.39044170e-01
 -1.19603111e-02  3.85992672e-01  1.48561774e-02  4.22995616e-02
 -5.46204947e-01  5.23875725e-01  5.63435764e-01  5.60896797e-01
  6.37909569e-01  2.33028124e-01 -1.73206536e-01  5.71274828e-01
 -1.70159706e-01  4.19157139e-01 -6.17325989e-01  1.25066805e-01
  3.42622729e-01 -6.34945990e-01  2.81864366e-04 -2.28319988e-01
  7.63809448e-02 -2.95715437e-01  2.71550388e-01 -5.01317448e-01
 -2.93073587e-01 -8.24947949e-01 -4.99247036e-01 -2.27847874e-01
 -1.95417669e-01]
1895,[ 1.96376874e-01  1.03210772e-01 -8.12662955e-02  1.29486885e-01
  3.67163748e-01  9.19690438e-02 -4.86091528e-02  6.55881468e-01
  3.56555984e-01 -5.33351163e-01 -4.61178931e-02 -1.25334522e-01
  1.83286935e-01  4.25049800e-01 -3.25783547e-01  2.25810717e-01
 -1.11845691e-01 -6.22596621e-01  1.07163119e-01  1.40909500e-01
 -4.69296164e-01  2.09254952e-01  2.62337008e-01 -6.39052615e-01
 -1.19689979e-02  3.85988491e-01  1.48717771e-02  4.22943464e-02
 -5.46211836e-01  5.23889872e-01  5.63422153e-01  5.60900475e-01
  6.37915826e-01  2.33028384e-01 -1.73201256e-01  5.71276311e-01
 -1.70165457e-01  4.19153331e-01 -6.17323569e-01  1.25060620e-01
  3.42624116e-01 -6.34935549e-01  2.69835614e-04 -2.28321014e-01
  7.63738379e-02 -2.95717535e-01  2.71557991e-01 -5.01300480e-01
 -2.93083286e-01 -8.24946773e-01 -4.99250976e-01 -2.27846405e-01
 -1.95420444e-01]
1896,[ 1.96386872e-01  1.03214795e-01 -8.12919155e-02  1.29492418e-01
  3.67169462e-01  9.19629180e-02 -4.86001739e-02  6.55871896e-01
  3.56546099e-01 -5.33347000e-01 -4.61164436e-02 -1.25323783e-01
  1.83281639e-01  4.25059890e-01 -3.25783857e-01  2.25819132e-01
 -1.11840360e-01 -6.22593427e-01  1.07157447e-01  1.40915501e-01
 -4.69297039e-01  2.09249593e-01  2.62335201e-01 -6.39061050e-01
 -1.19776749e-02  3.85984315e-01  1.48873592e-02  4.22891370e-02
 -5.46218718e-01  5.23904003e-01  5.63408558e-01  5.60904149e-01
  6.37922076e-01  2.33028643e-01 -1.73195982e-01  5.71277793e-01
 -1.70171202e-01  4.19149527e-01 -6.17321152e-01  1.25054441e-01
  3.42625501e-01 -6.34925120e-01  2.57820407e-04 -2.28322038e-01
  7.63667390e-02 -2.95719630e-01  2.71565585e-01 -5.01283531e-01
 -2.93092975e-01 -8.24945598e-01 -4.99254911e-01 -2.27844937e-01
 -1.95423216e-01]
1897,[ 1.96396858e-01  1.03218814e-01 -8.13175066e-02  1.29497946e-01
  3.67175169e-01  9.19567992e-02 -4.85912051e-02  6.55862334e-01
  3.56536224e-01 -5.33342841e-01 -4.61149958e-02 -1.25313057e-01
  1.83276349e-01  4.25069969e-01 -3.25784166e-01  2.25827537e-01
 -1.11835034e-01 -6.22590236e-01  1.07151781e-01  1.40921495e-01
 -4.69297913e-01  2.09244240e-01  2.62333397e-01 -6.39069476e-01
 -1.19863422e-02  3.85980143e-01  1.49029238e-02  4.22839335e-02
 -5.46225592e-01  5.23918118e-01  5.63394978e-01  5.60907819e-01
  6.37928318e-01  2.33028902e-01 -1.73190714e-01  5.71279274e-01
 -1.70176941e-01  4.19145727e-01 -6.17318738e-01  1.25048270e-01
  3.42626885e-01 -6.34914702e-01  2.45818731e-04 -2.28323061e-01
  7.63596481e-02 -2.95721722e-01  2.71573171e-01 -5.01266602e-01
 -2.93102652e-01 -8.24944425e-01 -4.99258843e-01 -2.27843471e-01
 -1.95425985e-01]
1898,[ 1.96406833e-01  1.03222828e-01 -8.13430690e-02  1.29503467e-01
  3.67180869e-01  9.19506873e-02 -4.85822464e-02  6.55852783e-01
  3.56526361e-01 -5.33338687e-01 -4.61135495e-02 -1.25302342e-01
  1.83271064e-01  4.25080036e-01 -3.25784476e-01  2.25835933e-01
 -1.11829714e-01 -6.22587048e-01  1.07146121e-01  1.40927482e-01
 -4.69298786e-01  2.09238893e-01  2.62331594e-01 -6.39077893e-01
 -1.19949996e-02  3.85975976e-01  1.49184709e-02  4.22787359e-02
 -5.46232459e-01  5.23932217e-01  5.63381414e-01  5.60911484e-01
  6.37934554e-01  2.33029161e-01 -1.73185452e-01  5.71280752e-01
 -1.70182673e-01  4.19141932e-01 -6.17316326e-01  1.25042106e-01
  3.42628267e-01 -6.34904297e-01  2.33830569e-04 -2.28324084e-01
  7.63525651e-02 -2.95723813e-01  2.71580749e-01 -5.01249691e-01
 -2.93112318e-01 -8.24943253e-01 -4.99262769e-01 -2.27842007e-01
 -1.95428750e-01]
1899,[ 1.96416797e-01  1.03226838e-01 -8.13686025e-02  1.29508982e-01
  3.67186563e-01  9.19445822e-02 -4.85732978e-02  6.55843242e-01
  3.56516509e-01 -5.33334537e-01 -4.61121049e-02 -1.25291640e-01
  1.83265786e-01  4.25090092e-01 -3.25784784e-01  2.25844319e-01
 -1.11824400e-01 -6.22583864e-01  1.07140468e-01  1.40933463e-01
 -4.69299658e-01  2.09233552e-01  2.62329793e-01 -6.39086300e-01
 -1.20036474e-02  3.85971814e-01  1.49340004e-02  4.22735441e-02
 -5.46239317e-01  5.23946300e-01  5.63367864e-01  5.60915146e-01
  6.37940783e-01  2.33029420e-01 -1.73180196e-01  5.71282229e-01
 -1.70188398e-01  4.19138141e-01 -6.17313917e-01  1.25035949e-01
  3.42629648e-01 -6.34893903e-01  2.21855907e-04 -2.28325105e-01
  7.63454902e-02 -2.95725901e-01  2.71588318e-01 -5.01232799e-01
 -2.93121974e-01 -8.24942083e-01 -4.99266692e-01 -2.27840544e-01
 -1.95431513e-01]
1900,[ 1.96426750e-01  1.03230843e-01 -8.13941073e-02  1.29514490e-01
  3.67192251e-01  9.19384840e-02 -4.85643592e-02  6.55833713e-01
  3.56506668e-01 -5.33330393e-01 -4.61106619e-02 -1.25280949e-01
  1.83260514e-01  4.25100137e-01 -3.25785093e-01  2.25852696e-01
 -1.11819092e-01 -6.22580684e-01  1.07134821e-01  1.40939437e-01
 -4.69300529e-01  2.09228218e-01  2.62327995e-01 -6.39094697e-01
 -1.20122854e-02  3.85967657e-01  1.49495125e-02  4.22683581e-02
 -5.46246168e-01  5.23960367e-01  5.63354330e-01  5.60918803e-01
  6.37947004e-01  2.33029678e-01 -1.73174945e-01  5.71283704e-01
 -1.70194117e-01  4.19134354e-01 -6.17311511e-01  1.25029798e-01
  3.42631027e-01 -6.34883521e-01  2.09894730e-04 -2.28326124e-01
  7.63384232e-02 -2.95727986e-01  2.71595878e-01 -5.01215927e-01
 -2.93131618e-01 -8.24940913e-01 -4.99270610e-01 -2.27839083e-01
 -1.95434272e-01]
1901,[ 1.96436691e-01  1.03234844e-01 -8.14195833e-02  1.29519993e-01
  3.67197932e-01  9.19323927e-02 -4.85554308e-02  6.55824194e-01
  3.56496838e-01 -5.33326253e-01 -4.61092206e-02 -1.25270271e-01
  1.83255247e-01  4.25110170e-01 -3.25785401e-01  2.25861064e-01
 -1.11813790e-01 -6.22577507e-01  1.07129181e-01  1.40945404e-01
 -4.69301398e-01  2.09222889e-01  2.62326198e-01 -6.39103085e-01
 -1.20209136e-02  3.85963504e-01  1.49650071e-02  4.22631780e-02
 -5.46253011e-01  5.23974418e-01  5.63340811e-01  5.60922456e-01
  6.37953219e-01  2.33029936e-01 -1.73169701e-01  5.71285178e-01
 -1.70199830e-01  4.19130571e-01 -6.17309107e-01  1.25023655e-01
  3.42632404e-01 -6.34873150e-01  1.97947023e-04 -2.28327143e-01
  7.63313642e-02 -2.95730069e-01  2.71603430e-01 -5.01199073e-01
 -2.93141252e-01 -8.24939745e-01 -4.99274523e-01 -2.27837623e-01
 -1.95437028e-01]
1902,[ 1.96446622e-01  1.03238840e-01 -8.14450307e-02  1.29525489e-01
  3.67203607e-01  9.19263082e-02 -4.85465123e-02  6.55814686e-01
  3.56487019e-01 -5.33322117e-01 -4.61077809e-02 -1.25259604e-01
  1.83249987e-01  4.25120192e-01 -3.25785708e-01  2.25869422e-01
 -1.11808495e-01 -6.22574334e-01  1.07123547e-01  1.40951365e-01
 -4.69302267e-01  2.09217566e-01  2.62324404e-01 -6.39111464e-01
 -1.20295322e-02  3.85959356e-01  1.49804842e-02  4.22580037e-02
 -5.46259847e-01  5.23988454e-01  5.63327308e-01  5.60926105e-01
  6.37959426e-01  2.33030194e-01 -1.73164463e-01  5.71286650e-01
 -1.70205536e-01  4.19126793e-01 -6.17306707e-01  1.25017518e-01
  3.42633780e-01 -6.34862791e-01  1.86012769e-04 -2.28328161e-01
  7.63243131e-02 -2.95732150e-01  2.71610973e-01 -5.01182239e-01
 -2.93150875e-01 -8.24938579e-01 -4.99278432e-01 -2.27836165e-01
 -1.95439781e-01]
1903,[ 1.96456541e-01  1.03242832e-01 -8.14704494e-02  1.29530979e-01
  3.67209276e-01  9.19202306e-02 -4.85376040e-02  6.55805188e-01
  3.56477211e-01 -5.33317987e-01 -4.61063428e-02 -1.25248950e-01
  1.83244732e-01  4.25130203e-01 -3.25786015e-01  2.25877771e-01
 -1.11803205e-01 -6.22571164e-01  1.07117919e-01  1.40957318e-01
 -4.69303135e-01  2.09212249e-01  2.62322612e-01 -6.39119833e-01
 -1.20381410e-02  3.85955213e-01  1.49959440e-02  4.22528353e-02
 -5.46266675e-01  5.24002474e-01  5.63313819e-01  5.60929750e-01
  6.37965627e-01  2.33030452e-01 -1.73159230e-01  5.71288120e-01
 -1.70211236e-01  4.19123019e-01 -6.17304309e-01  1.25011389e-01
  3.42635155e-01 -6.34852444e-01  1.74091955e-04 -2.28329177e-01
  7.63172700e-02 -2.95734229e-01  2.71618508e-01 -5.01165423e-01
 -2.93160487e-01 -8.24937413e-01 -4.99282337e-01 -2.27834709e-01
 -1.95442531e-01]
1904,[ 1.96466449e-01  1.03246819e-01 -8.14958395e-02  1.29536463e-01
  3.67214938e-01  9.19141599e-02 -4.85287056e-02  6.55795701e-01
  3.56467414e-01 -5.33313861e-01 -4.61049063e-02 -1.25238308e-01
  1.83239483e-01  4.25140203e-01 -3.25786322e-01  2.25886110e-01
 -1.11797921e-01 -6.22567998e-01  1.07112298e-01  1.40963265e-01
 -4.69304002e-01  2.09206939e-01  2.62320821e-01 -6.39128192e-01
 -1.20467402e-02  3.85951074e-01  1.50113863e-02  4.22476726e-02
 -5.46273495e-01  5.24016478e-01  5.63300346e-01  5.60933391e-01
  6.37971820e-01  2.33030709e-01 -1.73154003e-01  5.71289589e-01
 -1.70216929e-01  4.19119249e-01 -6.17301913e-01  1.25005266e-01
  3.42636528e-01 -6.34842108e-01  1.62184564e-04 -2.28330192e-01
  7.63102348e-02 -2.95736305e-01  2.71626034e-01 -5.01148626e-01
 -2.93170088e-01 -8.24936249e-01 -4.99286237e-01 -2.27833255e-01
 -1.95445278e-01]
1905,[ 1.96476346e-01  1.03250802e-01 -8.15212010e-02  1.29541941e-01
  3.67220593e-01  9.19080959e-02 -4.85198173e-02  6.55786225e-01
  3.56457628e-01 -5.33309739e-01 -4.61034714e-02 -1.25227677e-01
  1.83234240e-01  4.25150191e-01 -3.25786629e-01  2.25894440e-01
 -1.11792643e-01 -6.22564836e-01  1.07106683e-01  1.40969206e-01
 -4.69304868e-01  2.09201634e-01  2.62319033e-01 -6.39136543e-01
 -1.20553296e-02  3.85946940e-01  1.50268112e-02  4.22425158e-02
 -5.46280307e-01  5.24030466e-01  5.63286888e-01  5.60937027e-01
  6.37978007e-01  2.33030966e-01 -1.73148783e-01  5.71291056e-01
 -1.70222616e-01  4.19115484e-01 -6.17299521e-01  1.24999150e-01
  3.42637899e-01 -6.34831785e-01  1.50290583e-04 -2.28331207e-01
  7.63032075e-02 -2.95738379e-01  2.71633552e-01 -5.01131849e-01
 -2.93179678e-01 -8.24935087e-01 -4.99290133e-01 -2.27831802e-01
 -1.95448022e-01]
1906,[ 1.96486231e-01  1.03254780e-01 -8.15465340e-02  1.29547412e-01
  3.67226243e-01  9.19020388e-02 -4.85109390e-02  6.55776760e-01
  3.56447853e-01 -5.33305622e-01 -4.61020381e-02 -1.25217059e-01
  1.83229003e-01  4.25160168e-01 -3.25786935e-01  2.25902761e-01
 -1.11787371e-01 -6.22561677e-01  1.07101074e-01  1.40975140e-01
 -4.69305734e-01  2.09196335e-01  2.62317246e-01 -6.39144884e-01
 -1.20639094e-02  3.85942811e-01  1.50422188e-02  4.22373648e-02
 -5.46287112e-01  5.24044438e-01  5.63273445e-01  5.60940660e-01
  6.37984187e-01  2.33031223e-01 -1.73143568e-01  5.71292521e-01
 -1.70228297e-01  4.19111722e-01 -6.17297131e-01  1.24993041e-01
  3.42639269e-01 -6.34821472e-01  1.38409995e-04 -2.28332219e-01
  7.62961882e-02 -2.95740451e-01  2.71641062e-01 -5.01115090e-01
 -2.93189258e-01 -8.24933925e-01 -4.99294025e-01 -2.27830351e-01
 -1.95450763e-01]
1907,[ 1.96496106e-01  1.03258753e-01 -8.15718384e-02  1.29552877e-01
  3.67231886e-01  9.18959886e-02 -4.85020706e-02  6.55767305e-01
  3.56438090e-01 -5.33301510e-01 -4.61006065e-02 -1.25206452e-01
  1.83223772e-01  4.25170134e-01 -3.25787241e-01  2.25911072e-01
 -1.11782104e-01 -6.22558522e-01  1.07095472e-01  1.40981067e-01
 -4.69306598e-01  2.09191042e-01  2.62315462e-01 -6.39153215e-01
 -1.20724795e-02  3.85938686e-01  1.50576090e-02  4.22322196e-02
 -5.46293909e-01  5.24058395e-01  5.63260018e-01  5.60944288e-01
  6.37990359e-01  2.33031479e-01 -1.73138359e-01  5.71293985e-01
 -1.70233971e-01  4.19107965e-01 -6.17294743e-01  1.24986939e-01
  3.42640637e-01 -6.34811172e-01  1.26542786e-04 -2.28333231e-01
  7.62891767e-02 -2.95742520e-01  2.71648563e-01 -5.01098350e-01
 -2.93198827e-01 -8.24932765e-01 -4.99297912e-01 -2.27828901e-01
 -1.95453501e-01]
1908,[ 1.96505969e-01  1.03262723e-01 -8.15971143e-02  1.29558337e-01
  3.67237522e-01  9.18899451e-02 -4.84932123e-02  6.55757861e-01
  3.56428337e-01 -5.33297403e-01 -4.60991765e-02 -1.25195858e-01
  1.83218547e-01  4.25180088e-01 -3.25787547e-01  2.25919374e-01
 -1.11776844e-01 -6.22555370e-01  1.07089875e-01  1.40986987e-01
 -4.69307461e-01  2.09185755e-01  2.62313680e-01 -6.39161537e-01
 -1.20810400e-02  3.85934566e-01  1.50729818e-02  4.22270802e-02
 -5.46300699e-01  5.24072336e-01  5.63246605e-01  5.60947913e-01
  6.37996525e-01  2.33031735e-01 -1.73133156e-01  5.71295447e-01
 -1.70239639e-01  4.19104212e-01 -6.17292359e-01  1.24980844e-01
  3.42642004e-01 -6.34800883e-01  1.14688940e-04 -2.28334242e-01
  7.62821732e-02 -2.95744587e-01  2.71656055e-01 -5.01081629e-01
 -2.93208385e-01 -8.24931606e-01 -4.99301795e-01 -2.27827453e-01
 -1.95456235e-01]
1909,[ 1.96515822e-01  1.03266687e-01 -8.16223617e-02  1.29563790e-01
  3.67243153e-01  9.18839084e-02 -4.84843640e-02  6.55748427e-01
  3.56418595e-01 -5.33293300e-01 -4.60977480e-02 -1.25185275e-01
  1.83213328e-01  4.25190031e-01 -3.25787852e-01  2.25927667e-01
 -1.11771590e-01 -6.22552222e-01  1.07084286e-01  1.40992901e-01
 -4.69308323e-01  2.09180475e-01  2.62311899e-01 -6.39169850e-01
 -1.20895909e-02  3.85930450e-01  1.50883374e-02  4.22219466e-02
 -5.46307481e-01  5.24086261e-01  5.63233207e-01  5.60951533e-01
  6.38002684e-01  2.33031991e-01 -1.73127958e-01  5.71296907e-01
 -1.70245300e-01  4.19100464e-01 -6.17289977e-01  1.24974755e-01
  3.42643369e-01 -6.34790605e-01  1.02848443e-04 -2.28335252e-01
  7.62751775e-02 -2.95746651e-01  2.71663539e-01 -5.01064926e-01
 -2.93217932e-01 -8.24930449e-01 -4.99305673e-01 -2.27826007e-01
 -1.95458967e-01]
1910,[ 1.96525663e-01  1.03270648e-01 -8.16475808e-02  1.29569237e-01
  3.67248777e-01  9.18778786e-02 -4.84755256e-02  6.55739004e-01
  3.56408864e-01 -5.33289202e-01 -4.60963212e-02 -1.25174704e-01
  1.83208115e-01  4.25199963e-01 -3.25788157e-01  2.25935950e-01
 -1.11766341e-01 -6.22549077e-01  1.07078702e-01  1.40998808e-01
 -4.69309184e-01  2.09175200e-01  2.62310121e-01 -6.39178153e-01
 -1.20981321e-02  3.85926339e-01  1.51036757e-02  4.22168187e-02
 -5.46314255e-01  5.24100171e-01  5.63219825e-01  5.60955149e-01
  6.38008836e-01  2.33032246e-01 -1.73122767e-01  5.71298366e-01
 -1.70250955e-01  4.19096719e-01 -6.17287598e-01  1.24968674e-01
  3.42644733e-01 -6.34780339e-01  9.10212793e-05 -2.28336260e-01
  7.62681897e-02 -2.95748714e-01  2.71671015e-01 -5.01048243e-01
 -2.93227469e-01 -8.24929293e-01 -4.99309547e-01 -2.27824562e-01
 -1.95461695e-01]
1911,[ 1.96535493e-01  1.03274604e-01 -8.16727714e-02  1.29574677e-01
  3.67254394e-01  9.18718555e-02 -4.84666971e-02  6.55729592e-01
  3.56399144e-01 -5.33285108e-01 -4.60948960e-02 -1.25164146e-01
  1.83202907e-01  4.25209884e-01 -3.25788461e-01  2.25944224e-01
 -1.11761099e-01 -6.22545936e-01  1.07073125e-01  1.41004708e-01
 -4.69310044e-01  2.09169931e-01  2.62308345e-01 -6.39186447e-01
 -1.21066637e-02  3.85922233e-01  1.51189967e-02  4.22116966e-02
 -5.46321021e-01  5.24114065e-01  5.63206458e-01  5.60958761e-01
  6.38014981e-01  2.33032502e-01 -1.73117581e-01  5.71299823e-01
 -1.70256604e-01  4.19092979e-01 -6.17285221e-01  1.24962599e-01
  3.42646095e-01 -6.34770085e-01  7.92074342e-05 -2.28337267e-01
  7.62612097e-02 -2.95750773e-01  2.71678482e-01 -5.01031578e-01
 -2.93236994e-01 -8.24928138e-01 -4.99313417e-01 -2.27823119e-01
 -1.95464420e-01]
1912,[ 1.96545312e-01  1.03278555e-01 -8.16979337e-02  1.29580112e-01
  3.67260006e-01  9.18658392e-02 -4.84578786e-02  6.55720191e-01
  3.56389435e-01 -5.33281019e-01 -4.60934724e-02 -1.25153599e-01
  1.83197705e-01  4.25219794e-01 -3.25788766e-01  2.25952488e-01
 -1.11755862e-01 -6.22542798e-01  1.07067554e-01  1.41010602e-01
 -4.69310904e-01  2.09164667e-01  2.62306570e-01 -6.39194732e-01
 -1.21151856e-02  3.85918132e-01  1.51343004e-02  4.22065803e-02
 -5.46327780e-01  5.24127943e-01  5.63193105e-01  5.60962370e-01
  6.38021119e-01  2.33032757e-01 -1.73112402e-01  5.71301278e-01
 -1.70262246e-01  4.19089243e-01 -6.17282847e-01  1.24956531e-01
  3.42647455e-01 -6.34759842e-01  6.74068926e-05 -2.28338273e-01
  7.62542377e-02 -2.95752831e-01  2.71685941e-01 -5.01014932e-01
 -2.93246510e-01 -8.24926984e-01 -4.99317282e-01 -2.27821678e-01
 -1.95467143e-01]
1913,[ 1.96555120e-01  1.03282502e-01 -8.17230676e-02  1.29585541e-01
  3.67265611e-01  9.18598297e-02 -4.84490700e-02  6.55710799e-01
  3.56379737e-01 -5.33276935e-01 -4.60920504e-02 -1.25143064e-01
  1.83192510e-01  4.25229693e-01 -3.25789069e-01  2.25960744e-01
 -1.11750632e-01 -6.22539664e-01  1.07061989e-01  1.41016489e-01
 -4.69311762e-01  2.09159410e-01  2.62304798e-01 -6.39203007e-01
 -1.21236980e-02  3.85914035e-01  1.51495869e-02  4.22014698e-02
 -5.46334532e-01  5.24141806e-01  5.63179768e-01  5.60965974e-01
  6.38027250e-01  2.33033011e-01 -1.73107228e-01  5.71302732e-01
 -1.70267882e-01  4.19085511e-01 -6.17280476e-01  1.24950471e-01
  3.42648814e-01 -6.34749611e-01  5.56196395e-05 -2.28339278e-01
  7.62472735e-02 -2.95754886e-01  2.71693392e-01 -5.00998305e-01
 -2.93256014e-01 -8.24925832e-01 -4.99321143e-01 -2.27820238e-01
 -1.95469862e-01]
1914,[ 1.96564917e-01  1.03286444e-01 -8.17481732e-02  1.29590963e-01
  3.67271209e-01  9.18538269e-02 -4.84402714e-02  6.55701419e-01
  3.56370050e-01 -5.33272855e-01 -4.60906300e-02 -1.25132541e-01
  1.83187320e-01  4.25239580e-01 -3.25789373e-01  2.25968989e-01
 -1.11745407e-01 -6.22536533e-01  1.07056431e-01  1.41022369e-01
 -4.69312619e-01  2.09154159e-01  2.62303027e-01 -6.39211273e-01
 -1.21322008e-02  3.85909942e-01  1.51648562e-02  4.21963650e-02
 -5.46341275e-01  5.24155653e-01  5.63166446e-01  5.60969574e-01
  6.38033374e-01  2.33033265e-01 -1.73102060e-01  5.71304184e-01
 -1.70273512e-01  4.19081784e-01 -6.17278108e-01  1.24944416e-01
  3.42650172e-01 -6.34739391e-01  4.38456599e-05 -2.28340282e-01
  7.62403171e-02 -2.95756939e-01  2.71700834e-01 -5.00981696e-01
 -2.93265507e-01 -8.24924681e-01 -4.99325000e-01 -2.27818799e-01
 -1.95472578e-01]
1915,[ 1.96574703e-01  1.03290382e-01 -8.17732506e-02  1.29596379e-01
  3.67276802e-01  9.18478310e-02 -4.84314827e-02  6.55692049e-01
  3.56360374e-01 -5.33268780e-01 -4.60892112e-02 -1.25122029e-01
  1.83182136e-01  4.25249457e-01 -3.25789676e-01  2.25977226e-01
 -1.11740188e-01 -6.22533406e-01  1.07050879e-01  1.41028243e-01
 -4.69313475e-01  2.09148914e-01  2.62301259e-01 -6.39219530e-01
 -1.21406941e-02  3.85905855e-01  1.51801083e-02  4.21912660e-02
 -5.46348011e-01  5.24169485e-01  5.63153139e-01  5.60973170e-01
  6.38039491e-01  2.33033520e-01 -1.73096897e-01  5.71305635e-01
 -1.70279135e-01  4.19078061e-01 -6.17275742e-01  1.24938369e-01
  3.42651528e-01 -6.34729183e-01  3.20849390e-05 -2.28341285e-01
  7.62333685e-02 -2.95758990e-01  2.71708267e-01 -5.00965107e-01
 -2.93274990e-01 -8.24923531e-01 -4.99328852e-01 -2.27817363e-01
 -1.95475291e-01]
1916,[ 1.96584478e-01  1.03294316e-01 -8.17982997e-02  1.29601790e-01
  3.67282388e-01  9.18418417e-02 -4.84227038e-02  6.55682690e-01
  3.56350709e-01 -5.33264709e-01 -4.60877941e-02 -1.25111530e-01
  1.83176957e-01  4.25259322e-01 -3.25789979e-01  2.25985454e-01
 -1.11734975e-01 -6.22530283e-01  1.07045333e-01  1.41034110e-01
 -4.69314331e-01  2.09143674e-01  2.62299493e-01 -6.39227778e-01
 -1.21491777e-02  3.85901772e-01  1.51953433e-02  4.21861727e-02
 -5.46354740e-01  5.24183301e-01  5.63139846e-01  5.60976761e-01
  6.38045602e-01  2.33033773e-01 -1.73091741e-01  5.71307084e-01
 -1.70284752e-01  4.19074341e-01 -6.17273379e-01  1.24932329e-01
  3.42652882e-01 -6.34718986e-01  2.03374617e-05 -2.28342287e-01
  7.62264278e-02 -2.95761038e-01  2.71715693e-01 -5.00948535e-01
 -2.93284463e-01 -8.24922383e-01 -4.99332700e-01 -2.27815928e-01
 -1.95478001e-01]
1917,[ 1.96594242e-01  1.03298245e-01 -8.18233206e-02  1.29607194e-01
  3.67287968e-01  9.18358592e-02 -4.84139349e-02  6.55673341e-01
  3.56341054e-01 -5.33260643e-01 -4.60863784e-02 -1.25101042e-01
  1.83171785e-01  4.25269176e-01 -3.25790281e-01  2.25993672e-01
 -1.11729768e-01 -6.22527163e-01  1.07039793e-01  1.41039971e-01
 -4.69315185e-01  2.09138441e-01  2.62297728e-01 -6.39236016e-01
 -1.21576518e-02  3.85897693e-01  1.52105610e-02  4.21810851e-02
 -5.46361461e-01  5.24197101e-01  5.63126569e-01  5.60980349e-01
  6.38051705e-01  2.33034027e-01 -1.73086590e-01  5.71308531e-01
 -1.70290362e-01  4.19070626e-01 -6.17271018e-01  1.24926295e-01
  3.42654235e-01 -6.34708801e-01  8.60321322e-06 -2.28343287e-01
  7.62194949e-02 -2.95763084e-01  2.71723110e-01 -5.00931983e-01
 -2.93293924e-01 -8.24921236e-01 -4.99336543e-01 -2.27814495e-01
 -1.95480708e-01]
1918,[ 1.96603995e-01  1.03302170e-01 -8.18483133e-02  1.29612592e-01
  3.67293541e-01  9.18298835e-02 -4.84051758e-02  6.55664003e-01
  3.56331411e-01 -5.33256581e-01 -4.60849644e-02 -1.25090566e-01
  1.83166618e-01  4.25279019e-01 -3.25790584e-01  2.26001881e-01
 -1.11724567e-01 -6.22524046e-01  1.07034260e-01  1.41045825e-01
 -4.69316039e-01  2.09133213e-01  2.62295966e-01 -6.39244245e-01
 -1.21661164e-02  3.85893619e-01  1.52257617e-02  4.21760033e-02
 -5.46368174e-01  5.24210886e-01  5.63113307e-01  5.60983933e-01
  6.38057802e-01  2.33034280e-01 -1.73081446e-01  5.71309976e-01
 -1.70295967e-01  4.19066916e-01 -6.17268660e-01  1.24920268e-01
  3.42655587e-01 -6.34698627e-01 -3.11782143e-06 -2.28344287e-01
  7.62125698e-02 -2.95765128e-01  2.71730518e-01 -5.00915449e-01
 -2.93303375e-01 -8.24920090e-01 -4.99340383e-01 -2.27813063e-01
 -1.95483412e-01]
1919,[ 1.96613737e-01  1.03306090e-01 -8.18732779e-02  1.29617984e-01
  3.67299108e-01  9.18239145e-02 -4.83964265e-02  6.55654675e-01
  3.56321778e-01 -5.33252525e-01 -4.60835520e-02 -1.25080102e-01
  1.83161458e-01  4.25288851e-01 -3.25790885e-01  2.26010080e-01
 -1.11719371e-01 -6.22520933e-01  1.07028733e-01  1.41051673e-01
 -4.69316891e-01  2.09127991e-01  2.62294206e-01 -6.39252464e-01
 -1.21745714e-02  3.85889550e-01  1.52409452e-02  4.21709272e-02
 -5.46374880e-01  5.24224655e-01  5.63100059e-01  5.60987513e-01
  6.38063892e-01  2.33034533e-01 -1.73076307e-01  5.71311420e-01
 -1.70301565e-01  4.19063209e-01 -6.17266305e-01  1.24914248e-01
  3.42656936e-01 -6.34688465e-01 -1.48256571e-05 -2.28345285e-01
  7.62056525e-02 -2.95767170e-01  2.71737919e-01 -5.00898934e-01
 -2.93312816e-01 -8.24918946e-01 -4.99344218e-01 -2.27811633e-01
 -1.95486113e-01]
1920,[ 1.96623468e-01  1.03310006e-01 -8.18982143e-02  1.29623370e-01
  3.67304669e-01  9.18179521e-02 -4.83876872e-02  6.55645357e-01
  3.56312156e-01 -5.33248472e-01 -4.60821412e-02 -1.25069650e-01
  1.83156303e-01  4.25298672e-01 -3.25791187e-01  2.26018271e-01
 -1.11714182e-01 -6.22517824e-01  1.07023212e-01  1.41057513e-01
 -4.69317743e-01  2.09122776e-01  2.62292447e-01 -6.39260675e-01
 -1.21830169e-02  3.85885485e-01  1.52561116e-02  4.21658568e-02
 -5.46381578e-01  5.24238409e-01  5.63086827e-01  5.60991089e-01
  6.38069975e-01  2.33034786e-01 -1.73071173e-01  5.71312863e-01
 -1.70307156e-01  4.19059506e-01 -6.17263953e-01  1.24908235e-01
  3.42658285e-01 -6.34678314e-01 -2.65203086e-05 -2.28346282e-01
  7.61987430e-02 -2.95769209e-01  2.71745311e-01 -5.00882437e-01
 -2.93322245e-01 -8.24917802e-01 -4.99348048e-01 -2.27810204e-01
 -1.95488811e-01]
1921,[ 1.96633188e-01  1.03313918e-01 -8.19231227e-02  1.29628750e-01
  3.67310224e-01  9.18119966e-02 -4.83789577e-02  6.55636051e-01
  3.56302545e-01 -5.33244424e-01 -4.60807320e-02 -1.25059210e-01
  1.83151153e-01  4.25308481e-01 -3.25791488e-01  2.26026452e-01
 -1.11708998e-01 -6.22514718e-01  1.07017697e-01  1.41063348e-01
 -4.69318593e-01  2.09117566e-01  2.62290691e-01 -6.39268876e-01
 -1.21914529e-02  3.85881425e-01  1.52712610e-02  4.21607921e-02
 -5.46388269e-01  5.24252147e-01  5.63073609e-01  5.60994660e-01
  6.38076051e-01  2.33035038e-01 -1.73066046e-01  5.71314304e-01
 -1.70312742e-01  4.19055808e-01 -6.17261603e-01  1.24902228e-01
  3.42659632e-01 -6.34668174e-01 -3.82017909e-05 -2.28347278e-01
  7.61918413e-02 -2.95771246e-01  2.71752694e-01 -5.00865959e-01
 -2.93331664e-01 -8.24916661e-01 -4.99351875e-01 -2.27808777e-01
 -1.95491506e-01]
1922,[ 1.96642897e-01  1.03317825e-01 -8.19480031e-02  1.29634123e-01
  3.67315772e-01  9.18060477e-02 -4.83702380e-02  6.55626754e-01
  3.56292945e-01 -5.33240381e-01 -4.60793243e-02 -1.25048781e-01
  1.83146010e-01  4.25318280e-01 -3.25791789e-01  2.26034624e-01
 -1.11703820e-01 -6.22511615e-01  1.07012188e-01  1.41069175e-01
 -4.69319443e-01  2.09112361e-01  2.62288936e-01 -6.39277068e-01
 -1.21998794e-02  3.85877369e-01  1.52863932e-02  4.21557331e-02
 -5.46394952e-01  5.24265870e-01  5.63060406e-01  5.60998228e-01
  6.38082120e-01  2.33035290e-01 -1.73060924e-01  5.71315743e-01
 -1.70318321e-01  4.19052114e-01 -6.17259256e-01  1.24896228e-01
  3.42660977e-01 -6.34658046e-01 -4.98701187e-05 -2.28348273e-01
  7.61849474e-02 -2.95773280e-01  2.71760069e-01 -5.00849500e-01
 -2.93341073e-01 -8.24915520e-01 -4.99355697e-01 -2.27807352e-01
 -1.95494197e-01]
1923,[ 1.96652595e-01  1.03321728e-01 -8.19728554e-02  1.29639491e-01
  3.67321314e-01  9.18001055e-02 -4.83615281e-02  6.55617468e-01
  3.56283356e-01 -5.33236343e-01 -4.60779183e-02 -1.25038364e-01
  1.83140872e-01  4.25328068e-01 -3.25792089e-01  2.26042786e-01
 -1.11698648e-01 -6.22508516e-01  1.07006686e-01  1.41074996e-01
 -4.69320291e-01  2.09107163e-01  2.62287184e-01 -6.39285250e-01
 -1.22082965e-02  3.85873318e-01  1.53015085e-02  4.21506798e-02
 -5.46401628e-01  5.24279577e-01  5.63047219e-01  5.61001792e-01
  6.38088183e-01  2.33035542e-01 -1.73055808e-01  5.71317180e-01
 -1.70323893e-01  4.19048424e-01 -6.17256911e-01  1.24890235e-01
  3.42662321e-01 -6.34647930e-01 -6.15253069e-05 -2.28349267e-01
  7.61780612e-02 -2.95775312e-01  2.71767436e-01 -5.00833059e-01
 -2.93350471e-01 -8.24914381e-01 -4.99359514e-01 -2.27805928e-01
 -1.95496886e-01]
1924,[ 1.96662282e-01  1.03325626e-01 -8.19976797e-02  1.29644853e-01
  3.67326850e-01  9.17941700e-02 -4.83528280e-02  6.55608193e-01
  3.56273777e-01 -5.33232308e-01 -4.60765138e-02 -1.25027959e-01
  1.83135741e-01  4.25337844e-01 -3.25792389e-01  2.26050940e-01
 -1.11693482e-01 -6.22505421e-01  1.07001190e-01  1.41080811e-01
 -4.69321139e-01  2.09101971e-01  2.62285433e-01 -6.39293424e-01
 -1.22167040e-02  3.85869272e-01  1.53166067e-02  4.21456322e-02
 -5.46408296e-01  5.24293269e-01  5.63034046e-01  5.61005351e-01
  6.38094238e-01  2.33035793e-01 -1.73050698e-01  5.71318616e-01
 -1.70329460e-01  4.19044738e-01 -6.17254569e-01  1.24884249e-01
  3.42663663e-01 -6.34637824e-01 -7.31673703e-05 -2.28350259e-01
  7.61711827e-02 -2.95777342e-01  2.71774795e-01 -5.00816637e-01
 -2.93359858e-01 -8.24913242e-01 -4.99363328e-01 -2.27804506e-01
 -1.95499572e-01]
1925,[ 1.96671958e-01  1.03329520e-01 -8.20224761e-02  1.29650208e-01
  3.67332380e-01  9.17882412e-02 -4.83441377e-02  6.55598928e-01
  3.56264209e-01 -5.33228279e-01 -4.60751109e-02 -1.25017565e-01
  1.83130615e-01  4.25347610e-01 -3.25792689e-01  2.26059084e-01
 -1.11688321e-01 -6.22502329e-01  1.06995700e-01  1.41086619e-01
 -4.69321986e-01  2.09096784e-01  2.62283685e-01 -6.39301588e-01
 -1.22251021e-02  3.85865230e-01  1.53316879e-02  4.21405903e-02
 -5.46414957e-01  5.24306946e-01  5.63020887e-01  5.61008907e-01
  6.38100287e-01  2.33036044e-01 -1.73045594e-01  5.71320050e-01
 -1.70335020e-01  4.19041057e-01 -6.17252230e-01  1.24878269e-01
  3.42665004e-01 -6.34627730e-01 -8.47963236e-05 -2.28351251e-01
  7.61643120e-02 -2.95779370e-01  2.71782146e-01 -5.00800233e-01
 -2.93369235e-01 -8.24912106e-01 -4.99367137e-01 -2.27803086e-01
 -1.95502254e-01]
1926,[ 1.96681624e-01  1.03333409e-01 -8.20472446e-02  1.29655558e-01
  3.67337904e-01  9.17823191e-02 -4.83354572e-02  6.55589674e-01
  3.56254652e-01 -5.33224254e-01 -4.60737096e-02 -1.25007183e-01
  1.83125494e-01  4.25357365e-01 -3.25792989e-01  2.26067220e-01
 -1.11683167e-01 -6.22499240e-01  1.06990216e-01  1.41092421e-01
 -4.69322832e-01  2.09091604e-01  2.62281938e-01 -6.39309743e-01
 -1.22334907e-02  3.85861192e-01  1.53467521e-02  4.21355541e-02
 -5.46421610e-01  5.24320607e-01  5.63007744e-01  5.61012459e-01
  6.38106329e-01  2.33036295e-01 -1.73040495e-01  5.71321483e-01
 -1.70340574e-01  4.19037379e-01 -6.17249893e-01  1.24872296e-01
  3.42666343e-01 -6.34617648e-01 -9.64121817e-05 -2.28352241e-01
  7.61574491e-02 -2.95781395e-01  2.71789488e-01 -5.00783847e-01
 -2.93378601e-01 -8.24910970e-01 -4.99370942e-01 -2.27801667e-01
 -1.95504934e-01]
1927,[ 1.96691278e-01  1.03337295e-01 -8.20719851e-02  1.29660902e-01
  3.67343421e-01  9.17764036e-02 -4.83267865e-02  6.55580429e-01
  3.56245106e-01 -5.33220233e-01 -4.60723098e-02 -1.24996813e-01
  1.83120380e-01  4.25367108e-01 -3.25793288e-01  2.26075346e-01
 -1.11678018e-01 -6.22496155e-01  1.06984739e-01  1.41098216e-01
 -4.69323677e-01  2.09086429e-01  2.62280193e-01 -6.39317889e-01
 -1.22418698e-02  3.85857159e-01  1.53617994e-02  4.21305235e-02
 -5.46428256e-01  5.24334253e-01  5.62994616e-01  5.61016006e-01
  6.38112364e-01  2.33036546e-01 -1.73035402e-01  5.71322914e-01
 -1.70346122e-01  4.19033706e-01 -6.17247559e-01  1.24866330e-01
  3.42667681e-01 -6.34607577e-01 -1.08014959e-04 -2.28353230e-01
  7.61505939e-02 -2.95783419e-01  2.71796821e-01 -5.00767480e-01
 -2.93387956e-01 -8.24909836e-01 -4.99374742e-01 -2.27800249e-01
 -1.95507611e-01]
1928,[ 1.96700922e-01  1.03341175e-01 -8.20966979e-02  1.29666239e-01
  3.67348932e-01  9.17704948e-02 -4.83181256e-02  6.55571196e-01
  3.56235571e-01 -5.33216217e-01 -4.60709116e-02 -1.24986455e-01
  1.83115271e-01  4.25376841e-01 -3.25793586e-01  2.26083462e-01
 -1.11672875e-01 -6.22493074e-01  1.06979267e-01  1.41104004e-01
 -4.69324520e-01  2.09081260e-01  2.62278451e-01 -6.39326026e-01
 -1.22502396e-02  3.85853131e-01  1.53768297e-02  4.21254986e-02
 -5.46434894e-01  5.24347883e-01  5.62981502e-01  5.61019550e-01
  6.38118392e-01  2.33036796e-01 -1.73030315e-01  5.71324344e-01
 -1.70351663e-01  4.19030037e-01 -6.17245228e-01  1.24860371e-01
  3.42669017e-01 -6.34597517e-01 -1.19604671e-04 -2.28354219e-01
  7.61437464e-02 -2.95785439e-01  2.71804147e-01 -5.00751132e-01
 -2.93397301e-01 -8.24908703e-01 -4.99378538e-01 -2.27798834e-01
 -1.95510284e-01]
1929,[ 1.96710555e-01  1.03345052e-01 -8.21213827e-02  1.29671571e-01
  3.67354437e-01  9.17645926e-02 -4.83094744e-02  6.55561973e-01
  3.56226046e-01 -5.33212206e-01 -4.60695151e-02 -1.24976108e-01
  1.83110168e-01  4.25386563e-01 -3.25793885e-01  2.26091570e-01
 -1.11667738e-01 -6.22489996e-01  1.06973802e-01  1.41109786e-01
 -4.69325363e-01  2.09076096e-01  2.62276710e-01 -6.39334153e-01
 -1.22585999e-02  3.85849107e-01  1.53918431e-02  4.21204794e-02
 -5.46441525e-01  5.24361498e-01  5.62968403e-01  5.61023090e-01
  6.38124414e-01  2.33037047e-01 -1.73025233e-01  5.71325771e-01
 -1.70357199e-01  4.19026371e-01 -6.17242899e-01  1.24854418e-01
  3.42670352e-01 -6.34587469e-01 -1.31181331e-04 -2.28355206e-01
  7.61369066e-02 -2.95787458e-01  2.71811464e-01 -5.00734801e-01
 -2.93406636e-01 -8.24907571e-01 -4.99382330e-01 -2.27797420e-01
 -1.95512955e-01]
1930,[ 1.96720177e-01  1.03348924e-01 -8.21460398e-02  1.29676896e-01
  3.67359935e-01  9.17586971e-02 -4.83008329e-02  6.55552760e-01
  3.56216532e-01 -5.33208199e-01 -4.60681200e-02 -1.24965773e-01
  1.83105071e-01  4.25396274e-01 -3.25794183e-01  2.26099669e-01
 -1.11662606e-01 -6.22486921e-01  1.06968343e-01  1.41115561e-01
 -4.69326205e-01  2.09070939e-01  2.62274971e-01 -6.39342271e-01
 -1.22669508e-02  3.85845088e-01  1.54068396e-02  4.21154658e-02
 -5.46448148e-01  5.24375098e-01  5.62955319e-01  5.61026625e-01
  6.38130429e-01  2.33037296e-01 -1.73020158e-01  5.71327198e-01
 -1.70362728e-01  4.19022711e-01 -6.17240573e-01  1.24848472e-01
  3.42671685e-01 -6.34577431e-01 -1.42744956e-04 -2.28356192e-01
  7.61300745e-02 -2.95789474e-01  2.71818774e-01 -5.00718490e-01
 -2.93415960e-01 -8.24906441e-01 -4.99386118e-01 -2.27796007e-01
 -1.95515623e-01]
1931,[ 1.96729788e-01  1.03352792e-01 -8.21706691e-02  1.29682216e-01
  3.67365428e-01  9.17528083e-02 -4.82922012e-02  6.55543557e-01
  3.56207028e-01 -5.33204197e-01 -4.60667266e-02 -1.24955449e-01
  1.83099980e-01  4.25405974e-01 -3.25794481e-01  2.26107758e-01
 -1.11657481e-01 -6.22483850e-01  1.06962890e-01  1.41121330e-01
 -4.69327046e-01  2.09065787e-01  2.62273235e-01 -6.39350381e-01
 -1.22752922e-02  3.85841074e-01  1.54218193e-02  4.21104579e-02
 -5.46454764e-01  5.24388682e-01  5.62942249e-01  5.61030157e-01
  6.38136437e-01  2.33037546e-01 -1.73015088e-01  5.71328622e-01
 -1.70368250e-01  4.19019054e-01 -6.17238249e-01  1.24842533e-01
  3.42673017e-01 -6.34567406e-01 -1.54295558e-04 -2.28357177e-01
  7.61232501e-02 -2.95791488e-01  2.71826074e-01 -5.00702196e-01
 -2.93425273e-01 -8.24905312e-01 -4.99389902e-01 -2.27794596e-01
 -1.95518287e-01]
1932,[ 1.96739388e-01  1.03356655e-01 -8.21952707e-02  1.29687530e-01
  3.67370914e-01  9.17469261e-02 -4.82835792e-02  6.55534365e-01
  3.56197536e-01 -5.33200199e-01 -4.60653347e-02 -1.24945137e-01
  1.83094894e-01  4.25415662e-01 -3.25794778e-01  2.26115839e-01
 -1.11652361e-01 -6.22480782e-01  1.06957443e-01  1.41127093e-01
 -4.69327886e-01  2.09060641e-01  2.62271500e-01 -6.39358481e-01
 -1.22836243e-02  3.85837063e-01  1.54367820e-02  4.21054556e-02
 -5.46461372e-01  5.24402251e-01  5.62929194e-01  5.61033685e-01
  6.38142438e-01  2.33037795e-01 -1.73010023e-01  5.71330045e-01
 -1.70373767e-01  4.19015401e-01 -6.17235928e-01  1.24836600e-01
  3.42674347e-01 -6.34557391e-01 -1.65833153e-04 -2.28358160e-01
  7.61164334e-02 -2.95793500e-01  2.71833367e-01 -5.00685921e-01
 -2.93434577e-01 -8.24904184e-01 -4.99393681e-01 -2.27793187e-01
 -1.95520949e-01]
1933,[ 1.96748977e-01  1.03360514e-01 -8.22198446e-02  1.29692837e-01
  3.67376394e-01  9.17410504e-02 -4.82749669e-02  6.55525183e-01
  3.56188054e-01 -5.33196205e-01 -4.60639444e-02 -1.24934837e-01
  1.83089814e-01  4.25425341e-01 -3.25795075e-01  2.26123910e-01
 -1.11647247e-01 -6.22477718e-01  1.06952002e-01  1.41132848e-01
 -4.69328726e-01  2.09055501e-01  2.62269767e-01 -6.39366572e-01
 -1.22919470e-02  3.85833058e-01  1.54517279e-02  4.21004589e-02
 -5.46467973e-01  5.24415805e-01  5.62916154e-01  5.61037208e-01
  6.38148432e-01  2.33038044e-01 -1.73004965e-01  5.71331467e-01
 -1.70379277e-01  4.19011752e-01 -6.17233610e-01  1.24830675e-01
  3.42675676e-01 -6.34547388e-01 -1.77357756e-04 -2.28359143e-01
  7.61096243e-02 -2.95795509e-01  2.71840652e-01 -5.00669665e-01
 -2.93443869e-01 -8.24903057e-01 -4.99397456e-01 -2.27791779e-01
 -1.95523608e-01]
1934,[ 1.96758556e-01  1.03364368e-01 -8.22443908e-02  1.29698139e-01
  3.67381868e-01  9.17351815e-02 -4.82663643e-02  6.55516012e-01
  3.56178583e-01 -5.33192216e-01 -4.60625557e-02 -1.24924548e-01
  1.83084740e-01  4.25435008e-01 -3.25795372e-01  2.26131972e-01
 -1.11642138e-01 -6.22474657e-01  1.06946568e-01  1.41138598e-01
 -4.69329564e-01  2.09050367e-01  2.62268036e-01 -6.39374654e-01
 -1.23002604e-02  3.85829057e-01  1.54666569e-02  4.20954678e-02
 -5.46474566e-01  5.24429343e-01  5.62903129e-01  5.61040728e-01
  6.38154420e-01  2.33038293e-01 -1.72999912e-01  5.71332886e-01
 -1.70384781e-01  4.19008108e-01 -6.17231294e-01  1.24824755e-01
  3.42677003e-01 -6.34537396e-01 -1.88869382e-04 -2.28360124e-01
  7.61028230e-02 -2.95797517e-01  2.71847928e-01 -5.00653426e-01
 -2.93453151e-01 -8.24901932e-01 -4.99401226e-01 -2.27790373e-01
 -1.95526263e-01]
1935,[ 1.96768124e-01  1.03368219e-01 -8.22689094e-02  1.29703434e-01
  3.67387336e-01  9.17293191e-02 -4.82577714e-02  6.55506850e-01
  3.56169122e-01 -5.33188232e-01 -4.60611685e-02 -1.24914271e-01
  1.83079671e-01  4.25444664e-01 -3.25795668e-01  2.26140025e-01
 -1.11637036e-01 -6.22471600e-01  1.06941139e-01  1.41144341e-01
 -4.69330401e-01  2.09045239e-01  2.62266307e-01 -6.39382726e-01
 -1.23085644e-02  3.85825060e-01  1.54815692e-02  4.20904824e-02
 -5.46481152e-01  5.24442867e-01  5.62890118e-01  5.61044244e-01
  6.38160401e-01  2.33038541e-01 -1.72994864e-01  5.71334305e-01
 -1.70390279e-01  4.19004467e-01 -6.17228981e-01  1.24818843e-01
  3.42678329e-01 -6.34527415e-01 -2.00368044e-04 -2.28361105e-01
  7.60960292e-02 -2.95799522e-01  2.71855196e-01 -5.00637206e-01
 -2.93462423e-01 -8.24900808e-01 -4.99404993e-01 -2.27788968e-01
 -1.95528916e-01]
1936,[ 1.96777681e-01  1.03372065e-01 -8.22934003e-02  1.29708724e-01
  3.67392798e-01  9.17234633e-02 -4.82491882e-02  6.55497700e-01
  3.56159672e-01 -5.33184252e-01 -4.60597829e-02 -1.24904006e-01
  1.83074608e-01  4.25454309e-01 -3.25795964e-01  2.26148069e-01
 -1.11631939e-01 -6.22468546e-01  1.06935717e-01  1.41150077e-01
 -4.69331237e-01  2.09040116e-01  2.62264580e-01 -6.39390790e-01
 -1.23168590e-02  3.85821068e-01  1.54964646e-02  4.20855026e-02
 -5.46487731e-01  5.24456375e-01  5.62877122e-01  5.61047756e-01
  6.38166375e-01  2.33038789e-01 -1.72989823e-01  5.71335721e-01
 -1.70395771e-01  4.19000831e-01 -6.17226670e-01  1.24812937e-01
  3.42679653e-01 -6.34517445e-01 -2.11853757e-04 -2.28362084e-01
  7.60892432e-02 -2.95801524e-01  2.71862456e-01 -5.00621004e-01
 -2.93471684e-01 -8.24899685e-01 -4.99408755e-01 -2.27787565e-01
 -1.95531565e-01]
1937,[ 1.96787227e-01  1.03375906e-01 -8.23178637e-02  1.29714008e-01
  3.67398253e-01  9.17176141e-02 -4.82406146e-02  6.55488559e-01
  3.56150233e-01 -5.33180277e-01 -4.60583988e-02 -1.24893752e-01
  1.83069551e-01  4.25463944e-01 -3.25796260e-01  2.26156104e-01
 -1.11626848e-01 -6.22465495e-01  1.06930301e-01  1.41155807e-01
 -4.69332073e-01  2.09034999e-01  2.62262855e-01 -6.39398845e-01
 -1.23251443e-02  3.85817080e-01  1.55113433e-02  4.20805284e-02
 -5.46494302e-01  5.24469867e-01  5.62864141e-01  5.61051264e-01
  6.38172343e-01  2.33039037e-01 -1.72984787e-01  5.71337136e-01
 -1.70401257e-01  4.18997199e-01 -6.17224362e-01  1.24807038e-01
  3.42680976e-01 -6.34507487e-01 -2.23326537e-04 -2.28363062e-01
  7.60824648e-02 -2.95803525e-01  2.71869707e-01 -5.00604820e-01
 -2.93480935e-01 -8.24898564e-01 -4.99412513e-01 -2.27786164e-01
 -1.95534212e-01]
1938,[ 1.96796763e-01  1.03379744e-01 -8.23422995e-02  1.29719286e-01
  3.67403702e-01  9.17117715e-02 -4.82320507e-02  6.55479429e-01
  3.56140804e-01 -5.33176306e-01 -4.60570163e-02 -1.24883509e-01
  1.83064499e-01  4.25473567e-01 -3.25796556e-01  2.26164130e-01
 -1.11621762e-01 -6.22462448e-01  1.06924891e-01  1.41161531e-01
 -4.69332907e-01  2.09029888e-01  2.62261132e-01 -6.39406890e-01
 -1.23334202e-02  3.85813097e-01  1.55262053e-02  4.20755598e-02
 -5.46500866e-01  5.24483345e-01  5.62851174e-01  5.61054768e-01
  6.38178304e-01  2.33039285e-01 -1.72979757e-01  5.71338550e-01
 -1.70406736e-01  4.18993571e-01 -6.17222057e-01  1.24801145e-01
  3.42682297e-01 -6.34497540e-01 -2.34786397e-04 -2.28364039e-01
  7.60756940e-02 -2.95805523e-01  2.71876951e-01 -5.00588655e-01
 -2.93490175e-01 -8.24897443e-01 -4.99416267e-01 -2.27784764e-01
 -1.95536856e-01]
1939,[ 1.96806288e-01  1.03383577e-01 -8.23667078e-02  1.29724557e-01
  3.67409145e-01  9.17059355e-02 -4.82234965e-02  6.55470309e-01
  3.56131386e-01 -5.33172339e-01 -4.60556354e-02 -1.24873279e-01
  1.83059454e-01  4.25483180e-01 -3.25796851e-01  2.26172147e-01
 -1.11616683e-01 -6.22459405e-01  1.06919487e-01  1.41167248e-01
 -4.69333741e-01  2.09024783e-01  2.62259411e-01 -6.39414927e-01
 -1.23416868e-02  3.85809118e-01  1.55410504e-02  4.20705968e-02
 -5.46507422e-01  5.24496808e-01  5.62838221e-01  5.61058268e-01
  6.38184258e-01  2.33039532e-01 -1.72974732e-01  5.71339962e-01
 -1.70412209e-01  4.18989947e-01 -6.17219754e-01  1.24795259e-01
  3.42683617e-01 -6.34487604e-01 -2.46233352e-04 -2.28365015e-01
  7.60689308e-02 -2.95807519e-01  2.71884186e-01 -5.00572508e-01
 -2.93499405e-01 -8.24896324e-01 -4.99420016e-01 -2.27783366e-01
 -1.95539496e-01]
1940,[ 1.96815802e-01  1.03387405e-01 -8.23910886e-02  1.29729823e-01
  3.67414583e-01  9.17001060e-02 -4.82149518e-02  6.55461199e-01
  3.56121979e-01 -5.33168377e-01 -4.60542560e-02 -1.24863059e-01
  1.83054414e-01  4.25492782e-01 -3.25797145e-01  2.26180155e-01
 -1.11611609e-01 -6.22456365e-01  1.06914089e-01  1.41172959e-01
 -4.69334573e-01  2.09019683e-01  2.62257691e-01 -6.39422954e-01
 -1.23499442e-02  3.85805144e-01  1.55558789e-02  4.20656394e-02
 -5.46513971e-01  5.24510255e-01  5.62825284e-01  5.61061764e-01
  6.38190205e-01  2.33039779e-01 -1.72969713e-01  5.71341372e-01
 -1.70417676e-01  4.18986327e-01 -6.17217454e-01  1.24789380e-01
  3.42684935e-01 -6.34477679e-01 -2.57667417e-04 -2.28365990e-01
  7.60621753e-02 -2.95809513e-01  2.71891413e-01 -5.00556379e-01
 -2.93508625e-01 -8.24895206e-01 -4.99423761e-01 -2.27781969e-01
 -1.95542134e-01]
1941,[ 1.96825305e-01  1.03391230e-01 -8.24154420e-02  1.29735083e-01
  3.67420013e-01  9.16942832e-02 -4.82064168e-02  6.55452100e-01
  3.56112582e-01 -5.33164419e-01 -4.60528781e-02 -1.24852851e-01
  1.83049379e-01  4.25502373e-01 -3.25797440e-01  2.26188154e-01
 -1.11606541e-01 -6.22453328e-01  1.06908697e-01  1.41178663e-01
 -4.69335405e-01  2.09014589e-01  2.62255974e-01 -6.39430972e-01
 -1.23581922e-02  3.85801174e-01  1.55706907e-02  4.20606876e-02
 -5.46520513e-01  5.24523687e-01  5.62812361e-01  5.61065256e-01
  6.38196146e-01  2.33040026e-01 -1.72964700e-01  5.71342780e-01
 -1.70423137e-01  4.18982711e-01 -6.17215157e-01  1.24783507e-01
  3.42686252e-01 -6.34467766e-01 -2.69088606e-04 -2.28366964e-01
  7.60554273e-02 -2.95811504e-01  2.71898633e-01 -5.00540268e-01
 -2.93517834e-01 -8.24894090e-01 -4.99427502e-01 -2.27780574e-01
 -1.95544769e-01]
1942,[ 1.96834798e-01  1.03395050e-01 -8.24397679e-02  1.29740337e-01
  3.67425438e-01  9.16884668e-02 -4.81978914e-02  6.55443011e-01
  3.56103196e-01 -5.33160466e-01 -4.60515019e-02 -1.24842655e-01
  1.83044350e-01  4.25511954e-01 -3.25797734e-01  2.26196144e-01
 -1.11601478e-01 -6.22450294e-01  1.06903311e-01  1.41184361e-01
 -4.69336236e-01  2.09009501e-01  2.62254259e-01 -6.39438982e-01
 -1.23664309e-02  3.85797209e-01  1.55854858e-02  4.20557413e-02
 -5.46527047e-01  5.24537104e-01  5.62799452e-01  5.61068744e-01
  6.38202080e-01  2.33040272e-01 -1.72959693e-01  5.71344187e-01
 -1.70428592e-01  4.18979099e-01 -6.17212862e-01  1.24777641e-01
  3.42687568e-01 -6.34457863e-01 -2.80496933e-04 -2.28367937e-01
  7.60486870e-02 -2.95813493e-01  2.71905843e-01 -5.00524175e-01
 -2.93527033e-01 -8.24892975e-01 -4.99431239e-01 -2.27779180e-01
 -1.95547401e-01]
1943,[ 1.96844280e-01  1.03398866e-01 -8.24640665e-02  1.29745585e-01
  3.67430857e-01  9.16826571e-02 -4.81893756e-02  6.55433932e-01
  3.56093820e-01 -5.33156518e-01 -4.60501271e-02 -1.24832470e-01
  1.83039327e-01  4.25521523e-01 -3.25798028e-01  2.26204125e-01
 -1.11596421e-01 -6.22447265e-01  1.06897931e-01  1.41190052e-01
 -4.69337065e-01  2.09004419e-01  2.62252545e-01 -6.39446982e-01
 -1.23746604e-02  3.85793248e-01  1.56002642e-02  4.20508006e-02
 -5.46533574e-01  5.24550506e-01  5.62786558e-01  5.61072228e-01
  6.38208007e-01  2.33040518e-01 -1.72954691e-01  5.71345593e-01
 -1.70434041e-01  4.18975491e-01 -6.17210569e-01  1.24771781e-01
  3.42688881e-01 -6.34447972e-01 -2.91892414e-04 -2.28368908e-01
  7.60419542e-02 -2.95815480e-01  2.71913046e-01 -5.00508101e-01
 -2.93536221e-01 -8.24891861e-01 -4.99434972e-01 -2.27777788e-01
 -1.95550030e-01]
1944,[ 1.96853752e-01  1.03402677e-01 -8.24883377e-02  1.29750828e-01
  3.67436270e-01  9.16768538e-02 -4.81808694e-02  6.55424863e-01
  3.56084455e-01 -5.33152573e-01 -4.60487539e-02 -1.24822297e-01
  1.83034310e-01  4.25531082e-01 -3.25798321e-01  2.26212097e-01
 -1.11591370e-01 -6.22444238e-01  1.06892558e-01  1.41195737e-01
 -4.69337894e-01  2.08999342e-01  2.62250834e-01 -6.39454973e-01
 -1.23828806e-02  3.85789292e-01  1.56150260e-02  4.20458655e-02
 -5.46540094e-01  5.24563893e-01  5.62773679e-01  5.61075709e-01
  6.38213928e-01  2.33040764e-01 -1.72949694e-01  5.71346997e-01
 -1.70439483e-01  4.18971888e-01 -6.17208280e-01  1.24765928e-01
  3.42690194e-01 -6.34438092e-01 -3.03275063e-04 -2.28369879e-01
  7.60352291e-02 -2.95817465e-01  2.71920241e-01 -5.00492044e-01
 -2.93545399e-01 -8.24890748e-01 -4.99438700e-01 -2.27776398e-01
 -1.95552655e-01]
1945,[ 1.96863212e-01  1.03406484e-01 -8.25125815e-02  1.29756064e-01
  3.67441676e-01  9.16710571e-02 -4.81723728e-02  6.55415805e-01
  3.56075100e-01 -5.33148634e-01 -4.60473823e-02 -1.24812135e-01
  1.83029298e-01  4.25540630e-01 -3.25798614e-01  2.26220060e-01
 -1.11586325e-01 -6.22441215e-01  1.06887190e-01  1.41201416e-01
 -4.69338722e-01  2.08994271e-01  2.62249124e-01 -6.39462956e-01
 -1.23910915e-02  3.85785340e-01  1.56297712e-02  4.20409360e-02
 -5.46546606e-01  5.24577265e-01  5.62760814e-01  5.61079185e-01
  6.38219842e-01  2.33041010e-01 -1.72944704e-01  5.71348399e-01
 -1.70444919e-01  4.18968288e-01 -6.17205992e-01  1.24760082e-01
  3.42691505e-01 -6.34428223e-01 -3.14644893e-04 -2.28370848e-01
  7.60285115e-02 -2.95819448e-01  2.71927428e-01 -5.00476006e-01
 -2.93554567e-01 -8.24889637e-01 -4.99442425e-01 -2.27775009e-01
 -1.95555278e-01]
1946,[ 1.96872662e-01  1.03410287e-01 -8.25367981e-02  1.29761294e-01
  3.67447076e-01  9.16652669e-02 -4.81638857e-02  6.55406756e-01
  3.56065756e-01 -5.33144698e-01 -4.60460122e-02 -1.24801984e-01
  1.83024292e-01  4.25550168e-01 -3.25798907e-01  2.26228013e-01
 -1.11581285e-01 -6.22438195e-01  1.06881829e-01  1.41207088e-01
 -4.69339549e-01  2.08989206e-01  2.62247416e-01 -6.39470929e-01
 -1.23992932e-02  3.85781393e-01  1.56444998e-02  4.20360119e-02
 -5.46553111e-01  5.24590621e-01  5.62747963e-01  5.61082658e-01
  6.38225749e-01  2.33041255e-01 -1.72939719e-01  5.71349800e-01
 -1.70450350e-01  4.18964693e-01 -6.17203708e-01  1.24754242e-01
  3.42692814e-01 -6.34418365e-01 -3.26001920e-04 -2.28371817e-01
  7.60218015e-02 -2.95821428e-01  2.71934606e-01 -5.00459986e-01
 -2.93563724e-01 -8.24888526e-01 -4.99446145e-01 -2.27773622e-01
 -1.95557898e-01]
1947,[ 1.96882102e-01  1.03414086e-01 -8.25609874e-02  1.29766519e-01
  3.67452471e-01  9.16594833e-02 -4.81554082e-02  6.55397718e-01
  3.56056423e-01 -5.33140767e-01 -4.60446436e-02 -1.24791845e-01
  1.83019291e-01  4.25559694e-01 -3.25799199e-01  2.26235958e-01
 -1.11576251e-01 -6.22435179e-01  1.06876473e-01  1.41212754e-01
 -4.69340375e-01  2.08984146e-01  2.62245711e-01 -6.39478893e-01
 -1.24074857e-02  3.85777450e-01  1.56592117e-02  4.20310935e-02
 -5.46559609e-01  5.24603963e-01  5.62735127e-01  5.61086126e-01
  6.38231650e-01  2.33041500e-01 -1.72934739e-01  5.71351199e-01
 -1.70455774e-01  4.18961101e-01 -6.17201426e-01  1.24748409e-01
  3.42694122e-01 -6.34408519e-01 -3.37346158e-04 -2.28372784e-01
  7.60150990e-02 -2.95823406e-01  2.71941777e-01 -5.00443983e-01
 -2.93572872e-01 -8.24887417e-01 -4.99449861e-01 -2.27772236e-01
 -1.95560515e-01]
1948,[ 1.96891530e-01  1.03417880e-01 -8.25851494e-02  1.29771737e-01
  3.67457859e-01  9.16537062e-02 -4.81469402e-02  6.55388690e-01
  3.56047100e-01 -5.33136841e-01 -4.60432766e-02 -1.24781718e-01
  1.83014296e-01  4.25569210e-01 -3.25799491e-01  2.26243895e-01
 -1.11571223e-01 -6.22432166e-01  1.06871124e-01  1.41218413e-01
 -4.69341200e-01  2.08979092e-01  2.62244007e-01 -6.39486849e-01
 -1.24156689e-02  3.85773511e-01  1.56739071e-02  4.20261805e-02
 -5.46566099e-01  5.24617290e-01  5.62722306e-01  5.61089591e-01
  6.38237544e-01  2.33041745e-01 -1.72929765e-01  5.71352597e-01
 -1.70461192e-01  4.18957514e-01 -6.17199146e-01  1.24742583e-01
  3.42695429e-01 -6.34398683e-01 -3.48677621e-04 -2.28373750e-01
  7.60084041e-02 -2.95825382e-01  2.71948939e-01 -5.00427999e-01
 -2.93582008e-01 -8.24886310e-01 -4.99453572e-01 -2.27770852e-01
 -1.95563129e-01]
1949,[ 1.96900949e-01  1.03421670e-01 -8.26092843e-02  1.29776950e-01
  3.67463241e-01  9.16479355e-02 -4.81384818e-02  6.55379672e-01
  3.56037787e-01 -5.33132919e-01 -4.60419112e-02 -1.24771601e-01
  1.83009307e-01  4.25578715e-01 -3.25799783e-01  2.26251822e-01
 -1.11566200e-01 -6.22429157e-01  1.06865780e-01  1.41224067e-01
 -4.69342024e-01  2.08974044e-01  2.62242305e-01 -6.39494795e-01
 -1.24238429e-02  3.85769577e-01  1.56885860e-02  4.20212731e-02
 -5.46572582e-01  5.24630601e-01  5.62709499e-01  5.61093052e-01
  6.38243431e-01  2.33041990e-01 -1.72924797e-01  5.71353993e-01
 -1.70466604e-01  4.18953930e-01 -6.17196869e-01  1.24736763e-01
  3.42696734e-01 -6.34388858e-01 -3.59996324e-04 -2.28374715e-01
  7.60017167e-02 -2.95827355e-01  2.71956093e-01 -5.00412033e-01
 -2.93591135e-01 -8.24885203e-01 -4.99457280e-01 -2.27769469e-01
 -1.95565740e-01]
1950,[ 1.96910356e-01  1.03425456e-01 -8.26333919e-02  1.29782157e-01
  3.67468617e-01  9.16421714e-02 -4.81300329e-02  6.55370665e-01
  3.56028485e-01 -5.33129001e-01 -4.60405472e-02 -1.24761497e-01
  1.83004324e-01  4.25588210e-01 -3.25800075e-01  2.26259740e-01
 -1.11561183e-01 -6.22426150e-01  1.06860443e-01  1.41229713e-01
 -4.69342847e-01  2.08969001e-01  2.62240605e-01 -6.39502732e-01
 -1.24320077e-02  3.85765647e-01  1.57032483e-02  4.20163713e-02
 -5.46579057e-01  5.24643898e-01  5.62696706e-01  5.61096509e-01
  6.38249312e-01  2.33042234e-01 -1.72919835e-01  5.71355387e-01
 -1.70472009e-01  4.18950351e-01 -6.17194595e-01  1.24730949e-01
  3.42698037e-01 -6.34379045e-01 -3.71302282e-04 -2.28375679e-01
  7.59950368e-02 -2.95829327e-01  2.71963239e-01 -5.00396084e-01
 -2.93600251e-01 -8.24884098e-01 -4.99460983e-01 -2.27768088e-01
 -1.95568349e-01]
1951,[ 1.96919753e-01  1.03429237e-01 -8.26574724e-02  1.29787358e-01
  3.67473987e-01  9.16364137e-02 -4.81215935e-02  6.55361667e-01
  3.56019194e-01 -5.33125088e-01 -4.60391848e-02 -1.24751403e-01
  1.82999346e-01  4.25597693e-01 -3.25800366e-01  2.26267649e-01
 -1.11556171e-01 -6.22423148e-01  1.06855111e-01  1.41235354e-01
 -4.69343670e-01  2.08963965e-01  2.62238907e-01 -6.39510661e-01
 -1.24401633e-02  3.85761722e-01  1.57178942e-02  4.20114749e-02
 -5.46585526e-01  5.24657180e-01  5.62683928e-01  5.61099962e-01
  6.38255186e-01  2.33042478e-01 -1.72914878e-01  5.71356780e-01
 -1.70477409e-01  4.18946775e-01 -6.17192323e-01  1.24725142e-01
  3.42699339e-01 -6.34369242e-01 -3.82595507e-04 -2.28376642e-01
  7.59883645e-02 -2.95831296e-01  2.71970378e-01 -5.00380154e-01
 -2.93609357e-01 -8.24882994e-01 -4.99464682e-01 -2.27766709e-01
 -1.95570954e-01]
1952,[ 1.96929139e-01  1.03433015e-01 -8.26815258e-02  1.29792553e-01
  3.67479351e-01  9.16306626e-02 -4.81131637e-02  6.55352680e-01
  3.56009913e-01 -5.33121179e-01 -4.60378240e-02 -1.24741321e-01
  1.82994373e-01  4.25607166e-01 -3.25800657e-01  2.26275549e-01
 -1.11551166e-01 -6.22420148e-01  1.06849786e-01  1.41240988e-01
 -4.69344491e-01  2.08958933e-01  2.62237211e-01 -6.39518581e-01
 -1.24483098e-02  3.85757801e-01  1.57325235e-02  4.20065841e-02
 -5.46591987e-01  5.24670446e-01  5.62671164e-01  5.61103411e-01
  6.38261054e-01  2.33042721e-01 -1.72909926e-01  5.71358171e-01
 -1.70482803e-01  4.18943204e-01 -6.17190054e-01  1.24719342e-01
  3.42700640e-01 -6.34359451e-01 -3.93876015e-04 -2.28377604e-01
  7.59816997e-02 -2.95833263e-01  2.71977508e-01 -5.00364242e-01
 -2.93618453e-01 -8.24881891e-01 -4.99468377e-01 -2.27765331e-01
 -1.95573556e-01]
1953,[ 1.96938515e-01  1.03436788e-01 -8.27055521e-02  1.29797743e-01
  3.67484709e-01  9.16249179e-02 -4.81047433e-02  6.55343703e-01
  3.56000642e-01 -5.33117275e-01 -4.60364646e-02 -1.24731250e-01
  1.82989406e-01  4.25616629e-01 -3.25800947e-01  2.26283441e-01
 -1.11546165e-01 -6.22417152e-01  1.06844466e-01  1.41246615e-01
 -4.69345311e-01  2.08953908e-01  2.62235517e-01 -6.39526491e-01
 -1.24564470e-02  3.85753885e-01  1.57471364e-02  4.20016988e-02
 -5.46598441e-01  5.24683698e-01  5.62658414e-01  5.61106856e-01
  6.38266915e-01  2.33042965e-01 -1.72904980e-01  5.71359561e-01
 -1.70488190e-01  4.18939637e-01 -6.17187787e-01  1.24713548e-01
  3.42701939e-01 -6.34349671e-01 -4.05143821e-04 -2.28378565e-01
  7.59750424e-02 -2.95835227e-01  2.71984630e-01 -5.00348347e-01
 -2.93627538e-01 -8.24880790e-01 -4.99472068e-01 -2.27763954e-01
 -1.95576156e-01]
1954,[ 1.96947880e-01  1.03440556e-01 -8.27295514e-02  1.29802926e-01
  3.67490061e-01  9.16191797e-02 -4.80963324e-02  6.55334736e-01
  3.55991382e-01 -5.33113375e-01 -4.60351068e-02 -1.24721191e-01
  1.82984445e-01  4.25626080e-01 -3.25801237e-01  2.26291323e-01
 -1.11541171e-01 -6.22414160e-01  1.06839153e-01  1.41252237e-01
 -4.69346131e-01  2.08948888e-01  2.62233824e-01 -6.39534393e-01
 -1.24645751e-02  3.85749973e-01  1.57617328e-02  4.19968189e-02
 -5.46604887e-01  5.24696935e-01  5.62645679e-01  5.61110297e-01
  6.38272769e-01  2.33043208e-01 -1.72900040e-01  5.71360949e-01
 -1.70493572e-01  4.18936073e-01 -6.17185523e-01  1.24707761e-01
  3.42703237e-01 -6.34339901e-01 -4.16398938e-04 -2.28379524e-01
  7.59683925e-02 -2.95837190e-01  2.71991744e-01 -5.00332471e-01
 -2.93636614e-01 -8.24879690e-01 -4.99475755e-01 -2.27762580e-01
 -1.95578752e-01]
1955,[ 1.96957235e-01  1.03444321e-01 -8.27535236e-02  1.29808104e-01
  3.67495407e-01  9.16134479e-02 -4.80879309e-02  6.55325779e-01
  3.55982132e-01 -5.33109479e-01 -4.60337506e-02 -1.24711143e-01
  1.82979489e-01  4.25635522e-01 -3.25801527e-01  2.26299197e-01
 -1.11536182e-01 -6.22411170e-01  1.06833845e-01  1.41257852e-01
 -4.69346950e-01  2.08943874e-01  2.62232134e-01 -6.39542286e-01
 -1.24726941e-02  3.85746065e-01  1.57763127e-02  4.19919446e-02
 -5.46611327e-01  5.24710157e-01  5.62632958e-01  5.61113735e-01
  6.38278617e-01  2.33043451e-01 -1.72895105e-01  5.71362336e-01
 -1.70498947e-01  4.18932514e-01 -6.17183262e-01  1.24701980e-01
  3.42704533e-01 -6.34330143e-01 -4.27641380e-04 -2.28380483e-01
  7.59617502e-02 -2.95839150e-01  2.71998850e-01 -5.00316612e-01
 -2.93645679e-01 -8.24878591e-01 -4.99479437e-01 -2.27761206e-01
 -1.95581346e-01]
1956,[ 1.96966579e-01  1.03448081e-01 -8.27774688e-02  1.29813276e-01
  3.67500747e-01  9.16077226e-02 -4.80795390e-02  6.55316832e-01
  3.55972893e-01 -5.33105588e-01 -4.60323958e-02 -1.24701106e-01
  1.82974539e-01  4.25644952e-01 -3.25801817e-01  2.26307062e-01
 -1.11531199e-01 -6.22408185e-01  1.06828544e-01  1.41263460e-01
 -4.69347767e-01  2.08938865e-01  2.62230445e-01 -6.39550170e-01
 -1.24808039e-02  3.85742162e-01  1.57908763e-02  4.19870758e-02
 -5.46617759e-01  5.24723364e-01  5.62620252e-01  5.61117168e-01
  6.38284458e-01  2.33043693e-01 -1.72890176e-01  5.71363721e-01
 -1.70504317e-01  4.18928959e-01 -6.17181003e-01  1.24696205e-01
  3.42705828e-01 -6.34320396e-01 -4.38871162e-04 -2.28381440e-01
  7.59551154e-02 -2.95841108e-01  2.72005948e-01 -5.00300771e-01
 -2.93654734e-01 -8.24877493e-01 -4.99483115e-01 -2.27759834e-01
 -1.95583936e-01]
1957,[ 1.96975913e-01  1.03451837e-01 -8.28013871e-02  1.29818442e-01
  3.67506081e-01  9.16020038e-02 -4.80711564e-02  6.55307895e-01
  3.55963664e-01 -5.33101701e-01 -4.60310426e-02 -1.24691080e-01
  1.82969595e-01  4.25654372e-01 -3.25802106e-01  2.26314918e-01
 -1.11526221e-01 -6.22405202e-01  1.06823248e-01  1.41269063e-01
 -4.69348584e-01  2.08933863e-01  2.62228759e-01 -6.39558045e-01
 -1.24889045e-02  3.85738263e-01  1.58054234e-02  4.19822124e-02
 -5.46624183e-01  5.24736556e-01  5.62607560e-01  5.61120598e-01
  6.38290293e-01  2.33043936e-01 -1.72885252e-01  5.71365104e-01
 -1.70509680e-01  4.18925408e-01 -6.17178746e-01  1.24690438e-01
  3.42707121e-01 -6.34310659e-01 -4.50088299e-04 -2.28382397e-01
  7.59484880e-02 -2.95843064e-01  2.72013038e-01 -5.00284948e-01
 -2.93663778e-01 -8.24876396e-01 -4.99486790e-01 -2.27758464e-01
 -1.95586524e-01]
1958,[ 1.96985236e-01  1.03455589e-01 -8.28252784e-02  1.29823602e-01
  3.67511409e-01  9.15962914e-02 -4.80627833e-02  6.55298968e-01
  3.55954445e-01 -5.33097818e-01 -4.60296909e-02 -1.24681066e-01
  1.82964656e-01  4.25663781e-01 -3.25802395e-01  2.26322765e-01
 -1.11521249e-01 -6.22402223e-01  1.06817959e-01  1.41274659e-01
 -4.69349400e-01  2.08928865e-01  2.62227074e-01 -6.39565911e-01
 -1.24969961e-02  3.85734369e-01  1.58199542e-02  4.19773545e-02
 -5.46630601e-01  5.24749733e-01  5.62594882e-01  5.61124024e-01
  6.38296121e-01  2.33044178e-01 -1.72880334e-01  5.71366486e-01
 -1.70515037e-01  4.18921860e-01 -6.17176492e-01  1.24684676e-01
  3.42708413e-01 -6.34300934e-01 -4.61292804e-04 -2.28383352e-01
  7.59418681e-02 -2.95845018e-01  2.72020120e-01 -5.00269143e-01
 -2.93672813e-01 -8.24875301e-01 -4.99490460e-01 -2.27757096e-01
 -1.95589109e-01]
1959,[ 1.96994549e-01  1.03459336e-01 -8.28491429e-02  1.29828756e-01
  3.67516731e-01  9.15905854e-02 -4.80544197e-02  6.55290051e-01
  3.55945237e-01 -5.33093940e-01 -4.60283407e-02 -1.24671063e-01
  1.82959723e-01  4.25673180e-01 -3.25802683e-01  2.26330603e-01
 -1.11516282e-01 -6.22399247e-01  1.06812675e-01  1.41280248e-01
 -4.69350215e-01  2.08923874e-01  2.62225391e-01 -6.39573769e-01
 -1.25050785e-02  3.85730479e-01  1.58344686e-02  4.19725021e-02
 -5.46637011e-01  5.24762896e-01  5.62582218e-01  5.61127446e-01
  6.38301942e-01  2.33044420e-01 -1.72875422e-01  5.71367867e-01
 -1.70520389e-01  4.18918317e-01 -6.17174241e-01  1.24678921e-01
  3.42709703e-01 -6.34291219e-01 -4.72484692e-04 -2.28384306e-01
  7.59352556e-02 -2.95846969e-01  2.72027195e-01 -5.00253355e-01
 -2.93681837e-01 -8.24874207e-01 -4.99494126e-01 -2.27755729e-01
 -1.95591690e-01]
1960,[ 1.97003851e-01  1.03463080e-01 -8.28729804e-02  1.29833905e-01
  3.67522047e-01  9.15848858e-02 -4.80460655e-02  6.55281145e-01
  3.55936039e-01 -5.33090067e-01 -4.60269921e-02 -1.24661072e-01
  1.82954795e-01  4.25682568e-01 -3.25802971e-01  2.26338433e-01
 -1.11511322e-01 -6.22396275e-01  1.06807398e-01  1.41285832e-01
 -4.69351029e-01  2.08918888e-01  2.62223710e-01 -6.39581617e-01
 -1.25131518e-02  3.85726593e-01  1.58489666e-02  4.19676552e-02
 -5.46643414e-01  5.24776044e-01  5.62569569e-01  5.61130864e-01
  6.38307757e-01  2.33044661e-01 -1.72870514e-01  5.71369245e-01
 -1.70525734e-01  4.18914778e-01 -6.17171992e-01  1.24673173e-01
  3.42710992e-01 -6.34281516e-01 -4.83663977e-04 -2.28385260e-01
  7.59286506e-02 -2.95848919e-01  2.72034261e-01 -5.00237586e-01
 -2.93690851e-01 -8.24873114e-01 -4.99497787e-01 -2.27754363e-01
 -1.95594269e-01]
1961,[ 1.97013142e-01  1.03466819e-01 -8.28967911e-02  1.29839047e-01
  3.67527357e-01  9.15791927e-02 -4.80377206e-02  6.55272248e-01
  3.55926852e-01 -5.33086197e-01 -4.60256450e-02 -1.24651091e-01
  1.82949873e-01  4.25691945e-01 -3.25803259e-01  2.26346253e-01
 -1.11506366e-01 -6.22393306e-01  1.06802126e-01  1.41291409e-01
 -4.69351842e-01  2.08913907e-01  2.62222031e-01 -6.39589457e-01
 -1.25212161e-02  3.85722712e-01  1.58634484e-02  4.19628137e-02
 -5.46649810e-01  5.24789177e-01  5.62556934e-01  5.61134278e-01
  6.38313565e-01  2.33044902e-01 -1.72865613e-01  5.71370623e-01
 -1.70531073e-01  4.18911243e-01 -6.17169746e-01  1.24667431e-01
  3.42712280e-01 -6.34271823e-01 -4.94830672e-04 -2.28386212e-01
  7.59220530e-02 -2.95850866e-01  2.72041319e-01 -5.00221834e-01
 -2.93699855e-01 -8.24872022e-01 -4.99501445e-01 -2.27752999e-01
 -1.95596845e-01]
1962,[ 1.97022424e-01  1.03470554e-01 -8.29205750e-02  1.29844184e-01
  3.67532661e-01  9.15735060e-02 -4.80293852e-02  6.55263361e-01
  3.55917675e-01 -5.33082332e-01 -4.60242993e-02 -1.24641122e-01
  1.82944956e-01  4.25701312e-01 -3.25803547e-01  2.26354065e-01
 -1.11501417e-01 -6.22390340e-01  1.06796860e-01  1.41296980e-01
 -4.69352654e-01  2.08908932e-01  2.62220354e-01 -6.39597288e-01
 -1.25292712e-02  3.85718835e-01  1.58779138e-02  4.19579776e-02
 -5.46656199e-01  5.24802295e-01  5.62544313e-01  5.61137689e-01
  6.38319367e-01  2.33045143e-01 -1.72860717e-01  5.71371998e-01
 -1.70536406e-01  4.18907711e-01 -6.17167502e-01  1.24661696e-01
  3.42713566e-01 -6.34262141e-01 -5.05984793e-04 -2.28387163e-01
  7.59154629e-02 -2.95852811e-01  2.72048369e-01 -5.00206100e-01
 -2.93708849e-01 -8.24870932e-01 -4.99505099e-01 -2.27751636e-01
 -1.95599419e-01]
1963,[ 1.97031694e-01  1.03474285e-01 -8.29443321e-02  1.29849316e-01
  3.67537958e-01  9.15678257e-02 -4.80210591e-02  6.55254485e-01
  3.55908508e-01 -5.33078471e-01 -4.60229552e-02 -1.24631164e-01
  1.82940045e-01  4.25710668e-01 -3.25803834e-01  2.26361868e-01
 -1.11496472e-01 -6.22387377e-01  1.06791600e-01  1.41302544e-01
 -4.69353465e-01  2.08903963e-01  2.62218679e-01 -6.39605110e-01
 -1.25373173e-02  3.85714963e-01  1.58923629e-02  4.19531470e-02
 -5.46662580e-01  5.24815398e-01  5.62531706e-01  5.61141096e-01
  6.38325162e-01  2.33045384e-01 -1.72855827e-01  5.71373373e-01
 -1.70541733e-01  4.18904184e-01 -6.17165261e-01  1.24655967e-01
  3.42714850e-01 -6.34252470e-01 -5.17126354e-04 -2.28388113e-01
  7.59088801e-02 -2.95854753e-01  2.72055412e-01 -5.00190383e-01
 -2.93717833e-01 -8.24869843e-01 -4.99508748e-01 -2.27750275e-01
 -1.95601989e-01]
1964,[ 1.97040955e-01  1.03478011e-01 -8.29680625e-02  1.29854441e-01
  3.67543250e-01  9.15621517e-02 -4.80127425e-02  6.55245618e-01
  3.55899351e-01 -5.33074615e-01 -4.60216127e-02 -1.24621218e-01
  1.82935139e-01  4.25720014e-01 -3.25804121e-01  2.26369662e-01
 -1.11491534e-01 -6.22384418e-01  1.06786346e-01  1.41308103e-01
 -4.69354276e-01  2.08899000e-01  2.62217005e-01 -6.39612923e-01
 -1.25453544e-02  3.85711094e-01  1.59067958e-02  4.19483219e-02
 -5.46668955e-01  5.24828486e-01  5.62519114e-01  5.61144498e-01
  6.38330951e-01  2.33045624e-01 -1.72850942e-01  5.71374745e-01
 -1.70547055e-01  4.18900660e-01 -6.17163022e-01  1.24650244e-01
  3.42716133e-01 -6.34242811e-01 -5.28255368e-04 -2.28389062e-01
  7.59023048e-02 -2.95856694e-01  2.72062446e-01 -5.00174685e-01
 -2.93726806e-01 -8.24868755e-01 -4.99512394e-01 -2.27748916e-01
 -1.95604556e-01]
1965,[ 1.97050205e-01  1.03481733e-01 -8.29917661e-02  1.29859561e-01
  3.67548536e-01  9.15564842e-02 -4.80044352e-02  6.55236761e-01
  3.55890205e-01 -5.33070763e-01 -4.60202716e-02 -1.24611282e-01
  1.82930239e-01  4.25729350e-01 -3.25804407e-01  2.26377448e-01
 -1.11486601e-01 -6.22381463e-01  1.06781098e-01  1.41313655e-01
 -4.69355085e-01  2.08894042e-01  2.62215334e-01 -6.39620727e-01
 -1.25533823e-02  3.85707231e-01  1.59212124e-02  4.19435022e-02
 -5.46675322e-01  5.24841560e-01  5.62506535e-01  5.61147897e-01
  6.38336733e-01  2.33045865e-01 -1.72846062e-01  5.71376116e-01
 -1.70552370e-01  4.18897141e-01 -6.17160786e-01  1.24644528e-01
  3.42717415e-01 -6.34233161e-01 -5.39371849e-04 -2.28390009e-01
  7.58957369e-02 -2.95858632e-01  2.72069472e-01 -5.00159004e-01
 -2.93735770e-01 -8.24867668e-01 -4.99516035e-01 -2.27747558e-01
 -1.95607121e-01]
1966,[ 1.97059444e-01  1.03485452e-01 -8.30154431e-02  1.29864675e-01
  3.67553817e-01  9.15508231e-02 -4.79961372e-02  6.55227915e-01
  3.55881069e-01 -5.33066916e-01 -4.60189320e-02 -1.24601358e-01
  1.82925344e-01  4.25738674e-01 -3.25804693e-01  2.26385225e-01
 -1.11481673e-01 -6.22378510e-01  1.06775856e-01  1.41319201e-01
 -4.69355894e-01  2.08889089e-01  2.62213664e-01 -6.39628523e-01
 -1.25614013e-02  3.85703371e-01  1.59356128e-02  4.19386879e-02
 -5.46681682e-01  5.24854619e-01  5.62493971e-01  5.61151292e-01
  6.38342509e-01  2.33046104e-01 -1.72841188e-01  5.71377486e-01
 -1.70557679e-01  4.18893626e-01 -6.17158552e-01  1.24638819e-01
  3.42718695e-01 -6.34223523e-01 -5.50475813e-04 -2.28390956e-01
  7.58891764e-02 -2.95860568e-01  2.72076491e-01 -5.00143340e-01
 -2.93744723e-01 -8.24866583e-01 -4.99519672e-01 -2.27746202e-01
 -1.95609682e-01]
1967,[ 1.97068673e-01  1.03489166e-01 -8.30390934e-02  1.29869783e-01
  3.67559091e-01  9.15451683e-02 -4.79878486e-02  6.55219078e-01
  3.55871944e-01 -5.33063072e-01 -4.60175940e-02 -1.24591445e-01
  1.82920455e-01  4.25747989e-01 -3.25804979e-01  2.26392993e-01
 -1.11476752e-01 -6.22375561e-01  1.06770620e-01  1.41324740e-01
 -4.69356701e-01  2.08884142e-01  2.62211996e-01 -6.39636310e-01
 -1.25694112e-02  3.85699516e-01  1.59499969e-02  4.19338790e-02
 -5.46688035e-01  5.24867664e-01  5.62481421e-01  5.61154684e-01
  6.38348278e-01  2.33046344e-01 -1.72836320e-01  5.71378854e-01
 -1.70562982e-01  4.18890114e-01 -6.17156321e-01  1.24633116e-01
  3.42719974e-01 -6.34213896e-01 -5.61567272e-04 -2.28391902e-01
  7.58826233e-02 -2.95862502e-01  2.72083502e-01 -5.00127695e-01
 -2.93753666e-01 -8.24865499e-01 -4.99523305e-01 -2.27744847e-01
 -1.95612241e-01]
1968,[ 1.97077892e-01  1.03492875e-01 -8.30627170e-02  1.29874885e-01
  3.67564359e-01  9.15395199e-02 -4.79795693e-02  6.55210251e-01
  3.55862829e-01 -5.33059233e-01 -4.60162574e-02 -1.24581543e-01
  1.82915572e-01  4.25757292e-01 -3.25805265e-01  2.26400752e-01
 -1.11471835e-01 -6.22372615e-01  1.06765390e-01  1.41330274e-01
 -4.69357508e-01  2.08879201e-01  2.62210331e-01 -6.39644088e-01
 -1.25774121e-02  3.85695665e-01  1.59643649e-02  4.19290755e-02
 -5.46694380e-01  5.24880693e-01  5.62468885e-01  5.61158071e-01
  6.38354041e-01  2.33046583e-01 -1.72831457e-01  5.71380220e-01
 -1.70568280e-01  4.18886607e-01 -6.17154092e-01  1.24627419e-01
  3.42721251e-01 -6.34204279e-01 -5.72646242e-04 -2.28392846e-01
  7.58760775e-02 -2.95864434e-01  2.72090504e-01 -5.00112066e-01
 -2.93762600e-01 -8.24864416e-01 -4.99526934e-01 -2.27743494e-01
 -1.95614797e-01]
1969,[ 1.97087100e-01  1.03496581e-01 -8.30863141e-02  1.29879982e-01
  3.67569621e-01  9.15338778e-02 -4.79712994e-02  6.55201434e-01
  3.55853724e-01 -5.33055399e-01 -4.60149224e-02 -1.24571652e-01
  1.82910694e-01  4.25766586e-01 -3.25805550e-01  2.26408502e-01
 -1.11466924e-01 -6.22369673e-01  1.06760165e-01  1.41335801e-01
 -4.69358314e-01  2.08874265e-01  2.62208667e-01 -6.39651857e-01
 -1.25854039e-02  3.85691819e-01  1.59787167e-02  4.19242775e-02
 -5.46700719e-01  5.24893708e-01  5.62456364e-01  5.61161455e-01
  6.38359797e-01  2.33046822e-01 -1.72826599e-01  5.71381585e-01
 -1.70573571e-01  4.18883103e-01 -6.17151866e-01  1.24621728e-01
  3.42722527e-01 -6.34194674e-01 -5.83712735e-04 -2.28393790e-01
  7.58695392e-02 -2.95866364e-01  2.72097499e-01 -5.00096456e-01
 -2.93771523e-01 -8.24863334e-01 -4.99530559e-01 -2.27742142e-01
 -1.95617350e-01]
1970,[ 1.97096298e-01  1.03500282e-01 -8.31098846e-02  1.29885072e-01
  3.67574877e-01  9.15282421e-02 -4.79630388e-02  6.55192627e-01
  3.55844629e-01 -5.33051568e-01 -4.60135888e-02 -1.24561772e-01
  1.82905821e-01  4.25775869e-01 -3.25805835e-01  2.26416244e-01
 -1.11462019e-01 -6.22366734e-01  1.06754947e-01  1.41341322e-01
 -4.69359118e-01  2.08869335e-01  2.62207004e-01 -6.39659618e-01
 -1.25933868e-02  3.85687977e-01  1.59930523e-02  4.19194848e-02
 -5.46707050e-01  5.24906709e-01  5.62443856e-01  5.61164835e-01
  6.38365547e-01  2.33047061e-01 -1.72821747e-01  5.71382948e-01
 -1.70578856e-01  4.18879603e-01 -6.17149642e-01  1.24616045e-01
  3.42723802e-01 -6.34185079e-01 -5.94766767e-04 -2.28394733e-01
  7.58630082e-02 -2.95868291e-01  2.72104486e-01 -5.00080863e-01
 -2.93780436e-01 -8.24862253e-01 -4.99534180e-01 -2.27740791e-01
 -1.95619900e-01]
1971,[ 1.97105485e-01  1.03503980e-01 -8.31334285e-02  1.29890158e-01
  3.67580128e-01  9.15226128e-02 -4.79547874e-02  6.55183830e-01
  3.55835544e-01 -5.33047742e-01 -4.60122568e-02 -1.24551904e-01
  1.82900954e-01  4.25785141e-01 -3.25806120e-01  2.26423977e-01
 -1.11457119e-01 -6.22363798e-01  1.06749734e-01  1.41346836e-01
 -4.69359922e-01  2.08864411e-01  2.62205344e-01 -6.39667370e-01
 -1.26013607e-02  3.85684139e-01  1.60073718e-02  4.19146976e-02
 -5.46713374e-01  5.24919695e-01  5.62431362e-01  5.61168211e-01
  6.38371290e-01  2.33047300e-01 -1.72816900e-01  5.71384310e-01
 -1.70584136e-01  4.18876108e-01 -6.17147421e-01  1.24610367e-01
  3.42725075e-01 -6.34175495e-01 -6.05808350e-04 -2.28395674e-01
  7.58564845e-02 -2.95870216e-01  2.72111466e-01 -5.00065288e-01
 -2.93789339e-01 -8.24861174e-01 -4.99537796e-01 -2.27739443e-01
 -1.95622447e-01]
1972,[ 1.97114663e-01  1.03507673e-01 -8.31569459e-02  1.29895237e-01
  3.67585372e-01  9.15169898e-02 -4.79465454e-02  6.55175043e-01
  3.55826470e-01 -5.33043920e-01 -4.60109262e-02 -1.24542046e-01
  1.82896092e-01  4.25794403e-01 -3.25806404e-01  2.26431701e-01
 -1.11452225e-01 -6.22360865e-01  1.06744527e-01  1.41352345e-01
 -4.69360726e-01  2.08859492e-01  2.62203686e-01 -6.39675113e-01
 -1.26093256e-02  3.85680306e-01  1.60216751e-02  4.19099157e-02
 -5.46719691e-01  5.24932666e-01  5.62418883e-01  5.61171583e-01
  6.38377027e-01  2.33047538e-01 -1.72812059e-01  5.71385671e-01
 -1.70589409e-01  4.18872616e-01 -6.17145202e-01  1.24604696e-01
  3.42726347e-01 -6.34165922e-01 -6.16837500e-04 -2.28396614e-01
  7.58499682e-02 -2.95872139e-01  2.72118437e-01 -5.00049730e-01
 -2.93798232e-01 -8.24860096e-01 -4.99541409e-01 -2.27738095e-01
 -1.95624991e-01]
1973,[ 1.97123830e-01  1.03511362e-01 -8.31804369e-02  1.29900311e-01
  3.67590611e-01  9.15113731e-02 -4.79383126e-02  6.55166266e-01
  3.55817406e-01 -5.33040103e-01 -4.60095972e-02 -1.24532200e-01
  1.82891236e-01  4.25803655e-01 -3.25806688e-01  2.26439417e-01
 -1.11447336e-01 -6.22357936e-01  1.06739326e-01  1.41357847e-01
 -4.69361528e-01  2.08854578e-01  2.62202029e-01 -6.39682847e-01
 -1.26172815e-02  3.85676476e-01  1.60359624e-02  4.19051393e-02
 -5.46726001e-01  5.24945622e-01  5.62406418e-01  5.61174952e-01
  6.38382757e-01  2.33047776e-01 -1.72807224e-01  5.71387029e-01
 -1.70594677e-01  4.18869128e-01 -6.17142986e-01  1.24599031e-01
  3.42727617e-01 -6.34156359e-01 -6.27854230e-04 -2.28397554e-01
  7.58434592e-02 -2.95874060e-01  2.72125400e-01 -5.00034190e-01
 -2.93807115e-01 -8.24859019e-01 -4.99545018e-01 -2.27736750e-01
 -1.95627533e-01]
1974,[ 1.97132986e-01  1.03515046e-01 -8.32039014e-02  1.29905379e-01
  3.67595844e-01  9.15057627e-02 -4.79300891e-02  6.55157499e-01
  3.55808352e-01 -5.33036290e-01 -4.60082697e-02 -1.24522364e-01
  1.82886385e-01  4.25812896e-01 -3.25806972e-01  2.26447124e-01
 -1.11442453e-01 -6.22355010e-01  1.06734131e-01  1.41363343e-01
 -4.69362329e-01  2.08849670e-01  2.62200375e-01 -6.39690573e-01
 -1.26252285e-02  3.85672652e-01  1.60502335e-02  4.19003682e-02
 -5.46732304e-01  5.24958564e-01  5.62393966e-01  5.61178316e-01
  6.38388481e-01  2.33048014e-01 -1.72802393e-01  5.71388387e-01
 -1.70599938e-01  4.18865644e-01 -6.17140772e-01  1.24593373e-01
  3.42728885e-01 -6.34146808e-01 -6.38858554e-04 -2.28398492e-01
  7.58369576e-02 -2.95875979e-01  2.72132356e-01 -5.00018667e-01
 -2.93815988e-01 -8.24857943e-01 -4.99548622e-01 -2.27735406e-01
 -1.95630071e-01]
1975,[ 1.97142132e-01  1.03518727e-01 -8.32273394e-02  1.29910441e-01
  3.67601070e-01  9.15001587e-02 -4.79218749e-02  6.55148742e-01
  3.55799308e-01 -5.33032481e-01 -4.60069436e-02 -1.24512540e-01
  1.82881540e-01  4.25822126e-01 -3.25807255e-01  2.26454822e-01
 -1.11437575e-01 -6.22352088e-01  1.06728942e-01  1.41368833e-01
 -4.69363129e-01  2.08844768e-01  2.62198722e-01 -6.39698290e-01
 -1.26331666e-02  3.85668831e-01  1.60644886e-02  4.18956025e-02
 -5.46738600e-01  5.24971491e-01  5.62381529e-01  5.61181677e-01
  6.38394198e-01  2.33048251e-01 -1.72797569e-01  5.71389742e-01
 -1.70605194e-01  4.18862164e-01 -6.17138561e-01  1.24587721e-01
  3.42730153e-01 -6.34137267e-01 -6.49850486e-04 -2.28399429e-01
  7.58304633e-02 -2.95877896e-01  2.72139304e-01 -5.00003161e-01
 -2.93824851e-01 -8.24856868e-01 -4.99552223e-01 -2.27734063e-01
 -1.95632607e-01]
1976,[ 1.97151268e-01  1.03522403e-01 -8.32507511e-02  1.29915498e-01
  3.67606291e-01  9.14945610e-02 -4.79136699e-02  6.55139994e-01
  3.55790275e-01 -5.33028677e-01 -4.60056190e-02 -1.24502727e-01
  1.82876701e-01  4.25831347e-01 -3.25807538e-01  2.26462512e-01
 -1.11432703e-01 -6.22349168e-01  1.06723759e-01  1.41374317e-01
 -4.69363929e-01  2.08839871e-01  2.62197071e-01 -6.39705998e-01
 -1.26410956e-02  3.85665015e-01  1.60787276e-02  4.18908421e-02
 -5.46744889e-01  5.24984404e-01  5.62369105e-01  5.61185034e-01
  6.38399909e-01  2.33048488e-01 -1.72792749e-01  5.71391096e-01
 -1.70610444e-01  4.18858688e-01 -6.17136353e-01  1.24582075e-01
  3.42731419e-01 -6.34127736e-01 -6.60830040e-04 -2.28400365e-01
  7.58239762e-02 -2.95879810e-01  2.72146243e-01 -4.99987674e-01
 -2.93833704e-01 -8.24855795e-01 -4.99555819e-01 -2.27732722e-01
 -1.95635140e-01]
1977,[ 1.97160394e-01  1.03526076e-01 -8.32741364e-02  1.29920548e-01
  3.67611506e-01  9.14889696e-02 -4.79054742e-02  6.55131256e-01
  3.55781252e-01 -5.33024876e-01 -4.60042960e-02 -1.24492925e-01
  1.82871866e-01  4.25840557e-01 -3.25807821e-01  2.26470192e-01
 -1.11427836e-01 -6.22346252e-01  1.06718581e-01  1.41379794e-01
 -4.69364727e-01  2.08834979e-01  2.62195422e-01 -6.39713698e-01
 -1.26490158e-02  3.85661203e-01  1.60929506e-02  4.18860871e-02
 -5.46751170e-01  5.24997302e-01  5.62356696e-01  5.61188387e-01
  6.38405614e-01  2.33048725e-01 -1.72787935e-01  5.71392449e-01
 -1.70615687e-01  4.18855216e-01 -6.17134146e-01  1.24576436e-01
  3.42732683e-01 -6.34118217e-01 -6.71797230e-04 -2.28401300e-01
  7.58174965e-02 -2.95881722e-01  2.72153176e-01 -4.99972203e-01
 -2.93842547e-01 -8.24854723e-01 -4.99559411e-01 -2.27731382e-01
 -1.95637670e-01]
1978,[ 1.97169509e-01  1.03529744e-01 -8.32974954e-02  1.29925594e-01
  3.67616716e-01  9.14833844e-02 -4.78972877e-02  6.55122528e-01
  3.55772239e-01 -5.33021080e-01 -4.60029744e-02 -1.24483134e-01
  1.82867037e-01  4.25849756e-01 -3.25808103e-01  2.26477865e-01
 -1.11422975e-01 -6.22343340e-01  1.06713410e-01  1.41385266e-01
 -4.69365525e-01  2.08830094e-01  2.62193775e-01 -6.39721389e-01
 -1.26569271e-02  3.85657395e-01  1.61071576e-02  4.18813375e-02
 -5.46757445e-01  5.25010186e-01  5.62344301e-01  5.61191737e-01
  6.38411312e-01  2.33048962e-01 -1.72783127e-01  5.71393800e-01
 -1.70620925e-01  4.18851748e-01 -6.17131943e-01  1.24570803e-01
  3.42733946e-01 -6.34108708e-01 -6.82752070e-04 -2.28402234e-01
  7.58110241e-02 -2.95883633e-01  2.72160100e-01 -4.99956750e-01
 -2.93851381e-01 -8.24853652e-01 -4.99563000e-01 -2.27730044e-01
 -1.95640197e-01]
1979,[ 1.97178614e-01  1.03533408e-01 -8.33208280e-02  1.29930633e-01
  3.67621919e-01  9.14778056e-02 -4.78891104e-02  6.55113810e-01
  3.55763236e-01 -5.33017289e-01 -4.60016543e-02 -1.24473354e-01
  1.82862214e-01  4.25858945e-01 -3.25808385e-01  2.26485528e-01
 -1.11418119e-01 -6.22340430e-01  1.06708244e-01  1.41390731e-01
 -4.69366322e-01  2.08825213e-01  2.62192130e-01 -6.39729071e-01
 -1.26648294e-02  3.85653592e-01  1.61213486e-02  4.18765932e-02
 -5.46763712e-01  5.25023055e-01  5.62331919e-01  5.61195083e-01
  6.38417004e-01  2.33049198e-01 -1.72778324e-01  5.71395150e-01
 -1.70626157e-01  4.18848284e-01 -6.17129741e-01  1.24565176e-01
  3.42735208e-01 -6.34099210e-01 -6.93694574e-04 -2.28403167e-01
  7.58045590e-02 -2.95885541e-01  2.72167016e-01 -4.99941314e-01
 -2.93860204e-01 -8.24852582e-01 -4.99566584e-01 -2.27728707e-01
 -1.95642721e-01]
1980,[ 1.97187709e-01  1.03537068e-01 -8.33441344e-02  1.29935667e-01
  3.67627116e-01  9.14722330e-02 -4.78809423e-02  6.55105102e-01
  3.55754243e-01 -5.33013501e-01 -4.60003357e-02 -1.24463585e-01
  1.82857396e-01  4.25868124e-01 -3.25808667e-01  2.26493183e-01
 -1.11413269e-01 -6.22337524e-01  1.06703084e-01  1.41396190e-01
 -4.69367118e-01  2.08820338e-01  2.62190486e-01 -6.39736745e-01
 -1.26727228e-02  3.85649793e-01  1.61355236e-02  4.18718542e-02
 -5.46769973e-01  5.25035910e-01  5.62319552e-01  5.61198425e-01
  6.38422689e-01  2.33049434e-01 -1.72773526e-01  5.71396498e-01
 -1.70631383e-01  4.18844823e-01 -6.17127543e-01  1.24559556e-01
  3.42736468e-01 -6.34089723e-01 -7.04624756e-04 -2.28404099e-01
  7.57981012e-02 -2.95887446e-01  2.72173925e-01 -4.99925896e-01
 -2.93869017e-01 -8.24851514e-01 -4.99570164e-01 -2.27727372e-01
 -1.95645243e-01]
1981,[ 1.97196794e-01  1.03540724e-01 -8.33674146e-02  1.29940695e-01
  3.67632308e-01  9.14666668e-02 -4.78727834e-02  6.55096404e-01
  3.55745260e-01 -5.33009718e-01 -4.59990186e-02 -1.24453827e-01
  1.82852583e-01  4.25877293e-01 -3.25808949e-01  2.26500830e-01
 -1.11408424e-01 -6.22334621e-01  1.06697929e-01  1.41401643e-01
 -4.69367913e-01  2.08815469e-01  2.62188844e-01 -6.39744410e-01
 -1.26806074e-02  3.85645998e-01  1.61496827e-02  4.18671206e-02
 -5.46776226e-01  5.25048750e-01  5.62307198e-01  5.61201763e-01
  6.38428368e-01  2.33049670e-01 -1.72768734e-01  5.71397844e-01
 -1.70636604e-01  4.18841367e-01 -6.17125346e-01  1.24553942e-01
  3.42737727e-01 -6.34080246e-01 -7.15542629e-04 -2.28405030e-01
  7.57916506e-02 -2.95889350e-01  2.72180826e-01 -4.99910495e-01
 -2.93877820e-01 -8.24850447e-01 -4.99573740e-01 -2.27726038e-01
 -1.95647762e-01]
1982,[ 1.97205868e-01  1.03544376e-01 -8.33906685e-02  1.29945718e-01
  3.67637494e-01  9.14611068e-02 -4.78646337e-02  6.55087715e-01
  3.55736287e-01 -5.33005939e-01 -4.59977030e-02 -1.24444080e-01
  1.82847776e-01  4.25886451e-01 -3.25809230e-01  2.26508467e-01
 -1.11403585e-01 -6.22331721e-01  1.06692781e-01  1.41407089e-01
 -4.69368707e-01  2.08810605e-01  2.62187205e-01 -6.39752066e-01
 -1.26884830e-02  3.85642208e-01  1.61638258e-02  4.18623923e-02
 -5.46782473e-01  5.25061576e-01  5.62294859e-01  5.61205097e-01
  6.38434040e-01  2.33049906e-01 -1.72763947e-01  5.71399190e-01
 -1.70641818e-01  4.18837914e-01 -6.17123153e-01  1.24548334e-01
  3.42738984e-01 -6.34070780e-01 -7.26448208e-04 -2.28405960e-01
  7.57852073e-02 -2.95891252e-01  2.72187719e-01 -4.99895112e-01
 -2.93886614e-01 -8.24849380e-01 -4.99577312e-01 -2.27724706e-01
 -1.95650277e-01]
1983,[ 1.97214932e-01  1.03548023e-01 -8.34138963e-02  1.29950734e-01
  3.67642674e-01  9.14555530e-02 -4.78564932e-02  6.55079036e-01
  3.55727325e-01 -5.33002164e-01 -4.59963888e-02 -1.24434344e-01
  1.82842974e-01  4.25895599e-01 -3.25809511e-01  2.26516097e-01
 -1.11398751e-01 -6.22328825e-01  1.06687638e-01  1.41412530e-01
 -4.69369500e-01  2.08805746e-01  2.62185567e-01 -6.39759714e-01
 -1.26963498e-02  3.85638421e-01  1.61779529e-02  4.18576694e-02
 -5.46788712e-01  5.25074387e-01  5.62282533e-01  5.61208428e-01
  6.38439707e-01  2.33050141e-01 -1.72759165e-01  5.71400533e-01
 -1.70647027e-01  4.18834465e-01 -6.17120961e-01  1.24542733e-01
  3.42740240e-01 -6.34061325e-01 -7.37341506e-04 -2.28406889e-01
  7.57787713e-02 -2.95893151e-01  2.72194605e-01 -4.99879746e-01
 -2.93895397e-01 -8.24848316e-01 -4.99580881e-01 -2.27723376e-01
 -1.95652790e-01]
1984,[ 1.97223986e-01  1.03551667e-01 -8.34370978e-02  1.29955746e-01
  3.67647848e-01  9.14500055e-02 -4.78483619e-02  6.55070367e-01
  3.55718372e-01 -5.32998394e-01 -4.59950762e-02 -1.24424619e-01
  1.82838178e-01  4.25904736e-01 -3.25809791e-01  2.26523717e-01
 -1.11393922e-01 -6.22325932e-01  1.06682501e-01  1.41417965e-01
 -4.69370292e-01  2.08800893e-01  2.62183931e-01 -6.39767353e-01
 -1.27042078e-02  3.85634639e-01  1.61920642e-02  4.18529517e-02
 -5.46794944e-01  5.25087184e-01  5.62270221e-01  5.61211755e-01
  6.38445366e-01  2.33050376e-01 -1.72754389e-01  5.71401875e-01
 -1.70652229e-01  4.18831020e-01 -6.17118772e-01  1.24537138e-01
  3.42741495e-01 -6.34051880e-01 -7.48222537e-04 -2.28407817e-01
  7.57723425e-02 -2.95895048e-01  2.72201482e-01 -4.99864397e-01
 -2.93904171e-01 -8.24847252e-01 -4.99584445e-01 -2.27722046e-01
 -1.95655300e-01]
1985,[ 1.97233030e-01  1.03555306e-01 -8.34602733e-02  1.29960751e-01
  3.67653016e-01  9.14444643e-02 -4.78402397e-02  6.55061708e-01
  3.55709430e-01 -5.32994628e-01 -4.59937650e-02 -1.24414905e-01
  1.82833387e-01  4.25913864e-01 -3.25810071e-01  2.26531329e-01
 -1.11389099e-01 -6.22323042e-01  1.06677370e-01  1.41423393e-01
 -4.69371083e-01  2.08796046e-01  2.62182296e-01 -6.39774984e-01
 -1.27120569e-02  3.85630862e-01  1.62061596e-02  4.18482394e-02
 -5.46801169e-01  5.25099967e-01  5.62257923e-01  5.61215078e-01
  6.38451020e-01  2.33050611e-01 -1.72749618e-01  5.71403216e-01
 -1.70657426e-01  4.18827579e-01 -6.17116586e-01  1.24531549e-01
  3.42742748e-01 -6.34042446e-01 -7.59091315e-04 -2.28408743e-01
  7.57659209e-02 -2.95896944e-01  2.72208352e-01 -4.99849065e-01
 -2.93912935e-01 -8.24846189e-01 -4.99588005e-01 -2.27720719e-01
 -1.95657808e-01]
1986,[ 1.97242064e-01  1.03558941e-01 -8.34834227e-02  1.29965751e-01
  3.67658178e-01  9.14389293e-02 -4.78321266e-02  6.55053058e-01
  3.55700498e-01 -5.32990866e-01 -4.59924552e-02 -1.24405202e-01
  1.82828602e-01  4.25922981e-01 -3.25810351e-01  2.26538933e-01
 -1.11384281e-01 -6.22320155e-01  1.06672245e-01  1.41428815e-01
 -4.69371874e-01  2.08791204e-01  2.62180664e-01 -6.39782606e-01
 -1.27198971e-02  3.85627088e-01  1.62202391e-02  4.18435324e-02
 -5.46807388e-01  5.25112735e-01  5.62245639e-01  5.61218398e-01
  6.38456667e-01  2.33050846e-01 -1.72744853e-01  5.71404555e-01
 -1.70662617e-01  4.18824142e-01 -6.17114402e-01  1.24525967e-01
  3.42744000e-01 -6.34033023e-01 -7.69947854e-04 -2.28409669e-01
  7.57595066e-02 -2.95898837e-01  2.72215214e-01 -4.99833751e-01
 -2.93921689e-01 -8.24845128e-01 -4.99591561e-01 -2.27719393e-01
 -1.95660312e-01]
1987,[ 1.97251087e-01  1.03562573e-01 -8.35065460e-02  1.29970745e-01
  3.67663335e-01  9.14334005e-02 -4.78240227e-02  6.55044418e-01
  3.55691576e-01 -5.32987108e-01 -4.59911470e-02 -1.24395509e-01
  1.82823822e-01  4.25932087e-01 -3.25810631e-01  2.26546527e-01
 -1.11379469e-01 -6.22317272e-01  1.06667126e-01  1.41434231e-01
 -4.69372664e-01  2.08786367e-01  2.62179033e-01 -6.39790219e-01
 -1.27277286e-02  3.85623319e-01  1.62343027e-02  4.18388307e-02
 -5.46813599e-01  5.25125488e-01  5.62233368e-01  5.61221714e-01
  6.38462307e-01  2.33051080e-01 -1.72740093e-01  5.71405892e-01
 -1.70667802e-01  4.18820709e-01 -6.17112220e-01  1.24520391e-01
  3.42745250e-01 -6.34023610e-01 -7.80792167e-04 -2.28410594e-01
  7.57530995e-02 -2.95900727e-01  2.72222069e-01 -4.99818454e-01
 -2.93930433e-01 -8.24844068e-01 -4.99595113e-01 -2.27718068e-01
 -1.95662814e-01]
1988,[ 1.97260100e-01  1.03566200e-01 -8.35296432e-02  1.29975734e-01
  3.67668486e-01  9.14278779e-02 -4.78159279e-02  6.55035788e-01
  3.55682663e-01 -5.32983355e-01 -4.59898402e-02 -1.24385828e-01
  1.82819047e-01  4.25941184e-01 -3.25810910e-01  2.26554114e-01
 -1.11374662e-01 -6.22314392e-01  1.06662012e-01  1.41439641e-01
 -4.69373452e-01  2.08781536e-01  2.62177405e-01 -6.39797824e-01
 -1.27355512e-02  3.85619554e-01  1.62483505e-02  4.18341343e-02
 -5.46819803e-01  5.25138228e-01  5.62221112e-01  5.61225026e-01
  6.38467942e-01  2.33051314e-01 -1.72735338e-01  5.71407228e-01
 -1.70672981e-01  4.18817280e-01 -6.17110041e-01  1.24514821e-01
  3.42746499e-01 -6.34014208e-01 -7.91624269e-04 -2.28411517e-01
  7.57466996e-02 -2.95902616e-01  2.72228916e-01 -4.99803174e-01
 -2.93939167e-01 -8.24843009e-01 -4.99598661e-01 -2.27716745e-01
 -1.95665313e-01]
1989,[ 1.97269103e-01  1.03569823e-01 -8.35527145e-02  1.29980717e-01
  3.67673631e-01  9.14223616e-02 -4.78078422e-02  6.55027168e-01
  3.55673761e-01 -5.32979606e-01 -4.59885349e-02 -1.24376158e-01
  1.82814277e-01  4.25950270e-01 -3.25811189e-01  2.26561691e-01
 -1.11369861e-01 -6.22311515e-01  1.06656904e-01  1.41445045e-01
 -4.69374240e-01  2.08776710e-01  2.62175778e-01 -6.39805420e-01
 -1.27433650e-02  3.85615793e-01  1.62623825e-02  4.18294431e-02
 -5.46826000e-01  5.25150953e-01  5.62208869e-01  5.61228334e-01
  6.38473570e-01  2.33051548e-01 -1.72730589e-01  5.71408563e-01
 -1.70678155e-01  4.18813854e-01 -6.17107865e-01  1.24509258e-01
  3.42747746e-01 -6.34004816e-01 -8.02444172e-04 -2.28412440e-01
  7.57403069e-02 -2.95904503e-01  2.72235755e-01 -4.99787911e-01
 -2.93947891e-01 -8.24841951e-01 -4.99602205e-01 -2.27715423e-01
 -1.95667809e-01]
1990,[ 1.97278096e-01  1.03573442e-01 -8.35757597e-02  1.29985695e-01
  3.67678770e-01  9.14168515e-02 -4.77997657e-02  6.55018557e-01
  3.55664869e-01 -5.32975861e-01 -4.59872311e-02 -1.24366498e-01
  1.82809513e-01  4.25959346e-01 -3.25811467e-01  2.26569261e-01
 -1.11365065e-01 -6.22308641e-01  1.06651802e-01  1.41450443e-01
 -4.69375027e-01  2.08771890e-01  2.62174153e-01 -6.39813008e-01
 -1.27511700e-02  3.85612037e-01  1.62763987e-02  4.18247573e-02
 -5.46832191e-01  5.25163664e-01  5.62196640e-01  5.61231638e-01
  6.38479191e-01  2.33051781e-01 -1.72725845e-01  5.71409896e-01
 -1.70683322e-01  4.18810432e-01 -6.17105691e-01  1.24503700e-01
  3.42748993e-01 -6.33995435e-01 -8.13251892e-04 -2.28413361e-01
  7.57339214e-02 -2.95906387e-01  2.72242586e-01 -4.99772666e-01
 -2.93956606e-01 -8.24840895e-01 -4.99605745e-01 -2.27714103e-01
 -1.95670302e-01]
1991,[ 1.97287079e-01  1.03577056e-01 -8.35987791e-02  1.29990666e-01
  3.67683903e-01  9.14113476e-02 -4.77916982e-02  6.55009956e-01
  3.55655987e-01 -5.32972120e-01 -4.59859288e-02 -1.24356849e-01
  1.82804755e-01  4.25968412e-01 -3.25811746e-01  2.26576821e-01
 -1.11360274e-01 -6.22305771e-01  1.06646705e-01  1.41455835e-01
 -4.69375813e-01  2.08767075e-01  2.62172529e-01 -6.39820587e-01
 -1.27589662e-02  3.85608285e-01  1.62903991e-02  4.18200767e-02
 -5.46838374e-01  5.25176360e-01  5.62184425e-01  5.61234939e-01
  6.38484806e-01  2.33052014e-01 -1.72721106e-01  5.71411227e-01
 -1.70688484e-01  4.18807015e-01 -6.17103519e-01  1.24498149e-01
  3.42750237e-01 -6.33986065e-01 -8.24047441e-04 -2.28414282e-01
  7.57275431e-02 -2.95908270e-01  2.72249410e-01 -4.99757437e-01
 -2.93965310e-01 -8.24839840e-01 -4.99609281e-01 -2.27712784e-01
 -1.95672793e-01]
1992,[ 0.19729605  0.10358067 -0.08362177  0.12999563  0.36768903  0.09140585
 -0.04778364  0.65500137  0.35564712 -0.53296838 -0.04598463 -0.12434721
  0.1828      0.42597747 -0.32581202  0.22658437 -0.11135549 -0.6223029
  0.10664161  0.14146122 -0.4693766   0.20876227  0.26217091 -0.63982816
 -0.01276675  0.38560454  0.01630438  0.0418154  -0.54684455  0.52518904
  0.56217222  0.56123824  0.63849042  0.23305225 -0.17271637  0.57141256
 -0.17069364  0.4188036  -0.61710135  0.1244926   0.34275148 -0.6339767
 -0.00083483 -0.2284152   0.07572117 -0.29591015  0.27225623 -0.49974223
 -0.29397401 -0.82483879 -0.49961281 -0.22771147 -0.19567528]
1993,[ 0.19730501  0.10358427 -0.08364474  0.13000059  0.36769415  0.09140036
 -0.04777559  0.65499278  0.35563825 -0.53296465 -0.04598333 -0.12433758
  0.18279525  0.42598651 -0.3258123   0.22659192 -0.11135071 -0.62230004
  0.10663653  0.1414666  -0.46937738  0.20875746  0.26216929 -0.63983572
 -0.01277453  0.38560079  0.01631835  0.04181073 -0.54685072  0.52520171
  0.56216004  0.56124153  0.63849602  0.23305248 -0.17271165  0.57141389
 -0.17069879  0.41880019 -0.61709918  0.12448707  0.34275272 -0.63396736
 -0.0008456  -0.22841612  0.07571481 -0.29591203  0.27226303 -0.49972703
 -0.29398269 -0.82483773 -0.49961634 -0.22771015 -0.19567776]
1994,[ 0.19731397  0.10358788 -0.08366768  0.13000555  0.36769927  0.09139487
 -0.04776755  0.65498421  0.3556294  -0.53296092 -0.04598203 -0.12432797
  0.18279051  0.42599555 -0.32581258  0.22659945 -0.11134594 -0.62229718
  0.10663145  0.14147197 -0.46937817  0.20875266  0.26216767 -0.63984327
 -0.0127823   0.38559705  0.01633231  0.04180607 -0.54685688  0.52521436
  0.56214786  0.56124482  0.63850161  0.23305271 -0.17270692  0.57141521
 -0.17070393  0.41879678 -0.61709702  0.12448153  0.34275396 -0.63395802
 -0.00085636 -0.22841704  0.07570845 -0.2959139   0.27226983 -0.49971186
 -0.29399137 -0.82483668 -0.49961987 -0.22770884 -0.19568025]
1995,[ 0.19732291  0.10359148 -0.0836906   0.1300105   0.36770438  0.09138939
 -0.04775952  0.65497565  0.35562056 -0.5329572  -0.04598073 -0.12431836
  0.18278577  0.42600457 -0.32581286  0.22660698 -0.11134117 -0.62229432
  0.10662638  0.14147734 -0.46937895  0.20874787  0.26216605 -0.63985082
 -0.01279006  0.38559332  0.01634624  0.04180141 -0.54686304  0.525227
  0.5621357   0.56124811  0.6385072   0.23305294 -0.17270221  0.57141654
 -0.17070907  0.41879338 -0.61709486  0.12447601  0.3427552  -0.63394869
 -0.00086711 -0.22841795  0.0757021  -0.29591578  0.27227663 -0.4996967
 -0.29400003 -0.82483563 -0.49962339 -0.22770752 -0.19568273]
1996,[ 0.19733184  0.10359507 -0.08371349  0.13001544  0.36770948  0.09138392
 -0.0477515   0.6549671   0.35561173 -0.53295348 -0.04597944 -0.12430877
  0.18278104  0.42601359 -0.32581313  0.2266145  -0.1113364  -0.62229147
  0.10662131  0.1414827  -0.46937973  0.20874308  0.26216444 -0.63985835
 -0.01279782  0.38558959  0.01636016  0.04179675 -0.54686919  0.52523963
  0.56212356  0.56125139  0.63851279  0.23305318 -0.17269749  0.57141786
 -0.17071421  0.41878998 -0.6170927   0.12447049  0.34275644 -0.63393937
 -0.00087784 -0.22841887  0.07569576 -0.29591765  0.27228341 -0.49968155
 -0.29400869 -0.82483458 -0.4996269  -0.22770621 -0.1956852 ]
1997,[ 0.19734076  0.10359866 -0.08373635  0.13002038  0.36771458  0.09137845
 -0.04774348  0.65495855  0.3556029  -0.53294976 -0.04597815 -0.12429919
  0.18277632  0.42602259 -0.32581341  0.22662201 -0.11133164 -0.62228862
  0.10661625  0.14148806 -0.46938051  0.2087383   0.26216283 -0.63986588
 -0.01280556  0.38558586  0.01637407  0.0417921  -0.54687533  0.52525224
  0.56211142  0.56125467  0.63851837  0.23305341 -0.17269279  0.57141918
 -0.17071933  0.41878659 -0.61709054  0.12446497  0.34275768 -0.63393006
 -0.00088857 -0.22841978  0.07568942 -0.29591952  0.27229019 -0.49966643
 -0.29401733 -0.82483353 -0.49963041 -0.2277049  -0.19568768]
1998,[ 0.19734968  0.10360225 -0.08375919  0.13002531  0.36771968  0.09137299
 -0.04773548  0.65495002  0.35559409 -0.53294605 -0.04597685 -0.12428961
  0.18277159  0.42603159 -0.32581368  0.22662951 -0.11132689 -0.62228577
  0.10661119  0.14149341 -0.46938129  0.20873352  0.26216122 -0.6398734
 -0.01281329  0.38558214  0.01638796  0.04178746 -0.54688146  0.52526484
  0.5620993   0.56125794  0.63852394  0.23305364 -0.17268809  0.57142051
 -0.17072445  0.4187832  -0.61708839  0.12445947  0.34275891 -0.63392077
 -0.00089928 -0.2284207   0.0756831  -0.29592139  0.27229696 -0.49965132
 -0.29402597 -0.82483249 -0.49963392 -0.22770359 -0.19569015]
1999,[ 0.19735858  0.10360583 -0.083782    0.13003024  0.36772476  0.09136754
 -0.04772748  0.6549415   0.35558529 -0.53294234 -0.04597556 -0.12428005
  0.18276688  0.42604057 -0.32581396  0.226637   -0.11132214 -0.62228292
  0.10660614  0.14149875 -0.46938207  0.20872875  0.26215961 -0.63988091
 -0.01282102  0.38557842  0.01640184  0.04178282 -0.54688759  0.52527742
  0.5620872   0.56126121  0.6385295   0.23305387 -0.17268339  0.57142183
 -0.17072957  0.41877981 -0.61708623  0.12445397  0.34276014 -0.63391148
 -0.00090998 -0.22842161  0.07567677 -0.29592325  0.27230372 -0.49963623
 -0.2940346  -0.82483144 -0.49963743 -0.22770229 -0.19569262]
2000,[ 0.19736747  0.10360941 -0.08380479  0.13003516  0.36772984  0.09136209
 -0.0477195   0.65493298  0.3555765  -0.53293864 -0.04597427 -0.1242705
  0.18276217  0.42604955 -0.32581424  0.22664449 -0.1113174  -0.62228008
  0.10660109  0.14150409 -0.46938285  0.20872398  0.262158   -0.63988842
 -0.01282874  0.3855747   0.0164157   0.04177819 -0.54689371  0.52528999
  0.56207511  0.56126448  0.63853506  0.2330541  -0.1726787   0.57142314
 -0.17073468  0.41877643 -0.61708408  0.12444847  0.34276138 -0.6339022
 -0.00092066 -0.22842252  0.07567046 -0.29592512  0.27231048 -0.49962115
 -0.29404321 -0.82483039 -0.49964093 -0.22770098 -0.19569508]
2001,[ 0.19737635  0.10361298 -0.08382755  0.13004008  0.36773492  0.09135665
 -0.04771152  0.65492448  0.35556771 -0.53293494 -0.04597299 -0.12426096
  0.18275746  0.42605851 -0.32581451  0.22665196 -0.11131266 -0.62227724
  0.10659605  0.14150942 -0.46938363  0.20871922  0.2621564  -0.63989591
 -0.01283645  0.38557099  0.01642954  0.04177356 -0.54689983  0.52530254
  0.56206303  0.56126774  0.63854061  0.23305433 -0.17267401  0.57142446
 -0.17073978  0.41877305 -0.61708194  0.12444298  0.34276261 -0.63389294
 -0.00093134 -0.22842343  0.07566415 -0.29592698  0.27231722 -0.49960609
 -0.29405182 -0.82482935 -0.49964442 -0.22769968 -0.19569754]
2002,[ 0.19738523  0.10361655 -0.08385029  0.13004499  0.36773999  0.09135121
 -0.04770355  0.65491598  0.35555894 -0.53293125 -0.0459717  -0.12425143
  0.18275276  0.42606746 -0.32581479  0.22665943 -0.11130793 -0.62227441
  0.10659102  0.14151475 -0.4693844   0.20871447  0.26215479 -0.6399034
 -0.01284415  0.38556729  0.01644337  0.04176894 -0.54690593  0.52531508
  0.56205096  0.561271    0.63854616  0.23305456 -0.17266933  0.57142577
 -0.17074488  0.41876967 -0.61707979  0.1244375   0.34276384 -0.63388368
 -0.000942   -0.22842434  0.07565785 -0.29592884  0.27232396 -0.49959105
 -0.29406042 -0.82482831 -0.49964792 -0.22769838 -0.1957    ]
2003,[ 0.19739409  0.10362012 -0.083873    0.13004989  0.36774506  0.09134578
 -0.04769559  0.6549075   0.35555018 -0.53292756 -0.04597041 -0.12424191
  0.18274807  0.42607641 -0.32581506  0.22666689 -0.11130321 -0.62227158
  0.10658599  0.14152006 -0.46938518  0.20870972  0.26215319 -0.63991087
 -0.01285184  0.38556359  0.01645718  0.04176432 -0.54691203  0.52532761
  0.56203891  0.56127426  0.6385517   0.23305479 -0.17266466  0.57142709
 -0.17074997  0.4187663  -0.61707765  0.12443202  0.34276506 -0.63387444
 -0.00095265 -0.22842525  0.07565156 -0.29593069  0.2723307  -0.49957603
 -0.29406901 -0.82482727 -0.49965141 -0.22769708 -0.19570246]
2004,[ 0.19740294  0.10362368 -0.08389568  0.13005479  0.36775011  0.09134036
 -0.04768764  0.65489902  0.35554143 -0.53292387 -0.04596913 -0.1242324
  0.18274338  0.42608534 -0.32581534  0.22667434 -0.11129849 -0.62226875
  0.10658097  0.14152538 -0.46938595  0.20870497  0.26215159 -0.63991834
 -0.01285952  0.38555989  0.01647098  0.04175971 -0.54691813  0.52534012
  0.56202687  0.56127751  0.63855723  0.23305502 -0.17265999  0.5714284
 -0.17075506  0.41876293 -0.61707551  0.12442655  0.34276629 -0.6338652
 -0.00096329 -0.22842615  0.07564528 -0.29593255  0.27233742 -0.49956102
 -0.29407758 -0.82482623 -0.49965489 -0.22769578 -0.19570491]
2005,[ 0.19741178  0.10362724 -0.08391834  0.13005969  0.36775517  0.09133494
 -0.0476797   0.65489055  0.35553268 -0.53292019 -0.04596785 -0.1242229
  0.18273869  0.42609427 -0.32581561  0.22668178 -0.11129377 -0.62226592
  0.10657595  0.14153069 -0.46938673  0.20870023  0.26215    -0.6399258
 -0.0128672   0.38555619  0.01648476  0.0417551  -0.54692421  0.52535262
  0.56201485  0.56128076  0.63856276  0.23305525 -0.17265532  0.57142971
 -0.17076014  0.41875957 -0.61707337  0.12442109  0.34276752 -0.63385598
 -0.00097391 -0.22842706  0.075639   -0.2959344   0.27234414 -0.49954603
 -0.29408615 -0.82482519 -0.49965837 -0.22769448 -0.19570737]
2006,[ 0.19742061  0.10363079 -0.08394097  0.13006458  0.36776021  0.09132953
 -0.04767177  0.6548821   0.35552395 -0.53291651 -0.04596657 -0.12421342
  0.18273401  0.42610318 -0.32581588  0.22668922 -0.11128906 -0.6222631
  0.10657094  0.14153599 -0.4693875   0.2086955   0.2621484  -0.63993326
 -0.01287486  0.38555251  0.01649852  0.0417505  -0.54693029  0.5253651
  0.56200284  0.56128401  0.63856828  0.23305548 -0.17265066  0.57143102
 -0.17076522  0.41875621 -0.61707124  0.12441563  0.34276874 -0.63384677
 -0.00098453 -0.22842796  0.07563273 -0.29593625  0.27235085 -0.49953106
 -0.29409471 -0.82482415 -0.49966185 -0.22769318 -0.19570981]
2007,[ 0.19742944  0.10363434 -0.08396358  0.13006946  0.36776526  0.09132412
 -0.04766385  0.65487365  0.35551523 -0.53291284 -0.04596529 -0.12420394
  0.18272934  0.42611208 -0.32581616  0.22669664 -0.11128435 -0.62226028
  0.10656594  0.14154128 -0.46938827  0.20869077  0.2621468  -0.6399407
 -0.01288252  0.38554882  0.01651227  0.0417459  -0.54693637  0.52537757
  0.56199084  0.56128725  0.6385738   0.23305571 -0.17264601  0.57143233
 -0.17077029  0.41875285 -0.6170691   0.12441018  0.34276996 -0.63383756
 -0.00099513 -0.22842887  0.07562646 -0.2959381   0.27235755 -0.4995161
 -0.29410326 -0.82482312 -0.49966532 -0.22769189 -0.19571226]
2008,[ 0.19743825  0.10363789 -0.08398617  0.13007434  0.36777029  0.09131872
 -0.04765593  0.65486521  0.35550651 -0.53290917 -0.04596401 -0.12419447
  0.18272467  0.42612098 -0.32581643  0.22670406 -0.11127965 -0.62225747
  0.10656094  0.14154657 -0.46938904  0.20868605  0.26214521 -0.63994813
 -0.01289017  0.38554514  0.01652601  0.04174131 -0.54694243  0.52539002
  0.56197886  0.56129049  0.6385793   0.23305594 -0.17264136  0.57143363
 -0.17077535  0.4187495  -0.61706697  0.12440473  0.34277118 -0.63382837
 -0.00100572 -0.22842977  0.0756202  -0.29593995  0.27236424 -0.49950116
 -0.2941118  -0.82482208 -0.49966879 -0.22769059 -0.1957147 ]
2009,[ 0.19744705  0.10364143 -0.08400872  0.13007921  0.36777532  0.09131333
 -0.04764803  0.65485678  0.35549781 -0.5329055  -0.04596274 -0.12418502
  0.18272001  0.42612986 -0.3258167   0.22671147 -0.11127496 -0.62225465
  0.10655594  0.14155186 -0.46938981  0.20868133  0.26214362 -0.63995556
 -0.01289781  0.38554146  0.01653973  0.04173672 -0.54694849  0.52540247
  0.56196689  0.56129372  0.63858481  0.23305617 -0.17263672  0.57143494
 -0.17078041  0.41874615 -0.61706484  0.12439929  0.3427724  -0.63381919
 -0.0010163  -0.22843067  0.07561395 -0.29594179  0.27237093 -0.49948624
 -0.29412033 -0.82482105 -0.49967226 -0.2276893  -0.19571714]
2010,[ 0.19745584  0.10364497 -0.08403125  0.13008407  0.36778035  0.09130794
 -0.04764013  0.65484837  0.35548912 -0.53290184 -0.04596146 -0.12417558
  0.18271535  0.42613874 -0.32581697  0.22671887 -0.11127027 -0.62225184
  0.10655095  0.14155713 -0.46939058  0.20867662  0.26214203 -0.63996298
 -0.01290544  0.38553779  0.01655343  0.04173214 -0.54695454  0.52541489
  0.56195493  0.56129695  0.6385903   0.2330564  -0.17263208  0.57143624
 -0.17078546  0.4187428  -0.61706272  0.12439386  0.34277362 -0.63381002
 -0.00102687 -0.22843157  0.07560771 -0.29594363  0.27237761 -0.49947134
 -0.29412885 -0.82482001 -0.49967572 -0.22768801 -0.19571958]
2011,[ 0.19746463  0.10364851 -0.08405376  0.13008894  0.36778537  0.09130256
 -0.04763224  0.65483996  0.35548043 -0.53289818 -0.04596019 -0.12416614
  0.1827107   0.4261476  -0.32581725  0.22672626 -0.11126559 -0.62224904
  0.10654597  0.1415624  -0.46939135  0.20867191  0.26214045 -0.63997039
 -0.01291306  0.38553412  0.01656712  0.04172756 -0.54696059  0.52542731
  0.56194299  0.56130018  0.63859579  0.23305662 -0.17262745  0.57143754
 -0.17079051  0.41873946 -0.6170606   0.12438843  0.34277484 -0.63380086
 -0.00103742 -0.22843247  0.07560147 -0.29594547  0.27238428 -0.49945645
 -0.29413736 -0.82481898 -0.49967917 -0.22768672 -0.19572202]
2012,[ 0.1974734   0.10365204 -0.08407624  0.13009379  0.36779038  0.09129719
 -0.04762436  0.65483156  0.35547176 -0.53289453 -0.04595892 -0.12415672
  0.18270605  0.42615645 -0.32581752  0.22673364 -0.11126091 -0.62224623
  0.10654099  0.14156767 -0.46939212  0.20866721  0.26213886 -0.63997779
 -0.01292067  0.38553046  0.01658079  0.04172299 -0.54696663  0.52543971
  0.56193106  0.5613034   0.63860128  0.23305685 -0.17262282  0.57143884
 -0.17079555  0.41873612 -0.61705847  0.12438301  0.34277605 -0.6337917
 -0.00104797 -0.22843337  0.07559525 -0.29594731  0.27239094 -0.49944157
 -0.29414586 -0.82481795 -0.49968263 -0.22768543 -0.19572445]
2013,[ 0.19748216  0.10365556 -0.0840987   0.13009864  0.36779539  0.09129182
 -0.04761649  0.65482317  0.35546309 -0.53289088 -0.04595765 -0.12414731
  0.18270141  0.4261653  -0.32581779  0.22674102 -0.11125624 -0.62224343
  0.10653602  0.14157293 -0.46939288  0.20866251  0.26213728 -0.63998519
 -0.01292828  0.3855268   0.01659445  0.04171843 -0.54697266  0.52545209
  0.56191914  0.56130662  0.63860676  0.23305708 -0.1726182   0.57144014
 -0.17080058  0.41873279 -0.61705636  0.1243776   0.34277727 -0.63378256
 -0.0010585  -0.22843427  0.07558902 -0.29594915  0.2723976  -0.49942672
 -0.29415435 -0.82481692 -0.49968608 -0.22768415 -0.19572688]
2014,[ 0.19749092  0.10365908 -0.08412113  0.13010349  0.36780039  0.09128645
 -0.04760863  0.65481479  0.35545444 -0.53288723 -0.04595638 -0.1241379
  0.18269677  0.42617413 -0.32581806  0.22674839 -0.11125157 -0.62224064
  0.10653106  0.14157818 -0.46939365  0.20865782  0.2621357  -0.63999257
 -0.01293588  0.38552314  0.01660809  0.04171387 -0.54697868  0.52546446
  0.56190724  0.56130984  0.63861223  0.23305731 -0.17261358  0.57144144
 -0.17080561  0.41872946 -0.61705424  0.12437219  0.34277848 -0.63377343
 -0.00106902 -0.22843517  0.07558281 -0.29595098  0.27240425 -0.49941188
 -0.29416284 -0.82481589 -0.49968952 -0.22768286 -0.1957293 ]
2015,[ 0.19749966  0.1036626  -0.08414353  0.13010833  0.36780539  0.0912811
 -0.04760078  0.65480641  0.35544579 -0.53288359 -0.04595511 -0.12412851
  0.18269214  0.42618295 -0.32581833  0.22675575 -0.1112469  -0.62223784
  0.1065261   0.14158343 -0.46939442  0.20865313  0.26213412 -0.63999995
 -0.01294346  0.38551949  0.01662172  0.04170931 -0.5469847   0.52547682
  0.56189535  0.56131305  0.63861769  0.23305753 -0.17260897  0.57144274
 -0.17081064  0.41872613 -0.61705213  0.12436678  0.34277969 -0.63376431
 -0.00107952 -0.22843606  0.0755766  -0.29595282  0.27241089 -0.49939706
 -0.29417131 -0.82481487 -0.49969296 -0.22768158 -0.19573173]
2016,[ 0.19750839  0.10366612 -0.08416591  0.13011316  0.36781038  0.09127575
 -0.04759294  0.65479805  0.35543716 -0.53287996 -0.04595384 -0.12411913
  0.18268751  0.42619177 -0.3258186   0.2267631  -0.11124225 -0.62223505
  0.10652114  0.14158867 -0.46939518  0.20864845  0.26213254 -0.64000732
 -0.01295104  0.38551584  0.01663533  0.04170476 -0.54699071  0.52548916
  0.56188348  0.56131626  0.63862315  0.23305776 -0.17260436  0.57144403
 -0.17081566  0.41872281 -0.61705001  0.12436139  0.3427809  -0.6337552
 -0.00109002 -0.22843696  0.0755704  -0.29595465  0.27241753 -0.49938225
 -0.29417977 -0.82481384 -0.4996964  -0.2276803  -0.19573415]
2017,[ 0.19751712  0.10366963 -0.08418827  0.13011799  0.36781536  0.0912704
 -0.0475851   0.6547897   0.35542853 -0.53287632 -0.04595258 -0.12410976
  0.18268289  0.42620057 -0.32581887  0.22677044 -0.1112376  -0.62223226
  0.10651619  0.14159391 -0.46939594  0.20864377  0.26213096 -0.64001468
 -0.01295861  0.3855122   0.01664893  0.04170021 -0.54699672  0.52550149
  0.56187161  0.56131947  0.6386286   0.23305799 -0.17259976  0.57144532
 -0.17082067  0.41871949 -0.61704791  0.124356    0.34278211 -0.6337461
 -0.0011005  -0.22843785  0.07556421 -0.29595647  0.27242415 -0.49936746
 -0.29418822 -0.82481281 -0.49969984 -0.22767901 -0.19573657]
2018,[ 0.19752583  0.10367313 -0.0842106   0.13012281  0.36782034  0.09126506
 -0.04757728  0.65478136  0.35541991 -0.5328727  -0.04595131 -0.1241004
  0.18267828  0.42620937 -0.32581914  0.22677777 -0.11123295 -0.62222948
  0.10651125  0.14159914 -0.46939671  0.2086391   0.26212939 -0.64002203
 -0.01296618  0.38550856  0.01666251  0.04169567 -0.54700272  0.52551381
  0.56185976  0.56132267  0.63863405  0.23305821 -0.17259516  0.57144662
 -0.17082568  0.41871617 -0.6170458   0.12435061  0.34278332 -0.63373701
 -0.00111098 -0.22843875  0.07555802 -0.2959583   0.27243077 -0.49935269
 -0.29419667 -0.82481179 -0.49970327 -0.22767774 -0.19573898]
2019,[ 0.19753453  0.10367664 -0.0842329   0.13012763  0.36782532  0.09125973
 -0.04756946  0.65477302  0.35541131 -0.53286907 -0.04595005 -0.12409105
  0.18267367  0.42621815 -0.32581941  0.2267851  -0.11122831 -0.6222267
  0.10650631  0.14160436 -0.46939747  0.20863444  0.26212781 -0.64002937
 -0.01297373  0.38550492  0.01667607  0.04169114 -0.54700871  0.52552611
  0.56184793  0.56132587  0.63863949  0.23305844 -0.17259057  0.57144791
 -0.17083068  0.41871286 -0.6170437   0.12434523  0.34278453 -0.63372793
 -0.00112144 -0.22843964  0.07555184 -0.29596012  0.27243738 -0.49933794
 -0.2942051  -0.82481077 -0.49970669 -0.22767646 -0.1957414 ]
2020,[ 0.19754323  0.10368014 -0.08425518  0.13013244  0.36783028  0.0912544
 -0.04756165  0.6547647   0.35540271 -0.53286545 -0.04594879 -0.12408172
  0.18266906  0.42622693 -0.32581968  0.22679242 -0.11122367 -0.62222392
  0.10650138  0.14160958 -0.46939823  0.20862978  0.26212624 -0.64003671
 -0.01298128  0.38550129  0.01668962  0.04168661 -0.54701469  0.5255384
  0.56183611  0.56132906  0.63864493  0.23305866 -0.17258598  0.57144919
 -0.17083567  0.41870956 -0.61704159  0.12433986  0.34278573 -0.63371886
 -0.00113189 -0.22844053  0.07554566 -0.29596195  0.27244399 -0.4993232
 -0.29421353 -0.82480975 -0.49971011 -0.22767518 -0.19574381]
2021,[ 0.19755191  0.10368363 -0.08427744  0.13013725  0.36783525  0.09124908
 -0.04755385  0.65475638  0.35539413 -0.53286183 -0.04594753 -0.12407239
  0.18266446  0.42623569 -0.32581995  0.22679973 -0.11121904 -0.62222115
  0.10649645  0.1416148  -0.46939899  0.20862512  0.26212467 -0.64004404
 -0.01298881  0.38549766  0.01670316  0.04168208 -0.54702067  0.52555067
  0.5618243   0.56133225  0.63865036  0.23305889 -0.1725814   0.57145048
 -0.17084066  0.41870625 -0.61703949  0.12433449  0.34278693 -0.6337098
 -0.00114232 -0.22844142  0.0755395  -0.29596377  0.27245058 -0.49930848
 -0.29422194 -0.82480873 -0.49971353 -0.22767391 -0.19574622]
2022,[ 0.19756059  0.10368712 -0.08429966  0.13014205  0.3678402   0.09124377
 -0.04754606  0.65474808  0.35538555 -0.53285822 -0.04594627 -0.12406307
  0.18265986  0.42624444 -0.32582022  0.22680703 -0.11121441 -0.62221837
  0.10649153  0.14162    -0.46939975  0.20862047  0.26212311 -0.64005135
 -0.01299634  0.38549404  0.01671668  0.04167756 -0.54702664  0.52556294
  0.5618125   0.56133544  0.63865578  0.23305912 -0.17257683  0.57145177
 -0.17084565  0.41870295 -0.6170374   0.12432913  0.34278814 -0.63370076
 -0.00115275 -0.22844231  0.07553334 -0.29596558  0.27245717 -0.49929377
 -0.29423035 -0.82480771 -0.49971695 -0.22767263 -0.19574862]
2023,[ 0.19756925  0.10369061 -0.08432187  0.13014684  0.36784516  0.09123846
 -0.04753828  0.65473978  0.35537698 -0.53285461 -0.04594502 -0.12405376
  0.18265527  0.42625319 -0.32582049  0.22681432 -0.11120979 -0.6222156
  0.10648661  0.1416252  -0.46940051  0.20861583  0.26212154 -0.64005866
 -0.01300386  0.38549042  0.01673018  0.04167305 -0.54703261  0.52557518
  0.56180072  0.56133863  0.6386612   0.23305934 -0.17257226  0.57145305
 -0.17085063  0.41869965 -0.6170353   0.12432378  0.34278934 -0.63369172
 -0.00116316 -0.2284432   0.07552719 -0.2959674   0.27246376 -0.49927908
 -0.29423875 -0.82480669 -0.49972036 -0.22767136 -0.19575102]
2024,[ 0.19757791  0.10369409 -0.08434405  0.13015163  0.3678501   0.09123315
 -0.04753051  0.65473149  0.35536842 -0.53285101 -0.04594376 -0.12404447
  0.18265069  0.42626192 -0.32582076  0.2268216  -0.11120518 -0.62221284
  0.1064817   0.1416304  -0.46940126  0.20861119  0.26211998 -0.64006597
 -0.01301137  0.3854868   0.01674367  0.04166854 -0.54703856  0.52558741
  0.56178895  0.56134181  0.63866661  0.23305956 -0.17256769  0.57145433
 -0.1708556   0.41869636 -0.61703321  0.12431843  0.34279054 -0.63368269
 -0.00117356 -0.22844408  0.07552104 -0.29596921  0.27247033 -0.49926441
 -0.29424713 -0.82480567 -0.49972377 -0.22767009 -0.19575342]
2025,[ 0.19758655  0.10369757 -0.0843662   0.13015642  0.36785504  0.09122786
 -0.04752274  0.65472322  0.35535987 -0.53284741 -0.04594251 -0.12403518
  0.18264611  0.42627065 -0.32582102  0.22682888 -0.11120056 -0.62221008
  0.1064768   0.14163559 -0.46940202  0.20860656  0.26211841 -0.64007326
 -0.01301888  0.38548319  0.01675715  0.04166403 -0.54704451  0.52559963
  0.56177719  0.56134498  0.63867201  0.23305979 -0.17256313  0.57145562
 -0.17086057  0.41869307 -0.61703112  0.12431309  0.34279173 -0.63367367
 -0.00118395 -0.22844497  0.0755149  -0.29597102  0.2724769  -0.49924975
 -0.29425551 -0.82480466 -0.49972717 -0.22766882 -0.19575582]
2026,[ 0.19759519  0.10370104 -0.08438833  0.1301612   0.36785998  0.09122257
 -0.04751499  0.65471495  0.35535134 -0.53284381 -0.04594126 -0.1240259
  0.18264154  0.42627936 -0.32582129  0.22683615 -0.11119596 -0.62220732
  0.1064719   0.14164077 -0.46940277  0.20860193  0.26211685 -0.64008055
 -0.01302637  0.38547958  0.01677061  0.04165954 -0.54705046  0.52561184
  0.56176545  0.56134816  0.63867741  0.23306001 -0.17255857  0.5714569
 -0.17086553  0.41868979 -0.61702903  0.12430775  0.34279293 -0.63366466
 -0.00119433 -0.22844585  0.07550877 -0.29597283  0.27248346 -0.49923511
 -0.29426388 -0.82480364 -0.49973057 -0.22766755 -0.19575821]
2027,[ 0.19760381  0.10370452 -0.08441044  0.13016597  0.36786491  0.09121728
 -0.04750724  0.65470669  0.35534281 -0.53284022 -0.04594001 -0.12401664
  0.18263697  0.42628807 -0.32582156  0.22684341 -0.11119136 -0.62220456
  0.106467    0.14164595 -0.46940353  0.2085973   0.26211529 -0.64008783
 -0.01303386  0.38547598  0.01678405  0.04165504 -0.5470564   0.52562403
  0.56175372  0.56135133  0.6386828   0.23306024 -0.17255402  0.57145817
 -0.17087049  0.4186865  -0.61702695  0.12430242  0.34279412 -0.63365566
 -0.0012047  -0.22844674  0.07550265 -0.29597464  0.27249001 -0.49922049
 -0.29427224 -0.82480263 -0.49973396 -0.22766629 -0.1957606 ]
2028,[ 0.19761243  0.10370798 -0.08443251  0.13017074  0.36786983  0.091212
 -0.0474995   0.65469844  0.35533429 -0.53283663 -0.04593876 -0.12400738
  0.1826324   0.42629677 -0.32582182  0.22685066 -0.11118676 -0.62220181
  0.10646212  0.14165112 -0.46940428  0.20859269  0.26211374 -0.6400951
 -0.01304134  0.38547238  0.01679748  0.04165055 -0.54706233  0.52563621
  0.561742    0.56135449  0.63868819  0.23306046 -0.17254948  0.57145945
 -0.17087544  0.41868323 -0.61702486  0.1242971   0.34279532 -0.63364668
 -0.00121505 -0.22844762  0.07549653 -0.29597645  0.27249655 -0.49920588
 -0.29428059 -0.82480162 -0.49973736 -0.22766502 -0.19576299]
2029,[ 0.19762103  0.10371145 -0.08445457  0.1301755   0.36787475  0.09120673
 -0.04749177  0.6546902   0.35532578 -0.53283305 -0.04593751 -0.12399814
  0.18262784  0.42630545 -0.32582209  0.22685791 -0.11118217 -0.62219906
  0.10645723  0.14165629 -0.46940504  0.20858807  0.26211218 -0.64010236
 -0.01304881  0.38546879  0.01681089  0.04164607 -0.54706825  0.52564837
  0.5617303   0.56135765  0.63869357  0.23306068 -0.17254494  0.57146073
 -0.17088038  0.41867995 -0.61702278  0.12429178  0.34279651 -0.6336377
 -0.00122539 -0.2284485   0.07549042 -0.29597825  0.27250309 -0.49919129
 -0.29428893 -0.82480061 -0.49974074 -0.22766376 -0.19576538]
2030,[ 0.19762963  0.10371491 -0.0844766   0.13018026  0.36787966  0.09120146
 -0.04748405  0.65468197  0.35531728 -0.53282947 -0.04593626 -0.12398891
  0.18262329  0.42631413 -0.32582236  0.22686514 -0.11117759 -0.62219631
  0.10645235  0.14166145 -0.46940579  0.20858347  0.26211063 -0.64010961
 -0.01305627  0.3854652   0.01682429  0.04164159 -0.54707417  0.52566052
  0.56171861  0.56136081  0.63869894  0.23306091 -0.1725404   0.571462
 -0.17088532  0.41867668 -0.6170207   0.12428647  0.3427977  -0.63362873
 -0.00123573 -0.22844938  0.07548431 -0.29598005  0.27250962 -0.49917672
 -0.29429726 -0.8247996  -0.49974413 -0.2276625  -0.19576776]
2031,[ 0.19763822  0.10371836 -0.0844986   0.13018502  0.36788457  0.0911962
 -0.04747634  0.65467374  0.35530879 -0.53282589 -0.04593502 -0.12397968
  0.18261874  0.42632279 -0.32582262  0.22687237 -0.11117301 -0.62219357
  0.10644748  0.1416666  -0.46940654  0.20857886  0.26210908 -0.64011685
 -0.01306372  0.38546161  0.01683767  0.04163711 -0.54708008  0.52567266
  0.56170693  0.56136397  0.63870431  0.23306113 -0.17253587  0.57146327
 -0.17089026  0.41867341 -0.61701863  0.12428116  0.34279889 -0.63361977
 -0.00124605 -0.22845026  0.07547822 -0.29598185  0.27251614 -0.49916216
 -0.29430558 -0.82479859 -0.49974751 -0.22766124 -0.19577014]
2032,[ 0.1976468   0.10372181 -0.08452058  0.13018976  0.36788947  0.09119094
 -0.04746864  0.65466553  0.35530031 -0.53282232 -0.04593378 -0.12397047
  0.1826142   0.42633145 -0.32582289  0.22687959 -0.11116844 -0.62219083
  0.10644262  0.14167175 -0.46940729  0.20857426  0.26210753 -0.64012409
 -0.01307116  0.38545803  0.01685104  0.04163264 -0.54708598  0.52568478
  0.56169527  0.56136712  0.63870967  0.23306135 -0.17253135  0.57146455
 -0.17089519  0.41867015 -0.61701655  0.12427586  0.34280008 -0.63361083
 -0.00125635 -0.22845114  0.07547213 -0.29598365  0.27252266 -0.49914762
 -0.29431389 -0.82479758 -0.49975088 -0.22765998 -0.19577252]
2033,[ 0.19765536  0.10372526 -0.08454254  0.1301945   0.36789437  0.09118569
 -0.04746094  0.65465733  0.35529183 -0.53281875 -0.04593253 -0.12396127
  0.18260966  0.4263401  -0.32582316  0.2268868  -0.11116387 -0.62218809
  0.10643776  0.14167689 -0.46940804  0.20856967  0.26210598 -0.64013132
 -0.0130786   0.38545445  0.0168644   0.04162818 -0.54709188  0.52569689
  0.56168362  0.56137027  0.63871502  0.23306158 -0.17252683  0.57146582
 -0.17090011  0.41866689 -0.61701448  0.12427056  0.34280127 -0.63360189
 -0.00126665 -0.22845202  0.07546604 -0.29598544  0.27252917 -0.4991331
 -0.29432219 -0.82479657 -0.49975426 -0.22765872 -0.1957749 ]
2034,[ 0.19766392  0.1037287  -0.08456447  0.13019924  0.36789926  0.09118045
 -0.04745326  0.65464913  0.35528337 -0.53281519 -0.04593129 -0.12395208
  0.18260512  0.42634873 -0.32582342  0.226894   -0.1111593  -0.62218535
  0.1064329   0.14168203 -0.46940879  0.20856509  0.26210443 -0.64013854
 -0.01308603  0.38545087  0.01687773  0.04162372 -0.54709777  0.52570899
  0.56167198  0.56137341  0.63872037  0.2330618  -0.17252232  0.57146708
 -0.17090503  0.41866363 -0.61701241  0.12426528  0.34280245 -0.63359296
 -0.00127693 -0.2284529   0.07545997 -0.29598724  0.27253567 -0.49911859
 -0.29433048 -0.82479557 -0.49975763 -0.22765746 -0.19577727]
2035,[ 0.19767247  0.10373214 -0.08458638  0.13020397  0.36790414  0.09117521
 -0.04744558  0.65464095  0.35527492 -0.53281163 -0.04593005 -0.12394289
  0.18260059  0.42635736 -0.32582369  0.2269012  -0.11115474 -0.62218262
  0.10642805  0.14168716 -0.46940954  0.2085605   0.26210289 -0.64014575
 -0.01309345  0.3854473   0.01689106  0.04161927 -0.54710366  0.52572107
  0.56166036  0.56137655  0.63872572  0.23306202 -0.17251781  0.57146835
 -0.17090994  0.41866038 -0.61701035  0.12425999  0.34280364 -0.63358404
 -0.00128721 -0.22845377  0.0754539  -0.29598903  0.27254216 -0.4991041
 -0.29433877 -0.82479456 -0.49976099 -0.22765621 -0.19577964]
2036,[ 0.19768101  0.10373558 -0.08460826  0.1302087   0.36790902  0.09116998
 -0.04743791  0.65463277  0.35526648 -0.53280807 -0.04592882 -0.12393372
  0.18259607  0.42636598 -0.32582395  0.22690838 -0.11115019 -0.62217989
  0.10642321  0.14169228 -0.46941028  0.20855593  0.26210134 -0.64015296
 -0.01310086  0.38544373  0.01690437  0.04161482 -0.54710953  0.52573314
  0.56164875  0.56137969  0.63873106  0.23306224 -0.1725133   0.57146962
 -0.17091485  0.41865713 -0.61700828  0.12425472  0.34280482 -0.63357514
 -0.00129747 -0.22845465  0.07544783 -0.29599082  0.27254865 -0.49908962
 -0.29434704 -0.82479356 -0.49976435 -0.22765495 -0.19578201]
2037,[ 0.19768954  0.10373901 -0.08463011  0.13021342  0.3679139   0.09116476
 -0.04743025  0.65462461  0.35525804 -0.53280452 -0.04592758 -0.12392456
  0.18259155  0.42637459 -0.32582421  0.22691556 -0.11114564 -0.62217717
  0.10641837  0.1416974  -0.46941103  0.20855136  0.2620998  -0.64016015
 -0.01310826  0.38544017  0.01691766  0.04161037 -0.54711541  0.5257452
  0.56163715  0.56138283  0.63873639  0.23306246 -0.1725088   0.57147088
 -0.17091975  0.41865389 -0.61700622  0.12424945  0.342806   -0.63356624
 -0.00130772 -0.22845552  0.07544178 -0.29599261  0.27255513 -0.49907516
 -0.29435531 -0.82479256 -0.49976771 -0.2276537  -0.19578437]
2038,[ 0.19769806  0.10374244 -0.08465195  0.13021813  0.36791876  0.09115954
 -0.0474226   0.65461645  0.35524962 -0.53280097 -0.04592634 -0.12391541
  0.18258704  0.42638318 -0.32582448  0.22692273 -0.1111411  -0.62217445
  0.10641353  0.14170252 -0.46941178  0.20854679  0.26209826 -0.64016734
 -0.01311565  0.38543661  0.01693094  0.04160593 -0.54712127  0.52575724
  0.56162556  0.56138596  0.63874171  0.23306268 -0.17250431  0.57147214
 -0.17092464  0.41865065 -0.61700416  0.12424418  0.34280718 -0.63355735
 -0.00131796 -0.22845639  0.07543573 -0.29599439  0.2725616  -0.49906072
 -0.29436356 -0.82479156 -0.49977106 -0.22765245 -0.19578673]
2039,[ 0.19770657  0.10374587 -0.08467375  0.13022284  0.36792363  0.09115432
 -0.04741496  0.6546083   0.3552412  -0.53279743 -0.04592511 -0.12390627
  0.18258253  0.42639177 -0.32582474  0.2269299  -0.11113656 -0.62217173
  0.1064087   0.14170763 -0.46941252  0.20854223  0.26209673 -0.64017452
 -0.01312304  0.38543306  0.0169442   0.0416015  -0.54712713  0.52576926
  0.56161399  0.56138908  0.63874703  0.23306291 -0.17249982  0.57147341
 -0.17092953  0.41864741 -0.6170021   0.12423892  0.34280836 -0.63354847
 -0.00132819 -0.22845727  0.07542968 -0.29599617  0.27256806 -0.49904629
 -0.29437181 -0.82479056 -0.49977441 -0.2276512  -0.19578909]
2040,[ 0.19771507  0.10374929 -0.08469554  0.13022755  0.36792849  0.09114911
 -0.04740732  0.65460016  0.3552328  -0.53279389 -0.04592388 -0.12389714
  0.18257803  0.42640035 -0.325825    0.22693705 -0.11113203 -0.62216901
  0.10640388  0.14171273 -0.46941326  0.20853767  0.26209519 -0.6401817
 -0.01313042  0.38542951  0.01695745  0.04159707 -0.54713298  0.52578128
  0.56160243  0.56139221  0.63875235  0.23306313 -0.17249534  0.57147467
 -0.17093442  0.41864417 -0.61700005  0.12423367  0.34280954 -0.63353961
 -0.0013384  -0.22845814  0.07542365 -0.29599796  0.27257452 -0.49903188
 -0.29438005 -0.82478956 -0.49977776 -0.22764995 -0.19579145]
2041,[ 0.19772356  0.1037527  -0.08471729  0.13023225  0.36793334  0.09114391
 -0.0473997   0.65459203  0.3552244  -0.53279035 -0.04592265 -0.12388802
  0.18257353  0.42640892 -0.32582527  0.2269442  -0.1111275  -0.6221663
  0.10639906  0.14171782 -0.46941401  0.20853312  0.26209366 -0.64018886
 -0.01313779  0.38542596  0.01697068  0.04159265 -0.54713882  0.52579328
  0.56159089  0.56139533  0.63875765  0.23306335 -0.17249086  0.57147592
 -0.1709393   0.41864094 -0.616998    0.12422842  0.34281072 -0.63353075
 -0.00134861 -0.22845901  0.07541762 -0.29599973  0.27258097 -0.49901749
 -0.29438827 -0.82478856 -0.4997811  -0.22764871 -0.1957938 ]
2042,[ 0.19773204  0.10375612 -0.08473903  0.13023694  0.36793818  0.09113871
 -0.04739208  0.65458391  0.35521602 -0.53278682 -0.04592142 -0.12387891
  0.18256904  0.42641748 -0.32582553  0.22695134 -0.11112298 -0.62216359
  0.10639425  0.14172291 -0.46941475  0.20852857  0.26209212 -0.64019601
 -0.01314515  0.38542242  0.0169839   0.04158823 -0.54714466  0.52580527
  0.56157935  0.56139844  0.63876296  0.23306357 -0.17248638  0.57147718
 -0.17094417  0.41863772 -0.61699595  0.12422318  0.34281189 -0.6335219
 -0.0013588  -0.22845988  0.0754116  -0.29600151  0.27258741 -0.49900311
 -0.29439649 -0.82478756 -0.49978444 -0.22764746 -0.19579615]
2043,[ 0.19774051  0.10375953 -0.08476074  0.13024163  0.36794303  0.09113352
 -0.04738447  0.6545758   0.35520764 -0.53278329 -0.04592019 -0.12386981
  0.18256455  0.42642603 -0.32582579  0.22695847 -0.11111846 -0.62216088
  0.10638945  0.141728   -0.46941549  0.20852403  0.26209059 -0.64020316
 -0.0131525   0.38541888  0.0169971   0.04158381 -0.54715049  0.52581724
  0.56156783  0.56140156  0.63876825  0.23306379 -0.17248191  0.57147844
 -0.17094904  0.41863449 -0.6169939   0.12421795  0.34281307 -0.63351307
 -0.00136898 -0.22846074  0.07540558 -0.29600329  0.27259385 -0.49898875
 -0.2944047  -0.82478657 -0.49978778 -0.22764622 -0.1957985 ]
2044,[ 0.19774897  0.10376293 -0.08478242  0.13024632  0.36794786  0.09112834
 -0.04737687  0.6545677   0.35519927 -0.53277977 -0.04591896 -0.12386072
  0.18256007  0.42643457 -0.32582606  0.22696559 -0.11111394 -0.62215818
  0.10638465  0.14173308 -0.46941623  0.2085195   0.26208906 -0.6402103
 -0.01315984  0.38541534  0.01701029  0.0415794  -0.54715632  0.5258292
  0.56155633  0.56140467  0.63877354  0.23306401 -0.17247745  0.57147969
 -0.1709539   0.41863127 -0.61699185  0.12421272  0.34281424 -0.63350424
 -0.00137915 -0.22846161  0.07539957 -0.29600506  0.27260028 -0.4989744
 -0.2944129  -0.82478558 -0.49979111 -0.22764498 -0.19580085]
2045,[ 0.19775743  0.10376633 -0.08480408  0.13025099  0.36795269  0.09112316
 -0.04736928  0.65455961  0.35519092 -0.53277625 -0.04591774 -0.12385164
  0.18255559  0.4264431  -0.32582632  0.2269727  -0.11110944 -0.62215547
  0.10637985  0.14173815 -0.46941697  0.20851497  0.26208754 -0.64021743
 -0.01316718  0.38541181  0.01702347  0.041575   -0.54716214  0.52584115
  0.56154483  0.56140777  0.63877883  0.23306423 -0.17247299  0.57148094
 -0.17095876  0.41862806 -0.61698981  0.12420749  0.34281541 -0.63349542
 -0.00138931 -0.22846248  0.07539357 -0.29600683  0.2726067  -0.49896007
 -0.29442109 -0.82478458 -0.49979443 -0.22764374 -0.19580319]
2046,[ 0.19776587  0.10376973 -0.08482572  0.13025567  0.36795752  0.09111799
 -0.0473617   0.65455152  0.35518257 -0.53277273 -0.04591651 -0.12384257
  0.18255112  0.42645162 -0.32582658  0.22697981 -0.11110493 -0.62215278
  0.10637506  0.14174322 -0.46941771  0.20851044  0.26208601 -0.64022456
 -0.01317451  0.38540829  0.01703663  0.0415706  -0.54716795  0.52585308
  0.56153335  0.56141087  0.6387841   0.23306444 -0.17246854  0.5714822
 -0.17096361  0.41862484 -0.61698777  0.12420228  0.34281658 -0.63348661
 -0.00139946 -0.22846334  0.07538758 -0.2960086   0.27261311 -0.49894576
 -0.29442928 -0.82478359 -0.49979776 -0.2276425  -0.19580553]
2047,[ 0.1977743   0.10377312 -0.08484733  0.13026033  0.36796234  0.09111282
 -0.04735412  0.65454345  0.35517423 -0.53276922 -0.04591529 -0.12383351
  0.18254665  0.42646013 -0.32582684  0.22698691 -0.11110044 -0.62215008
  0.10637027  0.14174828 -0.46941845  0.20850592  0.26208449 -0.64023167
 -0.01318183  0.38540476  0.01704977  0.04156621 -0.54717375  0.525865
  0.56152188  0.56141397  0.63878938  0.23306466 -0.17246409  0.57148345
 -0.17096845  0.41862164 -0.61698573  0.12419707  0.34281775 -0.63347782
 -0.00140959 -0.22846421  0.07538159 -0.29601037  0.27261952 -0.49893146
 -0.29443745 -0.8247826  -0.49980108 -0.22764126 -0.19580787]
2048,[ 0.19778273  0.10377651 -0.08486892  0.130265    0.36796715  0.09110766
 -0.04734656  0.65453538  0.3551659  -0.53276571 -0.04591407 -0.12382446
  0.18254219  0.42646864 -0.3258271   0.226994   -0.11109594 -0.62214739
  0.1063655   0.14175334 -0.46941919  0.20850141  0.26208296 -0.64023878
 -0.01318914  0.38540125  0.0170629   0.04156182 -0.54717955  0.52587691
  0.56151043  0.56141707  0.63879464  0.23306488 -0.17245964  0.57148469
 -0.17097329  0.41861843 -0.61698369  0.12419186  0.34281892 -0.63346903
 -0.00141971 -0.22846507  0.07537561 -0.29601213  0.27262592 -0.49891718
 -0.29444561 -0.82478161 -0.49980439 -0.22764002 -0.19581021]
2049,[ 0.19779114  0.1037799  -0.08489048  0.13026965  0.36797196  0.0911025
 -0.047339    0.65452732  0.35515758 -0.53276221 -0.04591285 -0.12381543
  0.18253773  0.42647713 -0.32582736  0.22700108 -0.11109146 -0.6221447
  0.10636072  0.14175839 -0.46941992  0.2084969   0.26208144 -0.64024588
 -0.01319644  0.38539773  0.01707602  0.04155743 -0.54718534  0.5258888
  0.56149899  0.56142016  0.6387999   0.2330651  -0.17245521  0.57148594
 -0.17097813  0.41861523 -0.61698166  0.12418666  0.34282008 -0.63346025
 -0.00142983 -0.22846593  0.07536963 -0.2960139   0.27263231 -0.49890292
 -0.29445376 -0.82478062 -0.49980771 -0.22763879 -0.19581254]
2050,[ 0.19779955  0.10378328 -0.08491202  0.13027431  0.36797676  0.09109735
 -0.04733145  0.65451928  0.35514927 -0.53275871 -0.04591163 -0.1238064
  0.18253328  0.42648561 -0.32582762  0.22700816 -0.11108697 -0.62214202
  0.10635595  0.14176343 -0.46942066  0.20849239  0.26207992 -0.64025297
 -0.01320374  0.38539422  0.01708912  0.04155305 -0.54719113  0.52590068
  0.56148756  0.56142325  0.63880516  0.23306532 -0.17245077  0.57148719
 -0.17098296  0.41861203 -0.61697963  0.12418147  0.34282125 -0.63345148
 -0.00143993 -0.22846679  0.07536366 -0.29601566  0.27263869 -0.49888867
 -0.29446191 -0.82477963 -0.49981102 -0.22763755 -0.19581487]
2051,[ 0.19780794  0.10378666 -0.08493353  0.13027895  0.36798156  0.09109221
 -0.04732391  0.65451124  0.35514097 -0.53275521 -0.04591041 -0.12379738
  0.18252883  0.42649408 -0.32582788  0.22701522 -0.1110825  -0.62213933
  0.10635119  0.14176847 -0.46942139  0.20848789  0.26207841 -0.64026006
 -0.01321102  0.38539071  0.0171022   0.04154868 -0.54719691  0.52591255
  0.56147614  0.56142634  0.6388104   0.23306554 -0.17244634  0.57148843
 -0.17098778  0.41860884 -0.6169776   0.12417628  0.34282241 -0.63344273
 -0.00145002 -0.22846765  0.0753577  -0.29601742  0.27264507 -0.49887444
 -0.29447005 -0.82477865 -0.49981432 -0.22763632 -0.1958172 ]
2052,[ 0.19781633  0.10379004 -0.08495502  0.1302836   0.36798635  0.09108707
 -0.04731638  0.65450321  0.35513267 -0.53275172 -0.0459092  -0.12378837
  0.18252439  0.42650255 -0.32582814  0.22702228 -0.11107802 -0.62213665
  0.10634643  0.14177351 -0.46942213  0.20848339  0.26207689 -0.64026713
 -0.0132183   0.38538721  0.01711527  0.04154431 -0.54720268  0.5259244
  0.56146474  0.56142942  0.63881565  0.23306575 -0.17244192  0.57148968
 -0.1709926   0.41860565 -0.61697557  0.1241711   0.34282357 -0.63343398
 -0.0014601  -0.22846851  0.07535175 -0.29601917  0.27265144 -0.49886022
 -0.29447817 -0.82477766 -0.49981762 -0.22763509 -0.19581952]
2053,[ 0.1978247   0.10379341 -0.08497649  0.13028823  0.36799114  0.09108194
 -0.04730886  0.65449519  0.35512439 -0.53274823 -0.04590798 -0.12377937
  0.18251995  0.426511   -0.3258284   0.22702933 -0.11107356 -0.62213398
  0.10634168  0.14177854 -0.46942286  0.2084789   0.26207538 -0.6402742
 -0.01322557  0.38538371  0.01712833  0.04153994 -0.54720845  0.52593624
  0.56145334  0.56143249  0.63882088  0.23306597 -0.1724375   0.57149092
 -0.17099742  0.41860246 -0.61697354  0.12416592  0.34282473 -0.63342524
 -0.00147016 -0.22846937  0.0753458  -0.29602093  0.27265781 -0.49884602
 -0.29448629 -0.82477668 -0.49982092 -0.22763386 -0.19582185]
2054,[ 0.19783307  0.10379677 -0.08499793  0.13029286  0.36799592  0.09107681
 -0.04730134  0.65448717  0.35511612 -0.53274475 -0.04590677 -0.12377039
  0.18251552  0.42651945 -0.32582866  0.22703637 -0.11106909 -0.6221313
  0.10633693  0.14178356 -0.46942359  0.20847442  0.26207387 -0.64028126
 -0.01323283  0.38538022  0.01714137  0.04153558 -0.54721421  0.52594807
  0.56144197  0.56143557  0.63882611  0.23306619 -0.17243309  0.57149216
 -0.17100222  0.41859927 -0.61697152  0.12416075  0.34282589 -0.63341651
 -0.00148022 -0.22847023  0.07533986 -0.29602268  0.27266416 -0.49883183
 -0.2944944  -0.82477569 -0.49982421 -0.22763263 -0.19582417]
2055,[ 0.19784143  0.10380014 -0.08501935  0.13029749  0.3680007   0.09107169
 -0.04729384  0.65447917  0.35510785 -0.53274127 -0.04590556 -0.12376141
  0.18251109  0.42652788 -0.32582892  0.22704341 -0.11106464 -0.62212863
  0.10633219  0.14178857 -0.46942432  0.20846994  0.26207236 -0.64028831
 -0.01324009  0.38537672  0.01715439  0.04153123 -0.54721996  0.52595988
  0.5614306   0.56143864  0.63883134  0.23306641 -0.17242868  0.5714934
 -0.17100703  0.41859609 -0.6169695   0.12415558  0.34282705 -0.63340779
 -0.00149026 -0.22847109  0.07533392 -0.29602443  0.27267051 -0.49881767
 -0.2945025  -0.82477471 -0.4998275  -0.2276314  -0.19582648]
2056,[ 0.19784978  0.1038035  -0.08504074  0.13030211  0.36800547  0.09106657
 -0.04728634  0.65447118  0.3550996  -0.53273779 -0.04590435 -0.12375244
  0.18250667  0.42653631 -0.32582918  0.22705044 -0.11106018 -0.62212596
  0.10632745  0.14179359 -0.46942505  0.20846547  0.26207085 -0.64029536
 -0.01324733  0.38537324  0.01716741  0.04152688 -0.54722571  0.52597168
  0.56141925  0.56144171  0.63883656  0.23306662 -0.17242427  0.57149463
 -0.17101182  0.41859292 -0.61696748  0.12415042  0.34282821 -0.63339908
 -0.0015003  -0.22847194  0.075328   -0.29602618  0.27267685 -0.49880351
 -0.29451059 -0.82477373 -0.49983079 -0.22763018 -0.1958288 ]
2057,[ 0.19785812  0.10380685 -0.08506211  0.13030672  0.36801023  0.09106146
 -0.04727885  0.65446319  0.35509135 -0.53273432 -0.04590314 -0.12374348
  0.18250225  0.42654472 -0.32582944  0.22705745 -0.11105574 -0.6221233
  0.10632272  0.14179859 -0.46942578  0.208461    0.26206934 -0.64030239
 -0.01325457  0.38536975  0.0171804   0.04152253 -0.54723145  0.52598347
  0.56140791  0.56144477  0.63884177  0.23306684 -0.17241987  0.57149587
 -0.17101662  0.41858975 -0.61696547  0.12414527  0.34282936 -0.63339038
 -0.00151032 -0.2284728   0.07532208 -0.29602793  0.27268319 -0.49878938
 -0.29451867 -0.82477275 -0.49983407 -0.22762895 -0.19583111]
2058,[ 0.19786645  0.10381021 -0.08508346  0.13031134  0.36801499  0.09105636
 -0.04727137  0.65445522  0.35508312 -0.53273085 -0.04590193 -0.12373454
  0.18249784  0.42655313 -0.32582969  0.22706447 -0.1110513  -0.62212064
  0.106318    0.14180359 -0.46942651  0.20845653  0.26206784 -0.64030942
 -0.0132618   0.38536627  0.01719339  0.04151819 -0.54723718  0.52599524
  0.56139658  0.56144783  0.63884698  0.23306706 -0.17241548  0.5714971
 -0.1710214   0.41858658 -0.61696345  0.12414012  0.34283052 -0.6333817
 -0.00152033 -0.22847365  0.07531616 -0.29602968  0.27268951 -0.49877525
 -0.29452674 -0.82477177 -0.49983735 -0.22762773 -0.19583342]
2059,[ 0.19787477  0.10381355 -0.08510478  0.13031594  0.36801975  0.09105126
 -0.0472639   0.65444725  0.35507489 -0.53272739 -0.04590072 -0.1237256
  0.18249343  0.42656153 -0.32582995  0.22707147 -0.11104686 -0.62211798
  0.10631327  0.14180858 -0.46942724  0.20845207  0.26206633 -0.64031644
 -0.01326902  0.3853628   0.01720635  0.04151386 -0.54724291  0.526007
  0.56138527  0.56145089  0.63885218  0.23306727 -0.17241109  0.57149834
 -0.17102618  0.41858341 -0.61696144  0.12413498  0.34283167 -0.63337302
 -0.00153033 -0.2284745   0.07531025 -0.29603142  0.27269583 -0.49876115
 -0.2945348  -0.8247708  -0.49984063 -0.22762651 -0.19583572]
2060,[ 0.19788308  0.1038169  -0.08512608  0.13032054  0.3680245   0.09104617
 -0.04725643  0.65443929  0.35506667 -0.53272392 -0.04589952 -0.12371667
  0.18248903  0.42656991 -0.32583021  0.22707846 -0.11104243 -0.62211532
  0.10630856  0.14181357 -0.46942797  0.20844762  0.26206483 -0.64032345
 -0.01327623  0.38535933  0.01721931  0.04150953 -0.54724863  0.52601875
  0.56137397  0.56145394  0.63885737  0.23306749 -0.17240671  0.57149957
 -0.17103096  0.41858025 -0.61695943  0.12412985  0.34283282 -0.63336435
 -0.00154032 -0.22847535  0.07530435 -0.29603316  0.27270215 -0.49874706
 -0.29454286 -0.82476982 -0.4998439  -0.22762529 -0.19583803]
2061,[ 0.19789138  0.10382024 -0.08514735  0.13032514  0.36802924  0.09104108
 -0.04724898  0.65443135  0.35505846 -0.53272047 -0.04589832 -0.12370776
  0.18248463  0.42657829 -0.32583047  0.22708545 -0.111038   -0.62211267
  0.10630385  0.14181856 -0.46942869  0.20844317  0.26206333 -0.64033046
 -0.01328344  0.38535586  0.01723224  0.0415052  -0.54725434  0.52603048
  0.56136268  0.561457    0.63886256  0.2330677  -0.17240233  0.5715008
 -0.17103573  0.41857709 -0.61695742  0.12412472  0.34283397 -0.63335569
 -0.00155029 -0.2284762   0.07529846 -0.2960349   0.27270845 -0.49873299
 -0.2945509  -0.82476884 -0.49984717 -0.22762407 -0.19584033]
2062,[ 0.19789967  0.10382358 -0.0851686   0.13032972  0.36803398  0.091036
 -0.04724153  0.65442341  0.35505027 -0.53271701 -0.04589711 -0.12369885
  0.18248023  0.42658666 -0.32583072  0.22709243 -0.11103358 -0.62211002
  0.10629914  0.14182353 -0.46942942  0.20843872  0.26206183 -0.64033745
 -0.01329064  0.3853524   0.01724517  0.04150088 -0.54726005  0.5260422
  0.5613514   0.56146004  0.63886775  0.23306792 -0.17239795  0.57150203
 -0.17104049  0.41857393 -0.61695542  0.12411959  0.34283512 -0.63334704
 -0.00156026 -0.22847705  0.07529257 -0.29603664  0.27271475 -0.49871893
 -0.29455894 -0.82476787 -0.49985043 -0.22762285 -0.19584263]
2063,[ 0.19790795  0.10382691 -0.08518983  0.13033431  0.36803871  0.09103093
 -0.04723409  0.65441548  0.35504208 -0.53271356 -0.04589591 -0.12368995
  0.18247585  0.42659502 -0.32583098  0.2270994  -0.11102916 -0.62210737
  0.10629445  0.1418285  -0.46943014  0.20843428  0.26206033 -0.64034444
 -0.01329782  0.38534894  0.01725808  0.04149656 -0.54726575  0.52605391
  0.56134014  0.56146309  0.63887292  0.23306813 -0.17239358  0.57150326
 -0.17104525  0.41857078 -0.61695342  0.12411447  0.34283627 -0.6333384
 -0.00157021 -0.2284779   0.07528669 -0.29603838  0.27272104 -0.49870489
 -0.29456696 -0.8247669  -0.49985369 -0.22762164 -0.19584493]
2064,[ 0.19791623  0.10383024 -0.08521103  0.13033889  0.36804344  0.09102586
 -0.04722666  0.65440755  0.35503389 -0.53271012 -0.04589471 -0.12368107
  0.18247146  0.42660337 -0.32583124  0.22710637 -0.11102475 -0.62210473
  0.10628975  0.14183347 -0.46943087  0.20842985  0.26205884 -0.64035142
 -0.013305    0.38534548  0.01727097  0.04149225 -0.54727145  0.5260656
  0.56132889  0.56146613  0.63887809  0.23306835 -0.17238922  0.57150448
 -0.17105001  0.41856764 -0.61695142  0.12410936  0.34283741 -0.63332977
 -0.00158016 -0.22847875  0.07528081 -0.29604011  0.27272733 -0.49869086
 -0.29457498 -0.82476593 -0.49985695 -0.22762042 -0.19584722]
2065,[ 0.19792449  0.10383356 -0.08523221  0.13034346  0.36804817  0.0910208
 -0.04721924  0.65439964  0.35502572 -0.53270668 -0.04589351 -0.12367219
  0.18246709  0.42661171 -0.32583149  0.22711332 -0.11102034 -0.62210209
  0.10628506  0.14183843 -0.46943159  0.20842542  0.26205735 -0.64035839
 -0.01331218  0.38534203  0.01728385  0.04148795 -0.54727714  0.52607728
  0.56131765  0.56146916  0.63888326  0.23306856 -0.17238486  0.57150571
 -0.17105476  0.41856449 -0.61694942  0.12410425  0.34283856 -0.63332114
 -0.00159009 -0.2284796   0.07527495 -0.29604184  0.27273361 -0.49867685
 -0.29458299 -0.82476495 -0.4998602  -0.22761921 -0.19584951]
2066,[ 0.19793275  0.10383689 -0.08525336  0.13034803  0.36805288  0.09101574
 -0.04721182  0.65439174  0.35501756 -0.53270324 -0.04589232 -0.12366332
  0.18246271  0.42662004 -0.32583175  0.22712027 -0.11101594 -0.62209945
  0.10628038  0.14184339 -0.46943231  0.20842099  0.26205585 -0.64036536
 -0.01331934  0.38533858  0.01729672  0.04148365 -0.54728282  0.52608895
  0.56130642  0.5614722   0.63888842  0.23306878 -0.17238051  0.57150693
 -0.1710595   0.41856135 -0.61694742  0.12409915  0.3428397  -0.63331253
 -0.00160001 -0.22848044  0.07526908 -0.29604357  0.27273988 -0.49866286
 -0.29459099 -0.82476398 -0.49986345 -0.227618   -0.1958518 ]
2067,[ 0.19794099  0.1038402  -0.08527449  0.1303526   0.3680576   0.09101069
 -0.04720442  0.65438384  0.35500941 -0.53269981 -0.04589112 -0.12365447
  0.18245834  0.42662836 -0.325832    0.22712721 -0.11101154 -0.62209682
  0.1062757   0.14184834 -0.46943303  0.20841657  0.26205436 -0.64037232
 -0.0133265   0.38533514  0.01730957  0.04147935 -0.54728849  0.5261006
  0.56129521  0.56147523  0.63889358  0.23306899 -0.17237616  0.57150815
 -0.17106424  0.41855821 -0.61694543  0.12409406  0.34284085 -0.63330393
 -0.00160992 -0.22848129  0.07526323 -0.2960453   0.27274614 -0.49864888
 -0.29459898 -0.82476302 -0.4998667  -0.22761679 -0.19585409]
2068,[ 0.19794923  0.10384352 -0.0852956   0.13035715  0.3680623   0.09100564
 -0.04719702  0.65437595  0.35500126 -0.53269638 -0.04588993 -0.12364562
  0.18245398  0.42663668 -0.32583226  0.22713414 -0.11100715 -0.62209418
  0.10627103  0.14185328 -0.46943376  0.20841216  0.26205288 -0.64037927
 -0.01333365  0.38533169  0.01732241  0.04147506 -0.54729416  0.52611224
  0.56128401  0.56147825  0.63889872  0.23306921 -0.17237181  0.57150937
 -0.17106897  0.41855508 -0.61694344  0.12408897  0.34284199 -0.63329534
 -0.00161982 -0.22848213  0.07525738 -0.29604702  0.2727524  -0.49863492
 -0.29460696 -0.82476205 -0.49986994 -0.22761558 -0.19585637]
2069,[ 0.19795746  0.10384683 -0.08531668  0.13036171  0.368067    0.0910006
 -0.04718963  0.65436808  0.35499313 -0.53269295 -0.04588874 -0.12363678
  0.18244962  0.42664498 -0.32583251  0.22714107 -0.11100276 -0.62209156
  0.10626636  0.14185822 -0.46943448  0.20840775  0.26205139 -0.64038621
 -0.01334079  0.38532826  0.01733523  0.04147077 -0.54729983  0.52612387
  0.56127282  0.56148128  0.63890387  0.23306942 -0.17236747  0.57151059
 -0.1710737   0.41855195 -0.61694145  0.12408388  0.34284313 -0.63328676
 -0.0016297  -0.22848297  0.07525154 -0.29604875  0.27275865 -0.49862097
 -0.29461493 -0.82476108 -0.49987318 -0.22761437 -0.19585865]
2070,[ 0.19796567  0.10385014 -0.08533774  0.13036626  0.3680717   0.09099556
 -0.04718225  0.65436021  0.354985   -0.53268953 -0.04588754 -0.12362796
  0.18244527  0.42665327 -0.32583277  0.22714798 -0.11099838 -0.62208893
  0.1062617   0.14186315 -0.46943519  0.20840334  0.2620499  -0.64039314
 -0.01334792  0.38532483  0.01734804  0.04146649 -0.54730548  0.52613549
  0.56126165  0.5614843   0.638909    0.23306963 -0.17236314  0.57151181
 -0.17107842  0.41854882 -0.61693946  0.12407881  0.34284427 -0.63327819
 -0.00163958 -0.22848382  0.0752457  -0.29605047  0.27276489 -0.49860704
 -0.29462289 -0.82476012 -0.49987641 -0.22761316 -0.19586093]
2071,[ 0.19797388  0.10385344 -0.08535877  0.1303708   0.36807639  0.09099053
 -0.04717488  0.65435235  0.35497689 -0.53268611 -0.04588635 -0.12361914
  0.18244092  0.42666156 -0.32583302  0.22715489 -0.110994   -0.62208631
  0.10625704  0.14186808 -0.46943591  0.20839894  0.26204842 -0.64040007
 -0.01335504  0.3853214   0.01736083  0.04146221 -0.54731113  0.52614709
  0.56125049  0.56148731  0.63891414  0.23306985 -0.17235881  0.57151303
 -0.17108314  0.4185457  -0.61693748  0.12407373  0.3428454  -0.63326962
 -0.00164945 -0.22848466  0.07523988 -0.29605219  0.27277113 -0.49859312
 -0.29463085 -0.82475915 -0.49987964 -0.22761196 -0.1958632 ]
2072,[ 0.19798208  0.10385674 -0.08537979  0.13037534  0.36808108  0.09098551
 -0.04716752  0.6543445   0.35496878 -0.5326827  -0.04588517 -0.12361033
  0.18243658  0.42666983 -0.32583328  0.22716179 -0.11098963 -0.62208369
  0.10625239  0.141873   -0.46943663  0.20839455  0.26204694 -0.64040698
 -0.01336216  0.38531797  0.01737361  0.04145794 -0.54731678  0.52615868
  0.56123934  0.56149032  0.63891926  0.23307006 -0.17235448  0.57151424
 -0.17108785  0.41854258 -0.6169355   0.12406867  0.34284654 -0.63326107
 -0.0016593  -0.2284855   0.07523405 -0.29605391  0.27277735 -0.49857922
 -0.29463879 -0.82475819 -0.49988287 -0.22761076 -0.19586548]
2073,[ 0.19799027  0.10386003 -0.08540077  0.13037987  0.36808576  0.09098049
 -0.04716016  0.65433666  0.35496068 -0.53267928 -0.04588398 -0.12360153
  0.18243224  0.4266781  -0.32583353  0.22716869 -0.11098526 -0.62208107
  0.10624774  0.14187791 -0.46943735  0.20839016  0.26204546 -0.6404139
 -0.01336927  0.38531455  0.01738638  0.04145367 -0.54732242  0.52617025
  0.5612282   0.56149333  0.63892438  0.23307027 -0.17235016  0.57151546
 -0.17109256  0.41853946 -0.61693352  0.1240636   0.34284767 -0.63325253
 -0.00166914 -0.22848634  0.07522824 -0.29605562  0.27278358 -0.49856534
 -0.29464673 -0.82475723 -0.4998861  -0.22760955 -0.19586775]
2074,[ 0.19799845  0.10386333 -0.08542174  0.1303844   0.36809043  0.09097548
 -0.04715281  0.65432882  0.35495259 -0.53267588 -0.04588279 -0.12359275
  0.18242791  0.42668636 -0.32583378  0.22717557 -0.1109809  -0.62207846
  0.1062431   0.14188282 -0.46943806  0.20838577  0.26204398 -0.6404208
 -0.01337637  0.38531113  0.01739913  0.04144941 -0.54732805  0.52618182
  0.56121708  0.56149634  0.63892949  0.23307048 -0.17234584  0.57151667
 -0.17109726  0.41853635 -0.61693154  0.12405855  0.34284881 -0.63324399
 -0.00167897 -0.22848718  0.07522243 -0.29605734  0.27278979 -0.49855147
 -0.29465466 -0.82475627 -0.49988932 -0.22760835 -0.19587002]
2075,[ 0.19800662  0.10386662 -0.08544268  0.13038892  0.3680951   0.09097047
 -0.04714548  0.654321    0.35494451 -0.53267247 -0.04588161 -0.12358397
  0.18242358  0.4266946  -0.32583404  0.22718245 -0.11097654 -0.62207584
  0.10623846  0.14188773 -0.46943878  0.20838139  0.2620425  -0.64042769
 -0.01338346  0.38530772  0.01741186  0.04144515 -0.54733367  0.52619337
  0.56120596  0.56149934  0.6389346   0.2330707  -0.17234153  0.57151788
 -0.17110195  0.41853324 -0.61692956  0.1240535   0.34284994 -0.63323547
 -0.0016888  -0.22848801  0.07521663 -0.29605905  0.272796   -0.49853762
 -0.29466258 -0.82475531 -0.49989253 -0.22760715 -0.19587228]
2076,[ 0.19801479  0.1038699  -0.0854636   0.13039344  0.36809977  0.09096547
 -0.04713814  0.65431318  0.35493644 -0.53266908 -0.04588042 -0.1235752
  0.18241925  0.42670284 -0.32583429  0.22718932 -0.11097218 -0.62207324
  0.10623383  0.14189263 -0.46943949  0.20837702  0.26204103 -0.64043458
 -0.01339054  0.38530431  0.01742458  0.0414409  -0.54733929  0.5262049
  0.56119486  0.56150234  0.63893971  0.23307091 -0.17233723  0.57151909
 -0.17110664  0.41853014 -0.61692759  0.12404846  0.34285107 -0.63322695
 -0.0016986  -0.22848885  0.07521083 -0.29606076  0.2728022  -0.49852378
 -0.29467049 -0.82475435 -0.49989575 -0.22760596 -0.19587454]
2077,[ 0.19802294  0.10387318 -0.08548449  0.13039795  0.36810443  0.09096047
 -0.04713082  0.65430538  0.35492838 -0.53266568 -0.04587924 -0.12356644
  0.18241493  0.42671107 -0.32583454  0.22719618 -0.11096784 -0.62207063
  0.10622921  0.14189752 -0.46944021  0.20837265  0.26203956 -0.64044146
 -0.01339762  0.3853009   0.01743729  0.04143665 -0.5473449   0.52621643
  0.56118378  0.56150534  0.6389448   0.23307112 -0.17233293  0.5715203
 -0.17111133  0.41852703 -0.61692562  0.12404342  0.3428522  -0.63321845
 -0.0017084  -0.22848968  0.07520504 -0.29606247  0.27280839 -0.49850996
 -0.29467839 -0.82475339 -0.49989896 -0.22760476 -0.1958768 ]
2078,[ 0.19803108  0.10387646 -0.08550536  0.13040246  0.36810908  0.09095548
 -0.04712351  0.65429758  0.35492033 -0.53266229 -0.04587806 -0.1235577
  0.18241062  0.42671929 -0.3258348   0.22720304 -0.11096349 -0.62206803
  0.10622459  0.14190241 -0.46944092  0.20836828  0.26203808 -0.64044833
 -0.01340469  0.3852975   0.01744999  0.04143241 -0.54735051  0.52622794
  0.5611727   0.56150833  0.63894989  0.23307133 -0.17232863  0.57152151
 -0.17111601  0.41852393 -0.61692365  0.12403838  0.34285333 -0.63320995
 -0.00171819 -0.22849052  0.07519926 -0.29606418  0.27281458 -0.49849615
 -0.29468628 -0.82475243 -0.49990216 -0.22760356 -0.19587906]
2079,[ 0.19803922  0.10387973 -0.0855262   0.13040696  0.36811373  0.0909505
 -0.0471162   0.65428979  0.35491228 -0.5326589  -0.04587688 -0.12354896
  0.18240631  0.4267275  -0.32583505  0.22720988 -0.11095915 -0.62206543
  0.10621997  0.14190729 -0.46944163  0.20836392  0.26203661 -0.64045519
 -0.01341175  0.3852941   0.01746266  0.04142817 -0.54735611  0.52623944
  0.56116164  0.56151132  0.63895498  0.23307154 -0.17232434  0.57152271
 -0.17112068  0.41852084 -0.61692168  0.12403336  0.34285446 -0.63320147
 -0.00172797 -0.22849135  0.07519348 -0.29606588  0.27282076 -0.49848236
 -0.29469416 -0.82475148 -0.49990536 -0.22760237 -0.19588132]
2080,[ 0.19804734  0.103883   -0.08554703  0.13041146  0.36811837  0.09094552
 -0.0471089   0.65428201  0.35490425 -0.53265552 -0.0458757  -0.12354023
  0.182402    0.4267357  -0.3258353   0.22721672 -0.11095482 -0.62206283
  0.10621536  0.14191217 -0.46944234  0.20835957  0.26203515 -0.64046205
 -0.0134188   0.38529071  0.01747533  0.04142393 -0.5473617   0.52625092
  0.56115059  0.56151431  0.63896006  0.23307175 -0.17232005  0.57152392
 -0.17112535  0.41851775 -0.61691972  0.12402834  0.34285558 -0.63319299
 -0.00173773 -0.22849219  0.07518771 -0.29606758  0.27282693 -0.49846858
 -0.29470204 -0.82475052 -0.49990856 -0.22760118 -0.19588357]
2081,[ 0.19805546  0.10388627 -0.08556783  0.13041595  0.36812301  0.09094055
 -0.04710161  0.65427424  0.35489622 -0.53265214 -0.04587453 -0.12353151
  0.1823977   0.42674389 -0.32583555  0.22722356 -0.11095049 -0.62206024
  0.10621076  0.14191704 -0.46944305  0.20835522  0.26203368 -0.6404689
 -0.01342585  0.38528732  0.01748798  0.04141971 -0.54736729  0.52626239
  0.56113955  0.56151729  0.63896513  0.23307196 -0.17231577  0.57152512
 -0.17113002  0.41851466 -0.61691776  0.12402332  0.34285671 -0.63318452
 -0.00174749 -0.22849302  0.07518195 -0.29606929  0.2728331  -0.49845482
 -0.2947099  -0.82474957 -0.49991176 -0.22759998 -0.19588582]
2082,[ 0.19806357  0.10388953 -0.0855886   0.13042044  0.36812764  0.09093558
 -0.04709433  0.65426648  0.35488821 -0.53264876 -0.04587335 -0.1235228
  0.18239341  0.42675207 -0.3258358   0.22723038 -0.11094617 -0.62205765
  0.10620616  0.14192191 -0.46944376  0.20835087  0.26203221 -0.64047574
 -0.01343288  0.38528393  0.01750061  0.04141548 -0.54737287  0.52627385
  0.56112853  0.56152027  0.6389702   0.23307217 -0.17231149  0.57152632
 -0.17113467  0.41851157 -0.6169158   0.12401831  0.34285783 -0.63317607
 -0.00175723 -0.22849385  0.07517619 -0.29607098  0.27283925 -0.49844108
 -0.29471776 -0.82474862 -0.49991495 -0.22759879 -0.19588807]
2083,[ 0.19807167  0.10389279 -0.08560936  0.13042492  0.36813227  0.09093062
 -0.04708706  0.65425872  0.3548802  -0.53264539 -0.04587218 -0.12351411
  0.18238912  0.42676025 -0.32583605  0.2272372  -0.11094185 -0.62205506
  0.10620156  0.14192677 -0.46944447  0.20834653  0.26203075 -0.64048257
 -0.01343991  0.38528055  0.01751324  0.04141126 -0.54737844  0.5262853
  0.56111752  0.56152324  0.63897526  0.23307238 -0.17230722  0.57152752
 -0.17113933  0.41850849 -0.61691384  0.12401331  0.34285895 -0.63316762
 -0.00176696 -0.22849468  0.07517044 -0.29607268  0.27284541 -0.49842735
 -0.29472561 -0.82474766 -0.49991814 -0.2275976  -0.19589031]
2084,[ 0.19807976  0.10389605 -0.08563009  0.1304294   0.36813689  0.09092566
 -0.0470798   0.65425098  0.3548722  -0.53264202 -0.045871   -0.12350542
  0.18238483  0.42676841 -0.3258363   0.227244   -0.11093754 -0.62205248
  0.10619697  0.14193163 -0.46944518  0.20834219  0.26202929 -0.6404894
 -0.01344693  0.38527717  0.01752584  0.04140705 -0.54738401  0.52629673
  0.56110652  0.56152622  0.63898032  0.23307259 -0.17230296  0.57152872
 -0.17114398  0.41850542 -0.61691188  0.12400831  0.34286007 -0.63315918
 -0.00177669 -0.22849551  0.0751647  -0.29607438  0.27285155 -0.49841364
 -0.29473344 -0.82474671 -0.49992132 -0.22759642 -0.19589256]
2085,[ 0.19808784  0.1038993  -0.08565079  0.13043387  0.36814151  0.09092071
 -0.04707254  0.65424324  0.35486421 -0.53263865 -0.04586983 -0.12349674
  0.18238055  0.42677656 -0.32583655  0.22725081 -0.11093323 -0.62204989
  0.10619239  0.14193648 -0.46944588  0.20833786  0.26202783 -0.64049621
 -0.01345394  0.3852738   0.01753844  0.04140284 -0.54738957  0.52630815
  0.56109553  0.56152919  0.63898537  0.2330728  -0.17229869  0.57152992
 -0.17114862  0.41850234 -0.61690993  0.12400331  0.34286119 -0.63315075
 -0.0017864  -0.22849633  0.07515896 -0.29607607  0.27285769 -0.49839994
 -0.29474127 -0.82474576 -0.4999245  -0.22759523 -0.1958948 ]
2086,[ 0.19809591  0.10390254 -0.08567147  0.13043834  0.36814612  0.09091577
 -0.04706529  0.65423551  0.35485623 -0.53263529 -0.04586866 -0.12348807
  0.18237628  0.42678471 -0.3258368   0.2272576  -0.11092892 -0.62204731
  0.10618781  0.14194132 -0.46944659  0.20833354  0.26202637 -0.64050302
 -0.01346095  0.38527043  0.01755102  0.04139863 -0.54739513  0.52631956
  0.56108455  0.56153215  0.63899041  0.23307301 -0.17229444  0.57153112
 -0.17115326  0.41849927 -0.61690798  0.12399833  0.34286231 -0.63314233
 -0.0017961  -0.22849716  0.07515323 -0.29607776  0.27286382 -0.49838626
 -0.2947491  -0.82474482 -0.49992768 -0.22759405 -0.19589703]
2087,[ 0.19810397  0.10390579 -0.08569213  0.1304428   0.36815073  0.09091083
 -0.04705805  0.65422779  0.35484826 -0.53263194 -0.04586749 -0.12347941
  0.18237201  0.42679285 -0.32583705  0.22726438 -0.11092462 -0.62204474
  0.10618323  0.14194616 -0.4694473   0.20832922  0.26202491 -0.64050983
 -0.01346795  0.38526706  0.01756358  0.04139443 -0.54740068  0.52633096
  0.56107359  0.56153511  0.63899545  0.23307322 -0.17229018  0.57153231
 -0.17115789  0.4184962  -0.61690603  0.12399334  0.34286343 -0.63313392
 -0.00180578 -0.22849799  0.07514751 -0.29607945  0.27286994 -0.49837259
 -0.29475691 -0.82474387 -0.49993085 -0.22759286 -0.19589927]
2088,[ 0.19811202  0.10390903 -0.08571277  0.13044726  0.36815533  0.09090589
 -0.04705082  0.65422008  0.3548403  -0.53262858 -0.04586633 -0.12347076
  0.18236774  0.42680097 -0.3258373   0.22727116 -0.11092033 -0.62204217
  0.10617867  0.14195099 -0.469448    0.2083249   0.26202346 -0.64051662
 -0.01347493  0.38526369  0.01757613  0.04139023 -0.54740622  0.52634234
  0.56106264  0.56153807  0.63900049  0.23307343 -0.17228593  0.5715335
 -0.17116252  0.41849314 -0.61690408  0.12398837  0.34286454 -0.63312552
 -0.00181546 -0.22849881  0.07514179 -0.29608114  0.27287606 -0.49835894
 -0.29476471 -0.82474292 -0.49993402 -0.22759168 -0.1959015 ]
2089,[ 0.19812007  0.10391227 -0.08573338  0.13045171  0.36815993  0.09090096
 -0.04704359  0.65421238  0.35483234 -0.53262523 -0.04586516 -0.12346212
  0.18236348  0.42680909 -0.32583755  0.22727793 -0.11091604 -0.62203959
  0.1061741   0.14195582 -0.46944871  0.20832059  0.262022   -0.64052341
 -0.01348192  0.38526033  0.01758867  0.04138604 -0.54741176  0.52635371
  0.5610517   0.56154103  0.63900552  0.23307364 -0.17228169  0.5715347
 -0.17116714  0.41849008 -0.61690214  0.1239834   0.34286566 -0.63311713
 -0.00182513 -0.22849964  0.07513608 -0.29608282  0.27288217 -0.4983453
 -0.29477251 -0.82474198 -0.49993719 -0.2275905  -0.19590373]
2090,[ 0.1981281   0.1039155  -0.08575397  0.13045616  0.36816452  0.09089604
 -0.04703638  0.65420469  0.3548244  -0.53262189 -0.04586399 -0.12345349
  0.18235922  0.4268172  -0.3258378   0.22728469 -0.11091175 -0.62203703
  0.10616954  0.14196064 -0.46944941  0.20831628  0.26202055 -0.64053019
 -0.01348889  0.38525698  0.01760119  0.04138186 -0.54741729  0.52636506
  0.56104078  0.56154398  0.63901054  0.23307385 -0.17227745  0.57153589
 -0.17117176  0.41848702 -0.6169002   0.12397843  0.34286677 -0.63310875
 -0.00183479 -0.22850046  0.07513037 -0.29608451  0.27288827 -0.49833168
 -0.29478029 -0.82474103 -0.49994035 -0.22758932 -0.19590596]
2091,[ 0.19813613  0.10391873 -0.08577454  0.1304606   0.36816911  0.09089112
 -0.04702917  0.654197    0.35481646 -0.53261855 -0.04586283 -0.12344487
  0.18235497  0.4268253  -0.32583805  0.22729145 -0.11090747 -0.62203446
  0.10616499  0.14196546 -0.46945011  0.20831198  0.2620191  -0.64053696
 -0.01349585  0.38525363  0.0176137   0.04137767 -0.54742281  0.52637641
  0.56102986  0.56154693  0.63901556  0.23307406 -0.17227322  0.57153708
 -0.17117637  0.41848397 -0.61689825  0.12397347  0.34286788 -0.63310038
 -0.00184443 -0.22850128  0.07512467 -0.29608619  0.27289437 -0.49831807
 -0.29478807 -0.82474009 -0.49994351 -0.22758814 -0.19590818]
2092,[ 0.19814414  0.10392196 -0.08579508  0.13046503  0.36817369  0.09088621
 -0.04702197  0.65418933  0.35480854 -0.53261521 -0.04586167 -0.12343626
  0.18235073  0.42683339 -0.3258383   0.2272982  -0.1109032  -0.6220319
  0.10616044  0.14197027 -0.46945081  0.20830768  0.26201765 -0.64054372
 -0.01350281  0.38525028  0.0176262   0.0413735  -0.54742833  0.52638774
  0.56101896  0.56154988  0.63902057  0.23307427 -0.17226899  0.57153827
 -0.17118097  0.41848092 -0.61689632  0.12396852  0.34286899 -0.63309202
 -0.00185406 -0.2285021   0.07511898 -0.29608787  0.27290046 -0.49830448
 -0.29479584 -0.82473915 -0.49994667 -0.22758697 -0.19591041]
2093,[ 0.19815215  0.10392518 -0.0858156   0.13046947  0.36817827  0.09088131
 -0.04701478  0.65418166  0.35480062 -0.53261187 -0.04586051 -0.12342766
  0.18234648  0.42684147 -0.32583855  0.22730494 -0.11089893 -0.62202934
  0.1061559   0.14197508 -0.46945151  0.20830339  0.26201621 -0.64055048
 -0.01350976  0.38524693  0.01763868  0.04136932 -0.54743384  0.52639905
  0.56100807  0.56155282  0.63902557  0.23307447 -0.17226477  0.57153945
 -0.17118558  0.41847787 -0.61689438  0.12396357  0.3428701  -0.63308366
 -0.00186369 -0.22850292  0.0751133  -0.29608955  0.27290654 -0.49829091
 -0.2948036  -0.82473821 -0.49994982 -0.22758579 -0.19591263]
2094,[ 0.19816015  0.1039284  -0.0858361   0.13047389  0.36818284  0.09087641
 -0.0470076   0.654174    0.35479271 -0.53260854 -0.04585935 -0.12341906
  0.18234225  0.42684954 -0.32583879  0.22731167 -0.11089466 -0.62202679
  0.10615136  0.14197988 -0.46945221  0.2082991   0.26201476 -0.64055723
 -0.0135167   0.38524359  0.01765114  0.04136516 -0.54743935  0.52641036
  0.5609972   0.56155576  0.63903057  0.23307468 -0.17226055  0.57154064
 -0.17119017  0.41847483 -0.61689245  0.12395863  0.34287121 -0.63307532
 -0.0018733  -0.22850374  0.07510762 -0.29609122  0.27291262 -0.49827735
 -0.29481135 -0.82473727 -0.49995297 -0.22758462 -0.19591485]
2095,[ 0.19816814  0.10393161 -0.08585657  0.13047832  0.3681874   0.09087151
 -0.04700042  0.65416635  0.35478481 -0.53260521 -0.04585819 -0.12341048
  0.18233801  0.42685761 -0.32583904  0.22731839 -0.1108904  -0.62202423
  0.10614683  0.14198468 -0.46945291  0.20829482  0.26201332 -0.64056397
 -0.01352364  0.38524025  0.01766359  0.04136099 -0.54744485  0.52642165
  0.56098633  0.56155869  0.63903557  0.23307489 -0.17225633  0.57154182
 -0.17119476  0.41847179 -0.61689052  0.12395369  0.34287232 -0.63306698
 -0.0018829  -0.22850456  0.07510194 -0.2960929   0.27291869 -0.49826381
 -0.29481909 -0.82473633 -0.49995611 -0.22758344 -0.19591706]
2096,[ 0.19817612  0.10393482 -0.08587702  0.13048273  0.36819196  0.09086662
 -0.04699325  0.65415871  0.35477692 -0.53260189 -0.04585703 -0.12340191
  0.18233379  0.42686566 -0.32583929  0.22732511 -0.11088615 -0.62202168
  0.1061423   0.14198947 -0.46945361  0.20829054  0.26201188 -0.6405707
 -0.01353056  0.38523692  0.01767603  0.04135684 -0.54745034  0.52643293
  0.56097548  0.56156163  0.63904056  0.2330751  -0.17225212  0.57154301
 -0.17119935  0.41846875 -0.61688859  0.12394876  0.34287343 -0.63305866
 -0.00189249 -0.22850538  0.07509628 -0.29609457  0.27292475 -0.49825028
 -0.29482682 -0.82473539 -0.49995926 -0.22758227 -0.19591927]
2097,[ 0.19818409  0.10393803 -0.08589745  0.13048715  0.36819652  0.09086174
 -0.04698609  0.65415108  0.35476904 -0.53259857 -0.04585588 -0.12339335
  0.18232956  0.42687371 -0.32583954  0.22733182 -0.11088189 -0.62201914
  0.10613778  0.14199425 -0.46945431  0.20828627  0.26201044 -0.64057743
 -0.01353748  0.38523359  0.01768846  0.04135268 -0.54745583  0.5264442
  0.56096464  0.56156455  0.63904554  0.2330753  -0.17224792  0.57154419
 -0.17120393  0.41846572 -0.61688666  0.12394383  0.34287453 -0.63305034
 -0.00190207 -0.2285062   0.07509062 -0.29609624  0.27293081 -0.49823676
 -0.29483455 -0.82473446 -0.49996239 -0.2275811  -0.19592148]
2098,[ 0.19819205  0.10394124 -0.08591786  0.13049155  0.36820107  0.09085686
 -0.04697894  0.65414345  0.35476116 -0.53259526 -0.04585472 -0.1233848
  0.18232535  0.42688174 -0.32583978  0.22733852 -0.11087765 -0.62201659
  0.10613326  0.14199903 -0.469455    0.208282    0.262009   -0.64058415
 -0.01354439  0.38523026  0.01770087  0.04134853 -0.54746131  0.52645545
  0.56095381  0.56156748  0.63905052  0.23307551 -0.17224372  0.57154537
 -0.1712085   0.41846269 -0.61688473  0.12393891  0.34287563 -0.63304204
 -0.00191164 -0.22850701  0.07508496 -0.29609791  0.27293685 -0.49822326
 -0.29484226 -0.82473352 -0.49996553 -0.22757993 -0.19592369]
2099,[ 0.19820001  0.10394444 -0.08593824  0.13049595  0.36820561  0.09085198
 -0.0469718   0.65413584  0.3547533  -0.53259194 -0.04585357 -0.12337625
  0.18232113  0.42688977 -0.32584003  0.22734522 -0.11087341 -0.62201405
  0.10612875  0.1420038  -0.4694557   0.20827774  0.26200756 -0.64059086
 -0.0135513   0.38522694  0.01771326  0.04134439 -0.54746679  0.5264667
  0.56094299  0.5615704   0.63905549  0.23307572 -0.17223952  0.57154655
 -0.17121307  0.41845966 -0.61688281  0.123934    0.34287674 -0.63303374
 -0.0019212  -0.22850783  0.07507932 -0.29609958  0.2729429  -0.49820978
 -0.29484997 -0.82473259 -0.49996866 -0.22757876 -0.1959259 ]
2100,[ 0.19820795  0.10394763 -0.0859586   0.13050035  0.36821015  0.09084712
 -0.04696466  0.65412823  0.35474544 -0.53258863 -0.04585242 -0.12336772
  0.18231692  0.42689779 -0.32584027  0.2273519  -0.11086917 -0.62201151
  0.10612424  0.14200857 -0.4694564   0.20827348  0.26200612 -0.64059756
 -0.01355819  0.38522362  0.01772565  0.04134025 -0.54747225  0.52647792
  0.56093219  0.56157332  0.63906045  0.23307592 -0.17223533  0.57154772
 -0.17121764  0.41845664 -0.61688089  0.12392909  0.34287784 -0.63302545
 -0.00193075 -0.22850864  0.07507367 -0.29610124  0.27294893 -0.49819631
 -0.29485767 -0.82473165 -0.49997179 -0.2275776  -0.1959281 ]
2101,[ 0.19821589  0.10395083 -0.08597893  0.13050474  0.36821469  0.09084225
 -0.04695754  0.65412063  0.3547376  -0.53258533 -0.04585127 -0.1233592
  0.18231272  0.4269058  -0.32584052  0.22735858 -0.11086494 -0.62200898
  0.10611974  0.14201334 -0.46945709  0.20826923  0.26200469 -0.64060425
 -0.01356508  0.38522031  0.01773801  0.04133611 -0.54747772  0.52648914
  0.5609214   0.56157624  0.63906542  0.23307613 -0.17223114  0.5715489
 -0.1712222   0.41845362 -0.61687897  0.12392418  0.34287894 -0.63301717
 -0.00194029 -0.22850946  0.07506804 -0.2961029   0.27295496 -0.49818286
 -0.29486536 -0.82473072 -0.49997491 -0.22757643 -0.1959303 ]
2102,[ 0.19822381  0.10395402 -0.08599925  0.13050913  0.36821922  0.0908374
 -0.04695042  0.65411304  0.35472976 -0.53258203 -0.04585012 -0.12335068
  0.18230852  0.4269138  -0.32584077  0.22736526 -0.11086071 -0.62200644
  0.10611524  0.14201809 -0.46945778  0.20826498  0.26200326 -0.64061094
 -0.01357196  0.385217    0.01775037  0.04133198 -0.54748317  0.52650034
  0.56091062  0.56157915  0.63907037  0.23307633 -0.17222696  0.57155008
 -0.17122675  0.4184506  -0.61687706  0.12391929  0.34288003 -0.63300891
 -0.00194981 -0.22851027  0.07506241 -0.29610456  0.27296098 -0.49816942
 -0.29487304 -0.82472979 -0.49997803 -0.22757527 -0.1959325 ]
2103,[ 0.19823173  0.1039572  -0.08601954  0.13051351  0.36822374  0.09083255
 -0.04694331  0.65410546  0.35472193 -0.53257873 -0.04584897 -0.12334218
  0.18230433  0.42692179 -0.32584101  0.22737192 -0.11085649 -0.62200391
  0.10611075  0.14202285 -0.46945848  0.20826073  0.26200183 -0.64061762
 -0.01357883  0.38521369  0.01776271  0.04132786 -0.54748862  0.52651154
  0.56089985  0.56158206  0.63907532  0.23307654 -0.17222279  0.57155125
 -0.1712313   0.41844759 -0.61687514  0.12391439  0.34288113 -0.63300065
 -0.00195933 -0.22851108  0.07505679 -0.29610622  0.272967   -0.498156
 -0.29488071 -0.82472886 -0.49998115 -0.22757411 -0.19593469]
2104,[ 0.19823964  0.10396039 -0.0860398   0.13051789  0.36822826  0.0908277
 -0.0469362   0.65409789  0.35471411 -0.53257544 -0.04584782 -0.12333368
  0.18230014  0.42692977 -0.32584126  0.22737858 -0.11085227 -0.62200139
  0.10610626  0.14202759 -0.46945917  0.2082565   0.2620004  -0.6406243
 -0.0135857   0.38521039  0.01777504  0.04132374 -0.54749407  0.52652271
  0.5608891   0.56158497  0.63908026  0.23307674 -0.17221861  0.57155242
 -0.17123585  0.41844458 -0.61687323  0.1239095   0.34288223 -0.6329924
 -0.00196883 -0.22851189  0.07505117 -0.29610788  0.272973   -0.49814259
 -0.29488838 -0.82472793 -0.49998426 -0.22757295 -0.19593688]
2105,[ 0.19824754  0.10396356 -0.08606005  0.13052226  0.36823278  0.09082286
 -0.04692911  0.65409032  0.3547063  -0.53257215 -0.04584668 -0.1233252
  0.18229595  0.42693774 -0.3258415   0.22738523 -0.11084806 -0.62199886
  0.10610178  0.14203234 -0.46945986  0.20825226  0.26199897 -0.64063096
 -0.01359255  0.38520709  0.01778735  0.04131962 -0.54749951  0.52653388
  0.56087836  0.56158787  0.6390852   0.23307695 -0.17221445  0.57155359
 -0.17124039  0.41844158 -0.61687132  0.12390462  0.34288332 -0.63298416
 -0.00197833 -0.2285127   0.07504556 -0.29610954  0.272979   -0.4981292
 -0.29489603 -0.824727   -0.49998737 -0.22757179 -0.19593907]
2106,[ 0.19825543  0.10396674 -0.08608027  0.13052663  0.36823729  0.09081802
 -0.04692202  0.65408277  0.35469849 -0.53256886 -0.04584553 -0.12331672
  0.18229177  0.42694571 -0.32584175  0.22739187 -0.11084385 -0.62199634
  0.1060973   0.14203707 -0.46946055  0.20824803  0.26199754 -0.64063762
 -0.0135994   0.38520379  0.01779965  0.04131551 -0.54750494  0.52654503
  0.56086763  0.56159077  0.63909014  0.23307715 -0.17221028  0.57155476
 -0.17124492  0.41843857 -0.61686941  0.12389975  0.34288442 -0.63297592
 -0.00198781 -0.22851351  0.07503996 -0.29611119  0.272985   -0.49811582
 -0.29490368 -0.82472607 -0.49999048 -0.22757063 -0.19594126]
2107,[ 0.19826331  0.10396991 -0.08610047  0.13053099  0.36824179  0.09081319
 -0.04691494  0.65407522  0.3546907  -0.53256558 -0.04584439 -0.12330825
  0.18228759  0.42695366 -0.32584199  0.2273985  -0.11083964 -0.62199382
  0.10609283  0.1420418  -0.46946124  0.20824381  0.26199612 -0.64064427
 -0.01360624  0.3852005   0.01781193  0.0413114  -0.54751036  0.52655617
  0.56085691  0.56159367  0.63909506  0.23307736 -0.17220613  0.57155593
 -0.17124945  0.41843558 -0.61686751  0.12389488  0.34288551 -0.6329677
 -0.00199728 -0.22851432  0.07503436 -0.29611284  0.27299099 -0.49810246
 -0.29491132 -0.82472515 -0.49999358 -0.22756947 -0.19594345]
2108,[ 0.19827119  0.10397308 -0.08612065  0.13053535  0.36824629  0.09080837
 -0.04690787  0.65406768  0.35468292 -0.5325623  -0.04584325 -0.1232998
  0.18228342  0.42696161 -0.32584223  0.22740513 -0.11083544 -0.6219913
  0.10608836  0.14204653 -0.46946193  0.20823959  0.2619947  -0.64065091
 -0.01361307  0.38519721  0.0178242   0.0413073  -0.54751578  0.5265673
  0.5608462   0.56159656  0.63909998  0.23307756 -0.17220197  0.5715571
 -0.17125398  0.41843258 -0.6168656   0.12389001  0.3428866  -0.63295949
 -0.00200675 -0.22851512  0.07502877 -0.29611449  0.27299697 -0.49808911
 -0.29491895 -0.82472422 -0.49999668 -0.22756831 -0.19594563]
2109,[ 0.19827905  0.10397625 -0.0861408   0.1305397   0.36825079  0.09080355
 -0.04690081  0.65406015  0.35467514 -0.53255903 -0.04584211 -0.12329135
  0.18227926  0.42696955 -0.32584248  0.22741175 -0.11083125 -0.62198879
  0.1060839   0.14205125 -0.46946262  0.20823537  0.26199328 -0.64065755
 -0.0136199   0.38519392  0.01783646  0.0413032  -0.5475212   0.52657842
  0.56083551  0.56159945  0.6391049   0.23307777 -0.17219782  0.57155826
 -0.1712585   0.41842959 -0.6168637   0.12388515  0.34288769 -0.63295128
 -0.0020162  -0.22851593  0.07502319 -0.29611614  0.27300294 -0.49807578
 -0.29492657 -0.8247233  -0.49999978 -0.22756716 -0.19594781]
2110,[ 0.19828691  0.10397941 -0.08616093  0.13054405  0.36825528  0.09079874
 -0.04689375  0.65405263  0.35466737 -0.53255575 -0.04584097 -0.12328291
  0.1822751   0.42697747 -0.32584272  0.22741836 -0.11082706 -0.62198628
  0.10607944  0.14205597 -0.4694633   0.20823116  0.26199186 -0.64066418
 -0.01362672  0.38519064  0.01784871  0.04129911 -0.5475266   0.52658952
  0.56082482  0.56160234  0.63910981  0.23307797 -0.17219368  0.57155943
 -0.17126301  0.4184266  -0.6168618   0.1238803   0.34288878 -0.63294309
 -0.00202564 -0.22851673  0.07501761 -0.29611779  0.27300891 -0.49806246
 -0.29493418 -0.82472238 -0.50000287 -0.22756601 -0.19594999]
2111,[ 0.19829475  0.10398256 -0.08618104  0.1305484   0.36825976  0.09079393
 -0.04688671  0.65404512  0.35465961 -0.53255249 -0.04583983 -0.12327448
  0.18227094  0.42698539 -0.32584296  0.22742497 -0.11082288 -0.62198377
  0.10607499  0.14206067 -0.46946399  0.20822695  0.26199044 -0.6406708
 -0.01363353  0.38518736  0.01786094  0.04129502 -0.54753201  0.52660061
  0.56081415  0.56160522  0.63911472  0.23307818 -0.17218954  0.57156059
 -0.17126752  0.41842361 -0.61685991  0.12387545  0.34288986 -0.6329349
 -0.00203507 -0.22851754  0.07501204 -0.29611943  0.27301487 -0.49804916
 -0.29494179 -0.82472146 -0.50000596 -0.22756486 -0.19595216]
2112,[ 0.19830259  0.10398572 -0.08620112  0.13055273  0.36826424  0.09078913
 -0.04687967  0.65403761  0.35465186 -0.53254922 -0.0458387  -0.12326606
  0.18226679  0.4269933  -0.32584321  0.22743156 -0.1108187  -0.62198127
  0.10607054  0.14206538 -0.46946468  0.20822275  0.26198902 -0.64067741
 -0.01364033  0.38518409  0.01787315  0.04129094 -0.5475374   0.52661169
  0.5608035   0.5616081   0.63911962  0.23307838 -0.17218541  0.57156175
 -0.17127202  0.41842063 -0.61685801  0.1238706   0.34289095 -0.63292673
 -0.00204449 -0.22851834  0.07500647 -0.29612107  0.27302082 -0.49803587
 -0.29494938 -0.82472053 -0.50000904 -0.2275637  -0.19595434]
2113,[ 0.19831042  0.10398887 -0.08622119  0.13055707  0.36826871  0.09078433
 -0.04687264  0.65403012  0.35464412 -0.53254596 -0.04583756 -0.12325765
  0.18226264  0.42700121 -0.32584345  0.22743815 -0.11081452 -0.62197877
  0.1060661   0.14207008 -0.46946536  0.20821856  0.26198761 -0.64068402
 -0.01364713  0.38518082  0.01788535  0.04128686 -0.54754279  0.52662276
  0.56079285  0.56161098  0.63912451  0.23307858 -0.17218128  0.57156291
 -0.17127652  0.41841765 -0.61685612  0.12386576  0.34289204 -0.63291856
 -0.0020539  -0.22851914  0.07500091 -0.29612271  0.27302677 -0.4980226
 -0.29495697 -0.82471961 -0.50001212 -0.22756256 -0.19595651]
2114,[ 0.19831824  0.10399202 -0.08624123  0.1305614   0.36827318  0.09077954
 -0.04686561  0.65402263  0.35463639 -0.53254271 -0.04583643 -0.12324925
  0.1822585   0.4270091  -0.32584369  0.22744473 -0.11081035 -0.62197627
  0.10606166  0.14207477 -0.46946605  0.20821436  0.26198619 -0.64069062
 -0.01365391  0.38517755  0.01789754  0.04128278 -0.54754817  0.52663381
  0.56078221  0.56161385  0.6391294   0.23307879 -0.17217715  0.57156407
 -0.17128102  0.41841468 -0.61685423  0.12386093  0.34289312 -0.6329104
 -0.0020633  -0.22851994  0.07499536 -0.29612435  0.27303271 -0.49800934
 -0.29496455 -0.8247187  -0.5000152  -0.22756141 -0.19595868]
2115,[ 0.19832605  0.10399516 -0.08626124  0.13056572  0.36827765  0.09077475
 -0.0468586   0.65401515  0.35462867 -0.53253945 -0.0458353  -0.12324086
  0.18225436  0.42701698 -0.32584393  0.22745131 -0.11080618 -0.62197377
  0.10605723  0.14207946 -0.46946673  0.20821018  0.26198478 -0.64069721
 -0.01366069  0.38517429  0.01790972  0.04127871 -0.54755355  0.52664485
  0.56077159  0.56161672  0.63913428  0.23307899 -0.17217303  0.57156523
 -0.1712855   0.4184117  -0.61685234  0.12385611  0.3428942  -0.63290225
 -0.00207268 -0.22852074  0.07498982 -0.29612599  0.27303865 -0.4979961
 -0.29497212 -0.82471778 -0.50001828 -0.22756026 -0.19596084]
2116,[ 0.19833386  0.1039983  -0.08628124  0.13057004  0.3682821   0.09076997
 -0.04685159  0.65400768  0.35462095 -0.5325362  -0.04583416 -0.12323248
  0.18225023  0.42702486 -0.32584417  0.22745788 -0.11080202 -0.62197128
  0.10605281  0.14208415 -0.46946741  0.208206    0.26198337 -0.64070379
 -0.01366747  0.38517103  0.01792188  0.04127465 -0.54755892  0.52665588
  0.56076098  0.56161959  0.63913916  0.23307919 -0.17216891  0.57156639
 -0.17128999  0.41840874 -0.61685045  0.12385128  0.34289528 -0.63289411
 -0.00208206 -0.22852154  0.07498428 -0.29612762  0.27304457 -0.49798287
 -0.29497968 -0.82471686 -0.50002135 -0.22755911 -0.195963  ]
2117,[ 0.19834165  0.10400144 -0.08630121  0.13057435  0.36828656  0.0907652
 -0.04684459  0.65400022  0.35461324 -0.53253296 -0.04583303 -0.12322411
  0.1822461   0.42703272 -0.32584442  0.22746444 -0.11079787 -0.62196879
  0.10604838  0.14208882 -0.4694681   0.20820182  0.26198196 -0.64071037
 -0.01367423  0.38516777  0.01793403  0.04127058 -0.54756429  0.52666689
  0.56075038  0.56162245  0.63914403  0.23307939 -0.1721648   0.57156754
 -0.17129447  0.41840577 -0.61684857  0.12384647  0.34289636 -0.63288598
 -0.00209143 -0.22852234  0.07497874 -0.29612926  0.27305049 -0.49796966
 -0.29498723 -0.82471595 -0.50002442 -0.22755797 -0.19596517]
2118,[ 0.19834944  0.10400457 -0.08632116  0.13057866  0.36829101  0.09076043
 -0.0468376   0.65399276  0.35460555 -0.53252972 -0.04583191 -0.12321575
  0.18224197  0.42704058 -0.32584466  0.22747099 -0.11079371 -0.6219663
  0.10604397  0.1420935  -0.46946878  0.20819765  0.26198056 -0.64071693
 -0.01368099  0.38516452  0.01794616  0.04126653 -0.54756964  0.5266779
  0.5607398   0.56162531  0.6391489   0.2330796  -0.17216069  0.5715687
 -0.17129894  0.41840281 -0.61684669  0.12384166  0.34289744 -0.63287786
 -0.00210079 -0.22852314  0.07497321 -0.29613089  0.27305641 -0.49795646
 -0.29499477 -0.82471503 -0.50002748 -0.22755683 -0.19596732]
2119,[ 0.19835721  0.1040077  -0.08634109  0.13058296  0.36829545  0.09075566
 -0.04683061  0.65398532  0.35459786 -0.53252648 -0.04583078 -0.12320739
  0.18223785  0.42704843 -0.3258449   0.22747753 -0.11078957 -0.62196382
  0.10603955  0.14209816 -0.46946946  0.20819348  0.26197915 -0.6407235
 -0.01368774  0.38516127  0.01795828  0.04126248 -0.547575    0.52668889
  0.56072922  0.56162817  0.63915376  0.2330798  -0.17215659  0.57156985
 -0.17130341  0.41839985 -0.61684481  0.12383685  0.34289852 -0.63286975
 -0.00211013 -0.22852394  0.07496769 -0.29613252  0.27306231 -0.49794327
 -0.29500231 -0.82471412 -0.50003054 -0.22755569 -0.19596948]
2120,[ 0.19836498  0.10401082 -0.086361    0.13058726  0.36829989  0.0907509
 -0.04682364  0.65397788  0.35459018 -0.53252324 -0.04582965 -0.12319905
  0.18223374  0.42705627 -0.32584514  0.22748407 -0.11078542 -0.62196133
  0.10603515  0.14210283 -0.46947014  0.20818931  0.26197775 -0.64073005
 -0.01369448  0.38515803  0.01797039  0.04125843 -0.54758034  0.52669987
  0.56071866  0.56163102  0.63915861  0.23308    -0.1721525   0.571571
 -0.17130787  0.41839689 -0.61684293  0.12383205  0.34289959 -0.63286165
 -0.00211947 -0.22852473  0.07496218 -0.29613415  0.27306821 -0.49793011
 -0.29500984 -0.8247132  -0.5000336  -0.22755455 -0.19597163]
2121,[ 0.19837274  0.10401395 -0.08638088  0.13059156  0.36830432  0.09074615
 -0.04681667  0.65397045  0.3545825  -0.53252001 -0.04582853 -0.12319072
  0.18222963  0.4270641  -0.32584538  0.2274906  -0.11078129 -0.62195885
  0.10603075  0.14210748 -0.46947082  0.20818515  0.26197635 -0.6407366
 -0.01370121  0.38515479  0.01798248  0.04125439 -0.54758569  0.52671083
  0.56070811  0.56163388  0.63916347  0.2330802  -0.1721484   0.57157215
 -0.17131233  0.41839394 -0.61684105  0.12382726  0.34290067 -0.63285356
 -0.00212879 -0.22852553  0.07495667 -0.29613577  0.27307411 -0.49791695
 -0.29501736 -0.82471229 -0.50003666 -0.22755341 -0.19597378]
2122,[ 0.19838049  0.10401707 -0.08640074  0.13059585  0.36830875  0.0907414
 -0.04680971  0.65396303  0.35457484 -0.53251678 -0.0458274  -0.12318239
  0.18222552  0.42707192 -0.32584562  0.22749713 -0.11077715 -0.62195638
  0.10602635  0.14211214 -0.46947149  0.208181    0.26197495 -0.64074313
 -0.01370794  0.38515155  0.01799456  0.04125035 -0.54759102  0.52672179
  0.56069757  0.56163672  0.63916831  0.2330804  -0.17214431  0.5715733
 -0.17131678  0.41839099 -0.61683918  0.12382247  0.34290174 -0.63284547
 -0.0021381  -0.22852632  0.07495116 -0.2961374   0.27308    -0.49790381
 -0.29502487 -0.82471138 -0.50003971 -0.22755227 -0.19597593]
2123,[ 0.19838823  0.10402018 -0.08642058  0.13060013  0.36831318  0.09073666
 -0.04680276  0.65395562  0.35456719 -0.53251356 -0.04582628 -0.12317408
  0.18222142  0.42707973 -0.32584586  0.22750364 -0.11077303 -0.6219539
  0.10602196  0.14211678 -0.46947217  0.20817685  0.26197355 -0.64074967
 -0.01371466  0.38514832  0.01800662  0.04124631 -0.54759635  0.52673273
  0.56068704  0.56163957  0.63917315  0.2330806  -0.17214023  0.57157445
 -0.17132123  0.41838805 -0.61683731  0.12381768  0.34290282 -0.63283739
 -0.00214741 -0.22852712  0.07494567 -0.29613902  0.27308588 -0.49789069
 -0.29503237 -0.82471047 -0.50004275 -0.22755113 -0.19597808]
2124,[ 0.19839596  0.10402329 -0.08644039  0.13060441  0.3683176   0.09073192
 -0.04679581  0.65394821  0.35455954 -0.53251034 -0.04582516 -0.12316577
  0.18221732  0.42708754 -0.3258461   0.22751015 -0.1107689  -0.62195143
  0.10601757  0.14212142 -0.46947285  0.20817271  0.26197215 -0.64075619
 -0.01372137  0.38514509  0.01801868  0.04124228 -0.54760167  0.52674366
  0.56067653  0.56164241  0.63917798  0.2330808  -0.17213615  0.57157559
 -0.17132568  0.41838511 -0.61683544  0.1238129   0.34290389 -0.63282933
 -0.0021567  -0.22852791  0.07494018 -0.29614064  0.27309175 -0.49787758
 -0.29503986 -0.82470956 -0.5000458  -0.22755    -0.19598022]
2125,[ 0.19840369  0.1040264  -0.08646019  0.13060869  0.36832201  0.09072719
 -0.04678887  0.65394082  0.3545519  -0.53250712 -0.04582404 -0.12315748
  0.18221323  0.42709533 -0.32584634  0.22751665 -0.11076478 -0.62194897
  0.10601319  0.14212606 -0.46947352  0.20816857  0.26197075 -0.64076271
 -0.01372807  0.38514186  0.01803071  0.04123826 -0.54760699  0.52675458
  0.56066602  0.56164525  0.63918281  0.233081   -0.17213208  0.57157674
 -0.17133011  0.41838217 -0.61683357  0.12380813  0.34290496 -0.63282127
 -0.00216598 -0.2285287   0.07493469 -0.29614226  0.27309762 -0.49786449
 -0.29504735 -0.82470866 -0.50004884 -0.22754886 -0.19598236]
2126,[ 0.1984114   0.10402951 -0.08647996  0.13061296  0.36832642  0.09072246
 -0.04678194  0.65393343  0.35454427 -0.53250391 -0.04582292 -0.12314919
  0.18220915  0.42710312 -0.32584658  0.22752315 -0.11076067 -0.6219465
  0.10600881  0.14213069 -0.4694742   0.20816443  0.26196936 -0.64076922
 -0.01373477  0.38513864  0.01804274  0.04123424 -0.5476123   0.52676548
  0.56065553  0.56164808  0.63918763  0.2330812  -0.17212801  0.57157788
 -0.17133455  0.41837923 -0.6168317   0.12380336  0.34290603 -0.63281322
 -0.00217526 -0.22852949  0.07492921 -0.29614387  0.27310348 -0.49785141
 -0.29505482 -0.82470775 -0.50005188 -0.22754773 -0.1959845 ]
2127,[ 0.19841911  0.10403261 -0.08649971  0.13061722  0.36833082  0.09071774
 -0.04677502  0.65392605  0.35453665 -0.5325007  -0.0458218  -0.12314091
  0.18220506  0.4271109  -0.32584682  0.22752963 -0.11075656 -0.62194404
  0.10600444  0.14213532 -0.46947487  0.2081603   0.26196797 -0.64077572
 -0.01374146  0.38513542  0.01805475  0.04123022 -0.5476176   0.52677637
  0.56064505  0.56165091  0.63919245  0.2330814  -0.17212394  0.57157902
 -0.17133898  0.4183763  -0.61682984  0.1237986   0.3429071  -0.63280518
 -0.00218452 -0.22853028  0.07492374 -0.29614549  0.27310933 -0.49783834
 -0.29506229 -0.82470685 -0.50005491 -0.2275466  -0.19598664]
2128,[ 0.19842681  0.1040357  -0.08651943  0.13062148  0.36833522  0.09071302
 -0.04676811  0.65391868  0.35452904 -0.5324975  -0.04582069 -0.12313264
  0.18220098  0.42711867 -0.32584705  0.22753611 -0.11075245 -0.62194158
  0.10600007  0.14213994 -0.46947555  0.20815617  0.26196658 -0.64078221
 -0.01374814  0.3851322   0.01806675  0.04122621 -0.5476229   0.52678725
  0.56063458  0.56165374  0.63919726  0.2330816  -0.17211988  0.57158016
 -0.1713434   0.41837337 -0.61682798  0.12379384  0.34290816 -0.63279715
 -0.00219377 -0.22853107  0.07491828 -0.2961471   0.27311518 -0.49782529
 -0.29506975 -0.82470594 -0.50005794 -0.22754547 -0.19598877]
2129,[ 0.1984345   0.1040388  -0.08653914  0.13062574  0.36833962  0.09070831
 -0.0467612   0.65391132  0.35452144 -0.53249429 -0.04581957 -0.12312438
  0.18219691  0.42712643 -0.32584729  0.22754258 -0.11074835 -0.62193912
  0.10599571  0.14214455 -0.46947622  0.20815205  0.26196519 -0.6407887
 -0.01375481  0.38512899  0.01807873  0.04122221 -0.5476282   0.52679812
  0.56062413  0.56165657  0.63920207  0.2330818  -0.17211582  0.5715813
 -0.17134782  0.41837044 -0.61682612  0.12378909  0.34290923 -0.63278913
 -0.00220301 -0.22853186  0.07491282 -0.29614871  0.27312102 -0.49781226
 -0.2950772  -0.82470504 -0.50006097 -0.22754434 -0.19599091]
2130,[ 0.19844218  0.10404189 -0.08655882  0.13062999  0.36834401  0.0907036
 -0.04675431  0.65390396  0.35451384 -0.53249109 -0.04581846 -0.12311613
  0.18219284  0.42713418 -0.32584753  0.22754905 -0.11074426 -0.62193667
  0.10599135  0.14214916 -0.46947689  0.20814794  0.2619638  -0.64079518
 -0.01376148  0.38512578  0.0180907   0.0412182  -0.54763348  0.52680898
  0.56061368  0.56165939  0.63920687  0.233082   -0.17211177  0.57158244
 -0.17135223  0.41836752 -0.61682426  0.12378435  0.34291029 -0.63278112
 -0.00221224 -0.22853264  0.07490736 -0.29615032  0.27312686 -0.49779924
 -0.29508464 -0.82470414 -0.50006399 -0.22754321 -0.19599304]
2131,[ 0.19844985  0.10404498 -0.08657848  0.13063424  0.36834839  0.0906989
 -0.04674742  0.65389662  0.35450626 -0.5324879  -0.04581735 -0.12310789
  0.18218878  0.42714192 -0.32584777  0.2275555  -0.11074016 -0.62193421
  0.105987    0.14215377 -0.46947756  0.20814382  0.26196241 -0.64080166
 -0.01376813  0.38512258  0.01810266  0.04121421 -0.54763876  0.52681982
  0.56060325  0.56166221  0.63921167  0.2330822  -0.17210773  0.57158358
 -0.17135664  0.4183646  -0.61682241  0.1237796   0.34291135 -0.63277312
 -0.00222146 -0.22853343  0.07490191 -0.29615193  0.27313268 -0.49778623
 -0.29509208 -0.82470323 -0.50006701 -0.22754209 -0.19599516]
2132,[ 0.19845751  0.10404806 -0.08659812  0.13063848  0.36835277  0.09069421
 -0.04674053  0.65388928  0.35449868 -0.53248471 -0.04581624 -0.12309966
  0.18218472  0.42714965 -0.32584801  0.22756196 -0.11073608 -0.62193177
  0.10598265  0.14215837 -0.46947823  0.20813972  0.26196103 -0.64080812
 -0.01377479  0.38511938  0.0181146   0.04121021 -0.54764404  0.52683065
  0.56059283  0.56166503  0.63921646  0.2330824  -0.17210368  0.57158472
 -0.17136104  0.41836169 -0.61682056  0.12377487  0.34291242 -0.63276512
 -0.00223067 -0.22853422  0.07489647 -0.29615354  0.2731385  -0.49777324
 -0.2950995  -0.82470233 -0.50007003 -0.22754096 -0.19599729]
2133,[ 0.19846517  0.10405114 -0.08661773  0.13064272  0.36835714  0.09068952
 -0.04673366  0.65388195  0.35449111 -0.53248152 -0.04581513 -0.12309144
  0.18218066  0.42715738 -0.32584824  0.2275684  -0.11073199 -0.62192932
  0.10597831  0.14216296 -0.4694789   0.20813561  0.26195964 -0.64081458
 -0.01378143  0.38511618  0.01812653  0.04120623 -0.54764931  0.52684147
  0.56058242  0.56166784  0.63922124  0.2330826  -0.17209964  0.57158585
 -0.17136544  0.41835877 -0.61681871  0.12377014  0.34291348 -0.63275714
 -0.00223987 -0.228535    0.07489104 -0.29615514  0.27314432 -0.49776026
 -0.29510692 -0.82470143 -0.50007304 -0.22753984 -0.19599941]
2134,[ 0.19847281  0.10405422 -0.08663733  0.13064695  0.36836151  0.09068483
 -0.04672679  0.65387463  0.35448355 -0.53247834 -0.04581402 -0.12308323
  0.18217661  0.4271651  -0.32584848  0.22757483 -0.11072792 -0.62192688
  0.10597397  0.14216755 -0.46947957  0.20813151  0.26195826 -0.64082103
 -0.01378807  0.38511299  0.01813845  0.04120224 -0.54765457  0.52685228
  0.56057202  0.56167065  0.63922602  0.2330828  -0.17209561  0.57158698
 -0.17136984  0.41835587 -0.61681686  0.12376541  0.34291454 -0.63274916
 -0.00224906 -0.22853578  0.07488561 -0.29615674  0.27315013 -0.4977473
 -0.29511433 -0.82470054 -0.50007605 -0.22753872 -0.19600153]
2135,[ 0.19848045  0.10405729 -0.0866569   0.13065117  0.36836588  0.09068015
 -0.04671993  0.65386732  0.354476   -0.53247516 -0.04581291 -0.12307502
  0.18217257  0.4271728  -0.32584872  0.22758126 -0.11072384 -0.62192444
  0.10596963  0.14217214 -0.46948024  0.20812742  0.26195688 -0.64082748
 -0.01379469  0.3851098   0.01815036  0.04119826 -0.54765983  0.52686307
  0.56056164  0.56167346  0.6392308   0.233083   -0.17209158  0.57158812
 -0.17137422  0.41835296 -0.61681501  0.12376069  0.34291559 -0.6327412
 -0.00225824 -0.22853657  0.07488019 -0.29615834  0.27315593 -0.49773435
 -0.29512173 -0.82469964 -0.50007906 -0.22753759 -0.19600365]
2136,[ 0.19848808  0.10406036 -0.08667645  0.1306554   0.36837024  0.09067548
 -0.04671308  0.65386001  0.35446846 -0.53247198 -0.0458118  -0.12306683
  0.18216853  0.4271805  -0.32584895  0.22758768 -0.11071978 -0.621922
  0.10596531  0.14217671 -0.46948091  0.20812333  0.2619555  -0.64083391
 -0.01380132  0.38510661  0.01816225  0.04119429 -0.54766508  0.52687386
  0.56055126  0.56167626  0.63923557  0.23308319 -0.17208756  0.57158925
 -0.17137861  0.41835006 -0.61681317  0.12375598  0.34291665 -0.63273324
 -0.00226741 -0.22853735  0.07487477 -0.29615994  0.27316172 -0.49772142
 -0.29512913 -0.82469874 -0.50008206 -0.22753647 -0.19600576]
2137,[ 0.1984957   0.10406343 -0.08669598  0.13065961  0.36837459  0.09067081
 -0.04670624  0.65385272  0.35446092 -0.53246881 -0.0458107  -0.12305864
  0.18216449  0.42718819 -0.32584919  0.2275941  -0.11071571 -0.62191956
  0.10596098  0.14218129 -0.46948158  0.20811925  0.26195413 -0.64084034
 -0.01380793  0.38510343  0.01817412  0.04119032 -0.54767032  0.52688463
  0.5605409   0.56167906  0.63924033  0.23308339 -0.17208354  0.57159038
 -0.17138299  0.41834716 -0.61681133  0.12375127  0.34291771 -0.63272529
 -0.00227656 -0.22853813  0.07486936 -0.29616154  0.27316751 -0.4977085
 -0.29513651 -0.82469785 -0.50008506 -0.22753536 -0.19600787]
2138,[ 0.19850331  0.10406649 -0.08671548  0.13066383  0.36837894  0.09066614
 -0.0466994   0.65384543  0.3544534  -0.53246564 -0.0458096  -0.12305047
  0.18216046  0.42719588 -0.32584942  0.2276005  -0.11071165 -0.62191713
  0.10595666  0.14218586 -0.46948224  0.20811517  0.26195275 -0.64084676
 -0.01381453  0.38510025  0.01818599  0.04118635 -0.54767556  0.52689539
  0.56053055  0.56168186  0.63924509  0.23308359 -0.17207952  0.5715915
 -0.17138736  0.41834426 -0.61680948  0.12374657  0.34291876 -0.63271735
 -0.00228571 -0.22853891  0.07486395 -0.29616313  0.2731733  -0.4976956
 -0.29514389 -0.82469695 -0.50008806 -0.22753424 -0.19600998]
2139,[ 0.19851091  0.10406955 -0.08673497  0.13066804  0.36838329  0.09066149
 -0.04669257  0.65383815  0.35444588 -0.53246247 -0.04580849 -0.1230423
  0.18215643  0.42720355 -0.32584966  0.2276069  -0.1107076  -0.6219147
  0.10595235  0.14219042 -0.46948291  0.20811109  0.26195138 -0.64085318
 -0.01382113  0.38509707  0.01819784  0.04118239 -0.5476808   0.52690613
  0.56052021  0.56168465  0.63924984  0.23308379 -0.17207551  0.57159263
 -0.17139173  0.41834137 -0.61680765  0.12374187  0.34291982 -0.63270942
 -0.00229485 -0.22853969  0.07485855 -0.29616473  0.27317907 -0.49768271
 -0.29515125 -0.82469606 -0.50009105 -0.22753312 -0.19601209]
2140,[ 0.19851851  0.10407261 -0.08675443  0.13067224  0.36838763  0.09065683
 -0.04668575  0.65383088  0.35443837 -0.53245931 -0.04580739 -0.12303414
  0.18215241  0.42721121 -0.3258499   0.2276133  -0.11070355 -0.62191227
  0.10594804  0.14219498 -0.46948357  0.20810702  0.26195    -0.64085959
 -0.01382773  0.3850939   0.01820967  0.04117843 -0.54768603  0.52691687
  0.56050989  0.56168744  0.63925459  0.23308398 -0.17207151  0.57159376
 -0.17139609  0.41833848 -0.61680581  0.12373718  0.34292087 -0.63270149
 -0.00230398 -0.22854047  0.07485316 -0.29616632  0.27318484 -0.49766983
 -0.29515861 -0.82469517 -0.50009404 -0.22753201 -0.1960142 ]
2141,[ 0.19852609  0.10407566 -0.08677387  0.13067644  0.36839196  0.09065218
 -0.04667894  0.65382361  0.35443087 -0.53245615 -0.04580629 -0.12302599
  0.18214839  0.42721887 -0.32585013  0.22761968 -0.1106995  -0.62190985
  0.10594374  0.14219953 -0.46948424  0.20810295  0.26194863 -0.64086599
 -0.01383431  0.38509073  0.0182215   0.04117448 -0.54769125  0.52692759
  0.56049957  0.56169023  0.63925933  0.23308418 -0.1720675   0.57159488
 -0.17140045  0.41833559 -0.61680398  0.12373249  0.34292192 -0.63269358
 -0.00231309 -0.22854124  0.07484778 -0.29616791  0.2731906  -0.49765697
 -0.29516596 -0.82469428 -0.50009702 -0.22753089 -0.1960163 ]
2142,[ 0.19853367  0.10407871 -0.08679329  0.13068063  0.36839629  0.09064754
 -0.04667213  0.65381636  0.35442338 -0.53245299 -0.04580519 -0.12301785
  0.18214437  0.42722652 -0.32585037  0.22762606 -0.11069546 -0.62190743
  0.10593944  0.14220408 -0.4694849   0.20809889  0.26194726 -0.64087238
 -0.01384089  0.38508756  0.01823331  0.04117053 -0.54769646  0.5269383
  0.56048927  0.56169301  0.63926407  0.23308438 -0.17206351  0.571596
 -0.17140481  0.41833271 -0.61680214  0.12372781  0.34292297 -0.63268568
 -0.0023222  -0.22854202  0.0748424  -0.2961695   0.27319636 -0.49764413
 -0.29517331 -0.82469339 -0.50010001 -0.22752978 -0.1960184 ]
2143,[ 0.19854124  0.10408176 -0.08681268  0.13068482  0.36840062  0.0906429
 -0.04666534  0.65380911  0.35441589 -0.53244984 -0.0458041  -0.12300972
  0.18214036  0.42723416 -0.3258506   0.22763243 -0.11069142 -0.62190501
  0.10593514  0.14220862 -0.46948556  0.20809484  0.2619459  -0.64087877
 -0.01384745  0.3850844   0.0182451   0.04116659 -0.54770167  0.526949
  0.56047897  0.56169579  0.6392688   0.23308457 -0.17205951  0.57159713
 -0.17140916  0.41832983 -0.61680032  0.12372313  0.34292402 -0.63267778
 -0.0023313  -0.22854279  0.07483702 -0.29617108  0.27320211 -0.4976313
 -0.29518064 -0.8246925  -0.50010299 -0.22752867 -0.1960205 ]
2144,[ 0.1985488   0.1040848  -0.08683206  0.13068901  0.36840494  0.09063827
 -0.04665855  0.65380187  0.35440842 -0.53244669 -0.045803   -0.1230016
  0.18213636  0.42724179 -0.32585083  0.22763879 -0.11068739 -0.62190259
  0.10593085  0.14221316 -0.46948622  0.20809078  0.26194453 -0.64088515
 -0.01385402  0.38508124  0.01825689  0.04116265 -0.54770688  0.52695968
  0.56046869  0.56169857  0.63927352  0.23308477 -0.17205553  0.57159825
 -0.1714135   0.41832695 -0.61679849  0.12371846  0.34292507 -0.63266989
 -0.00234038 -0.22854357  0.07483165 -0.29617267  0.27320785 -0.49761848
 -0.29518797 -0.82469161 -0.50010596 -0.22752756 -0.1960226 ]
2145,[ 0.19855635  0.10408784 -0.08685141  0.13069319  0.36840926  0.09063364
 -0.04665176  0.65379464  0.35440095 -0.53244355 -0.04580191 -0.12299349
  0.18213236  0.42724941 -0.32585107  0.22764515 -0.11068336 -0.62190018
  0.10592657  0.1422177  -0.46948688  0.20808674  0.26194317 -0.64089152
 -0.01386057  0.38507809  0.01826866  0.04115871 -0.54771208  0.52697036
  0.56045842  0.56170135  0.63927825  0.23308497 -0.17205154  0.57159937
 -0.17141784  0.41832408 -0.61679666  0.12371379  0.34292611 -0.63266202
 -0.00234946 -0.22854434  0.07482629 -0.29617425  0.27321359 -0.49760568
 -0.29519529 -0.82469072 -0.50010894 -0.22752645 -0.19602469]
2146,[ 0.1985639   0.10409087 -0.08687074  0.13069736  0.36841357  0.09062902
 -0.04664499  0.65378742  0.35439349 -0.53244041 -0.04580081 -0.12298539
  0.18212836  0.42725702 -0.3258513   0.2276515  -0.11067934 -0.62189777
  0.10592229  0.14222222 -0.46948754  0.20808269  0.2619418  -0.64089788
 -0.01386712  0.38507494  0.01828041  0.04115478 -0.54771727  0.52698102
  0.56044816  0.56170412  0.63928296  0.23308516 -0.17204756  0.57160048
 -0.17142217  0.41832121 -0.61679484  0.12370913  0.34292716 -0.63265415
 -0.00235852 -0.22854512  0.07482093 -0.29617583  0.27321932 -0.49759289
 -0.2952026  -0.82468984 -0.50011191 -0.22752534 -0.19602678]
2147,[ 0.19857143  0.1040939  -0.08689005  0.13070153  0.36841787  0.09062441
 -0.04663822  0.6537802   0.35438604 -0.53243727 -0.04579972 -0.1229773
  0.18212437  0.42726463 -0.32585154  0.22765784 -0.11067532 -0.62189536
  0.10591802  0.14222675 -0.4694882   0.20807865  0.26194044 -0.64090424
 -0.01387366  0.38507179  0.01829216  0.04115085 -0.54772246  0.52699167
  0.56043792  0.56170689  0.63928767  0.23308536 -0.17204359  0.5716016
 -0.1714265   0.41831834 -0.61679302  0.12370447  0.3429282  -0.63264629
 -0.00236758 -0.22854589  0.07481558 -0.29617741  0.27322504 -0.49758011
 -0.2952099  -0.82468895 -0.50011487 -0.22752424 -0.19602887]
2148,[ 0.19857896  0.10409693 -0.08690934  0.1307057   0.36842217  0.09061979
 -0.04663146  0.653773    0.3543786  -0.53243413 -0.04579863 -0.12296921
  0.18212038  0.42727222 -0.32585177  0.22766417 -0.11067131 -0.62189296
  0.10591374  0.14223126 -0.46948886  0.20807462  0.26193908 -0.64091059
 -0.01388019  0.38506865  0.01830389  0.04114693 -0.54772764  0.52700231
  0.56042768  0.56170965  0.63929238  0.23308555 -0.17203962  0.57160272
 -0.17143083  0.41831548 -0.6167912   0.12369982  0.34292924 -0.63263844
 -0.00237662 -0.22854666  0.07481024 -0.29617898  0.27323076 -0.49756736
 -0.29521719 -0.82468807 -0.50011783 -0.22752313 -0.19603096]
2149,[ 0.19858648  0.10409996 -0.0869286   0.13070986  0.36842647  0.09061519
 -0.04662471  0.6537658   0.35437116 -0.532431   -0.04579754 -0.12296114
  0.1821164   0.42727981 -0.325852    0.2276705  -0.1106673  -0.62189056
  0.10590948  0.14223578 -0.46948952  0.20807059  0.26193772 -0.64091693
 -0.01388671  0.38506551  0.0183156   0.04114302 -0.54773281  0.52701293
  0.56041746  0.56171242  0.63929708  0.23308575 -0.17203565  0.57160383
 -0.17143515  0.41831262 -0.61678938  0.12369517  0.34293029 -0.63263059
 -0.00238566 -0.22854743  0.0748049  -0.29618056  0.27323647 -0.49755461
 -0.29522448 -0.82468718 -0.50012079 -0.22752203 -0.19603304]
2150,[ 0.19859399  0.10410298 -0.08694784  0.13071401  0.36843076  0.09061059
 -0.04661797  0.65375861  0.35436374 -0.53242788 -0.04579645 -0.12295307
  0.18211242  0.42728739 -0.32585223  0.22767682 -0.1106633  -0.62188816
  0.10590522  0.14224028 -0.46949018  0.20806656  0.26193637 -0.64092327
 -0.01389323  0.38506237  0.01832731  0.0411391  -0.54773798  0.52702355
  0.56040725  0.56171517  0.63930177  0.23308594 -0.17203169  0.57160494
 -0.17143946  0.41830976 -0.61678756  0.12369053  0.34293133 -0.63262276
 -0.00239468 -0.2285482   0.07479957 -0.29618213  0.27324217 -0.49754188
 -0.29523175 -0.8246863  -0.50012375 -0.22752093 -0.19603512]
2151,[ 0.19860149  0.104106   -0.08696707  0.13071817  0.36843505  0.09060599
 -0.04661123  0.65375143  0.35435632 -0.53242475 -0.04579536 -0.12294501
  0.18210845  0.42729496 -0.32585247  0.22768314 -0.11065929 -0.62188576
  0.10590096  0.14224479 -0.46949083  0.20806254  0.26193501 -0.6409296
 -0.01389974  0.38505924  0.018339    0.04113519 -0.54774314  0.52703415
  0.56039705  0.56171793  0.63930646  0.23308614 -0.17202773  0.57160606
 -0.17144377  0.41830691 -0.61678575  0.1236859   0.34293237 -0.63261494
 -0.0024037  -0.22854897  0.07479424 -0.29618371  0.27324787 -0.49752916
 -0.29523902 -0.82468542 -0.5001267  -0.22751983 -0.1960372 ]
2152,[ 0.19860898  0.10410901 -0.08698627  0.13072231  0.36843933  0.0906014
 -0.0466045   0.65374425  0.35434891 -0.53242163 -0.04579428 -0.12293697
  0.18210448  0.42730252 -0.3258527   0.22768944 -0.1106553  -0.62188337
  0.10589671  0.14224928 -0.46949149  0.20805853  0.26193366 -0.64093592
 -0.01390624  0.38505611  0.01835068  0.04113129 -0.5477483   0.52704474
  0.56038686  0.56172068  0.63931114  0.23308633 -0.17202378  0.57160717
 -0.17144808  0.41830406 -0.61678394  0.12368127  0.3429334  -0.63260712
 -0.0024127  -0.22854974  0.07478892 -0.29618528  0.27325356 -0.49751646
 -0.29524628 -0.82468454 -0.50012965 -0.22751873 -0.19603928]
2153,[ 0.19861646  0.10411203 -0.08700545  0.13072646  0.36844361  0.09059681
 -0.04659778  0.65373709  0.35434151 -0.53241852 -0.04579319 -0.12292893
  0.18210051  0.42731007 -0.32585293  0.22769574 -0.11065131 -0.62188097
  0.10589247  0.14225378 -0.46949214  0.20805452  0.2619323  -0.64094223
 -0.01391274  0.38505298  0.01836234  0.04112739 -0.54775345  0.52705532
  0.56037668  0.56172343  0.63931582  0.23308653 -0.17201983  0.57160828
 -0.17145238  0.41830121 -0.61678213  0.12367664  0.34293444 -0.63259931
 -0.0024217  -0.2285505   0.07478361 -0.29618684  0.27325925 -0.49750377
 -0.29525353 -0.82468366 -0.5001326  -0.22751763 -0.19604136]
2154,[ 0.19862394  0.10411503 -0.0870246   0.13073059  0.36844788  0.09059223
 -0.04659107  0.65372993  0.35433412 -0.5324154  -0.04579211 -0.1229209
  0.18209655  0.42731762 -0.32585316  0.22770203 -0.11064732 -0.62187859
  0.10588822  0.14225826 -0.4694928   0.20805051  0.26193095 -0.64094854
 -0.01391923  0.38504986  0.01837399  0.0411235  -0.5477586   0.52706588
  0.56036652  0.56172618  0.63932049  0.23308672 -0.17201589  0.57160938
 -0.17145668  0.41829836 -0.61678032  0.12367202  0.34293548 -0.63259151
 -0.00243068 -0.22855127  0.0747783  -0.29618841  0.27326493 -0.4974911
 -0.29526078 -0.82468278 -0.50013554 -0.22751653 -0.19604343]
2155,[ 0.19863141  0.10411804 -0.08704374  0.13073473  0.36845215  0.09058766
 -0.04658436  0.65372278  0.35432674 -0.53241229 -0.04579102 -0.12291288
  0.1820926   0.42732515 -0.32585339  0.22770832 -0.11064334 -0.6218762
  0.10588399  0.14226274 -0.46949345  0.20804651  0.2619296  -0.64095484
 -0.01392571  0.38504674  0.01838563  0.0411196  -0.54776374  0.52707644
  0.56035636  0.56172893  0.63932516  0.23308692 -0.17201195  0.57161049
 -0.17146097  0.41829552 -0.61677852  0.12366741  0.34293651 -0.63258372
 -0.00243966 -0.22855203  0.074773   -0.29618998  0.2732706  -0.49747844
 -0.29526801 -0.8246819  -0.50013848 -0.22751543 -0.1960455 ]
2156,[ 0.19863887  0.10412104 -0.08706285  0.13073885  0.36845641  0.09058309
 -0.04657766  0.65371564  0.35431936 -0.53240919 -0.04578994 -0.12290486
  0.18208865  0.42733268 -0.32585362  0.2277146  -0.11063936 -0.62187382
  0.10587976  0.14226722 -0.4694941   0.20804251  0.26192826 -0.64096114
 -0.01393218  0.38504362  0.01839726  0.04111572 -0.54776887  0.52708698
  0.56034622  0.56173167  0.63932982  0.23308711 -0.17200802  0.5716116
 -0.17146525  0.41829269 -0.61677671  0.1236628   0.34293755 -0.63257594
 -0.00244862 -0.2285528   0.0747677  -0.29619154  0.27327627 -0.4974658
 -0.29527524 -0.82468103 -0.50014142 -0.22751434 -0.19604757]
2157,[ 0.19864632  0.10412404 -0.08708194  0.13074298  0.36846067  0.09057852
 -0.04657097  0.6537085   0.354312   -0.53240608 -0.04578886 -0.12289686
  0.1820847   0.4273402  -0.32585385  0.22772087 -0.11063539 -0.62187143
  0.10587553  0.14227169 -0.46949476  0.20803852  0.26192691 -0.64096742
 -0.01393865  0.38504051  0.01840887  0.04111184 -0.547774    0.52709751
  0.56033609  0.5617344   0.63933448  0.2330873  -0.17200409  0.5716127
 -0.17146953  0.41828985 -0.61677491  0.1236582   0.34293858 -0.63256817
 -0.00245757 -0.22855356  0.07476241 -0.2961931   0.27328193 -0.49745317
 -0.29528246 -0.82468015 -0.50014435 -0.22751325 -0.19604963]
2158,[ 0.19865376  0.10412703 -0.08710102  0.1307471   0.36846492  0.09057396
 -0.04656429  0.65370138  0.35430464 -0.53240298 -0.04578778 -0.12288887
  0.18208076  0.42734771 -0.32585409  0.22772713 -0.11063142 -0.62186906
  0.10587131  0.14227616 -0.46949541  0.20803453  0.26192556 -0.6409737
 -0.01394511  0.3850374   0.01842047  0.04110796 -0.54777912  0.52710803
  0.56032597  0.56173714  0.63933913  0.2330875  -0.17200016  0.5716138
 -0.17147381  0.41828702 -0.61677311  0.1236536   0.34293961 -0.63256041
 -0.00246652 -0.22855432  0.07475713 -0.29619466  0.27328758 -0.49744055
 -0.29528967 -0.82467928 -0.50014728 -0.22751215 -0.19605169]
2159,[ 0.19866119  0.10413003 -0.08712007  0.13075121  0.36846917  0.09056941
 -0.04655761  0.65369426  0.35429729 -0.53239989 -0.04578671 -0.12288088
  0.18207682  0.42735521 -0.32585432  0.22773339 -0.11062745 -0.62186668
  0.10586709  0.14228062 -0.46949606  0.20803054  0.26192422 -0.64097997
 -0.01395156  0.3850343   0.01843205  0.04110408 -0.54778424  0.52711854
  0.56031586  0.56173987  0.63934378  0.23308769 -0.17199624  0.57161491
 -0.17147808  0.41828419 -0.61677132  0.123649    0.34294064 -0.63255265
 -0.00247545 -0.22855509  0.07475185 -0.29619622  0.27329323 -0.49742795
 -0.29529688 -0.82467841 -0.50015021 -0.22751106 -0.19605376]
2160,[ 0.19866862  0.10413301 -0.08713909  0.13075532  0.36847341  0.09056486
 -0.04655094  0.65368715  0.35428994 -0.5323968  -0.04578563 -0.12287291
  0.18207289  0.42736271 -0.32585455  0.22773964 -0.11062349 -0.62186431
  0.10586288  0.14228508 -0.46949671  0.20802656  0.26192288 -0.64098624
 -0.013958    0.3850312   0.01844363  0.04110022 -0.54778935  0.52712903
  0.56030576  0.5617426   0.63934842  0.23308788 -0.17199232  0.57161601
 -0.17148235  0.41828137 -0.61676952  0.12364441  0.34294167 -0.63254491
 -0.00248438 -0.22855585  0.07474658 -0.29619777  0.27329887 -0.49741536
 -0.29530407 -0.82467753 -0.50015313 -0.22750997 -0.19605581]
2161,[ 0.19867603  0.104136   -0.0871581   0.13075943  0.36847765  0.09056031
 -0.04654428  0.65368005  0.35428261 -0.53239371 -0.04578455 -0.12286494
  0.18206896  0.42737019 -0.32585478  0.22774588 -0.11061954 -0.62186194
  0.10585867  0.14228953 -0.46949736  0.20802259  0.26192154 -0.6409925
 -0.01396444  0.3850281   0.01845519  0.04109635 -0.54779446  0.52713951
  0.56029568  0.56174532  0.63935306  0.23308807 -0.17198841  0.57161711
 -0.17148661  0.41827854 -0.61676773  0.12363983  0.3429427  -0.63253717
 -0.00249329 -0.22855661  0.07474131 -0.29619933  0.2733045  -0.49740279
 -0.29531126 -0.82467666 -0.50015605 -0.22750888 -0.19605787]
2162,[ 0.19868344  0.10413898 -0.08717709  0.13076353  0.36848188  0.09055578
 -0.04653763  0.65367295  0.35427528 -0.53239062 -0.04578348 -0.12285698
  0.18206503  0.42737767 -0.32585501  0.22775212 -0.11061559 -0.62185957
  0.10585446  0.14229398 -0.469498    0.20801862  0.2619202  -0.64099875
 -0.01397087  0.385025    0.01846673  0.04109249 -0.54779956  0.52714998
  0.5602856   0.56174805  0.63935769  0.23308827 -0.1719845   0.5716182
 -0.17149087  0.41827572 -0.61676594  0.12363525  0.34294372 -0.63252944
 -0.00250219 -0.22855737  0.07473605 -0.29620088  0.27331013 -0.49739023
 -0.29531844 -0.82467579 -0.50015896 -0.22750779 -0.19605992]
2163,[ 0.19869084  0.10414196 -0.08719605  0.13076762  0.36848611  0.09055124
 -0.04653098  0.65366587  0.35426797 -0.53238754 -0.04578241 -0.12284903
  0.18206111  0.42738514 -0.32585523  0.22775835 -0.11061164 -0.62185721
  0.10585027  0.14229842 -0.46949865  0.20801465  0.26191886 -0.64100499
 -0.01397729  0.38502191  0.01847827  0.04108863 -0.54780465  0.52716044
  0.56027554  0.56175077  0.63936232  0.23308846 -0.1719806   0.5716193
 -0.17149512  0.41827291 -0.61676415  0.12363068  0.34294475 -0.63252172
 -0.00251109 -0.22855812  0.0747308  -0.29620243  0.27331575 -0.49737768
 -0.29532561 -0.82467492 -0.50016188 -0.22750671 -0.19606198]
2164,[ 0.19869823  0.10414493 -0.08721499  0.13077171  0.36849034  0.09054671
 -0.04652434  0.65365879  0.35426066 -0.53238446 -0.04578134 -0.12284109
  0.1820572   0.4273926  -0.32585546  0.22776457 -0.1106077  -0.62185484
  0.10584607  0.14230286 -0.4694993   0.20801069  0.26191753 -0.64101123
 -0.01398371  0.38501882  0.01848979  0.04108478 -0.54780974  0.52717089
  0.56026549  0.56175348  0.63936694  0.23308865 -0.1719767   0.5716204
 -0.17149937  0.4182701  -0.61676236  0.12362611  0.34294577 -0.63251401
 -0.00251997 -0.22855888  0.07472555 -0.29620398  0.27332136 -0.49736515
 -0.29533277 -0.82467405 -0.50016479 -0.22750562 -0.19606403]
2165,[ 0.19870562  0.1041479  -0.08723391  0.1307758   0.36849456  0.09054219
 -0.04651771  0.65365172  0.35425336 -0.53238139 -0.04578026 -0.12283316
  0.18205328  0.42740005 -0.32585569  0.22777078 -0.11060376 -0.62185249
  0.10584188  0.14230729 -0.46949994  0.20800673  0.26191619 -0.64101746
 -0.01399012  0.38501574  0.0185013   0.04108094 -0.54781482  0.52718133
  0.56025545  0.5617562   0.63937155  0.23308884 -0.1719728   0.57162149
 -0.17150361  0.41826729 -0.61676058  0.12362155  0.3429468  -0.63250631
 -0.00252884 -0.22855964  0.0747203  -0.29620553  0.27332697 -0.49735263
 -0.29533993 -0.82467319 -0.50016769 -0.22750454 -0.19606607]
2166,[ 0.19871299  0.10415087 -0.08725281  0.13077988  0.36849877  0.09053767
 -0.04651109  0.65364466  0.35424606 -0.53237832 -0.0457792  -0.12282524
  0.18204938  0.4274075  -0.32585592  0.22777699 -0.11059983 -0.62185013
  0.1058377   0.14231172 -0.46950059  0.20800278  0.26191486 -0.64102368
 -0.01399652  0.38501266  0.01851279  0.04107709 -0.5478199   0.52719175
  0.56024542  0.56175891  0.63937616  0.23308903 -0.17196891  0.57162258
 -0.17150785  0.41826448 -0.61675879  0.12361699  0.34294782 -0.63249862
 -0.00253771 -0.22856039  0.07471507 -0.29620707  0.27333258 -0.49734013
 -0.29534708 -0.82467232 -0.5001706  -0.22750346 -0.19606812]
2167,[ 0.19872036  0.10415384 -0.08727169  0.13078396  0.36850298  0.09053316
 -0.04650447  0.6536376   0.35423878 -0.53237525 -0.04577813 -0.12281733
  0.18204548  0.42741493 -0.32585615  0.22778319 -0.1105959  -0.62184777
  0.10583352  0.14231614 -0.46950123  0.20799883  0.26191353 -0.6410299
 -0.01400291  0.38500958  0.01852427  0.04107325 -0.54782497  0.52720216
  0.5602354   0.56176161  0.63938077  0.23308923 -0.17196503  0.57162368
 -0.17151208  0.41826168 -0.61675701  0.12361244  0.34294884 -0.63249093
 -0.00254656 -0.22856115  0.07470984 -0.29620862  0.27333817 -0.49732764
 -0.29535421 -0.82467145 -0.5001735  -0.22750238 -0.19607016]
2168,[ 0.19872772  0.1041568  -0.08729055  0.13078803  0.36850719  0.09052865
 -0.04649786  0.65363056  0.3542315  -0.53237218 -0.04577706 -0.12280942
  0.18204158  0.42742236 -0.32585638  0.22778938 -0.11059197 -0.62184542
  0.10582934  0.14232055 -0.46950188  0.20799488  0.2619122  -0.64103611
 -0.0140093   0.38500651  0.01853574  0.04106942 -0.54783004  0.52721257
  0.56022539  0.56176432  0.63938537  0.23308942 -0.17196114  0.57162477
 -0.17151631  0.41825888 -0.61675523  0.12360789  0.34294986 -0.63248326
 -0.00255541 -0.2285619   0.07470461 -0.29621016  0.27334376 -0.49731517
 -0.29536135 -0.82467059 -0.50017639 -0.22750129 -0.1960722 ]
2169,[ 0.19873507  0.10415976 -0.08730938  0.1307921   0.36851139  0.09052414
 -0.04649126  0.65362352  0.35422424 -0.53236912 -0.04577599 -0.12280153
  0.18203768  0.42742978 -0.3258566   0.22779557 -0.11058805 -0.62184307
  0.10582517  0.14232497 -0.46950252  0.20799094  0.26191087 -0.64104231
 -0.01401568  0.38500344  0.0185472   0.04106559 -0.54783509  0.52722295
  0.5602154   0.56176702  0.63938996  0.23308961 -0.17195727  0.57162586
 -0.17152053  0.41825608 -0.61675346  0.12360335  0.34295088 -0.63247559
 -0.00256424 -0.22856266  0.07469939 -0.2962117   0.27334935 -0.4973027
 -0.29536847 -0.82466973 -0.50017929 -0.22750022 -0.19607424]
2170,[ 0.19874241  0.10416271 -0.0873282   0.13079617  0.36851558  0.09051964
 -0.04648467  0.65361649  0.35421698 -0.53236607 -0.04577493 -0.12279364
  0.18203379  0.42743719 -0.32585683  0.22780175 -0.11058414 -0.62184073
  0.10582101  0.14232937 -0.46950316  0.20798701  0.26190954 -0.6410485
 -0.01402205  0.38500037  0.01855864  0.04106176 -0.54784015  0.52723333
  0.56020541  0.56176972  0.63939455  0.2330898  -0.17195339  0.57162694
 -0.17152475  0.41825329 -0.61675168  0.12359881  0.34295189 -0.63246793
 -0.00257306 -0.22856341  0.07469418 -0.29621324  0.27335492 -0.49729026
 -0.29537558 -0.82466886 -0.50018218 -0.22749914 -0.19607627]
2171,[ 0.19874975  0.10416566 -0.08734699  0.13080022  0.36851977  0.09051515
 -0.04647808  0.65360947  0.35420972 -0.53236301 -0.04577387 -0.12278577
  0.18202991  0.42744459 -0.32585706  0.22780792 -0.11058023 -0.62183838
  0.10581685  0.14233378 -0.46950381  0.20798308  0.26190822 -0.64105469
 -0.01402842  0.38499731  0.01857007  0.04105794 -0.5478452   0.5272437
  0.56019544  0.56177241  0.63939914  0.23308999 -0.17194952  0.57162803
 -0.17152897  0.4182505  -0.61674991  0.12359428  0.34295291 -0.63246028
 -0.00258188 -0.22856416  0.07468897 -0.29621477  0.27336049 -0.49727782
 -0.29538269 -0.824668   -0.50018507 -0.22749806 -0.19607831]
2172,[ 0.19875707  0.10416861 -0.08736577  0.13080428  0.36852396  0.09051066
 -0.0464715   0.65360245  0.35420248 -0.53235996 -0.0457728  -0.1227779
  0.18202603  0.42745198 -0.32585729  0.22781409 -0.11057632 -0.62183604
  0.10581269  0.14233817 -0.46950445  0.20797915  0.2619069  -0.64106087
 -0.01403477  0.38499425  0.01858149  0.04105413 -0.54785024  0.52725405
  0.56018548  0.5617751   0.63940372  0.23309018 -0.17194566  0.57162912
 -0.17153318  0.41824771 -0.61674814  0.12358975  0.34295392 -0.63245264
 -0.00259068 -0.22856491  0.07468377 -0.29621631  0.27336606 -0.49726541
 -0.29538979 -0.82466714 -0.50018795 -0.22749699 -0.19608034]
2173,[ 0.19876439  0.10417155 -0.08738452  0.13080833  0.36852814  0.09050618
 -0.04646493  0.65359545  0.35419525 -0.53235691 -0.04577174 -0.12277004
  0.18202215  0.42745937 -0.32585751  0.22782025 -0.11057242 -0.62183371
  0.10580854  0.14234256 -0.46950509  0.20797523  0.26190557 -0.64106704
 -0.01404112  0.38499119  0.01859289  0.04105031 -0.54785528  0.52726439
  0.56017553  0.56177779  0.63940829  0.23309037 -0.1719418   0.5716302
 -0.17153738  0.41824493 -0.61674637  0.12358523  0.34295494 -0.632445
 -0.00259947 -0.22856566  0.07467857 -0.29621784  0.27337162 -0.497253
 -0.29539688 -0.82466628 -0.50019083 -0.22749591 -0.19608237]
2174,[ 0.1987717   0.1041745  -0.08740325  0.13081237  0.36853232  0.0905017
 -0.04645836  0.65358845  0.35418802 -0.53235387 -0.04577068 -0.12276219
  0.18201828  0.42746674 -0.32585774  0.2278264  -0.11056852 -0.62183137
  0.10580439  0.14234695 -0.46950573  0.20797131  0.26190425 -0.64107321
 -0.01404747  0.38498814  0.01860429  0.0410465  -0.54786031  0.52727473
  0.56016559  0.56178048  0.63941286  0.23309056 -0.17193794  0.57163129
 -0.17154158  0.41824215 -0.6167446   0.12358072  0.34295595 -0.63243738
 -0.00260826 -0.22856641  0.07467338 -0.29621937  0.27337717 -0.49724061
 -0.29540396 -0.82466542 -0.50019371 -0.22749484 -0.19608439]
2175,[ 0.198779    0.10417743 -0.08742196  0.13081642  0.36853649  0.09049723
 -0.04645181  0.65358146  0.3541808  -0.53235083 -0.04576963 -0.12275434
  0.18201441  0.42747411 -0.32585797  0.22783255 -0.11056463 -0.62182904
  0.10580025  0.14235133 -0.46950637  0.2079674   0.26190293 -0.64107937
 -0.0140538   0.38498509  0.01861566  0.0410427  -0.54786533  0.52728504
  0.56015566  0.56178316  0.63941742  0.23309075 -0.17193409  0.57163237
 -0.17154578  0.41823937 -0.61674284  0.1235762   0.34295696 -0.63242976
 -0.00261703 -0.22856716  0.0746682  -0.2962209   0.27338272 -0.49722823
 -0.29541104 -0.82466456 -0.50019658 -0.22749377 -0.19608642]
2176,[ 0.19878629  0.10418037 -0.08744065  0.13082045  0.36854066  0.09049276
 -0.04644526  0.65357448  0.35417359 -0.53234779 -0.04576857 -0.12274651
  0.18201055  0.42748147 -0.32585819  0.22783868 -0.11056074 -0.62182671
  0.10579611  0.14235571 -0.469507    0.20796349  0.26190161 -0.64108552
 -0.01406013  0.38498204  0.01862703  0.0410389  -0.54787035  0.52729535
  0.56014575  0.56178584  0.63942198  0.23309094 -0.17193025  0.57163345
 -0.17154997  0.41823659 -0.61674107  0.1235717   0.34295797 -0.63242216
 -0.0026258  -0.2285679   0.07466302 -0.29622243  0.27338826 -0.49721587
 -0.2954181  -0.82466371 -0.50019945 -0.2274927  -0.19608844]
2177,[ 0.19879358  0.1041833  -0.08745931  0.13082448  0.36854482  0.0904883
 -0.04643872  0.6535675   0.35416639 -0.53234476 -0.04576751 -0.12273869
  0.18200669  0.42748882 -0.32585842  0.22784481 -0.11055685 -0.62182438
  0.10579198  0.14236008 -0.46950764  0.20795958  0.2619003  -0.64109167
 -0.01406646  0.384979    0.01863838  0.0410351  -0.54787537  0.52730565
  0.56013584  0.56178852  0.63942654  0.23309113 -0.1719264   0.57163453
 -0.17155415  0.41823382 -0.61673931  0.1235672   0.34295898 -0.63241456
 -0.00263455 -0.22856865  0.07465785 -0.29622396  0.27339379 -0.49720352
 -0.29542516 -0.82466285 -0.50020232 -0.22749163 -0.19609046]
2178,[ 0.19880085  0.10418623 -0.08747796  0.13082851  0.36854898  0.09048384
 -0.04643218  0.65356054  0.35415919 -0.53234173 -0.04576646 -0.12273087
  0.18200283  0.42749617 -0.32585864  0.22785094 -0.11055297 -0.62182205
  0.10578785  0.14236445 -0.46950828  0.20795568  0.26189898 -0.64109781
 -0.01407277  0.38497596  0.01864973  0.04103131 -0.54788038  0.52731593
  0.56012595  0.56179119  0.63943108  0.23309131 -0.17192256  0.57163561
 -0.17155833  0.41823105 -0.61673755  0.1235627   0.34295999 -0.63240697
 -0.0026433  -0.2285694   0.07465268 -0.29622548  0.27339932 -0.49719119
 -0.29543221 -0.824662   -0.50020518 -0.22749056 -0.19609248]
2179,[ 0.19880812  0.10418915 -0.08749658  0.13083253  0.36855313  0.09047938
 -0.04642565  0.65355358  0.35415201 -0.5323387  -0.0457654  -0.12272306
  0.18199898  0.4275035  -0.32585887  0.22785706 -0.1105491  -0.62181973
  0.10578373  0.14236881 -0.46950891  0.20795179  0.26189767 -0.64110394
 -0.01407908  0.38497292  0.01866105  0.04102753 -0.54788538  0.5273262
  0.56011606  0.56179386  0.63943563  0.2330915  -0.17191873  0.57163668
 -0.17156251  0.41822829 -0.61673579  0.12355821  0.342961   -0.63239938
 -0.00265203 -0.22857014  0.07464752 -0.29622701  0.27340484 -0.49717886
 -0.29543926 -0.82466114 -0.50020804 -0.22748949 -0.19609449]
2180,[ 0.19881538  0.10419207 -0.08751519  0.13083655  0.36855728  0.09047494
 -0.04641913  0.65354662  0.35414483 -0.53233568 -0.04576435 -0.12271527
  0.18199514  0.42751083 -0.32585909  0.22786317 -0.11054522 -0.62181741
  0.10577961  0.14237317 -0.46950955  0.2079479   0.26189636 -0.64111007
 -0.01408538  0.38496989  0.01867237  0.04102374 -0.54789038  0.52733647
  0.56010619  0.56179653  0.63944017  0.23309169 -0.1719149   0.57163776
 -0.17156668  0.41822552 -0.61673404  0.12355372  0.342962   -0.63239181
 -0.00266076 -0.22857089  0.07464237 -0.29622853  0.27341035 -0.49716656
 -0.29544629 -0.82466029 -0.5002109  -0.22748843 -0.1960965 ]
2181,[ 0.19882263  0.10419499 -0.08753377  0.13084057  0.36856143  0.09047049
 -0.04641262  0.65353968  0.35413766 -0.53233266 -0.0457633  -0.12270748
  0.1819913   0.42751815 -0.32585932  0.22786927 -0.11054136 -0.62181509
  0.10577549  0.14237752 -0.46951018  0.20794401  0.26189505 -0.64111619
 -0.01409167  0.38496686  0.01868367  0.04101997 -0.54789537  0.52734672
  0.56009633  0.56179919  0.6394447   0.23309188 -0.17191108  0.57163884
 -0.17157085  0.41822277 -0.61673229  0.12354924  0.34296301 -0.63238425
 -0.00266947 -0.22857163  0.07463722 -0.29623005  0.27341586 -0.49715426
 -0.29545332 -0.82465944 -0.50021376 -0.22748736 -0.19609851]
2182,[ 0.19882988  0.10419791 -0.08755233  0.13084458  0.36856556  0.09046605
 -0.04640611  0.65353275  0.35413049 -0.53232964 -0.04576225 -0.1226997
  0.18198746  0.42752546 -0.32585954  0.22787537 -0.11053749 -0.62181278
  0.10577138  0.14238187 -0.46951082  0.20794013  0.26189374 -0.6411223
 -0.01409796  0.38496384  0.01869496  0.04101619 -0.54790035  0.52735695
  0.56008648  0.56180185  0.63944923  0.23309207 -0.17190725  0.57163991
 -0.17157501  0.41822001 -0.61673054  0.12354476  0.34296401 -0.63237669
 -0.00267818 -0.22857237  0.07463208 -0.29623157  0.27342136 -0.49714198
 -0.29546034 -0.82465859 -0.50021661 -0.2274863  -0.19610052]
2183,[ 0.19883711  0.10420082 -0.08757087  0.13084858  0.3685697   0.09046162
 -0.04639962  0.65352582  0.35412334 -0.53232663 -0.0457612  -0.12269192
  0.18198363  0.42753276 -0.32585977  0.22788146 -0.11053364 -0.62181047
  0.10576728  0.14238621 -0.46951145  0.20793625  0.26189243 -0.6411284
 -0.01410424  0.38496081  0.01870624  0.04101242 -0.54790533  0.52736718
  0.56007664  0.56180451  0.63945375  0.23309226 -0.17190344  0.57164098
 -0.17157917  0.41821726 -0.61672879  0.12354029  0.34296502 -0.63236914
 -0.00268687 -0.22857311  0.07462694 -0.29623308  0.27342686 -0.49712972
 -0.29546735 -0.82465774 -0.50021946 -0.22748524 -0.19610253]
2184,[ 0.19884434  0.10420373 -0.08758939  0.13085258  0.36857383  0.09045719
 -0.04639313  0.6535189   0.35411619 -0.53232362 -0.04576015 -0.12268416
  0.1819798   0.42754005 -0.32585999  0.22788754 -0.11052978 -0.62180816
  0.10576318  0.14239055 -0.46951208  0.20793237  0.26189113 -0.6411345
 -0.01411051  0.38495779  0.0187175   0.04100865 -0.54791031  0.52737739
  0.56006681  0.56180717  0.63945827  0.23309244 -0.17189963  0.57164205
 -0.17158332  0.41821451 -0.61672704  0.12353583  0.34296602 -0.6323616
 -0.00269556 -0.22857385  0.07462181 -0.2962346   0.27343235 -0.49711747
 -0.29547435 -0.82465689 -0.5002223  -0.22748417 -0.19610453]
2185,[ 0.19885156  0.10420663 -0.08760789  0.13085658  0.36857796  0.09045277
 -0.04638664  0.65351199  0.35410906 -0.53232061 -0.04575911 -0.12267641
  0.18197597  0.42754734 -0.32586021  0.22789362 -0.11052593 -0.62180585
  0.10575908  0.14239489 -0.46951272  0.2079285   0.26188982 -0.64114059
 -0.01411678  0.38495478  0.01872875  0.04100489 -0.54791528  0.5273876
  0.56005699  0.56180982  0.63946278  0.23309263 -0.17189582  0.57164312
 -0.17158747  0.41821176 -0.61672529  0.12353137  0.34296702 -0.63235407
 -0.00270423 -0.22857459  0.07461668 -0.29623611  0.27343783 -0.49710523
 -0.29548135 -0.82465604 -0.50022514 -0.22748312 -0.19610653]
2186,[ 0.19885877  0.10420953 -0.08762637  0.13086057  0.36858208  0.09044835
 -0.04638017  0.65350508  0.35410193 -0.53231761 -0.04575806 -0.12266866
  0.18197215  0.42755462 -0.32586044  0.22789969 -0.11052209 -0.62180355
  0.10575499  0.14239921 -0.46951335  0.20792464  0.26188852 -0.64114668
 -0.01412304  0.38495177  0.01873999  0.04100114 -0.54792024  0.52739779
  0.56004719  0.56181247  0.63946729  0.23309282 -0.17189201  0.57164419
 -0.17159161  0.41820902 -0.61672355  0.12352691  0.34296802 -0.63234655
 -0.0027129  -0.22857533  0.07461156 -0.29623762  0.27344331 -0.497093
 -0.29548834 -0.82465519 -0.50022798 -0.22748206 -0.19610853]
2187,[ 0.19886597  0.10421243 -0.08764483  0.13086455  0.36858619  0.09044394
 -0.0463737   0.65349818  0.3540948  -0.53231461 -0.04575702 -0.12266093
  0.18196834  0.42756189 -0.32586066  0.22790575 -0.11051824 -0.62180125
  0.10575091  0.14240354 -0.46951398  0.20792078  0.26188722 -0.64115275
 -0.01412929  0.38494876  0.01875122  0.04099738 -0.5479252   0.52740797
  0.56003739  0.56181512  0.63947179  0.23309301 -0.17188821  0.57164526
 -0.17159575  0.41820628 -0.61672181  0.12352246  0.34296901 -0.63233904
 -0.00272156 -0.22857607  0.07460645 -0.29623913  0.27344878 -0.49708079
 -0.29549532 -0.82465435 -0.50023082 -0.227481   -0.19611053]
2188,[ 0.19887317  0.10421533 -0.08766327  0.13086854  0.3685903   0.09043953
 -0.04636724  0.6534913   0.35408769 -0.53231161 -0.04575597 -0.1226532
  0.18196453  0.42756915 -0.32586088  0.2279118  -0.11051441 -0.62179895
  0.10574682  0.14240786 -0.46951461  0.20791692  0.26188592 -0.64115882
 -0.01413553  0.38494575  0.01876243  0.04099363 -0.54793015  0.52741814
  0.56002761  0.56181776  0.63947629  0.23309319 -0.17188442  0.57164633
 -0.17159989  0.41820354 -0.61672007  0.12351801  0.34297001 -0.63233153
 -0.0027302  -0.22857681  0.07460134 -0.29624064  0.27345425 -0.4970686
 -0.29550229 -0.8246535  -0.50023365 -0.22747994 -0.19611252]
2189,[ 0.19888035  0.10421822 -0.08768168  0.13087251  0.36859441  0.09043513
 -0.04636078  0.65348441  0.35408058 -0.53230862 -0.04575493 -0.12264548
  0.18196072  0.4275764  -0.32586111  0.22791785 -0.11051057 -0.62179665
  0.10574275  0.14241217 -0.46951524  0.20791307  0.26188462 -0.64116489
 -0.01414177  0.38494275  0.01877363  0.04098989 -0.5479351   0.5274283
  0.56001784  0.5618204   0.63948078  0.23309338 -0.17188063  0.57164739
 -0.17160402  0.4182008  -0.61671833  0.12351357  0.34297101 -0.63232404
 -0.00273884 -0.22857754  0.07459623 -0.29624214  0.27345971 -0.49705641
 -0.29550925 -0.82465266 -0.50023648 -0.22747889 -0.19611452]
2190,[ 0.19888753  0.10422111 -0.08770008  0.13087649  0.36859851  0.09043073
 -0.04635433  0.65347754  0.35407349 -0.53230563 -0.04575389 -0.12263777
  0.18195692  0.42758364 -0.32586133  0.22792389 -0.11050675 -0.62179436
  0.10573867  0.14241648 -0.46951586  0.20790922  0.26188332 -0.64117094
 -0.014148    0.38493975  0.01878482  0.04098615 -0.54794004  0.52743844
  0.56000808  0.56182304  0.63948527  0.23309357 -0.17187684  0.57164845
 -0.17160814  0.41819807 -0.6167166   0.12350913  0.342972   -0.63231655
 -0.00274747 -0.22857828  0.07459114 -0.29624365  0.27346516 -0.49704424
 -0.29551621 -0.82465181 -0.50023931 -0.22747783 -0.19611651]
2191,[ 0.1988947   0.10422399 -0.08771846  0.13088045  0.36860261  0.09042633
 -0.04634789  0.65347068  0.3540664  -0.53230265 -0.04575285 -0.12263007
  0.18195312  0.42759088 -0.32586155  0.22792993 -0.11050292 -0.62179206
  0.10573461  0.14242078 -0.46951649  0.20790538  0.26188202 -0.64117699
 -0.01415422  0.38493676  0.018796    0.04098241 -0.54794498  0.52744858
  0.55999833  0.56182568  0.63948975  0.23309375 -0.17187306  0.57164952
 -0.17161226  0.41819534 -0.61671486  0.1235047   0.342973   -0.63230907
 -0.00275608 -0.22857901  0.07458605 -0.29624515  0.27347061 -0.49703209
 -0.29552316 -0.82465097 -0.50024213 -0.22747678 -0.19611849]
2192,[ 0.19890186  0.10422688 -0.08773681  0.13088442  0.3686067   0.09042195
 -0.04634146  0.65346382  0.35405931 -0.53229966 -0.04575181 -0.12262237
  0.18194932  0.42759811 -0.32586177  0.22793596 -0.1104991  -0.62178978
  0.10573054  0.14242508 -0.46951712  0.20790154  0.26188073 -0.64118304
 -0.01416044  0.38493377  0.01880716  0.04097868 -0.54794991  0.5274587
  0.55998859  0.56182831  0.63949423  0.23309394 -0.17186928  0.57165058
 -0.17161638  0.41819262 -0.61671313  0.12350028  0.34297399 -0.6323016
 -0.00276469 -0.22857975  0.07458096 -0.29624665  0.27347605 -0.49701994
 -0.2955301  -0.82465013 -0.50024495 -0.22747573 -0.19612048]
2193,[ 0.19890902  0.10422976 -0.08775514  0.13088838  0.36861079  0.09041756
 -0.04633504  0.65345697  0.35405224 -0.53229668 -0.04575078 -0.12261469
  0.18194553  0.42760533 -0.32586199  0.22794198 -0.11049529 -0.62178749
  0.10572648  0.14242938 -0.46951774  0.20789771  0.26187944 -0.64118907
 -0.01416665  0.38493078  0.01881831  0.04097495 -0.54795483  0.52746881
  0.55997886  0.56183094  0.6394987   0.23309412 -0.17186551  0.57165164
 -0.17162049  0.4181899  -0.6167114   0.12349586  0.34297498 -0.63229413
 -0.00277329 -0.22858048  0.07457588 -0.29624815  0.27348148 -0.49700782
 -0.29553703 -0.82464929 -0.50024776 -0.22747468 -0.19612246]
2194,[ 0.19891616  0.10423263 -0.08777346  0.13089233  0.36861488  0.09041318
 -0.04632862  0.65345012  0.35404517 -0.53229371 -0.04574974 -0.12260701
  0.18194175  0.42761254 -0.32586221  0.22794799 -0.11049148 -0.62178521
  0.10572243  0.14243367 -0.46951837  0.20789387  0.26187815 -0.6411951
 -0.01417285  0.38492779  0.01882945  0.04097123 -0.54795975  0.52747891
  0.55996914  0.56183356  0.63950317  0.23309431 -0.17186174  0.5716527
 -0.1716246   0.41818718 -0.61670967  0.12349144  0.34297597 -0.63228668
 -0.00278188 -0.22858121  0.07457081 -0.29624965  0.27348691 -0.4969957
 -0.29554396 -0.82464845 -0.50025058 -0.22747363 -0.19612445]
2195,[ 0.1989233   0.1042355  -0.08779175  0.13089629  0.36861896  0.09040881
 -0.04632221  0.65344329  0.35403811 -0.53229074 -0.0457487  -0.12259934
  0.18193797  0.42761975 -0.32586244  0.227954   -0.11048767 -0.62178293
  0.10571838  0.14243795 -0.46951899  0.20789005  0.26187686 -0.64120113
 -0.01417905  0.38492481  0.01884057  0.04096751 -0.54796466  0.527489
  0.55995943  0.56183619  0.63950763  0.23309449 -0.17185797  0.57165376
 -0.1716287   0.41818446 -0.61670795  0.12348703  0.34297696 -0.63227923
 -0.00279046 -0.22858194  0.07456574 -0.29625114  0.27349233 -0.4969836
 -0.29555087 -0.82464761 -0.50025339 -0.22747258 -0.19612642]
2196,[ 0.19893043  0.10423837 -0.08781002  0.13090023  0.36862303  0.09040444
 -0.0463158   0.65343646  0.35403106 -0.53228777 -0.04574767 -0.12259169
  0.18193419  0.42762694 -0.32586266  0.22796    -0.11048387 -0.62178065
  0.10571433  0.14244223 -0.46951962  0.20788623  0.26187557 -0.64120714
 -0.01418523  0.38492183  0.01885169  0.04096379 -0.54796957  0.52749908
  0.55994974  0.56183881  0.63951209  0.23309468 -0.17185421  0.57165481
 -0.1716328   0.41818175 -0.61670622  0.12348262  0.34297795 -0.63227179
 -0.00279903 -0.22858267  0.07456067 -0.29625264  0.27349775 -0.49697151
 -0.29555778 -0.82464677 -0.50025619 -0.22747154 -0.1961284 ]
2197,[ 0.19893755  0.10424124 -0.08782827  0.13090417  0.3686271   0.09040008
 -0.04630941  0.65342964  0.35402402 -0.5322848  -0.04574664 -0.12258404
  0.18193042  0.42763413 -0.32586288  0.227966   -0.11048007 -0.62177837
  0.10571029  0.1424465  -0.46952024  0.20788241  0.26187428 -0.64121315
 -0.01419142  0.38491886  0.01886279  0.04096008 -0.54797448  0.52750915
  0.55994005  0.56184142  0.63951654  0.23309486 -0.17185045  0.57165587
 -0.17163689  0.41817904 -0.6167045   0.12347822  0.34297893 -0.63226436
 -0.00280759 -0.2285834   0.07455562 -0.29625413  0.27350316 -0.49695944
 -0.29556468 -0.82464594 -0.500259   -0.22747049 -0.19613038]
2198,[ 0.19894467  0.1042441  -0.0878465   0.13090811  0.36863117  0.09039572
 -0.04630302  0.65342283  0.35401699 -0.53228184 -0.04574561 -0.12257639
  0.18192665  0.42764131 -0.3258631   0.22797199 -0.11047627 -0.6217761
  0.10570626  0.14245077 -0.46952086  0.2078786   0.261873   -0.64121915
 -0.01419759  0.38491589  0.01887387  0.04095638 -0.54797937  0.5275192
  0.55993038  0.56184404  0.63952099  0.23309505 -0.1718467   0.57165692
 -0.17164098  0.41817633 -0.61670278  0.12347383  0.34297992 -0.63225694
 -0.00281614 -0.22858413  0.07455057 -0.29625562  0.27350856 -0.49694738
 -0.29557158 -0.8246451  -0.5002618  -0.22746945 -0.19613235]
2199,[ 0.19895177  0.10424696 -0.08786471  0.13091204  0.36863523  0.09039136
 -0.04629664  0.65341603  0.35400996 -0.53227888 -0.04574458 -0.12256876
  0.18192288  0.42764848 -0.32586332  0.22797797 -0.11047248 -0.62177383
  0.10570222  0.14245504 -0.46952149  0.20787479  0.26187171 -0.64122515
 -0.01420376  0.38491292  0.01888495  0.04095267 -0.54798426  0.52752925
  0.55992072  0.56184665  0.63952543  0.23309523 -0.17184295  0.57165798
 -0.17164506  0.41817363 -0.61670107  0.12346943  0.3429809  -0.63224953
 -0.00282468 -0.22858486  0.07454552 -0.29625711  0.27351396 -0.49693533
 -0.29557846 -0.82464427 -0.5002646  -0.2274684  -0.19613432]
2200,[ 0.19895887  0.10424982 -0.0878829   0.13091597  0.36863928  0.09038702
 -0.04629026  0.65340923  0.35400294 -0.53227592 -0.04574355 -0.12256114
  0.18191912  0.42765565 -0.32586354  0.22798394 -0.1104687  -0.62177156
  0.1056982   0.1424593  -0.46952211  0.20787098  0.26187043 -0.64123114
 -0.01420992  0.38490995  0.01889601  0.04094898 -0.54798915  0.52753928
  0.55991106  0.56184926  0.63952986  0.23309542 -0.17183921  0.57165903
 -0.17164914  0.41817093 -0.61669935  0.12346505  0.34298189 -0.63224213
 -0.00283321 -0.22858559  0.07454048 -0.2962586   0.27351935 -0.4969233
 -0.29558534 -0.82464343 -0.50026739 -0.22746736 -0.19613629]
2201,[ 0.19896596  0.10425267 -0.08790107  0.1309199   0.36864333  0.09038267
 -0.04628389  0.65340244  0.35399593 -0.53227297 -0.04574252 -0.12255352
  0.18191537  0.4276628  -0.32586376  0.22798991 -0.11046492 -0.62176929
  0.10569417  0.14246356 -0.46952273  0.20786718  0.26186915 -0.64123712
 -0.01421607  0.38490699  0.01890706  0.04094528 -0.54799403  0.5275493
  0.55990142  0.56185186  0.6395343   0.2330956  -0.17183547  0.57166008
 -0.17165321  0.41816823 -0.61669763  0.12346067  0.34298287 -0.63223473
 -0.00284173 -0.22858632  0.07453545 -0.29626008  0.27352474 -0.49691128
 -0.29559221 -0.8246426  -0.50027018 -0.22746632 -0.19613825]
2202,[ 0.19897305  0.10425552 -0.08791922  0.13092382  0.36864738  0.09037833
 -0.04627753  0.65339566  0.35398893 -0.53227002 -0.04574149 -0.12254591
  0.18191162  0.42766995 -0.32586398  0.22799587 -0.11046114 -0.62176703
  0.10569016  0.14246781 -0.46952335  0.20786339  0.26186787 -0.6412431
 -0.01422222  0.38490403  0.0189181   0.04094159 -0.5479989   0.52755931
  0.55989179  0.56185446  0.63953872  0.23309579 -0.17183173  0.57166113
 -0.17165728  0.41816554 -0.61669592  0.12345629  0.34298385 -0.63222734
 -0.00285024 -0.22858704  0.07453042 -0.29626157  0.27353012 -0.49689927
 -0.29559908 -0.82464177 -0.50027297 -0.22746528 -0.19614021]
2203,[ 0.19898012  0.10425837 -0.08793735  0.13092773  0.36865142  0.090374
 -0.04627118  0.65338889  0.35398193 -0.53226708 -0.04574047 -0.12253832
  0.18190787  0.42767709 -0.3258642   0.22800183 -0.11045737 -0.62176477
  0.10568614  0.14247205 -0.46952397  0.20785959  0.26186659 -0.64124906
 -0.01422836  0.38490108  0.01892913  0.0409379  -0.54800377  0.52756931
  0.55988217  0.56185706  0.63954315  0.23309597 -0.171828    0.57166218
 -0.17166135  0.41816284 -0.61669421  0.12345192  0.34298483 -0.63221996
 -0.00285874 -0.22858777  0.07452539 -0.29626305  0.27353549 -0.49688728
 -0.29560593 -0.82464094 -0.50027575 -0.22746424 -0.19614218]
2204,[ 0.19898719  0.10426121 -0.08795545  0.13093164  0.36865546  0.09036967
 -0.04626483  0.65338212  0.35397495 -0.53226413 -0.04573944 -0.12253073
  0.18190412  0.42768422 -0.32586442  0.22800777 -0.1104536  -0.62176251
  0.10568213  0.14247629 -0.46952458  0.20785581  0.26186531 -0.64125503
 -0.01423449  0.38489813  0.01894014  0.04093422 -0.54800864  0.5275793
  0.55987256  0.56185966  0.63954756  0.23309615 -0.17182427  0.57166323
 -0.17166541  0.41816016 -0.6166925   0.12344755  0.34298581 -0.63221259
 -0.00286723 -0.22858849  0.07452038 -0.29626453  0.27354086 -0.4968753
 -0.29561278 -0.82464011 -0.50027853 -0.2274632  -0.19614414]
2205,[ 0.19899424  0.10426405 -0.08797354  0.13093555  0.3686595   0.09036534
 -0.0462585   0.65337536  0.35396797 -0.53226119 -0.04573842 -0.12252314
  0.18190039  0.42769134 -0.32586463  0.22801371 -0.11044984 -0.62176026
  0.10567813  0.14248053 -0.4695252   0.20785202  0.26186404 -0.64126098
 -0.01424062  0.38489518  0.01895114  0.04093055 -0.5480135   0.52758927
  0.55986296  0.56186225  0.63955198  0.23309634 -0.17182055  0.57166427
 -0.17166946  0.41815747 -0.6166908   0.12344319  0.34298679 -0.63220523
 -0.00287571 -0.22858921  0.07451536 -0.29626601  0.27354622 -0.49686333
 -0.29561962 -0.82463928 -0.50028131 -0.22746217 -0.19614609]
2206,[ 0.19900129  0.10426689 -0.08799161  0.13093945  0.36866353  0.09036102
 -0.04625216  0.65336861  0.353961   -0.53225826 -0.0457374  -0.12251557
  0.18189665  0.42769846 -0.32586485  0.22801965 -0.11044608 -0.621758
  0.10567413  0.14248476 -0.46952582  0.20784824  0.26186276 -0.64126693
 -0.01424674  0.38489223  0.01896213  0.04092687 -0.54801835  0.52759924
  0.55985338  0.56186484  0.63955638  0.23309652 -0.17181683  0.57166532
 -0.17167351  0.41815479 -0.61668909  0.12343883  0.34298776 -0.63219787
 -0.00288419 -0.22858994  0.07451036 -0.29626749  0.27355158 -0.49685138
 -0.29562645 -0.82463845 -0.50028409 -0.22746113 -0.19614805]
2207,[ 0.19900834  0.10426972 -0.08800966  0.13094335  0.36866755  0.09035671
 -0.04624584  0.65336187  0.35395403 -0.53225532 -0.04573638 -0.12250801
  0.18189292  0.42770557 -0.32586507  0.22802557 -0.11044232 -0.62175575
  0.10567013  0.14248899 -0.46952643  0.20784447  0.26186149 -0.64127287
 -0.01425285  0.38488929  0.0189731   0.0409232  -0.5480232   0.52760919
  0.5598438   0.56186743  0.63956079  0.2330967  -0.17181311  0.57166636
 -0.17167756  0.41815211 -0.61668739  0.12343448  0.34298874 -0.63219053
 -0.00289265 -0.22859066  0.07450536 -0.29626896  0.27355693 -0.49683944
 -0.29563327 -0.82463762 -0.50028686 -0.2274601  -0.19615   ]
2208,[ 0.19901537  0.10427255 -0.08802768  0.13094724  0.36867157  0.0903524
 -0.04623952  0.65335514  0.35394708 -0.5322524  -0.04573536 -0.12250045
  0.18188919  0.42771267 -0.32586529  0.2280315  -0.11043857 -0.62175351
  0.10566614  0.14249321 -0.46952705  0.2078407   0.26186022 -0.64127881
 -0.01425895  0.38488635  0.01898407  0.04091954 -0.54802804  0.52761913
  0.55983424  0.56187002  0.63956518  0.23309688 -0.1718094   0.5716674
 -0.1716816   0.41814943 -0.61668569  0.12343013  0.34298972 -0.63218319
 -0.0029011  -0.22859138  0.07450036 -0.29627044  0.27356227 -0.49682752
 -0.29564009 -0.8246368  -0.50028963 -0.22745907 -0.19615195]
2209,[ 0.1990224   0.10427538 -0.08804569  0.13095113  0.36867559  0.09034809
 -0.04623321  0.65334841  0.35394013 -0.53224947 -0.04573434 -0.1224929
  0.18188547  0.42771976 -0.32586551  0.22803741 -0.11043482 -0.62175126
  0.10566216  0.14249743 -0.46952767  0.20783693  0.26185895 -0.64128474
 -0.01426505  0.38488342  0.01899502  0.04091588 -0.54803288  0.52762906
  0.55982468  0.5618726   0.63956957  0.23309707 -0.1718057   0.57166845
 -0.17168564  0.41814676 -0.61668399  0.12342579  0.34299069 -0.63217586
 -0.00290955 -0.2285921   0.07449537 -0.29627191  0.27356761 -0.49681561
 -0.2956469  -0.82463597 -0.5002924  -0.22745804 -0.1961539 ]
2210,[ 0.19902942  0.10427821 -0.08806367  0.13095502  0.3686796   0.09034379
 -0.04622691  0.65334169  0.35393319 -0.53224655 -0.04573332 -0.12248536
  0.18188175  0.42772684 -0.32586572  0.22804332 -0.11043108 -0.62174902
  0.10565817  0.14250164 -0.46952828  0.20783317  0.26185768 -0.64129066
 -0.01427114  0.38488048  0.01900596  0.04091222 -0.54803771  0.52763899
  0.55981514  0.56187518  0.63957396  0.23309725 -0.17180199  0.57166949
 -0.17168967  0.41814409 -0.61668229  0.12342146  0.34299166 -0.63216854
 -0.00291798 -0.22859282  0.07449039 -0.29627338  0.27357294 -0.49680371
 -0.2956537  -0.82463515 -0.50029516 -0.22745701 -0.19615584]
2211,[ 0.19903643  0.10428103 -0.08808164  0.1309589   0.3686836   0.0903395
 -0.04622061  0.65333497  0.35392626 -0.53224363 -0.0457323  -0.12247783
  0.18187804  0.42773392 -0.32586594  0.22804922 -0.11042734 -0.62174678
  0.1056542   0.14250585 -0.46952889  0.20782941  0.26185641 -0.64129657
 -0.01427723  0.38487756  0.01901689  0.04090857 -0.54804253  0.52764889
  0.5598056   0.56187775  0.63957834  0.23309743 -0.1717983   0.57167053
 -0.1716937   0.41814142 -0.6166806   0.12341712  0.34299263 -0.63216123
 -0.00292641 -0.22859354  0.07448541 -0.29627485  0.27357827 -0.49679182
 -0.2956605  -0.82463432 -0.50029792 -0.22745598 -0.19615779]
2212,[ 0.19904343  0.10428385 -0.08809958  0.13096277  0.3686876   0.09033521
 -0.04621432  0.65332827  0.35391933 -0.53224071 -0.04573129 -0.12247031
  0.18187433  0.42774098 -0.32586616  0.22805511 -0.1104236  -0.62174454
  0.10565022  0.14251005 -0.46952951  0.20782566  0.26185515 -0.64130248
 -0.0142833   0.38487463  0.0190278   0.04090492 -0.54804735  0.52765879
  0.55979608  0.56188033  0.63958272  0.23309761 -0.1717946   0.57167156
 -0.17169773  0.41813876 -0.61667891  0.1234128   0.3429936  -0.63215392
 -0.00293483 -0.22859425  0.07448044 -0.29627632  0.27358358 -0.49677995
 -0.29566728 -0.8246335  -0.50030068 -0.22745495 -0.19615973]
2213,[ 0.19905042  0.10428666 -0.08811751  0.13096664  0.3686916   0.09033092
 -0.04620804  0.65332157  0.35391242 -0.5322378  -0.04573027 -0.1224628
  0.18187062  0.42774804 -0.32586637  0.228061   -0.11041987 -0.6217423
  0.10564625  0.14251425 -0.46953012  0.20782191  0.26185388 -0.64130838
 -0.01428938  0.38487171  0.0190387   0.04090127 -0.54805217  0.52766868
  0.55978657  0.5618829   0.63958709  0.23309779 -0.17179091  0.5716726
 -0.17170175  0.41813609 -0.61667722  0.12340847  0.34299457 -0.63214662
 -0.00294323 -0.22859497  0.07447547 -0.29627778  0.2735889  -0.49676809
 -0.29567406 -0.82463268 -0.50030343 -0.22745392 -0.19616167]
2214,[ 0.19905741  0.10428947 -0.08813541  0.13097051  0.36869559  0.09032664
 -0.04620176  0.65331488  0.35390551 -0.53223489 -0.04572926 -0.12245529
  0.18186692  0.42775509 -0.32586659  0.22806688 -0.11041615 -0.62174007
  0.10564229  0.14251845 -0.46953073  0.20781817  0.26185262 -0.64131428
 -0.01429544  0.38486879  0.01904959  0.04089763 -0.54805698  0.52767855
  0.55977707  0.56188547  0.63959146  0.23309798 -0.17178723  0.57167364
 -0.17170576  0.41813344 -0.61667553  0.12340416  0.34299554 -0.63213934
 -0.00295163 -0.22859569  0.07447051 -0.29627925  0.27359421 -0.49675625
 -0.29568083 -0.82463186 -0.50030618 -0.2274529  -0.1961636 ]
2215,[ 0.19906439  0.10429228 -0.0881533   0.13097437  0.36869958  0.09032236
 -0.0461955   0.6533082   0.35389861 -0.53223198 -0.04572825 -0.1224478
  0.18186323  0.42776214 -0.32586681  0.22807275 -0.11041243 -0.62173784
  0.10563833  0.14252264 -0.46953134  0.20781442  0.26185136 -0.64132017
 -0.0143015   0.38486588  0.01906047  0.04089399 -0.54806178  0.52768842
  0.55976758  0.56188803  0.63959583  0.23309816 -0.17178354  0.57167467
 -0.17170977  0.41813078 -0.61667384  0.12339984  0.34299651 -0.63213206
 -0.00296002 -0.2285964   0.07446556 -0.29628071  0.27359951 -0.49674442
 -0.29568759 -0.82463104 -0.50030893 -0.22745187 -0.19616554]
2216,[ 0.19907136  0.10429509 -0.08817116  0.13097823  0.36870357  0.09031809
 -0.04618924  0.65330152  0.35389172 -0.53222908 -0.04572724 -0.12244031
  0.18185953  0.42776917 -0.32586702  0.22807862 -0.11040871 -0.62173561
  0.10563437  0.14252682 -0.46953195  0.20781069  0.2618501  -0.64132605
 -0.01430755  0.38486296  0.01907133  0.04089036 -0.54806658  0.52769827
  0.5597581   0.56189059  0.63960018  0.23309834 -0.17177987  0.5716757
 -0.17171378  0.41812813 -0.61667215  0.12339553  0.34299747 -0.63212478
 -0.00296839 -0.22859712  0.07446061 -0.29628217  0.2736048  -0.4967326
 -0.29569435 -0.82463022 -0.50031167 -0.22745085 -0.19616747]
2217,[ 0.19907833  0.10429789 -0.08818901  0.13098209  0.36870755  0.09031382
 -0.04618298  0.65329486  0.35388483 -0.53222618 -0.04572623 -0.12243283
  0.18185584  0.4277762  -0.32586724  0.22808448 -0.11040499 -0.62173339
  0.10563042  0.142531   -0.46953256  0.20780696  0.26184884 -0.64133192
 -0.01431359  0.38486005  0.01908219  0.04088673 -0.54807137  0.52770811
  0.55974863  0.56189315  0.63960454  0.23309852 -0.17177619  0.57167674
 -0.17171778  0.41812548 -0.61667047  0.12339123  0.34299844 -0.63211752
 -0.00297676 -0.22859783  0.07445566 -0.29628363  0.27361009 -0.49672079
 -0.2957011  -0.8246294  -0.50031441 -0.22744983 -0.1961694 ]
2218,[ 0.19908528  0.10430069 -0.08820683  0.13098594  0.36871152  0.09030956
 -0.04617674  0.6532882   0.35387795 -0.53222328 -0.04572522 -0.12242536
  0.18185216  0.42778322 -0.32586745  0.22809034 -0.11040128 -0.62173117
  0.10562648  0.14253517 -0.46953317  0.20780323  0.26184759 -0.64133779
 -0.01431963  0.38485715  0.01909303  0.04088311 -0.54807616  0.52771794
  0.55973917  0.56189571  0.63960888  0.2330987  -0.17177252  0.57167777
 -0.17172177  0.41812283 -0.61666879  0.12338693  0.3429994  -0.63211026
 -0.00298512 -0.22859854  0.07445072 -0.29628509  0.27361538 -0.496709
 -0.29570784 -0.82462858 -0.50031715 -0.2274488  -0.19617133]
2219,[ 0.19909223  0.10430348 -0.08822464  0.13098978  0.36871549  0.09030531
 -0.0461705   0.65328154  0.35387108 -0.53222039 -0.04572421 -0.1224179
  0.18184848  0.42779023 -0.32586767  0.22809619 -0.11039758 -0.62172895
  0.10562254  0.14253935 -0.46953378  0.2077995   0.26184633 -0.64134365
 -0.01432566  0.38485425  0.01910386  0.04087949 -0.54808094  0.52772776
  0.55972972  0.56189826  0.63961323  0.23309888 -0.17176886  0.5716788
 -0.17172577  0.41812019 -0.61666711  0.12338264  0.34300037 -0.63210302
 -0.00299347 -0.22859925  0.07444579 -0.29628654  0.27362065 -0.49669722
 -0.29571457 -0.82462777 -0.50031989 -0.22744778 -0.19617326]
2220,[ 0.19909917  0.10430628 -0.08824242  0.13099362  0.36871946  0.09030105
 -0.04616426  0.6532749   0.35386422 -0.5322175  -0.04572321 -0.12241044
  0.1818448   0.42779724 -0.32586788  0.22810203 -0.11039388 -0.62172673
  0.1056186   0.14254351 -0.46953438  0.20779578  0.26184508 -0.64134951
 -0.01433168  0.38485135  0.01911467  0.04087587 -0.54808572  0.52773757
  0.55972028  0.56190081  0.63961757  0.23309906 -0.1717652   0.57167983
 -0.17172976  0.41811755 -0.61666543  0.12337835  0.34300133 -0.63209578
 -0.00300181 -0.22859997  0.07444086 -0.296288    0.27362593 -0.49668546
 -0.29572129 -0.82462695 -0.50032262 -0.22744677 -0.19617518]
2221,[ 0.1991061   0.10430907 -0.08826019  0.13099746  0.36872342  0.09029681
 -0.04615804  0.65326826  0.35385737 -0.53221461 -0.0457222  -0.122403
  0.18184113  0.42780423 -0.3258681   0.22810786 -0.11039018 -0.62172451
  0.10561467  0.14254767 -0.46953499  0.20779207  0.26184382 -0.64135536
 -0.0143377   0.38484845  0.01912548  0.04087226 -0.54809049  0.52774737
  0.55971086  0.56190336  0.6396219   0.23309924 -0.17176154  0.57168085
 -0.17173374  0.41811491 -0.61666376  0.12337407  0.34300229 -0.63208855
 -0.00301014 -0.22860068  0.07443594 -0.29628945  0.27363119 -0.49667371
 -0.29572801 -0.82462614 -0.50032535 -0.22744575 -0.1961771 ]
2222,[ 0.19911303  0.10431185 -0.08827793  0.13100129  0.36872738  0.09029256
 -0.04615182  0.65326163  0.35385052 -0.53221173 -0.0457212  -0.12239556
  0.18183746  0.42781122 -0.32586831  0.22811369 -0.11038649 -0.6217223
  0.10561074  0.14255183 -0.4695356   0.20778836  0.26184257 -0.6413612
 -0.01434371  0.38484556  0.01913627  0.04086865 -0.54809526  0.52775716
  0.55970144  0.5619059   0.63962623  0.23309942 -0.17175789  0.57168188
 -0.17173772  0.41811228 -0.61666208  0.12336979  0.34300325 -0.63208132
 -0.00301847 -0.22860138  0.07443102 -0.2962909   0.27363645 -0.49666197
 -0.29573472 -0.82462532 -0.50032807 -0.22744473 -0.19617902]
2223,[ 0.19911994  0.10431464 -0.08829565  0.13100512  0.36873133  0.09028833
 -0.04614561  0.65325501  0.35384368 -0.53220885 -0.04572019 -0.12238813
  0.1818338   0.4278182  -0.32586853  0.22811951 -0.1103828  -0.62172009
  0.10560681  0.14255598 -0.4695362   0.20778465  0.26184132 -0.64136704
 -0.01434971  0.38484267  0.01914705  0.04086505 -0.54810002  0.52776693
  0.55969204  0.56190844  0.63963055  0.2330996  -0.17175424  0.5716829
 -0.17174169  0.41810964 -0.61666041  0.12336551  0.34300421 -0.63207411
 -0.00302678 -0.22860209  0.07442611 -0.29629235  0.27364171 -0.49665024
 -0.29574142 -0.82462451 -0.50033079 -0.22744372 -0.19618094]
2224,[ 0.19912685  0.10431742 -0.08831336  0.13100895  0.36873528  0.09028409
 -0.0461394   0.6532484   0.35383685 -0.53220597 -0.04571919 -0.12238071
  0.18183014  0.42782517 -0.32586874  0.22812533 -0.11037912 -0.62171788
  0.10560289  0.14256013 -0.46953681  0.20778095  0.26184007 -0.64137287
 -0.01435571  0.38483979  0.01915782  0.04086145 -0.54810478  0.5277767
  0.55968264  0.56191098  0.63963487  0.23309978 -0.17175059  0.57168393
 -0.17174566  0.41810702 -0.61665874  0.12336125  0.34300516 -0.6320669
 -0.00303508 -0.2286028   0.07442121 -0.2962938   0.27364695 -0.49663853
 -0.29574812 -0.8246237  -0.50033351 -0.2274427  -0.19618286]
2225,[ 0.19913375  0.10432019 -0.08833104  0.13101276  0.36873922  0.09027986
 -0.0461332   0.65324179  0.35383003 -0.5322031  -0.04571819 -0.1223733
  0.18182648  0.42783214 -0.32586896  0.22813113 -0.11037544 -0.62171568
  0.10559898  0.14256427 -0.46953741  0.20777725  0.26183883 -0.64137869
 -0.01436169  0.3848369   0.01916857  0.04085785 -0.54810953  0.52778645
  0.55967326  0.56191352  0.63963918  0.23309996 -0.17174695  0.57168495
 -0.17174963  0.41810439 -0.61665707  0.12335698  0.34300612 -0.6320597
 -0.00304337 -0.22860351  0.07441631 -0.29629524  0.2736522  -0.49662683
 -0.29575481 -0.82462289 -0.50033623 -0.22744169 -0.19618477]
2226,[ 0.19914064  0.10432297 -0.08834871  0.13101658  0.36874316  0.09027564
 -0.04612701  0.65323519  0.35382321 -0.53220023 -0.04571719 -0.12236589
  0.18182283  0.4278391  -0.32586917  0.22813694 -0.11037176 -0.62171348
  0.10559507  0.14256841 -0.46953801  0.20777355  0.26183758 -0.6413845
 -0.01436768  0.38483402  0.01917932  0.04085426 -0.54811427  0.5277962
  0.55966388  0.56191605  0.63964349  0.23310014 -0.17174332  0.57168597
 -0.17175359  0.41810177 -0.6166554   0.12335272  0.34300707 -0.63205251
 -0.00305166 -0.22860422  0.07441141 -0.29629669  0.27365743 -0.49661515
 -0.29576149 -0.82462208 -0.50033894 -0.22744068 -0.19618668]
2227,[ 0.19914753  0.10432574 -0.08836635  0.13102039  0.36874709  0.09027142
 -0.04612083  0.65322859  0.3538164  -0.53219736 -0.04571619 -0.1223585
  0.18181918  0.42784604 -0.32586938  0.22814273 -0.11036809 -0.62171127
  0.10559116  0.14257254 -0.46953862  0.20776986  0.26183634 -0.64139031
 -0.01437365  0.38483115  0.01919005  0.04085067 -0.54811901  0.52780593
  0.55965452  0.56191858  0.6396478   0.23310032 -0.17173969  0.57168699
 -0.17175754  0.41809915 -0.61665374  0.12334847  0.34300803 -0.63204533
 -0.00305993 -0.22860492  0.07440652 -0.29629813  0.27366266 -0.49660347
 -0.29576816 -0.82462127 -0.50034165 -0.22743967 -0.19618859]
2228,[ 0.19915441  0.10432851 -0.08838398  0.1310242   0.36875103  0.09026721
 -0.04611465  0.65322201  0.3538096  -0.5321945  -0.0457152  -0.12235111
  0.18181554  0.42785299 -0.3258696   0.22814852 -0.11036442 -0.62170908
  0.10558726  0.14257667 -0.46953922  0.20776617  0.26183509 -0.64139612
 -0.01437962  0.38482827  0.01920077  0.04084709 -0.54812375  0.52781565
  0.55964517  0.56192111  0.6396521   0.23310049 -0.17173606  0.57168801
 -0.1717615   0.41809653 -0.61665208  0.12334422  0.34300898 -0.63203815
 -0.0030682  -0.22860563  0.07440164 -0.29629957  0.27366789 -0.49659181
 -0.29577482 -0.82462046 -0.50034436 -0.22743866 -0.1961905 ]
2229,[ 0.19916128  0.10433127 -0.08840158  0.131028    0.36875495  0.090263
 -0.04610848  0.65321543  0.35380281 -0.53219163 -0.0457142  -0.12234373
  0.1818119   0.42785992 -0.32586981  0.2281543  -0.11036076 -0.62170688
  0.10558336  0.14258079 -0.46953982  0.20776249  0.26183385 -0.64140191
 -0.01438558  0.3848254   0.01921147  0.04084351 -0.54812847  0.52782536
  0.55963583  0.56192363  0.63965639  0.23310067 -0.17173243  0.57168903
 -0.17176544  0.41809392 -0.61665042  0.12333997  0.34300993 -0.63203099
 -0.00307646 -0.22860633  0.07439676 -0.29630101  0.27367311 -0.49658017
 -0.29578148 -0.82461965 -0.50034707 -0.22743765 -0.1961924 ]
2230,[ 0.19916814  0.10433403 -0.08841917  0.1310318   0.36875887  0.09025879
 -0.04610232  0.65320886  0.35379602 -0.53218878 -0.04571321 -0.12233636
  0.18180826  0.42786685 -0.32587002  0.22816008 -0.1103571  -0.62170469
  0.10557947  0.14258491 -0.46954042  0.20775881  0.26183261 -0.6414077
 -0.01439154  0.38482254  0.01922217  0.04083994 -0.5481332   0.52783506
  0.55962649  0.56192615  0.63966068  0.23310085 -0.17172881  0.57169005
 -0.17176939  0.41809131 -0.61664876  0.12333573  0.34301088 -0.63202383
 -0.0030847  -0.22860703  0.07439189 -0.29630245  0.27367832 -0.49656853
 -0.29578813 -0.82461885 -0.50034977 -0.22743664 -0.1961943 ]
2231,[ 0.19917499  0.10433679 -0.08843673  0.13103559  0.36876279  0.09025459
 -0.04609616  0.6532023   0.35378925 -0.53218592 -0.04571221 -0.122329
  0.18180463  0.42787376 -0.32587023  0.22816585 -0.11035344 -0.6217025
  0.10557558  0.14258902 -0.46954102  0.20775514  0.26183137 -0.64141349
 -0.01439749  0.38481967  0.01923285  0.04083636 -0.54813792  0.52784475
  0.55961717  0.56192867  0.63966496  0.23310103 -0.1717252   0.57169106
 -0.17177333  0.4180887  -0.6166471   0.12333149  0.34301183 -0.63201668
 -0.00309294 -0.22860773  0.07438702 -0.29630389  0.27368353 -0.49655691
 -0.29579477 -0.82461804 -0.50035247 -0.22743563 -0.1961962 ]
2232,[ 0.19918184  0.10433955 -0.08845428  0.13103938  0.3687667   0.0902504
 -0.04609001  0.65319574  0.35378248 -0.53218307 -0.04571122 -0.12232164
  0.18180101  0.42788067 -0.32587045  0.22817161 -0.11034979 -0.62170031
  0.10557169  0.14259313 -0.46954162  0.20775147  0.26183014 -0.64141926
 -0.01440343  0.38481681  0.01924352  0.0408328  -0.54814263  0.52785442
  0.55960786  0.56193119  0.63966924  0.23310121 -0.17172159  0.57169208
 -0.17177726  0.41808609 -0.61664544  0.12332726  0.34301278 -0.63200954
 -0.00310117 -0.22860844  0.07438216 -0.29630532  0.27368873 -0.49654531
 -0.29580141 -0.82461724 -0.50035516 -0.22743463 -0.1961981 ]
2233,[ 0.19918868  0.1043423  -0.0884718   0.13104317  0.36877061  0.09024621
 -0.04608387  0.65318919  0.35377571 -0.53218022 -0.04571023 -0.1223143
  0.18179738  0.42788757 -0.32587066  0.22817737 -0.11034614 -0.62169813
  0.10556781  0.14259724 -0.46954222  0.2077478   0.2618289  -0.64142503
 -0.01440937  0.38481396  0.01925418  0.04082923 -0.54814734  0.52786409
  0.55959856  0.5619337   0.63967352  0.23310138 -0.17171798  0.57169309
 -0.17178119  0.41808349 -0.61664379  0.12332304  0.34301373 -0.6320024
 -0.00310939 -0.22860914  0.0743773  -0.29630675  0.27369392 -0.49653371
 -0.29580803 -0.82461643 -0.50035785 -0.22743362 -0.1962    ]
2234,[ 0.19919551  0.10434505 -0.08848931  0.13104695  0.36877451  0.09024202
 -0.04607774  0.65318265  0.35376896 -0.53217738 -0.04570924 -0.12230696
  0.18179376  0.42789447 -0.32587087  0.22818312 -0.1103425  -0.62169594
  0.10556394  0.14260134 -0.46954281  0.20774414  0.26182767 -0.6414308
 -0.0144153   0.3848111   0.01926483  0.04082567 -0.54815204  0.52787374
  0.55958927  0.56193621  0.63967779  0.23310156 -0.17171438  0.57169411
 -0.17178512  0.41808089 -0.61664214  0.12331882  0.34301468 -0.63199528
 -0.0031176  -0.22860984  0.07437245 -0.29630818  0.27369911 -0.49652213
 -0.29581465 -0.82461563 -0.50036054 -0.22743262 -0.19620189]
2235,[ 0.19920233  0.10434779 -0.08850679  0.13105072  0.36877841  0.09023784
 -0.04607161  0.65317612  0.35376221 -0.53217454 -0.04570825 -0.12229963
  0.18179015  0.42790136 -0.32587108  0.22818886 -0.11033886 -0.62169376
  0.10556007  0.14260543 -0.46954341  0.20774049  0.26182643 -0.64143656
 -0.01442122  0.38480825  0.01927547  0.04082212 -0.54815674  0.52788339
  0.55958     0.56193872  0.63968206  0.23310174 -0.17171078  0.57169512
 -0.17178904  0.4180783  -0.61664049  0.1233146   0.34301562 -0.63198816
 -0.0031258  -0.22861054  0.07436761 -0.29630961  0.27370429 -0.49651056
 -0.29582127 -0.82461483 -0.50036323 -0.22743162 -0.19620378]
2236,[ 0.19920915  0.10435054 -0.08852426  0.1310545   0.36878231  0.09023367
 -0.04606549  0.65316959  0.35375547 -0.5321717  -0.04570726 -0.12229231
  0.18178654  0.42790823 -0.32587129  0.2281946  -0.11033522 -0.62169158
  0.1055562   0.14260953 -0.46954401  0.20773683  0.2618252  -0.64144231
 -0.01442713  0.38480541  0.01928609  0.04081857 -0.54816143  0.52789302
  0.55957073  0.56194122  0.63968632  0.23310192 -0.17170718  0.57169613
 -0.17179295  0.4180757  -0.61663884  0.12331039  0.34301657 -0.63198105
 -0.00313399 -0.22861123  0.07436277 -0.29631104  0.27370947 -0.49649901
 -0.29582787 -0.82461403 -0.50036591 -0.22743062 -0.19620567]
2237,[ 0.19921596  0.10435328 -0.08854171  0.13105827  0.3687862   0.09022949
 -0.04605937  0.65316307  0.35374874 -0.53216886 -0.04570627 -0.12228499
  0.18178293  0.42791511 -0.3258715   0.22820033 -0.11033159 -0.62168941
  0.10555234  0.14261361 -0.4695446   0.20773318  0.26182397 -0.64144805
 -0.01443304  0.38480256  0.0192967   0.04081502 -0.54816611  0.52790265
  0.55956147  0.56194373  0.63969057  0.23310209 -0.17170359  0.57169714
 -0.17179687  0.41807311 -0.6166372   0.12330618  0.34301751 -0.63197395
 -0.00314217 -0.22861193  0.07435793 -0.29631247  0.27371464 -0.49648747
 -0.29583447 -0.82461323 -0.50036859 -0.22742962 -0.19620756]
2238,[ 0.19922276  0.10435601 -0.08855914  0.13106203  0.36879009  0.09022533
 -0.04605327  0.65315656  0.35374202 -0.53216603 -0.04570529 -0.12227769
  0.18177933  0.42792197 -0.32587171  0.22820605 -0.11032797 -0.62168724
  0.10554848  0.14261769 -0.4695452   0.20772954  0.26182274 -0.64145379
 -0.01443895  0.38479972  0.0193073   0.04081148 -0.5481708   0.52791226
  0.55955222  0.56194622  0.63969482  0.23310227 -0.1717      0.57169814
 -0.17180077  0.41807052 -0.61663555  0.12330198  0.34301845 -0.63196685
 -0.00315034 -0.22861263  0.07435311 -0.29631389  0.27371981 -0.49647594
 -0.29584106 -0.82461243 -0.50037127 -0.22742862 -0.19620945]
2239,[ 0.19922955  0.10435875 -0.08857654  0.13106579  0.36879397  0.09022117
 -0.04604716  0.65315006  0.3537353  -0.5321632  -0.0457043  -0.12227039
  0.18177573  0.42792883 -0.32587192  0.22821177 -0.11032434 -0.62168506
  0.10554462  0.14262177 -0.46954579  0.2077259   0.26182152 -0.64145952
 -0.01444484  0.38479688  0.01931789  0.04080794 -0.54817547  0.52792186
  0.55954298  0.56194872  0.63969907  0.23310244 -0.17169642  0.57169915
 -0.17180468  0.41806794 -0.61663391  0.12329778  0.34301939 -0.63195977
 -0.00315851 -0.22861333  0.07434828 -0.29631532  0.27372497 -0.49646442
 -0.29584764 -0.82461163 -0.50037394 -0.22742762 -0.19621133]
2240,[ 0.19923634  0.10436148 -0.08859393  0.13106954  0.36879785  0.09021701
 -0.04604107  0.65314356  0.35372859 -0.53216038 -0.04570332 -0.12226311
  0.18177214  0.42793567 -0.32587213  0.22821748 -0.11032073 -0.6216829
  0.10554077  0.14262584 -0.46954639  0.20772226  0.26182029 -0.64146524
 -0.01445073  0.38479405  0.01932846  0.0408044  -0.54818014  0.52793145
  0.55953376  0.56195121  0.63970331  0.23310262 -0.17169284  0.57170016
 -0.17180858  0.41806536 -0.61663227  0.12329359  0.34302033 -0.63195269
 -0.00316666 -0.22861402  0.07434346 -0.29631674  0.27373012 -0.49645292
 -0.29585422 -0.82461084 -0.50037661 -0.22742663 -0.19621321]
2241,[ 0.19924312  0.1043642  -0.0886113   0.1310733   0.36880172  0.09021286
 -0.04603498  0.65313707  0.35372189 -0.53215755 -0.04570234 -0.12225583
  0.18176855  0.42794251 -0.32587234  0.22822318 -0.11031711 -0.62168073
  0.10553693  0.14262991 -0.46954698  0.20771863  0.26181906 -0.64147096
 -0.01445661  0.38479122  0.01933903  0.04080087 -0.54818481  0.52794103
  0.55952454  0.5619537   0.63970755  0.2331028  -0.17168926  0.57170116
 -0.17181247  0.41806278 -0.61663063  0.1232894   0.34302127 -0.63194562
 -0.00317481 -0.22861472  0.07433865 -0.29631816  0.27373527 -0.49644143
 -0.29586078 -0.82461004 -0.50037928 -0.22742563 -0.19621509]
2242,[ 0.19924989  0.10436693 -0.08862865  0.13107704  0.36880559  0.09020871
 -0.0460289   0.65313059  0.35371519 -0.53215473 -0.04570136 -0.12224855
  0.18176496  0.42794935 -0.32587255  0.22822888 -0.1103135  -0.62167857
  0.10553309  0.14263398 -0.46954757  0.207715    0.26181784 -0.64147668
 -0.01446249  0.38478839  0.01934958  0.04079734 -0.54818947  0.5279506
  0.55951533  0.56195619  0.63971178  0.23310297 -0.17168569  0.57170217
 -0.17181636  0.4180602  -0.61662899  0.12328521  0.34302221 -0.63193856
 -0.00318294 -0.22861541  0.07433385 -0.29631958  0.27374042 -0.49642995
 -0.29586735 -0.82460924 -0.50038195 -0.22742464 -0.19621697]
2243,[ 0.19925665  0.10436965 -0.08864598  0.13108079  0.36880945  0.09020456
 -0.04602283  0.65312412  0.35370851 -0.53215192 -0.04570037 -0.12224129
  0.18176138  0.42795617 -0.32587276  0.22823457 -0.11030989 -0.62167641
  0.10552925  0.14263804 -0.46954816  0.20771137  0.26181662 -0.64148238
 -0.01446836  0.38478557  0.01936012  0.04079382 -0.54819412  0.52796016
  0.55950614  0.56195868  0.63971601  0.23310315 -0.17168212  0.57170317
 -0.17182025  0.41805763 -0.61662736  0.12328104  0.34302315 -0.6319315
 -0.00319107 -0.2286161   0.07432904 -0.296321    0.27374555 -0.49641849
 -0.2958739  -0.82460845 -0.50038461 -0.22742365 -0.19621884]
2244,[ 0.1992634   0.10437237 -0.08866329  0.13108452  0.36881331  0.09020043
 -0.04601676  0.65311765  0.35370183 -0.53214911 -0.0456994  -0.12223403
  0.1817578   0.42796299 -0.32587297  0.22824026 -0.11030629 -0.62167425
  0.10552542  0.14264209 -0.46954875  0.20770775  0.2618154  -0.64148808
 -0.01447422  0.38478275  0.01937064  0.0407903  -0.54819877  0.5279697
  0.55949695  0.56196116  0.63972023  0.23310332 -0.17167856  0.57170417
 -0.17182413  0.41805506 -0.61662573  0.12327686  0.34302408 -0.63192445
 -0.00319919 -0.22861679  0.07432425 -0.29632241  0.27375068 -0.49640704
 -0.29588044 -0.82460766 -0.50038727 -0.22742266 -0.19622071]
2245,[ 0.19927015  0.10437508 -0.08868058  0.13108826  0.36881717  0.09019629
 -0.0460107   0.65311119  0.35369516 -0.5321463  -0.04569842 -0.12222679
  0.18175422  0.4279698  -0.32587318  0.22824594 -0.11030269 -0.62167209
  0.10552159  0.14264614 -0.46954935  0.20770414  0.26181418 -0.64149377
 -0.01448008  0.38477993  0.01938116  0.04078678 -0.54820342  0.52797924
  0.55948778  0.56196364  0.63972445  0.2331035  -0.171675    0.57170517
 -0.17182801  0.41805249 -0.6166241   0.12327269  0.34302502 -0.63191742
 -0.0032073  -0.22861749  0.07431946 -0.29632383  0.27375581 -0.4963956
 -0.29588698 -0.82460686 -0.50038992 -0.22742166 -0.19622259]
2246,[ 0.19927689  0.10437779 -0.08869785  0.13109199  0.36882102  0.09019216
 -0.04600465  0.65310473  0.35368849 -0.53214349 -0.04569744 -0.12221955
  0.18175065  0.4279766  -0.32587339  0.22825161 -0.1102991  -0.62166994
  0.10551777  0.14265018 -0.46954993  0.20770052  0.26181296 -0.64149946
 -0.01448592  0.38477711  0.01939166  0.04078327 -0.54820806  0.52798877
  0.55947861  0.56196611  0.63972866  0.23310367 -0.17167145  0.57170617
 -0.17183188  0.41804993 -0.61662247  0.12326853  0.34302595 -0.63191039
 -0.0032154  -0.22861818  0.07431467 -0.29632524  0.27376093 -0.49638417
 -0.29589351 -0.82460607 -0.50039258 -0.22742068 -0.19622445]
2247,[ 0.19928362  0.1043805  -0.0887151   0.13109572  0.36882487  0.09018804
 -0.04599861  0.65309829  0.35368184 -0.53214069 -0.04569646 -0.12221232
  0.18174709  0.42798339 -0.3258736   0.22825728 -0.11029551 -0.62166779
  0.10551395  0.14265423 -0.46955052  0.20769691  0.26181174 -0.64150514
 -0.01449177  0.3847743   0.01940216  0.04077976 -0.54821269  0.52799828
  0.55946946  0.56196859  0.63973287  0.23310385 -0.1716679   0.57170717
 -0.17183575  0.41804737 -0.61662084  0.12326437  0.34302689 -0.63190336
 -0.00322349 -0.22861887  0.07430989 -0.29632665  0.27376604 -0.49637276
 -0.29590004 -0.82460528 -0.50039523 -0.22741969 -0.19622632]
2248,[ 0.19929035  0.10438321 -0.08873233  0.13109944  0.36882871  0.09018392
 -0.04599257  0.65309185  0.35367519 -0.53213789 -0.04569549 -0.12220509
  0.18174353  0.42799018 -0.32587381  0.22826294 -0.11029192 -0.62166564
  0.10551013  0.14265826 -0.46955111  0.20769331  0.26181053 -0.64151081
 -0.0144976   0.38477149  0.01941264  0.04077626 -0.54821732  0.52800778
  0.55946031  0.56197106  0.63973707  0.23310402 -0.17166435  0.57170816
 -0.17183961  0.41804481 -0.61661921  0.12326021  0.34302782 -0.63189635
 -0.00323157 -0.22861955  0.07430512 -0.29632806  0.27377115 -0.49636136
 -0.29590655 -0.82460449 -0.50039787 -0.2274187  -0.19622818]
2249,[ 0.19929706  0.10438591 -0.08874954  0.13110315  0.36883255  0.0901798
 -0.04598653  0.65308542  0.35366855 -0.53213509 -0.04569452 -0.12219788
  0.18173997  0.42799696 -0.32587402  0.22826859 -0.11028834 -0.62166349
  0.10550632  0.14266229 -0.4695517   0.20768971  0.26180932 -0.64151648
 -0.01450343  0.38476868  0.01942311  0.04077276 -0.54822194  0.52801728
  0.55945118  0.56197353  0.63974127  0.2331042  -0.1716608   0.57170916
 -0.17184347  0.41804225 -0.61661759  0.12325606  0.34302875 -0.63188934
 -0.00323964 -0.22862024  0.07430035 -0.29632947  0.27377625 -0.49634997
 -0.29591306 -0.8246037  -0.50040052 -0.22741771 -0.19623005]
2250,[ 0.19930377  0.10438861 -0.08876674  0.13110687  0.36883638  0.09017569
 -0.04598051  0.65307899  0.35366191 -0.53213229 -0.04569354 -0.12219067
  0.18173641  0.42800373 -0.32587422  0.22827424 -0.11028476 -0.62166135
  0.10550251  0.14266632 -0.46955229  0.20768611  0.2618081  -0.64152214
 -0.01450926  0.38476588  0.01943356  0.04076926 -0.54822656  0.52802676
  0.55944206  0.56197599  0.63974547  0.23310437 -0.17165727  0.57171015
 -0.17184733  0.4180397  -0.61661597  0.12325191  0.34302968 -0.63188234
 -0.00324771 -0.22862093  0.07429558 -0.29633087  0.27378135 -0.4963386
 -0.29591956 -0.82460291 -0.50040316 -0.22741673 -0.19623191]
2251,[ 0.19931047  0.10439131 -0.08878391  0.13111058  0.36884021  0.09017158
 -0.04597449  0.65307258  0.35365529 -0.5321295  -0.04569257 -0.12218347
  0.18173286  0.42801049 -0.32587443  0.22827988 -0.11028119 -0.62165921
  0.10549871  0.14267034 -0.46955287  0.20768252  0.26180689 -0.6415278
 -0.01451507  0.38476308  0.01944401  0.04076577 -0.54823117  0.52803623
  0.55943294  0.56197846  0.63974965  0.23310455 -0.17165373  0.57171115
 -0.17185118  0.41803715 -0.61661435  0.12324777  0.34303061 -0.63187535
 -0.00325576 -0.22862162  0.07429082 -0.29633228  0.27378644 -0.49632724
 -0.29592606 -0.82460213 -0.5004058  -0.22741575 -0.19623376]
2252,[ 0.19931717  0.104394   -0.08880107  0.13111428  0.36884404  0.09016748
 -0.04596848  0.65306617  0.35364867 -0.53212672 -0.0456916  -0.12217628
  0.18172932  0.42801725 -0.32587464  0.22828551 -0.11027762 -0.62165707
  0.10549491  0.14267436 -0.46955346  0.20767893  0.26180568 -0.64153344
 -0.01452088  0.38476029  0.01945444  0.04076228 -0.54823578  0.5280457
  0.55942384  0.56198092  0.63975384  0.23310472 -0.1716502   0.57171214
 -0.17185502  0.4180346  -0.61661273  0.12324364  0.34303153 -0.63186837
 -0.0032638  -0.2286223   0.07428607 -0.29633368  0.27379152 -0.49631589
 -0.29593254 -0.82460134 -0.50040843 -0.22741476 -0.19623562]
2253,[ 0.19932385  0.10439669 -0.0888182   0.13111798  0.36884786  0.09016339
 -0.04596247  0.65305977  0.35364205 -0.53212393 -0.04569063 -0.1221691
  0.18172577  0.428024   -0.32587485  0.22829114 -0.11027405 -0.62165493
  0.10549112  0.14267837 -0.46955404  0.20767535  0.26180447 -0.64153909
 -0.01452669  0.38475749  0.01946486  0.0407588  -0.54824038  0.52805515
  0.55941475  0.56198337  0.63975802  0.23310489 -0.17164667  0.57171313
 -0.17185887  0.41803206 -0.61661111  0.1232395   0.34303246 -0.63186139
 -0.00327184 -0.22862299  0.07428132 -0.29633508  0.2737966  -0.49630456
 -0.29593902 -0.82460055 -0.50041107 -0.22741378 -0.19623747]
2254,[ 0.19933053  0.10439938 -0.08883532  0.13112168  0.36885168  0.09015929
 -0.04595647  0.65305337  0.35363545 -0.53212115 -0.04568966 -0.12216193
  0.18172224  0.42803074 -0.32587505  0.22829676 -0.11027049 -0.6216528
  0.10548733  0.14268238 -0.46955463  0.20767177  0.26180327 -0.64154472
 -0.01453248  0.3847547   0.01947527  0.04075532 -0.54824498  0.52806459
  0.55940567  0.56198583  0.63976219  0.23310507 -0.17164315  0.57171412
 -0.1718627   0.41802952 -0.6166095   0.12323538  0.34303339 -0.63185443
 -0.00327987 -0.22862367  0.07427658 -0.29633648  0.27380168 -0.49629323
 -0.2959455  -0.82459977 -0.5004137  -0.2274128  -0.19623933]
2255,[ 0.19933721  0.10440207 -0.08885241  0.13112537  0.36885549  0.09015521
 -0.04595048  0.65304698  0.35362885 -0.53211837 -0.0456887  -0.12215476
  0.1817187   0.42803747 -0.32587526  0.22830238 -0.11026693 -0.62165067
  0.10548355  0.14268639 -0.46955521  0.20766819  0.26180206 -0.64155035
 -0.01453827  0.38475192  0.01948567  0.04075184 -0.54824957  0.52807402
  0.55939659  0.56198828  0.63976637  0.23310524 -0.17163963  0.57171511
 -0.17186654  0.41802698 -0.61660788  0.12323125  0.34303431 -0.63184747
 -0.00328789 -0.22862436  0.07427184 -0.29633788  0.27380675 -0.49628192
 -0.29595196 -0.82459899 -0.50041632 -0.22741182 -0.19624118]
2256,[ 0.19934387  0.10440475 -0.08886949  0.13112906  0.3688593   0.09015112
 -0.0459445   0.6530406   0.35362226 -0.5321156  -0.04568773 -0.1221476
  0.18171517  0.4280442  -0.32587547  0.22830799 -0.11026338 -0.62164854
  0.10547976  0.14269039 -0.4695558   0.20766462  0.26180086 -0.64155597
 -0.01454406  0.38474913  0.01949606  0.04074837 -0.54825416  0.52808344
  0.55938753  0.56199073  0.63977053  0.23310541 -0.17163611  0.5717161
 -0.17187037  0.41802444 -0.61660627  0.12322714  0.34303523 -0.63184052
 -0.00329589 -0.22862504  0.07426711 -0.29633927  0.27381181 -0.49627063
 -0.29595842 -0.8245982  -0.50041894 -0.22741084 -0.19624302]
2257,[ 0.19935053  0.10440743 -0.08888655  0.13113275  0.3688631   0.09014704
 -0.04593852  0.65303423  0.35361568 -0.53211282 -0.04568676 -0.12214045
  0.18171165  0.42805092 -0.32587567  0.22831359 -0.11025983 -0.62164641
  0.10547599  0.14269438 -0.46955638  0.20766105  0.26179966 -0.64156159
 -0.01454983  0.38474635  0.01950643  0.0407449  -0.54825874  0.52809284
  0.55937848  0.56199317  0.63977469  0.23310559 -0.1716326   0.57171708
 -0.17187419  0.41802191 -0.61660466  0.12322302  0.34303616 -0.63183357
 -0.00330389 -0.22862572  0.07426238 -0.29634067  0.27381686 -0.49625934
 -0.29596487 -0.82459742 -0.50042157 -0.22740987 -0.19624487]
2258,[ 0.19935718  0.1044101  -0.08890359  0.13113643  0.3688669   0.09014297
 -0.04593255  0.65302786  0.35360911 -0.53211006 -0.0456858  -0.12213331
  0.18170812  0.42805763 -0.32587588  0.22831919 -0.11025628 -0.62164428
  0.10547222  0.14269837 -0.46955696  0.20765749  0.26179845 -0.6415672
 -0.0145556   0.38474357  0.0195168   0.04074144 -0.54826332  0.52810224
  0.55936944  0.56199562  0.63977885  0.23310576 -0.17162909  0.57171807
 -0.17187801  0.41801938 -0.61660306  0.12321891  0.34303708 -0.63182664
 -0.00331188 -0.2286264   0.07425766 -0.29634206  0.27382192 -0.49624807
 -0.29597131 -0.82459664 -0.50042418 -0.22740889 -0.19624671]
2259,[ 0.19936382  0.10441278 -0.08892061  0.1311401   0.3688707   0.0901389
 -0.04592658  0.6530215   0.35360254 -0.53210729 -0.04568484 -0.12212618
  0.1817046   0.42806433 -0.32587608  0.22832478 -0.11025274 -0.62164216
  0.10546845  0.14270236 -0.46955754  0.20765393  0.26179725 -0.6415728
 -0.01456137  0.3847408   0.01952715  0.04073798 -0.54826789  0.52811163
  0.55936041  0.56199806  0.639783    0.23310593 -0.17162559  0.57171905
 -0.17188183  0.41801685 -0.61660145  0.12321481  0.343038   -0.63181971
 -0.00331987 -0.22862708  0.07425295 -0.29634345  0.27382696 -0.49623681
 -0.29597775 -0.82459586 -0.5004268  -0.22740791 -0.19624855]
2260,[ 0.19937045  0.10441545 -0.08893761  0.13114377  0.36887449  0.09013484
 -0.04592062  0.65301515  0.35359598 -0.53210453 -0.04568388 -0.12211905
  0.18170109  0.42807102 -0.32587629  0.22833036 -0.1102492  -0.62164004
  0.10546468  0.14270634 -0.46955812  0.20765037  0.26179605 -0.6415784
 -0.01456713  0.38473803  0.01953749  0.04073452 -0.54827246  0.52812101
  0.55935138  0.56200049  0.63978715  0.2331061  -0.17162209  0.57172004
 -0.17188564  0.41801433 -0.61659985  0.12321071  0.34303892 -0.63181279
 -0.00332784 -0.22862776  0.07424824 -0.29634484  0.273832   -0.49622556
 -0.29598418 -0.82459508 -0.50042941 -0.22740694 -0.19625039]
2261,[ 0.19937708  0.10441811 -0.08895459  0.13114744  0.36887827  0.09013077
 -0.04591467  0.65300881  0.35358943 -0.53210177 -0.04568291 -0.12211193
  0.18169758  0.42807771 -0.32587649  0.22833594 -0.11024567 -0.62163792
  0.10546092  0.14271032 -0.4695587   0.20764682  0.26179486 -0.64158399
 -0.01457288  0.38473526  0.01954782  0.04073107 -0.54827702  0.52813037
  0.55934237  0.56200293  0.63979129  0.23310627 -0.1716186   0.57172102
 -0.17188945  0.41801181 -0.61659824  0.12320661  0.34303983 -0.63180587
 -0.0033358  -0.22862844  0.07424353 -0.29634623  0.27383703 -0.49621433
 -0.2959906  -0.8245943  -0.50043202 -0.22740597 -0.19625223]
2262,[ 0.1993837   0.10442078 -0.08897155  0.1311511   0.36888206  0.09012672
 -0.04590873  0.65300247  0.35358288 -0.53209901 -0.04568195 -0.12210482
  0.18169407  0.42808439 -0.3258767   0.22834151 -0.11024214 -0.62163581
  0.10545717  0.14271429 -0.46955928  0.20764327  0.26179366 -0.64158958
 -0.01457862  0.3847325   0.01955813  0.04072762 -0.54828158  0.52813973
  0.55933337  0.56200536  0.63979543  0.23310645 -0.1716151   0.571722
 -0.17189325  0.41800929 -0.61659664  0.12320252  0.34304075 -0.63179897
 -0.00334376 -0.22862912  0.07423883 -0.29634762  0.27384206 -0.49620311
 -0.29599701 -0.82459352 -0.50043462 -0.227405   -0.19625407]
2263,[ 0.19939031  0.10442344 -0.08898849  0.13115476  0.36888584  0.09012267
 -0.04590279  0.65299614  0.35357635 -0.53209626 -0.045681   -0.12209772
  0.18169057  0.42809107 -0.3258769   0.22834707 -0.11023861 -0.6216337
  0.10545342  0.14271826 -0.46955986  0.20763973  0.26179247 -0.64159516
 -0.01458436  0.38472973  0.01956844  0.04072417 -0.54828613  0.52814907
  0.55932438  0.56200779  0.63979956  0.23310662 -0.17161162  0.57172298
 -0.17189705  0.41800678 -0.61659505  0.12319844  0.34304167 -0.63179207
 -0.0033517  -0.2286298   0.07423414 -0.296349    0.27384708 -0.4961919
 -0.29600342 -0.82459275 -0.50043723 -0.22740403 -0.1962559 ]
2264,[ 0.19939691  0.10442609 -0.08900542  0.13115842  0.36888961  0.09011862
 -0.04589686  0.65298981  0.35356982 -0.53209351 -0.04568004 -0.12209063
  0.18168707  0.42809773 -0.32587711  0.22835263 -0.11023509 -0.62163159
  0.10544967  0.14272223 -0.46956044  0.20763619  0.26179127 -0.64160073
 -0.01459009  0.38472698  0.01957873  0.04072073 -0.54829067  0.52815841
  0.5593154   0.56201022  0.63980369  0.23310679 -0.17160813  0.57172396
 -0.17190085  0.41800426 -0.61659345  0.12319436  0.34304258 -0.63178518
 -0.00335964 -0.22863047  0.07422945 -0.29635039  0.2738521  -0.4961807
 -0.29600982 -0.82459197 -0.50043983 -0.22740306 -0.19625773]
2265,[ 0.19940351  0.10442875 -0.08902232  0.13116207  0.36889338  0.09011458
 -0.04589093  0.6529835   0.35356329 -0.53209076 -0.04567908 -0.12208354
  0.18168358  0.42810439 -0.32587731  0.22835819 -0.11023157 -0.62162948
  0.10544593  0.14272619 -0.46956102  0.20763265  0.26179008 -0.64160629
 -0.01459582  0.38472422  0.01958901  0.04071729 -0.54829521  0.52816773
  0.55930643  0.56201264  0.63980781  0.23310696 -0.17160465  0.57172494
 -0.17190464  0.41800175 -0.61659185  0.12319028  0.3430435  -0.6317783
 -0.00336757 -0.22863115  0.07422476 -0.29635177  0.27385711 -0.49616952
 -0.29601621 -0.8245912  -0.50044242 -0.22740209 -0.19625956]
2266,[ 0.1994101   0.1044314  -0.08903921  0.13116572  0.36889715  0.09011054
 -0.04588502  0.65297719  0.35355678 -0.53208802 -0.04567813 -0.12207646
  0.18168009  0.42811104 -0.32587752  0.22836373 -0.11022806 -0.62162737
  0.10544219  0.14273014 -0.46956159  0.20762912  0.26178889 -0.64161185
 -0.01460154  0.38472147  0.01959928  0.04071386 -0.54829975  0.52817704
  0.55929747  0.56201506  0.63981193  0.23310713 -0.17160118  0.57172591
 -0.17190842  0.41799925 -0.61659026  0.12318621  0.34304441 -0.63177143
 -0.00337549 -0.22863183  0.07422009 -0.29635315  0.27386212 -0.49615835
 -0.2960226  -0.82459042 -0.50044502 -0.22740112 -0.19626139]
2267,[ 0.19941668  0.10443405 -0.08905608  0.13116936  0.36890091  0.09010651
 -0.0458791   0.65297089  0.35355027 -0.53208527 -0.04567717 -0.12206939
  0.1816766   0.42811768 -0.32587772  0.22836927 -0.11022455 -0.62162527
  0.10543845  0.14273409 -0.46956217  0.20762559  0.2617877  -0.64161741
 -0.01460725  0.38471872  0.01960954  0.04071043 -0.54830428  0.52818635
  0.55928852  0.56201748  0.63981605  0.2331073  -0.1715977   0.57172689
 -0.17191221  0.41799674 -0.61658867  0.12318214  0.34304532 -0.63176456
 -0.0033834  -0.2286325   0.07421541 -0.29635453  0.27386712 -0.49614719
 -0.29602898 -0.82458965 -0.50044761 -0.22740015 -0.19626321]
2268,[ 0.19942326  0.1044367  -0.08907292  0.131173    0.36890466  0.09010248
 -0.0458732   0.65296459  0.35354377 -0.53208254 -0.04567622 -0.12206233
  0.18167312  0.42812432 -0.32587792  0.22837481 -0.11022104 -0.62162317
  0.10543472  0.14273804 -0.46956274  0.20762207  0.26178651 -0.64162295
 -0.01461296  0.38471597  0.01961979  0.04070701 -0.54830881  0.52819564
  0.55927958  0.5620199   0.63982016  0.23310747 -0.17159424  0.57172786
 -0.17191598  0.41799424 -0.61658708  0.12317808  0.34304623 -0.6317577
 -0.0033913  -0.22863317  0.07421074 -0.29635591  0.27387211 -0.49613604
 -0.29603535 -0.82458888 -0.5004502  -0.22739919 -0.19626503]
2269,[ 0.19942982  0.10443934 -0.08908975  0.13117663  0.36890842  0.09009846
 -0.0458673   0.6529583   0.35353727 -0.5320798  -0.04567527 -0.12205528
  0.18166964  0.42813095 -0.32587813  0.22838033 -0.11021754 -0.62162107
  0.105431    0.14274198 -0.46956332  0.20761855  0.26178533 -0.64162849
 -0.01461866  0.38471323  0.01963002  0.04070358 -0.54831333  0.52820492
  0.55927065  0.56202231  0.63982426  0.23310764 -0.17159077  0.57172884
 -0.17191976  0.41799174 -0.61658549  0.12317402  0.34304714 -0.63175085
 -0.00339919 -0.22863385  0.07420608 -0.29635729  0.2738771  -0.49612491
 -0.29604171 -0.8245881  -0.50045278 -0.22739822 -0.19626685]
2270,[ 0.19943638  0.10444198 -0.08910656  0.13118027  0.36891217  0.09009444
 -0.04586141  0.65295202  0.35353079 -0.53207707 -0.04567432 -0.12204823
  0.18166616  0.42813757 -0.32587833  0.22838585 -0.11021404 -0.62161897
  0.10542728  0.14274592 -0.46956389  0.20761503  0.26178414 -0.64163403
 -0.01462435  0.38471049  0.01964025  0.04070017 -0.54831784  0.52821419
  0.55926173  0.56202472  0.63982836  0.23310781 -0.17158731  0.57172981
 -0.17192353  0.41798925 -0.61658391  0.12316997  0.34304805 -0.63174401
 -0.00340708 -0.22863452  0.07420142 -0.29635866  0.27388208 -0.49611379
 -0.29604807 -0.82458733 -0.50045536 -0.22739726 -0.19626867]
2271,[ 0.19944294  0.10444461 -0.08912335  0.13118389  0.36891591  0.09009042
 -0.04585553  0.65294575  0.35352431 -0.53207434 -0.04567337 -0.12204119
  0.18166269  0.42814418 -0.32587853  0.22839137 -0.11021055 -0.62161688
  0.10542356  0.14274985 -0.46956447  0.20761152  0.26178296 -0.64163956
 -0.01463004  0.38470775  0.01965046  0.04069675 -0.54832235  0.52822345
  0.55925282  0.56202713  0.63983246  0.23310798 -0.17158385  0.57173078
 -0.17192729  0.41798675 -0.61658232  0.12316592  0.34304896 -0.63173718
 -0.00341495 -0.22863519  0.07419677 -0.29636003  0.27388706 -0.49610268
 -0.29605442 -0.82458656 -0.50045794 -0.2273963  -0.19627049]
2272,[ 0.19944948  0.10444725 -0.08914013  0.13118751  0.36891965  0.09008641
 -0.04584965  0.65293948  0.35351784 -0.53207162 -0.04567242 -0.12203416
  0.18165922  0.42815078 -0.32587874  0.22839688 -0.11020706 -0.62161479
  0.10541985  0.14275378 -0.46956504  0.20760801  0.26178177 -0.64164508
 -0.01463572  0.38470502  0.01966066  0.04069334 -0.54832686  0.52823271
  0.55924392  0.56202953  0.63983655  0.23310815 -0.1715804   0.57173175
 -0.17193105  0.41798426 -0.61658074  0.12316187  0.34304987 -0.63173035
 -0.00342282 -0.22863586  0.07419212 -0.2963614   0.27389203 -0.49609159
 -0.29606076 -0.82458579 -0.50046052 -0.22739534 -0.1962723 ]
2273,[ 0.19945602  0.10444988 -0.08915688  0.13119113  0.36892339  0.09008241
 -0.04584378  0.65293322  0.35351137 -0.53206889 -0.04567147 -0.12202714
  0.18165576  0.42815738 -0.32587894  0.22840238 -0.11020357 -0.6216127
  0.10541614  0.1427577  -0.46956561  0.20760451  0.26178059 -0.6416506
 -0.01464139  0.38470229  0.01967085  0.04068993 -0.54833136  0.52824195
  0.55923503  0.56203194  0.63984064  0.23310832 -0.17157695  0.57173272
 -0.17193481  0.41798177 -0.61657916  0.12315783  0.34305077 -0.63172353
 -0.00343067 -0.22863653  0.07418748 -0.29636277  0.273897   -0.4960805
 -0.29606709 -0.82458503 -0.50046309 -0.22739438 -0.19627412]
2274,[ 0.19946255  0.10445251 -0.08917361  0.13119475  0.36892712  0.09007841
 -0.04583791  0.65292697  0.35350492 -0.53206617 -0.04567052 -0.12202013
  0.1816523   0.42816397 -0.32587914  0.22840788 -0.11020009 -0.62161061
  0.10541243  0.14276162 -0.46956618  0.20760101  0.26177941 -0.64165611
 -0.01464706  0.38469956  0.01968103  0.04068653 -0.54833585  0.52825118
  0.55922615  0.56203434  0.63984472  0.23310849 -0.17157351  0.57173369
 -0.17193856  0.41797929 -0.61657758  0.1231538   0.34305168 -0.63171672
 -0.00343852 -0.2286372   0.07418284 -0.29636414  0.27390196 -0.49606943
 -0.29607342 -0.82458426 -0.50046566 -0.22739342 -0.19627593]
2275,[ 0.19946907  0.10445513 -0.08919033  0.13119836  0.36893085  0.09007441
 -0.04583205  0.65292072  0.35349847 -0.53206346 -0.04566958 -0.12201312
  0.18164885  0.42817056 -0.32587934  0.22841337 -0.11019661 -0.62160853
  0.10540873  0.14276554 -0.46956675  0.20759751  0.26177823 -0.64166161
 -0.01465272  0.38469683  0.01969119  0.04068313 -0.54834034  0.5282604
  0.55921728  0.56203673  0.6398488   0.23310866 -0.17157007  0.57173465
 -0.17194231  0.41797681 -0.616576    0.12314977  0.34305258 -0.63170991
 -0.00344636 -0.22863787  0.07417821 -0.29636551  0.27390691 -0.49605838
 -0.29607974 -0.82458349 -0.50046823 -0.22739246 -0.19627773]
2276,[ 0.19947559  0.10445775 -0.08920703  0.13120196  0.36893457  0.09007042
 -0.0458262   0.65291448  0.35349202 -0.53206074 -0.04566863 -0.12200612
  0.18164539  0.42817713 -0.32587955  0.22841885 -0.11019313 -0.62160645
  0.10540503  0.14276945 -0.46956732  0.20759402  0.26177706 -0.64166711
 -0.01465837  0.38469411  0.01970135  0.04067974 -0.54834483  0.5282696
  0.55920842  0.56203913  0.63985287  0.23310883 -0.17156663  0.57173562
 -0.17194605  0.41797433 -0.61657443  0.12314574  0.34305348 -0.63170311
 -0.00345419 -0.22863854  0.07417359 -0.29636687  0.27391186 -0.49604733
 -0.29608606 -0.82458273 -0.5004708  -0.22739151 -0.19627954]
2277,[ 0.19948209  0.10446037 -0.0892237   0.13120557  0.36893829  0.09006643
 -0.04582036  0.65290825  0.35348559 -0.53205803 -0.04566769 -0.12199913
  0.18164195  0.4281837  -0.32587975  0.22842433 -0.11018966 -0.62160437
  0.10540134  0.14277336 -0.46956789  0.20759053  0.26177588 -0.6416726
 -0.01466402  0.38469139  0.01971149  0.04067635 -0.54834931  0.5282788
  0.55919957  0.56204152  0.63985694  0.233109   -0.1715632   0.57173658
 -0.17194979  0.41797185 -0.61657286  0.12314172  0.34305439 -0.63169633
 -0.00346201 -0.2286392   0.07416896 -0.29636824  0.27391681 -0.4960363
 -0.29609236 -0.82458196 -0.50047336 -0.22739055 -0.19628135]
2278,[ 0.1994886   0.10446299 -0.08924036  0.13120916  0.368942    0.09006245
 -0.04581452  0.65290203  0.35347916 -0.53205533 -0.04566675 -0.12199215
  0.1816385   0.42819026 -0.32587995  0.2284298  -0.1101862  -0.62160229
  0.10539765  0.14277726 -0.46956846  0.20758705  0.26177471 -0.64167808
 -0.01466966  0.38468868  0.01972162  0.04067296 -0.54835378  0.52828799
  0.55919073  0.56204391  0.639861    0.23310917 -0.17155977  0.57173755
 -0.17195353  0.41796938 -0.61657128  0.1231377   0.34305529 -0.63168954
 -0.00346983 -0.22863987  0.07416435 -0.2963696   0.27392175 -0.49602528
 -0.29609866 -0.8245812  -0.50047592 -0.2273896  -0.19628315]
2279,[ 0.19949509  0.1044656  -0.089257    0.13121276  0.36894571  0.09005847
 -0.04580869  0.65289581  0.35347274 -0.53205262 -0.0456658  -0.12198517
  0.18163506  0.42819681 -0.32588015  0.22843527 -0.11018273 -0.62160021
  0.10539397  0.14278116 -0.46956903  0.20758357  0.26177353 -0.64168356
 -0.0146753   0.38468597  0.01973174  0.04066958 -0.54835825  0.52829717
  0.5591819   0.56204629  0.63986506  0.23310934 -0.17155634  0.57173851
 -0.17195726  0.41796691 -0.61656971  0.12313369  0.34305619 -0.63168277
 -0.00347763 -0.22864053  0.07415974 -0.29637096  0.27392668 -0.49601427
 -0.29610496 -0.82458044 -0.50047847 -0.22738864 -0.19628495]
2280,[ 0.19950158  0.10446821 -0.08927363  0.13121635  0.36894942  0.09005449
 -0.04580286  0.6528896   0.35346633 -0.53204992 -0.04566486 -0.12197821
  0.18163163  0.42820336 -0.32588035  0.22844073 -0.11017927 -0.62159814
  0.10539029  0.14278505 -0.4695696   0.20758009  0.26177236 -0.64168903
 -0.01468093  0.38468326  0.01974185  0.0406662  -0.54836272  0.52830634
  0.55917308  0.56204868  0.63986911  0.23310951 -0.17155292  0.57173947
 -0.17196099  0.41796444 -0.61656815  0.12312968  0.34305709 -0.631676
 -0.00348542 -0.2286412   0.07415513 -0.29637232  0.27393161 -0.49600327
 -0.29611124 -0.82457967 -0.50048103 -0.22738769 -0.19628675]
2281,[ 0.19950805  0.10447082 -0.08929023  0.13121993  0.36895312  0.09005052
 -0.04579704  0.6528834   0.35345992 -0.53204722 -0.04566392 -0.12197125
  0.18162819  0.4282099  -0.32588055  0.22844618 -0.11017582 -0.62159607
  0.10538661  0.14278894 -0.46957016  0.20757662  0.26177119 -0.6416945
 -0.01468655  0.38468055  0.01975195  0.04066282 -0.54836718  0.52831549
  0.55916427  0.56205106  0.63987316  0.23310968 -0.1715495   0.57174043
 -0.17196471  0.41796198 -0.61656658  0.12312568  0.34305798 -0.63166925
 -0.00349321 -0.22864186  0.07415053 -0.29637368  0.27393653 -0.49599229
 -0.29611752 -0.82457891 -0.50048358 -0.22738674 -0.19628854]
2282,[ 0.19951453  0.10447342 -0.08930681  0.13122352  0.36895682  0.09004656
 -0.04579123  0.6528772   0.35345352 -0.53204453 -0.04566299 -0.1219643
  0.18162477  0.42821643 -0.32588075  0.22845163 -0.11017237 -0.621594
  0.10538294  0.14279282 -0.46957073  0.20757315  0.26177002 -0.64169996
 -0.01469217  0.38467785  0.01976204  0.04065945 -0.54837163  0.52832464
  0.55915547  0.56205344  0.63987721  0.23310984 -0.17154609  0.57174139
 -0.17196843  0.41795951 -0.61656502  0.12312168  0.34305888 -0.63166249
 -0.00350099 -0.22864253  0.07414594 -0.29637503  0.27394144 -0.49598132
 -0.29612379 -0.82457815 -0.50048612 -0.22738579 -0.19629034]
2283,[ 0.19952099  0.10447603 -0.08932338  0.13122709  0.36896052  0.0900426
 -0.04578542  0.65287101  0.35344713 -0.53204184 -0.04566205 -0.12195735
  0.18162134  0.42822295 -0.32588095  0.22845707 -0.11016892 -0.62159194
  0.10537927  0.1427967  -0.4695713   0.20756968  0.26176885 -0.64170542
 -0.01469778  0.38467515  0.01977211  0.04065608 -0.54837608  0.52833378
  0.55914668  0.56205581  0.63988125  0.23311001 -0.17154268  0.57174235
 -0.17197214  0.41795705 -0.61656345  0.12311768  0.34305978 -0.63165575
 -0.00350876 -0.22864319  0.07414135 -0.29637639  0.27394635 -0.49597036
 -0.29613006 -0.82457739 -0.50048867 -0.22738484 -0.19629213]
2284,[ 0.19952745  0.10447862 -0.08933993  0.13123067  0.36896421  0.09003864
 -0.04577963  0.65286483  0.35344074 -0.53203915 -0.04566111 -0.12195042
  0.18161792  0.42822947 -0.32588115  0.2284625  -0.11016548 -0.62158987
  0.10537561  0.14280058 -0.46957186  0.20756622  0.26176768 -0.64171086
 -0.01470338  0.38467245  0.01978218  0.04065272 -0.54838053  0.52834291
  0.5591379   0.56205818  0.63988529  0.23311018 -0.17153927  0.57174331
 -0.17197585  0.4179546  -0.61656189  0.12311369  0.34306067 -0.63164902
 -0.00351652 -0.22864385  0.07413676 -0.29637774  0.27395126 -0.49595941
 -0.29613631 -0.82457664 -0.50049121 -0.22738389 -0.19629392]
2285,[ 0.1995339   0.10448122 -0.08935645  0.13123424  0.36896789  0.09003469
 -0.04577383  0.65285865  0.35343437 -0.53203646 -0.04566018 -0.12194349
  0.1816145   0.42823598 -0.32588135  0.22846793 -0.11016204 -0.62158781
  0.10537195  0.14280445 -0.46957242  0.20756277  0.26176652 -0.64171631
 -0.01470898  0.38466976  0.01979223  0.04064935 -0.54838497  0.52835202
  0.55912912  0.56206055  0.63988932  0.23311035 -0.17153587  0.57174426
 -0.17197956  0.41795214 -0.61656033  0.12310971  0.34306156 -0.63164229
 -0.00352427 -0.22864451  0.07413218 -0.29637909  0.27395616 -0.49594848
 -0.29614256 -0.82457588 -0.50049375 -0.22738295 -0.19629571]
2286,[ 0.19954034  0.10448381 -0.08937296  0.1312378   0.36897157  0.09003074
 -0.04576805  0.65285248  0.353428   -0.53203378 -0.04565924 -0.12193657
  0.18161109  0.42824248 -0.32588155  0.22847335 -0.1101586  -0.62158575
  0.1053683   0.14280832 -0.46957299  0.20755931  0.26176535 -0.64172174
 -0.01471457  0.38466706  0.01980227  0.040646   -0.5483894   0.52836113
  0.55912036  0.56206292  0.63989335  0.23311051 -0.17153247  0.57174522
 -0.17198326  0.41794969 -0.61655877  0.12310572  0.34306246 -0.63163557
 -0.00353201 -0.22864517  0.07412761 -0.29638044  0.27396105 -0.49593755
 -0.29614881 -0.82457512 -0.50049629 -0.227382   -0.19629749]
2287,[ 0.19954678  0.1044864  -0.08938945  0.13124137  0.36897525  0.0900268
 -0.04576227  0.65284632  0.35342163 -0.5320311  -0.04565831 -0.12192966
  0.18160768  0.42824898 -0.32588175  0.22847877 -0.11015517 -0.6215837
  0.10536464  0.14281218 -0.46957355  0.20755586  0.26176419 -0.64172717
 -0.01472016  0.38466438  0.0198123   0.04064264 -0.54839383  0.52837022
  0.55911161  0.56206529  0.63989737  0.23311068 -0.17152908  0.57174617
 -0.17198696  0.41794724 -0.61655722  0.12310175  0.34306335 -0.63162885
 -0.00353975 -0.22864583  0.07412304 -0.29638179  0.27396594 -0.49592664
 -0.29615504 -0.82457436 -0.50049882 -0.22738106 -0.19629928]
2288,[ 0.1995532   0.10448899 -0.08940593  0.13124492  0.36897893  0.09002286
 -0.04575649  0.65284017  0.35341528 -0.53202842 -0.04565738 -0.12192275
  0.18160428  0.42825547 -0.32588195  0.22848418 -0.11015174 -0.62158164
  0.105361    0.14281604 -0.46957411  0.20755242  0.26176303 -0.6417326
 -0.01472574  0.38466169  0.01982232  0.04063929 -0.54839826  0.52837931
  0.55910287  0.56206765  0.63990139  0.23311085 -0.17152569  0.57174712
 -0.17199065  0.4179448  -0.61655566  0.12309778  0.34306424 -0.63162215
 -0.00354747 -0.22864649  0.07411847 -0.29638314  0.27397082 -0.49591575
 -0.29616127 -0.82457361 -0.50050135 -0.22738011 -0.19630106]
2289,[ 0.19955962  0.10449157 -0.08942238  0.13124848  0.36898259  0.09001893
 -0.04575073  0.65283402  0.35340893 -0.53202575 -0.04565645 -0.12191586
  0.18160088  0.42826195 -0.32588215  0.22848958 -0.11014832 -0.62157959
  0.10535735  0.14281989 -0.46957468  0.20754898  0.26176187 -0.64173801
 -0.01473131  0.38465901  0.01983233  0.04063595 -0.54840268  0.52838838
  0.55909414  0.56207001  0.6399054   0.23311101 -0.1715223   0.57174808
 -0.17199434  0.41794235 -0.61655411  0.12309381  0.34306513 -0.63161545
 -0.00355519 -0.22864715  0.07411391 -0.29638449  0.2739757  -0.49590486
 -0.29616749 -0.82457285 -0.50050388 -0.22737917 -0.19630284]
2290,[ 0.19956604  0.10449415 -0.08943882  0.13125203  0.36898626  0.090015
 -0.04574497  0.65282788  0.35340259 -0.53202308 -0.04565552 -0.12190897
  0.18159748  0.42826842 -0.32588235  0.22849498 -0.11014489 -0.62157754
  0.10535372  0.14282374 -0.46957524  0.20754554  0.26176071 -0.64174342
 -0.01473688  0.38465633  0.01984232  0.04063261 -0.54840709  0.52839745
  0.55908542  0.56207236  0.63990941  0.23311118 -0.17151892  0.57174903
 -0.17199803  0.41793991 -0.61655256  0.12308984  0.34306602 -0.63160876
 -0.0035629  -0.2286478   0.07410936 -0.29638583  0.27398057 -0.49589399
 -0.29617371 -0.8245721  -0.5005064  -0.22737823 -0.19630462]
2291,[ 0.19957244  0.10449673 -0.08945523  0.13125557  0.36898992  0.09001107
 -0.04573921  0.65282174  0.35339625 -0.53202041 -0.04565459 -0.12190209
  0.18159408  0.42827488 -0.32588255  0.22850038 -0.11014148 -0.6215755
  0.10535008  0.14282759 -0.4695758   0.2075421   0.26175955 -0.64174883
 -0.01474244  0.38465365  0.01985231  0.04062927 -0.5484115   0.5284065
  0.55907671  0.56207472  0.63991342  0.23311135 -0.17151554  0.57174998
 -0.17200171  0.41793748 -0.61655101  0.12308589  0.34306691 -0.63160208
 -0.00357059 -0.22864846  0.07410481 -0.29638717  0.27398544 -0.49588313
 -0.29617992 -0.82457135 -0.50050892 -0.22737729 -0.19630639]
2292,[ 0.19957884  0.10449931 -0.08947163  0.13125912  0.36899358  0.09000715
 -0.04573347  0.65281562  0.35338993 -0.53201774 -0.04565366 -0.12189521
  0.18159069  0.42828134 -0.32588274  0.22850576 -0.11013807 -0.62157345
  0.10534645  0.14283143 -0.46957636  0.20753867  0.2617584  -0.64175423
 -0.01474799  0.38465098  0.01986228  0.04062593 -0.54841591  0.52841555
  0.55906801  0.56207707  0.63991742  0.23311151 -0.17151216  0.57175093
 -0.17200539  0.41793504 -0.61654947  0.12308193  0.34306779 -0.6315954
 -0.00357829 -0.22864912  0.07410027 -0.29638851  0.2739903  -0.49587228
 -0.29618612 -0.8245706  -0.50051144 -0.22737635 -0.19630817]
2293,[ 0.19958524  0.10450188 -0.08948801  0.13126265  0.36899723  0.09000323
 -0.04572773  0.6528095   0.35338361 -0.53201508 -0.04565273 -0.12188835
  0.18158731  0.42828779 -0.32588294  0.22851114 -0.11013466 -0.62157141
  0.10534282  0.14283526 -0.46957692  0.20753525  0.26175724 -0.64175962
 -0.01475354  0.38464831  0.01987224  0.0406226  -0.5484203   0.52842458
  0.55905931  0.56207942  0.63992141  0.23311168 -0.17150879  0.57175187
 -0.17200906  0.41793261 -0.61654792  0.12307798  0.34306868 -0.63158873
 -0.00358597 -0.22864977  0.07409573 -0.29638985  0.27399516 -0.49586144
 -0.29619231 -0.82456985 -0.50051396 -0.22737541 -0.19630994]
2294,[ 0.19959162  0.10450445 -0.08950437  0.13126619  0.36900088  0.08999932
 -0.04572199  0.65280338  0.35337729 -0.53201242 -0.04565181 -0.12188149
  0.18158393  0.42829424 -0.32588314  0.22851652 -0.11013125 -0.62156937
  0.1053392   0.1428391  -0.46957748  0.20753183  0.26175609 -0.64176501
 -0.01475908  0.38464564  0.0198822   0.04061928 -0.5484247   0.52843361
  0.55905063  0.56208177  0.6399254   0.23311184 -0.17150542  0.57175282
 -0.17201273  0.41793018 -0.61654638  0.12307404  0.34306956 -0.63158207
 -0.00359364 -0.22865043  0.0740912  -0.29639119  0.27400001 -0.49585062
 -0.2961985  -0.8245691  -0.50051647 -0.22737447 -0.19631171]
2295,[ 0.199598    0.10450702 -0.08952072  0.13126972  0.36900452  0.08999541
 -0.04571626  0.65279728  0.35337099 -0.53200977 -0.04565088 -0.12187464
  0.18158055  0.42830067 -0.32588334  0.22852188 -0.11012785 -0.62156733
  0.10533558  0.14284292 -0.46957803  0.20752841  0.26175494 -0.64177039
 -0.01476462  0.38464298  0.01989214  0.04061595 -0.54842909  0.52844262
  0.55904196  0.56208411  0.63992939  0.23311201 -0.17150206  0.57175376
 -0.17201639  0.41792775 -0.61654484  0.12307009  0.34307045 -0.63157542
 -0.00360131 -0.22865108  0.07408667 -0.29639253  0.27400485 -0.49583981
 -0.29620468 -0.82456835 -0.50051898 -0.22737354 -0.19631348]
2296,[ 0.19960437  0.10450958 -0.08953704  0.13127324  0.36900816  0.08999151
 -0.04571054  0.65279118  0.35336469 -0.53200711 -0.04564996 -0.1218678
  0.18157717  0.4283071  -0.32588354  0.22852725 -0.11012445 -0.62156529
  0.10533197  0.14284675 -0.46957859  0.20752499  0.26175378 -0.64177576
 -0.01477014  0.38464032  0.01990206  0.04061263 -0.54843347  0.52845163
  0.5590333   0.56208645  0.63993337  0.23311218 -0.1714987   0.57175471
 -0.17202006  0.41792533 -0.6165433   0.12306616  0.34307133 -0.63156878
 -0.00360896 -0.22865173  0.07408214 -0.29639386  0.27400969 -0.49582901
 -0.29621085 -0.8245676  -0.50052149 -0.2273726  -0.19631524]
2297,[ 0.19961073  0.10451214 -0.08955335  0.13127676  0.3690118   0.08998761
 -0.04570483  0.65278508  0.3533584  -0.53200447 -0.04564904 -0.12186096
  0.1815738   0.42831352 -0.32588373  0.2285326  -0.11012106 -0.62156326
  0.10532836  0.14285057 -0.46957915  0.20752158  0.26175263 -0.64178113
 -0.01477567  0.38463766  0.01991198  0.04060932 -0.54843786  0.52846062
  0.55902464  0.56208879  0.63993735  0.23311234 -0.17149534  0.57175565
 -0.17202371  0.41792291 -0.61654176  0.12306223  0.34307221 -0.63156214
 -0.00361661 -0.22865238  0.07407763 -0.29639519  0.27401452 -0.49581822
 -0.29621702 -0.82456685 -0.500524   -0.22737167 -0.19631701]
2298,[ 0.19961709  0.1045147  -0.08956964  0.13128028  0.36901543  0.08998372
 -0.04569912  0.652779    0.35335211 -0.53200182 -0.04564812 -0.12185413
  0.18157043  0.42831994 -0.32588393  0.22853795 -0.11011767 -0.62156123
  0.10532475  0.14285438 -0.4695797   0.20751817  0.26175149 -0.6417865
 -0.01478118  0.38463501  0.01992189  0.04060601 -0.54844223  0.5284696
  0.559016    0.56209112  0.63994132  0.23311251 -0.17149199  0.57175659
 -0.17202736  0.41792049 -0.61654022  0.1230583   0.34307309 -0.63155551
 -0.00362425 -0.22865304  0.07407311 -0.29639653  0.27401935 -0.49580745
 -0.29622318 -0.8245661  -0.5005265  -0.22737073 -0.19631877]
2299,[ 0.19962344  0.10451725 -0.08958591  0.1312838   0.36901906  0.08997983
 -0.04569342  0.65277292  0.35334583 -0.53199917 -0.0456472  -0.12184731
  0.18156707  0.42832635 -0.32588413  0.22854329 -0.11011428 -0.6215592
  0.10532115  0.14285819 -0.46958026  0.20751477  0.26175034 -0.64179185
 -0.01478669  0.38463235  0.01993178  0.0406027  -0.5484466   0.52847858
  0.55900737  0.56209346  0.63994529  0.23311267 -0.17148864  0.57175753
 -0.17203101  0.41791807 -0.61653869  0.12305437  0.34307397 -0.63154888
 -0.00363188 -0.22865369  0.0740686  -0.29639786  0.27402418 -0.49579668
 -0.29622933 -0.82456536 -0.500529   -0.2273698  -0.19632053]
2300,[ 0.19962978  0.1045198  -0.08960216  0.13128731  0.36902269  0.08997594
 -0.04568772  0.65276685  0.35333956 -0.53199653 -0.04564628 -0.1218405
  0.18156371  0.42833275 -0.32588432  0.22854863 -0.1101109  -0.62155718
  0.10531755  0.142862   -0.46958082  0.20751137  0.26174919 -0.6417972
 -0.0147922   0.3846297   0.01994167  0.04059939 -0.54845097  0.52848754
  0.55899874  0.56209579  0.63994926  0.23311284 -0.17148529  0.57175847
 -0.17203466  0.41791566 -0.61653715  0.12305046  0.34307485 -0.63154227
 -0.0036395  -0.22865434  0.0740641  -0.29639919  0.27402899 -0.49578593
 -0.29623548 -0.82456461 -0.50053149 -0.22736887 -0.19632229]
2301,[ 0.19963611  0.10452235 -0.08961839  0.13129081  0.36902631  0.08997206
 -0.04568203  0.65276078  0.3533333  -0.5319939  -0.04564536 -0.1218337
  0.18156036  0.42833914 -0.32588452  0.22855396 -0.11010752 -0.62155515
  0.10531396  0.1428658  -0.46958137  0.20750798  0.26174805 -0.64180255
 -0.0147977   0.38462706  0.01995154  0.04059609 -0.54845533  0.52849649
  0.55899013  0.56209811  0.63995322  0.233113   -0.17148195  0.57175941
 -0.1720383   0.41791325 -0.61653562  0.12304654  0.34307573 -0.63153566
 -0.00364711 -0.22865499  0.0740596  -0.29640051  0.2740338  -0.49577519
 -0.29624161 -0.82456387 -0.50053399 -0.22736794 -0.19632405]
2302,[ 0.19964244  0.1045249  -0.0896346   0.13129431  0.36902992  0.08996818
 -0.04567635  0.65275472  0.35332704 -0.53199126 -0.04564444 -0.1218269
  0.181557    0.42834553 -0.32588472  0.22855929 -0.11010415 -0.62155313
  0.10531037  0.1428696  -0.46958192  0.20750459  0.2617469  -0.64180789
 -0.01480319  0.38462442  0.0199614   0.0405928  -0.54845968  0.52850544
  0.55898152  0.56210044  0.63995717  0.23311316 -0.17147861  0.57176035
 -0.17204193  0.41791084 -0.61653409  0.12304263  0.3430766  -0.63152906
 -0.00365472 -0.22865563  0.07405511 -0.29640184  0.27403861 -0.49576447
 -0.29624775 -0.82456313 -0.50053648 -0.22736701 -0.1963258 ]
2303,[ 0.19964876  0.10452744 -0.0896508   0.13129781  0.36903353  0.08996431
 -0.04567067  0.65274867  0.35332079 -0.53198863 -0.04564352 -0.12182011
  0.18155366  0.42835191 -0.32588491  0.22856461 -0.11010078 -0.62155111
  0.10530678  0.14287339 -0.46958248  0.2075012   0.26174576 -0.64181322
 -0.01480867  0.38462178  0.01997125  0.0405895  -0.54846403  0.52851437
  0.55897293  0.56210276  0.63996112  0.23311333 -0.17147528  0.57176129
 -0.17204556  0.41790844 -0.61653256  0.12303873  0.34307748 -0.63152247
 -0.00366231 -0.22865628  0.07405062 -0.29640316  0.27404341 -0.49575375
 -0.29625387 -0.82456238 -0.50053897 -0.22736608 -0.19632755]
2304,[ 0.19965507  0.10452998 -0.08966698  0.13130131  0.36903714  0.08996044
 -0.045665    0.65274263  0.35331455 -0.531986   -0.04564261 -0.12181333
  0.18155031  0.42835828 -0.32588511  0.22856992 -0.11009741 -0.62154909
  0.1053032   0.14287718 -0.46958303  0.20749781  0.26174462 -0.64181855
 -0.01481415  0.38461914  0.01998109  0.04058621 -0.54846838  0.52852329
  0.55896434  0.56210508  0.63996507  0.23311349 -0.17147195  0.57176222
 -0.17204919  0.41790604 -0.61653104  0.12303482  0.34307836 -0.63151588
 -0.0036699  -0.22865693  0.07404614 -0.29640449  0.27404821 -0.49574305
 -0.29625999 -0.82456164 -0.50054145 -0.22736516 -0.1963293 ]
2305,[ 0.19966138  0.10453252 -0.08968314  0.1313048   0.36904074  0.08995658
 -0.04565934  0.65273659  0.35330831 -0.53198337 -0.0456417  -0.12180656
  0.18154697  0.42836464 -0.3258853   0.22857523 -0.11009405 -0.62154708
  0.10529962  0.14288097 -0.46958358  0.20749443  0.26174348 -0.64182387
 -0.01481962  0.3846165   0.01999092  0.04058293 -0.54847272  0.52853221
  0.55895577  0.5621074   0.63996901  0.23311366 -0.17146862  0.57176316
 -0.17205282  0.41790364 -0.61652951  0.12303093  0.34307923 -0.6315093
 -0.00367748 -0.22865757  0.07404166 -0.29640581  0.274053   -0.49573236
 -0.2962661  -0.8245609  -0.50054393 -0.22736423 -0.19633105]
2306,[ 0.19966768  0.10453506 -0.08969928  0.13130828  0.36904434  0.08995272
 -0.04565368  0.65273056  0.35330209 -0.53198075 -0.04564078 -0.12179979
  0.18154363  0.428371   -0.3258855   0.22858053 -0.11009069 -0.62154506
  0.10529605  0.14288475 -0.46958413  0.20749106  0.26174234 -0.64182918
 -0.01482509  0.38461387  0.02000074  0.04057965 -0.54847705  0.52854111
  0.5589472   0.56210971  0.63997295  0.23311382 -0.1714653   0.57176409
 -0.17205644  0.41790124 -0.61652799  0.12302703  0.3430801  -0.63150273
 -0.00368505 -0.22865822  0.07403719 -0.29640713  0.27405778 -0.49572168
 -0.2962722  -0.82456016 -0.50054641 -0.22736331 -0.1963328 ]
2307,[ 0.19967397  0.10453759 -0.08971541  0.13131177  0.36904794  0.08994886
 -0.04564803  0.65272453  0.35329586 -0.53197813 -0.04563987 -0.12179303
  0.1815403   0.42837735 -0.32588569  0.22858583 -0.11008733 -0.62154305
  0.10529248  0.14288853 -0.46958468  0.20748768  0.26174121 -0.64183449
 -0.01483055  0.38461124  0.02001055  0.04057637 -0.54848139  0.52855
  0.55893865  0.56211203  0.63997688  0.23311398 -0.17146198  0.57176503
 -0.17206005  0.41789885 -0.61652647  0.12302315  0.34308097 -0.63149617
 -0.00369261 -0.22865886  0.07403272 -0.29640845  0.27406256 -0.49571101
 -0.2962783  -0.82455942 -0.50054889 -0.22736238 -0.19633454]
2308,[ 0.19968026  0.10454012 -0.08973151  0.13131524  0.36905153  0.08994501
 -0.04564239  0.65271851  0.35328965 -0.53197551 -0.04563896 -0.12178628
  0.18153697  0.42838369 -0.32588589  0.22859112 -0.11008398 -0.62154105
  0.10528891  0.1428923  -0.46958523  0.20748432  0.26174007 -0.64183979
 -0.01483601  0.38460862  0.02002034  0.04057309 -0.54848571  0.52855888
  0.5589301   0.56211434  0.63998081  0.23311415 -0.17145866  0.57176596
 -0.17206366  0.41789646 -0.61652495  0.12301926  0.34308184 -0.63148961
 -0.00370016 -0.22865951  0.07402826 -0.29640976  0.27406734 -0.49570036
 -0.29628439 -0.82455868 -0.50055136 -0.22736146 -0.19633628]
2309,[ 0.19968653  0.10454264 -0.0897476   0.13131872  0.36905512  0.08994117
 -0.04563675  0.6527125   0.35328344 -0.5319729  -0.04563805 -0.12177954
  0.18153365  0.42839003 -0.32588608  0.2285964  -0.11008063 -0.62153904
  0.10528535  0.14289607 -0.46958578  0.20748095  0.26173894 -0.64184509
 -0.01484146  0.384606    0.02003013  0.04056982 -0.54849003  0.52856776
  0.55892156  0.56211664  0.63998473  0.23311431 -0.17145535  0.57176689
 -0.17206727  0.41789407 -0.61652343  0.12301538  0.34308271 -0.63148306
 -0.00370771 -0.22866015  0.0740238  -0.29641108  0.27407211 -0.49568972
 -0.29629047 -0.82455795 -0.50055384 -0.22736054 -0.19633802]
2310,[ 0.1996928   0.10454517 -0.08976367  0.13132219  0.3690587   0.08993732
 -0.04563112  0.6527065   0.35327724 -0.53197029 -0.04563714 -0.1217728
  0.18153032  0.42839636 -0.32588628  0.22860168 -0.11007729 -0.62153704
  0.10528179  0.14289983 -0.46958633  0.20747759  0.2617378  -0.64185038
 -0.0148469   0.38460338  0.0200399   0.04056655 -0.54849435  0.52857662
  0.55891304  0.56211895  0.63998865  0.23311447 -0.17145204  0.57176782
 -0.17207087  0.41789168 -0.61652191  0.12301151  0.34308358 -0.63147652
 -0.00371524 -0.22866079  0.07401935 -0.29641239  0.27407687 -0.49567909
 -0.29629655 -0.82455721 -0.5005563  -0.22735962 -0.19633976]
2311,[ 0.19969907  0.10454769 -0.08977972  0.13132566  0.36906228  0.08993349
 -0.04562549  0.6527005   0.35327105 -0.53196768 -0.04563623 -0.12176608
  0.18152701  0.42840268 -0.32588647  0.22860695 -0.11007395 -0.62153503
  0.10527824  0.14290359 -0.46958688  0.20747423  0.26173667 -0.64185567
 -0.01485233  0.38460076  0.02004966  0.04056329 -0.54849866  0.52858547
  0.55890452  0.56212125  0.63999257  0.23311463 -0.17144874  0.57176875
 -0.17207447  0.4178893  -0.6165204   0.12300764  0.34308445 -0.63146999
 -0.00372277 -0.22866144  0.0740149  -0.29641371  0.27408163 -0.49566847
 -0.29630262 -0.82455647 -0.50055877 -0.2273587  -0.1963415 ]
2312,[ 0.19970532  0.10455021 -0.08979575  0.13132912  0.36906586  0.08992965
 -0.04561987  0.65269451  0.35326486 -0.53196507 -0.04563532 -0.12175936
  0.18152369  0.42840899 -0.32588666  0.22861222 -0.11007061 -0.62153303
  0.10527469  0.14290735 -0.46958743  0.20747088  0.26173554 -0.64186095
 -0.01485776  0.38459815  0.02005941  0.04056003 -0.54850297  0.52859432
  0.55889601  0.56212355  0.63999648  0.2331148  -0.17144544  0.57176967
 -0.17207807  0.41788692 -0.61651889  0.12300377  0.34308532 -0.63146346
 -0.00373029 -0.22866208  0.07401046 -0.29641502  0.27408638 -0.49565786
 -0.29630868 -0.82455574 -0.50056123 -0.22735778 -0.19634323]
2313,[ 0.19971157  0.10455272 -0.08981177  0.13133258  0.36906943  0.08992582
 -0.04561426  0.65268853  0.35325868 -0.53196247 -0.04563442 -0.12175264
  0.18152038  0.4284153  -0.32588686  0.22861748 -0.11006728 -0.62153104
  0.10527114  0.1429111  -0.46958797  0.20746753  0.26173441 -0.64186622
 -0.01486319  0.38459554  0.02006915  0.04055677 -0.54850727  0.52860315
  0.55888751  0.56212584  0.64000039  0.23311496 -0.17144214  0.5717706
 -0.17208166  0.41788454 -0.61651738  0.12299991  0.34308618 -0.63145694
 -0.0037378  -0.22866272  0.07400602 -0.29641633  0.27409113 -0.49564727
 -0.29631474 -0.824555   -0.50056369 -0.22735686 -0.19634497]
2314,[ 0.19971782  0.10455523 -0.08982776  0.13133603  0.369073    0.089922
 -0.04560866  0.65268255  0.35325251 -0.53195987 -0.04563351 -0.12174594
  0.18151707  0.4284216  -0.32588705  0.22862273 -0.11006395 -0.62152904
  0.1052676   0.14291484 -0.46958852  0.20746418  0.26173328 -0.64187149
 -0.01486861  0.38459293  0.02007888  0.04055352 -0.54851157  0.52861197
  0.55887903  0.56212814  0.64000429  0.23311512 -0.17143885  0.57177152
 -0.17208525  0.41788216 -0.61651587  0.12299605  0.34308705 -0.63145043
 -0.0037453  -0.22866336  0.07400159 -0.29641763  0.27409587 -0.49563668
 -0.29632079 -0.82455427 -0.50056615 -0.22735595 -0.1963467 ]
2315,[ 0.19972405  0.10455774 -0.08984374  0.13133949  0.36907656  0.08991818
 -0.04560305  0.65267658  0.35324635 -0.53195727 -0.04563261 -0.12173924
  0.18151377  0.42842789 -0.32588724  0.22862798 -0.11006062 -0.62152705
  0.10526406  0.14291859 -0.46958906  0.20746084  0.26173216 -0.64187675
 -0.01487402  0.38459033  0.0200886   0.04055027 -0.54851586  0.52862079
  0.55887055  0.56213043  0.64000819  0.23311528 -0.17143556  0.57177245
 -0.17208883  0.41787979 -0.61651436  0.1229922   0.34308791 -0.63144393
 -0.0037528  -0.228664    0.07399716 -0.29641894  0.27410061 -0.49562611
 -0.29632683 -0.82455354 -0.5005686  -0.22735503 -0.19634843]
2316,[ 0.19973028  0.10456025 -0.0898597   0.13134293  0.36908012  0.08991436
 -0.04559746  0.65267062  0.35324019 -0.53195468 -0.04563171 -0.12173255
  0.18151047  0.42843418 -0.32588744  0.22863322 -0.1100573  -0.62152506
  0.10526053  0.14292233 -0.46958961  0.2074575   0.26173103 -0.641882
 -0.01487942  0.38458772  0.02009831  0.04054703 -0.54852015  0.52862959
  0.55886208  0.56213272  0.64001208  0.23311544 -0.17143227  0.57177337
 -0.17209241  0.41787742 -0.61651285  0.12298835  0.34308878 -0.63143743
 -0.00376028 -0.22866463  0.07399274 -0.29642025  0.27410534 -0.49561555
 -0.29633287 -0.82455281 -0.50057106 -0.22735412 -0.19635015]
2317,[ 0.1997365   0.10456275 -0.08987565  0.13134638  0.36908367  0.08991055
 -0.04559187  0.65266466  0.35323404 -0.53195209 -0.0456308  -0.12172587
  0.18150717  0.42844046 -0.32588763  0.22863846 -0.11005399 -0.62152307
  0.105257    0.14292606 -0.46959015  0.20745417  0.26172991 -0.64188725
 -0.01488482  0.38458512  0.020108    0.04054379 -0.54852443  0.52863838
  0.55885362  0.562135    0.64001597  0.23311561 -0.17142899  0.57177429
 -0.17209598  0.41787506 -0.61651135  0.1229845   0.34308964 -0.63143094
 -0.00376776 -0.22866527  0.07398832 -0.29642155  0.27411006 -0.49560501
 -0.2963389  -0.82455207 -0.50057351 -0.2273532  -0.19635188]
2318,[ 0.19974272  0.10456525 -0.08989157  0.13134982  0.36908723  0.08990674
 -0.04558629  0.65265871  0.35322789 -0.5319495  -0.0456299  -0.12171919
  0.18150388  0.42844673 -0.32588782  0.22864369 -0.11005067 -0.62152109
  0.10525348  0.14292979 -0.4695907   0.20745084  0.26172878 -0.64189249
 -0.01489022  0.38458253  0.02011769  0.04054055 -0.54852871  0.52864717
  0.55884517  0.56213729  0.64001986  0.23311577 -0.17142571  0.57177522
 -0.17209955  0.41787269 -0.61650985  0.12298066  0.3430905  -0.63142446
 -0.00377523 -0.22866591  0.07398391 -0.29642285  0.27411478 -0.49559447
 -0.29634492 -0.82455134 -0.50057595 -0.22735229 -0.1963536 ]
2319,[ 0.19974892  0.10456775 -0.08990748  0.13135325  0.36909077  0.08990294
 -0.04558072  0.65265277  0.35322175 -0.53194692 -0.045629   -0.12171252
  0.18150059  0.42845299 -0.32588801  0.22864892 -0.11004736 -0.6215191
  0.10524995  0.14293352 -0.46959124  0.20744751  0.26172766 -0.64189773
 -0.0148956   0.38457994  0.02012737  0.04053731 -0.54853298  0.52865594
  0.55883672  0.56213957  0.64002374  0.23311593 -0.17142244  0.57177614
 -0.17210312  0.41787033 -0.61650835  0.12297683  0.34309136 -0.63141798
 -0.00378269 -0.22866654  0.0739795  -0.29642415  0.2741195  -0.49558395
 -0.29635093 -0.82455062 -0.5005784  -0.22735138 -0.19635532]
2320,[ 0.19975512  0.10457025 -0.08992337  0.13135668  0.36909432  0.08989914
 -0.04557515  0.65264683  0.35321562 -0.53194433 -0.0456281  -0.12170586
  0.18149731  0.42845925 -0.32588821  0.22865413 -0.11004405 -0.62151712
  0.10524644  0.14293724 -0.46959178  0.20744419  0.26172654 -0.64190296
 -0.01490099  0.38457735  0.02013703  0.04053408 -0.54853725  0.5286647
  0.55882829  0.56214185  0.64002761  0.23311609 -0.17141917  0.57177705
 -0.17210668  0.41786797 -0.61650685  0.122973    0.34309222 -0.63141151
 -0.00379014 -0.22866718  0.0739751  -0.29642545  0.27412421 -0.49557344
 -0.29635694 -0.82454989 -0.50058084 -0.22735047 -0.19635704]
2321,[ 0.19976132  0.10457274 -0.08993924  0.13136011  0.36909786  0.08989535
 -0.04556959  0.6526409   0.3532095  -0.53194176 -0.04562721 -0.12169921
  0.18149403  0.4284655  -0.3258884   0.22865935 -0.11004075 -0.62151514
  0.10524292  0.14294095 -0.46959233  0.20744087  0.26172542 -0.64190819
 -0.01490636  0.38457476  0.02014668  0.04053086 -0.54854151  0.52867346
  0.55881987  0.56214412  0.64003148  0.23311625 -0.1714159   0.57177797
 -0.17211024  0.41786561 -0.61650535  0.12296917  0.34309308 -0.63140505
 -0.00379758 -0.22866781  0.0739707  -0.29642675  0.27412891 -0.49556294
 -0.29636294 -0.82454916 -0.50058327 -0.22734956 -0.19635876]
2322,[ 0.1997675   0.10457523 -0.08995509  0.13136354  0.36910139  0.08989155
 -0.04556403  0.65263498  0.35320338 -0.53193918 -0.04562631 -0.12169257
  0.18149075  0.42847175 -0.32588859  0.22866455 -0.11003745 -0.62151317
  0.10523941  0.14294467 -0.46959287  0.20743755  0.26172431 -0.64191341
 -0.01491173  0.38457217  0.02015632  0.04052763 -0.54854577  0.5286822
  0.55881146  0.5621464   0.64003535  0.23311641 -0.17141264  0.57177889
 -0.1721138   0.41786326 -0.61650386  0.12296535  0.34309393 -0.6313986
 -0.00380502 -0.22866845  0.07396631 -0.29642805  0.27413361 -0.49555245
 -0.29636894 -0.82454843 -0.50058571 -0.22734865 -0.19636047]
2323,[ 0.19977368  0.10457771 -0.08997093  0.13136696  0.36910492  0.08988777
 -0.04555848  0.65262906  0.35319727 -0.53193661 -0.04562541 -0.12168593
  0.18148748  0.42847798 -0.32588878  0.22866976 -0.11003416 -0.62151119
  0.10523591  0.14294838 -0.46959341  0.20743424  0.26172319 -0.64191862
 -0.01491709  0.38456959  0.02016596  0.04052441 -0.54855002  0.52869094
  0.55880305  0.56214867  0.64003921  0.23311657 -0.17140938  0.57177981
 -0.17211735  0.41786091 -0.61650236  0.12296153  0.34309479 -0.63139215
 -0.00381244 -0.22866908  0.07396192 -0.29642934  0.27413831 -0.49554197
 -0.29637493 -0.82454771 -0.50058814 -0.22734774 -0.19636219]
2324,[ 0.19977986  0.1045802  -0.08998675  0.13137037  0.36910845  0.08988399
 -0.04555294  0.65262315  0.35319117 -0.53193404 -0.04562452 -0.1216793
  0.18148421  0.42848421 -0.32588897  0.22867495 -0.11003086 -0.62150922
  0.1052324   0.14295208 -0.46959395  0.20743093  0.26172207 -0.64192383
 -0.01492245  0.38456701  0.02017558  0.0405212  -0.54855427  0.52869966
  0.55879466  0.56215093  0.64004307  0.23311673 -0.17140612  0.57178072
 -0.1721209   0.41785856 -0.61650087  0.12295771  0.34309565 -0.63138571
 -0.00381986 -0.22866971  0.07395754 -0.29643064  0.274143   -0.49553151
 -0.29638091 -0.82454698 -0.50059057 -0.22734684 -0.1963639 ]
2325,[ 0.19978602  0.10458268 -0.09000255  0.13137378  0.36911197  0.08988021
 -0.0455474   0.65261724  0.35318507 -0.53193147 -0.04562362 -0.12167268
  0.18148094  0.42849043 -0.32588916  0.22868014 -0.11002758 -0.62150725
  0.10522891  0.14295578 -0.46959449  0.20742762  0.26172096 -0.64192903
 -0.0149278   0.38456444  0.02018519  0.04051798 -0.54855852  0.52870838
  0.55878628  0.5621532   0.64004693  0.23311689 -0.17140287  0.57178163
 -0.17212444  0.41785621 -0.61649938  0.1229539   0.3430965  -0.63137928
 -0.00382727 -0.22867035  0.07395316 -0.29643193  0.27414768 -0.49552106
 -0.29638688 -0.82454626 -0.500593   -0.22734593 -0.19636561]
2326,[ 0.19979218  0.10458516 -0.09001833  0.13137719  0.36911549  0.08987644
 -0.04554187  0.65261135  0.35317898 -0.5319289  -0.04562273 -0.12166606
  0.18147768  0.42849665 -0.32588935  0.22868532 -0.11002429 -0.62150528
  0.10522541  0.14295948 -0.46959503  0.20742432  0.26171985 -0.64193423
 -0.01493315  0.38456187  0.02019478  0.04051477 -0.54856276  0.52871708
  0.5587779   0.56215546  0.64005078  0.23311705 -0.17139962  0.57178255
 -0.17212798  0.41785387 -0.61649789  0.1229501   0.34309735 -0.63137286
 -0.00383467 -0.22867098  0.07394879 -0.29643322  0.27415236 -0.49551062
 -0.29639285 -0.82454553 -0.50059542 -0.22734503 -0.19636731]
2327,[ 0.19979833  0.10458763 -0.09003409  0.1313806   0.36911901  0.08987267
 -0.04553634  0.65260546  0.3531729  -0.53192634 -0.04562184 -0.12165945
  0.18147442  0.42850286 -0.32588954  0.2286905  -0.11002101 -0.62150331
  0.10522192  0.14296317 -0.46959556  0.20742103  0.26171873 -0.64193942
 -0.01493849  0.3845593   0.02020437  0.04051157 -0.54856699  0.52872577
  0.55876954  0.56215772  0.64005462  0.23311721 -0.17139638  0.57178346
 -0.17213151  0.41785153 -0.6164964   0.1229463   0.34309821 -0.63136644
 -0.00384207 -0.22867161  0.07394442 -0.29643451  0.27415703 -0.49550019
 -0.29639881 -0.82454481 -0.50059785 -0.22734413 -0.19636902]
2328,[ 0.19980448  0.10459011 -0.09004984  0.131384    0.36912252  0.0898689
 -0.04553083  0.65259957  0.35316682 -0.53192378 -0.04562095 -0.12165285
  0.18147116  0.42850906 -0.32588973  0.22869567 -0.11001773 -0.62150135
  0.10521843  0.14296686 -0.4695961   0.20741773  0.26171762 -0.6419446
 -0.01494382  0.38455673  0.02021395  0.04050837 -0.54857122  0.52873446
  0.55876118  0.56215998  0.64005846  0.23311737 -0.17139313  0.57178437
 -0.17213504  0.41784919 -0.61649492  0.1229425   0.34309906 -0.63136003
 -0.00384945 -0.22867224  0.07394006 -0.29643579  0.2741617  -0.49548977
 -0.29640477 -0.82454409 -0.50060026 -0.22734322 -0.19637072]
2329,[ 0.19981062  0.10459258 -0.09006557  0.1313874   0.36912603  0.08986514
 -0.04552531  0.6525937   0.35316075 -0.53192123 -0.04562006 -0.12164626
  0.18146791  0.42851525 -0.32588993  0.22870084 -0.11001446 -0.62149939
  0.10521495  0.14297054 -0.46959664  0.20741444  0.26171651 -0.64194978
 -0.01494915  0.38455417  0.02022352  0.04050517 -0.54857544  0.52874314
  0.55875283  0.56216224  0.6400623   0.23311753 -0.1713899   0.57178528
 -0.17213857  0.41784686 -0.61649343  0.12293871  0.34309991 -0.63135363
 -0.00385683 -0.22867287  0.0739357  -0.29643708  0.27416636 -0.49547937
 -0.29641071 -0.82454337 -0.50060268 -0.22734232 -0.19637243]
2330,[ 0.19981675  0.10459504 -0.09008128  0.13139079  0.36912953  0.08986138
 -0.04551981  0.65258783  0.35315469 -0.53191867 -0.04561917 -0.12163968
  0.18146467  0.42852144 -0.32589012  0.228706   -0.11001119 -0.62149743
  0.10521147  0.14297422 -0.46959718  0.20741116  0.26171541 -0.64195496
 -0.01495447  0.38455161  0.02023307  0.04050197 -0.54857966  0.5287518
  0.5587445   0.56216449  0.64006613  0.23311769 -0.17138666  0.57178619
 -0.17214209  0.41784452 -0.61649195  0.12293492  0.34310076 -0.63134723
 -0.0038642  -0.22867349  0.07393134 -0.29643837  0.27417102 -0.49546897
 -0.29641665 -0.82454265 -0.50060509 -0.22734142 -0.19637413]
2331,[ 0.19982287  0.10459751 -0.09009697  0.13139418  0.36913303  0.08985763
 -0.04551431  0.65258196  0.35314864 -0.53191612 -0.04561828 -0.1216331
  0.18146142  0.42852762 -0.3258903   0.22871115 -0.11000792 -0.62149547
  0.105208    0.1429779  -0.46959771  0.20740787  0.2617143  -0.64196012
 -0.01495978  0.38454905  0.02024262  0.04049878 -0.54858388  0.52876046
  0.55873617  0.56216674  0.64006996  0.23311785 -0.17138343  0.5717871
 -0.17214561  0.41784219 -0.61649047  0.12293113  0.34310161 -0.63134084
 -0.00387156 -0.22867412  0.073927   -0.29643965  0.27417567 -0.49545859
 -0.29642259 -0.82454193 -0.50060751 -0.22734052 -0.19637582]
2332,[ 0.19982899  0.10459997 -0.09011265  0.13139757  0.36913653  0.08985388
 -0.04550881  0.65257611  0.35314259 -0.53191358 -0.0456174  -0.12162653
  0.18145818  0.4285338  -0.32589049  0.2287163  -0.11000466 -0.62149352
  0.10520453  0.14298157 -0.46959825  0.2074046   0.26171319 -0.64196528
 -0.01496509  0.38454649  0.02025215  0.0404956  -0.54858809  0.5287691
  0.55872785  0.56216899  0.64007378  0.23311801 -0.17138021  0.571788
 -0.17214913  0.41783987 -0.61648899  0.12292735  0.34310245 -0.63133446
 -0.00387891 -0.22867475  0.07392265 -0.29644093  0.27418032 -0.49544822
 -0.29642852 -0.82454121 -0.50060991 -0.22733963 -0.19637752]
2333,[ 0.1998351   0.10460243 -0.09012831  0.13140095  0.36914002  0.08985014
 -0.04550333  0.65257026  0.35313655 -0.53191103 -0.04561651 -0.12161996
  0.18145494  0.42853996 -0.32589068  0.22872145 -0.1100014  -0.62149157
  0.10520106  0.14298524 -0.46959878  0.20740132  0.26171209 -0.64197044
 -0.01497039  0.38454394  0.02026167  0.04049241 -0.5485923   0.52877774
  0.55871954  0.56217123  0.6400776   0.23311817 -0.17137698  0.57178891
 -0.17215264  0.41783754 -0.61648751  0.12292358  0.3431033  -0.63132809
 -0.00388625 -0.22867538  0.07391831 -0.29644221  0.27418496 -0.49543786
 -0.29643444 -0.82454049 -0.50061232 -0.22733873 -0.19637921]
2334,[ 0.1998412   0.10460488 -0.09014395  0.13140433  0.36914351  0.0898464
 -0.04549784  0.65256441  0.35313051 -0.53190849 -0.04561562 -0.12161341
  0.18145171  0.42854612 -0.32589087  0.22872658 -0.10999815 -0.62148962
  0.1051976   0.1429889  -0.46959932  0.20739805  0.26171099 -0.64197559
 -0.01497569  0.38454139  0.02027119  0.04048923 -0.5485965   0.52878637
  0.55871124  0.56217348  0.64008142  0.23311832 -0.17137376  0.57178981
 -0.17215615  0.41783522 -0.61648604  0.12291981  0.34310415 -0.63132172
 -0.00389359 -0.228676    0.07391398 -0.29644349  0.2741896  -0.49542751
 -0.29644035 -0.82453977 -0.50061472 -0.22733783 -0.19638091]
2335,[ 0.1998473   0.10460734 -0.09015957  0.1314077   0.36914699  0.08984266
 -0.04549237  0.65255857  0.35312448 -0.53190595 -0.04561474 -0.12160686
  0.18144848  0.42855228 -0.32589106  0.22873171 -0.1099949  -0.62148767
  0.10519414  0.14299256 -0.46959985  0.20739478  0.26170989 -0.64198073
 -0.01498098  0.38453884  0.02028069  0.04048605 -0.54860069  0.52879498
  0.55870295  0.56217572  0.64008523  0.23311848 -0.17137055  0.57179072
 -0.17215965  0.4178329  -0.61648456  0.12291604  0.34310499 -0.63131536
 -0.00390091 -0.22867663  0.07390965 -0.29644477  0.27419423 -0.49541718
 -0.29644626 -0.82453906 -0.50061712 -0.22733694 -0.1963826 ]
2336,[ 0.19985339  0.10460979 -0.09017518  0.13141107  0.36915047  0.08983893
 -0.0454869   0.65255274  0.35311846 -0.53190341 -0.04561386 -0.12160032
  0.18144525  0.42855842 -0.32589125  0.22873684 -0.10999165 -0.62148572
  0.10519068  0.14299622 -0.46960038  0.20739152  0.26170879 -0.64198587
 -0.01498627  0.3845363   0.02029018  0.04048288 -0.54860489  0.52880359
  0.55869467  0.56217795  0.64008904  0.23311864 -0.17136733  0.57179162
 -0.17216315  0.41783058 -0.61648309  0.12291227  0.34310583 -0.63130901
 -0.00390823 -0.22867725  0.07390533 -0.29644604  0.27419885 -0.49540686
 -0.29645216 -0.82453834 -0.50061952 -0.22733604 -0.19638428]
2337,[ 0.19985947  0.10461224 -0.09019076  0.13141444  0.36915395  0.08983521
 -0.04548144  0.65254692  0.35311245 -0.53190088 -0.04561298 -0.12159378
  0.18144203  0.42856456 -0.32589144  0.22874196 -0.10998841 -0.62148378
  0.10518723  0.14299987 -0.46960091  0.20738826  0.26170769 -0.641991
 -0.01499155  0.38453376  0.02029966  0.04047971 -0.54860907  0.52881219
  0.5586864   0.56218019  0.64009284  0.2331188  -0.17136413  0.57179252
 -0.17216664  0.41782827 -0.61648162  0.12290852  0.34310668 -0.63130266
 -0.00391554 -0.22867787  0.07390101 -0.29644732  0.27420347 -0.49539654
 -0.29645806 -0.82453763 -0.50062191 -0.22733515 -0.19638597]
2338,[ 0.19986555  0.10461468 -0.09020633  0.1314178   0.36915742  0.08983148
 -0.04547598  0.6525411   0.35310644 -0.53189835 -0.04561209 -0.12158726
  0.18143881  0.42857069 -0.32589163  0.22874707 -0.10998517 -0.62148184
  0.10518379  0.14300352 -0.46960145  0.207385    0.26170659 -0.64199613
 -0.01499682  0.38453122  0.02030913  0.04047655 -0.54861326  0.52882077
  0.55867814  0.56218242  0.64009664  0.23311896 -0.17136092  0.57179342
 -0.17217013  0.41782596 -0.61648015  0.12290476  0.34310752 -0.63129633
 -0.00392284 -0.2286785   0.07389669 -0.29644859  0.27420809 -0.49538624
 -0.29646394 -0.82453691 -0.5006243  -0.22733426 -0.19638765]
2339,[ 0.19987162  0.10461712 -0.09022189  0.13142116  0.36916089  0.08982776
 -0.04547053  0.65253529  0.35310044 -0.53189582 -0.04561121 -0.12158074
  0.1814356   0.42857682 -0.32589181  0.22875218 -0.10998193 -0.6214799
  0.10518034  0.14300716 -0.46960198  0.20738175  0.26170549 -0.64200125
 -0.01500209  0.38452869  0.02031859  0.04047338 -0.54861743  0.52882935
  0.55866988  0.56218465  0.64010043  0.23311911 -0.17135772  0.57179432
 -0.17217362  0.41782365 -0.61647869  0.12290101  0.34310836 -0.63129
 -0.00393014 -0.22867912  0.07389238 -0.29644986  0.2742127  -0.49537595
 -0.29646982 -0.8245362  -0.50062669 -0.22733337 -0.19638934]
2340,[ 0.19987768  0.10461956 -0.09023742  0.13142451  0.36916435  0.08982405
 -0.04546508  0.65252949  0.35309444 -0.5318933  -0.04561034 -0.12157423
  0.18143239  0.42858294 -0.325892    0.22875728 -0.1099787  -0.62147796
  0.1051769   0.1430108  -0.46960251  0.2073785   0.2617044  -0.64200637
 -0.01500735  0.38452615  0.02032804  0.04047023 -0.54862161  0.52883792
  0.55866164  0.56218688  0.64010422  0.23311927 -0.17135452  0.57179522
 -0.17217711  0.41782134 -0.61647722  0.12289726  0.3431092  -0.63128367
 -0.00393742 -0.22867974  0.07388808 -0.29645113  0.2742173  -0.49536568
 -0.2964757  -0.82453549 -0.50062908 -0.22733248 -0.19639102]
2341,[ 0.19988373  0.104622   -0.09025294  0.13142787  0.36916781  0.08982034
 -0.04545965  0.65252369  0.35308846 -0.53189078 -0.04560946 -0.12156772
  0.18142918  0.42858905 -0.32589219  0.22876238 -0.10997547 -0.62147603
  0.10517347  0.14301443 -0.46960304  0.20737525  0.2617033  -0.64201147
 -0.0150126   0.38452362  0.02033747  0.04046707 -0.54862577  0.52884648
  0.55865341  0.56218911  0.64010801  0.23311943 -0.17135133  0.57179612
 -0.17218059  0.41781904 -0.61647576  0.12289352  0.34311004 -0.63127736
 -0.0039447  -0.22868036  0.07388378 -0.2964524   0.2742219  -0.49535541
 -0.29648157 -0.82453478 -0.50063146 -0.22733159 -0.1963927 ]
2342,[ 0.19988978  0.10462443 -0.09026844  0.13143121  0.36917127  0.08981663
 -0.04545421  0.6525179   0.35308247 -0.53188826 -0.04560858 -0.12156123
  0.18142597  0.42859515 -0.32589238  0.22876747 -0.10997224 -0.62147409
  0.10517004  0.14301806 -0.46960357  0.20737201  0.26170221 -0.64201658
 -0.01501785  0.3845211   0.0203469   0.04046392 -0.54862994  0.52885503
  0.55864518  0.56219133  0.64011179  0.23311959 -0.17134814  0.57179701
 -0.17218406  0.41781674 -0.61647429  0.12288978  0.34311088 -0.63127105
 -0.00395197 -0.22868098  0.07387948 -0.29645367  0.2742265  -0.49534516
 -0.29648743 -0.82453407 -0.50063384 -0.2273307  -0.19639437]
2343,[ 0.19989582  0.10462687 -0.09028392  0.13143456  0.36917472  0.08981293
 -0.04544879  0.65251211  0.3530765  -0.53188574 -0.04560771 -0.12155474
  0.18142277  0.42860125 -0.32589256  0.22877256 -0.10996902 -0.62147216
  0.10516661  0.14302169 -0.4696041   0.20736877  0.26170112 -0.64202168
 -0.0150231   0.38451857  0.02035632  0.04046077 -0.5486341   0.52886357
  0.55863697  0.56219355  0.64011556  0.23311974 -0.17134495  0.57179791
 -0.17218753  0.41781444 -0.61647283  0.12288605  0.34311171 -0.63126474
 -0.00395923 -0.2286816   0.07387519 -0.29645494  0.27423109 -0.49533491
 -0.29649328 -0.82453336 -0.50063622 -0.22732981 -0.19639605]
2344,[ 0.19990186  0.10462929 -0.09029939  0.1314379   0.36917817  0.08980923
 -0.04544337  0.65250633  0.35307053 -0.53188323 -0.04560683 -0.12154825
  0.18141958  0.42860734 -0.32589275  0.22877764 -0.1099658  -0.62147023
  0.10516318  0.14302531 -0.46960462  0.20736554  0.26170003 -0.64202677
 -0.01502834  0.38451605  0.02036572  0.04045763 -0.54863825  0.5288721
  0.55862876  0.56219577  0.64011934  0.2331199  -0.17134176  0.5717988
 -0.172191    0.41781214 -0.61647137  0.12288232  0.34311255 -0.63125845
 -0.00396648 -0.22868222  0.07387091 -0.2964562   0.27423567 -0.49532468
 -0.29649913 -0.82453265 -0.5006386  -0.22732893 -0.19639772]
2345,[ 0.19990789  0.10463172 -0.09031484  0.13144123  0.36918162  0.08980554
 -0.04543795  0.65250056  0.35306457 -0.53188072 -0.04560596 -0.12154178
  0.18141638  0.42861342 -0.32589294  0.22878271 -0.10996259 -0.62146831
  0.10515976  0.14302893 -0.46960515  0.2073623   0.26169894 -0.64203185
 -0.01503357  0.38451353  0.02037512  0.04045448 -0.5486424   0.52888062
  0.55862056  0.56219798  0.6401231   0.23312006 -0.17133858  0.5717997
 -0.17219446  0.41780985 -0.61646992  0.1228786   0.34311339 -0.63125216
 -0.00397373 -0.22868283  0.07386663 -0.29645746  0.27424025 -0.49531446
 -0.29650497 -0.82453194 -0.50064097 -0.22732804 -0.19639939]
2346,[ 0.19991391  0.10463414 -0.09033027  0.13144457  0.36918506  0.08980185
 -0.04543255  0.6524948   0.35305862 -0.53187821 -0.04560508 -0.12153531
  0.18141319  0.4286195  -0.32589313  0.22878778 -0.10995937 -0.62146638
  0.10515635  0.14303254 -0.46960568  0.20735908  0.26169785 -0.64203693
 -0.01503879  0.38451102  0.02038451  0.04045135 -0.54864655  0.52888913
  0.55861237  0.56220019  0.64012687  0.23312021 -0.17133541  0.57180059
 -0.17219792  0.41780756 -0.61646846  0.12287488  0.34311422 -0.63124588
 -0.00398097 -0.22868345  0.07386235 -0.29645873  0.27424483 -0.49530426
 -0.29651081 -0.82453123 -0.50064334 -0.22732716 -0.19640106]
2347,[ 0.19991992  0.10463656 -0.09034568  0.1314479   0.36918849  0.08979817
 -0.04542714  0.65248904  0.35305267 -0.53187571 -0.04560421 -0.12152885
  0.18141001  0.42862557 -0.32589331  0.22879284 -0.10995617 -0.62146446
  0.10515294  0.14303615 -0.4696062   0.20735585  0.26169676 -0.64204201
 -0.01504401  0.38450851  0.02039388  0.04044821 -0.54865069  0.52889763
  0.55860419  0.5622024   0.64013063  0.23312037 -0.17133224  0.57180148
 -0.17220138  0.41780527 -0.61646701  0.12287116  0.34311505 -0.6312396
 -0.00398819 -0.22868407  0.07385808 -0.29645999  0.2742494  -0.49529406
 -0.29651664 -0.82453053 -0.50064571 -0.22732628 -0.19640273]
2348,[ 0.19992593  0.10463898 -0.09036107  0.13145122  0.36919193  0.08979448
 -0.04542175  0.65248328  0.35304673 -0.5318732  -0.04560334 -0.1215224
  0.18140682  0.42863163 -0.3258935   0.2287979  -0.10995296 -0.62146254
  0.10514953  0.14303976 -0.46960673  0.20735263  0.26169568 -0.64204708
 -0.01504923  0.384506    0.02040324  0.04044508 -0.54865482  0.52890612
  0.55859602  0.56220461  0.64013438  0.23312052 -0.17132907  0.57180237
 -0.17220483  0.41780298 -0.61646555  0.12286745  0.34311589 -0.63123334
 -0.00399541 -0.22868468  0.07385382 -0.29646125  0.27425396 -0.49528387
 -0.29652246 -0.82452982 -0.50064808 -0.22732539 -0.1964044 ]
2349,[ 0.19993193  0.1046414  -0.09037645  0.13145454  0.36919536  0.08979081
 -0.04541636  0.65247754  0.3530408  -0.53187071 -0.04560247 -0.12151595
  0.18140365  0.42863769 -0.32589368  0.22880295 -0.10994976 -0.62146062
  0.10514612  0.14304336 -0.46960726  0.20734942  0.26169459 -0.64205214
 -0.01505444  0.38450349  0.0204126   0.04044196 -0.54865895  0.5289146
  0.55858786  0.56220682  0.64013814  0.23312068 -0.1713259   0.57180326
 -0.17220828  0.4178007  -0.6164641   0.12286374  0.34311672 -0.63122708
 -0.00400263 -0.2286853   0.07384956 -0.2964625   0.27425852 -0.4952737
 -0.29652827 -0.82452912 -0.50065044 -0.22732451 -0.19640606]
2350,[ 0.19993793  0.10464381 -0.09039181  0.13145786  0.36919878  0.08978713
 -0.04541097  0.6524718   0.35303487 -0.53186821 -0.0456016  -0.12150951
  0.18140047  0.42864374 -0.32589387  0.228808   -0.10994656 -0.62145871
  0.10514272  0.14304696 -0.46960778  0.2073462   0.26169351 -0.6420572
 -0.01505964  0.38450099  0.02042194  0.04043883 -0.54866308  0.52892308
  0.55857971  0.56220902  0.64014188  0.23312084 -0.17132274  0.57180415
 -0.17221173  0.41779842 -0.61646265  0.12286003  0.34311755 -0.63122082
 -0.00400983 -0.22868591  0.0738453  -0.29646376  0.27426307 -0.49526354
 -0.29653408 -0.82452841 -0.5006528  -0.22732363 -0.19640772]
2351,[ 0.19994391  0.10464622 -0.09040716  0.13146117  0.3692022   0.08978347
 -0.0454056   0.65246607  0.35302895 -0.53186572 -0.04560073 -0.12150308
  0.1813973   0.42864978 -0.32589405  0.22881303 -0.10994337 -0.6214568
  0.10513932  0.14305055 -0.4696083   0.20734299  0.26169243 -0.64206225
 -0.01506484  0.38449849  0.02043127  0.04043571 -0.5486672   0.52893154
  0.55857157  0.56221122  0.64014563  0.23312099 -0.17131958  0.57180504
 -0.17221517  0.41779614 -0.61646121  0.12285633  0.34311838 -0.63121458
 -0.00401703 -0.22868653  0.07384105 -0.29646501  0.27426762 -0.49525339
 -0.29653988 -0.82452771 -0.50065515 -0.22732275 -0.19640938]
2352,[ 0.19994989  0.10464863 -0.09042248  0.13146448  0.36920562  0.0897798
 -0.04540023  0.65246034  0.35302304 -0.53186323 -0.04559987 -0.12149666
  0.18139413  0.42865582 -0.32589424  0.22881807 -0.10994018 -0.62145488
  0.10513593  0.14305414 -0.46960883  0.20733979  0.26169135 -0.6420673
 -0.01507003  0.38449599  0.02044059  0.0404326  -0.54867132  0.52893999
  0.55856344  0.56221342  0.64014936  0.23312115 -0.17131642  0.57180592
 -0.1722186   0.41779386 -0.61645976  0.12285264  0.34311921 -0.63120834
 -0.00402421 -0.22868714  0.0738368  -0.29646627  0.27427216 -0.49524325
 -0.29654568 -0.824527   -0.50065751 -0.22732188 -0.19641104]
2353,[ 0.19995587  0.10465103 -0.09043779  0.13146779  0.36920904  0.08977614
 -0.04539486  0.65245462  0.35301713 -0.53186074 -0.045599   -0.12149024
  0.18139097  0.42866185 -0.32589443  0.2288231  -0.109937   -0.62145297
  0.10513254  0.14305773 -0.46960935  0.20733659  0.26169027 -0.64207234
 -0.01507521  0.38449349  0.0204499   0.04042948 -0.54867543  0.52894844
  0.55855531  0.56221561  0.6401531   0.2331213  -0.17131327  0.57180681
 -0.17222204  0.41779159 -0.61645832  0.12284895  0.34312003 -0.63120211
 -0.00403139 -0.22868775  0.07383256 -0.29646752  0.2742767  -0.49523312
 -0.29655147 -0.8245263  -0.50065986 -0.227321   -0.1964127 ]
2354,[ 0.19996184  0.10465343 -0.09045309  0.13147109  0.36921245  0.08977248
 -0.0453895   0.6524489   0.35301123 -0.53185825 -0.04559813 -0.12148383
  0.1813878   0.42866787 -0.32589461  0.22882812 -0.10993381 -0.62145107
  0.10512916  0.14306131 -0.46960987  0.20733339  0.26168919 -0.64207737
 -0.01508039  0.384491    0.0204592   0.04042637 -0.54867954  0.52895687
  0.5585472   0.5622178   0.64015683  0.23312146 -0.17131013  0.57180769
 -0.17222547  0.41778932 -0.61645687  0.12284526  0.34312086 -0.63119588
 -0.00403857 -0.22868836  0.07382832 -0.29646877  0.27428123 -0.49522301
 -0.29655725 -0.8245256  -0.50066221 -0.22732012 -0.19641435]
2355,[ 0.1999678   0.10465583 -0.09046836  0.13147439  0.36921585  0.08976883
 -0.04538415  0.6524432   0.35300533 -0.53185577 -0.04559727 -0.12147743
  0.18138465  0.42867389 -0.32589479  0.22883314 -0.10993063 -0.62144916
  0.10512577  0.14306489 -0.46961039  0.20733019  0.26168811 -0.6420824
 -0.01508556  0.38448851  0.02046849  0.04042327 -0.54868364  0.5289653
  0.55853909  0.56222     0.64016056  0.23312161 -0.17130698  0.57180858
 -0.17222889  0.41778705 -0.61645543  0.12284157  0.34312169 -0.63118966
 -0.00404573 -0.22868897  0.07382409 -0.29647002  0.27428576 -0.4952129
 -0.29656303 -0.8245249  -0.50066456 -0.22731925 -0.196416  ]
2356,[ 0.19997375  0.10465823 -0.09048362  0.13147769  0.36921926  0.08976518
 -0.0453788   0.6524375   0.35299945 -0.53185329 -0.04559641 -0.12147103
  0.18138149  0.4286799  -0.32589498  0.22883815 -0.10992746 -0.62144726
  0.1051224   0.14306846 -0.46961091  0.207327    0.26168704 -0.64208743
 -0.01509073  0.38448602  0.02047777  0.04042017 -0.54868774  0.52897371
  0.558531    0.56222218  0.64016428  0.23312177 -0.17130384  0.57180946
 -0.17223231  0.41778479 -0.61645399  0.12283789  0.34312251 -0.63118345
 -0.00405288 -0.22868958  0.07381986 -0.29647127  0.27429028 -0.49520281
 -0.2965688  -0.8245242  -0.5006669  -0.22731837 -0.19641765]
2357,[ 0.1999797   0.10466062 -0.09049886  0.13148098  0.36922265  0.08976154
 -0.04537346  0.6524318   0.35299357 -0.53185081 -0.04559554 -0.12146464
  0.18137834  0.4286859  -0.32589516  0.22884315 -0.10992429 -0.62144536
  0.10511902  0.14307203 -0.46961144  0.20732381  0.26168596 -0.64209244
 -0.01509589  0.38448354  0.02048704  0.04041707 -0.54869183  0.52898212
  0.55852291  0.56222437  0.640168    0.23312192 -0.1713007   0.57181034
 -0.17223573  0.41778252 -0.61645256  0.12283422  0.34312334 -0.63117725
 -0.00406003 -0.22869019  0.07381564 -0.29647251  0.2742948  -0.49519272
 -0.29657456 -0.8245235  -0.50066924 -0.2273175  -0.1964193 ]
2358,[ 0.19998564  0.10466301 -0.09051408  0.13148427  0.36922605  0.0897579
 -0.04536812  0.65242611  0.35298769 -0.53184834 -0.04559468 -0.12145826
  0.18137519  0.42869189 -0.32589535  0.22884815 -0.10992112 -0.62144346
  0.10511565  0.1430756  -0.46961196  0.20732063  0.26168489 -0.64209746
 -0.01510105  0.38448106  0.0204963   0.04041397 -0.54869592  0.52899051
  0.55851483  0.56222655  0.64017171  0.23312207 -0.17129757  0.57181122
 -0.17223914  0.41778026 -0.61645112  0.12283055  0.34312416 -0.63117105
 -0.00406717 -0.2286908   0.07381142 -0.29647376  0.27429932 -0.49518265
 -0.29658032 -0.82452281 -0.50067158 -0.22731663 -0.19642095]
2359,[ 0.19999157  0.1046654  -0.09052929  0.13148755  0.36922944  0.08975426
 -0.0453628   0.65242043  0.35298183 -0.53184587 -0.04559382 -0.12145189
  0.18137205  0.42869788 -0.32589553  0.22885315 -0.10991795 -0.62144157
  0.10511228  0.14307916 -0.46961247  0.20731745  0.26168381 -0.64210246
 -0.0151062   0.38447858  0.02050555  0.04041088 -0.54870001  0.5289989
  0.55850676  0.56222873  0.64017542  0.23312223 -0.17129444  0.5718121
 -0.17224255  0.41777801 -0.61644969  0.12282688  0.34312498 -0.63116486
 -0.0040743  -0.22869141  0.07380721 -0.296475    0.27430382 -0.49517259
 -0.29658607 -0.82452211 -0.50067392 -0.22731576 -0.19642259]
2360,[ 0.1999975   0.10466778 -0.09054448  0.13149083  0.36923283  0.08975063
 -0.04535747  0.65241476  0.35297596 -0.5318434  -0.04559296 -0.12144552
  0.18136891  0.42870386 -0.32589571  0.22885814 -0.10991479 -0.62143967
  0.10510892  0.14308272 -0.46961299  0.20731427  0.26168274 -0.64210746
 -0.01511134  0.3844761   0.02051479  0.04040779 -0.54870409  0.52900728
  0.5584987   0.56223091  0.64017912  0.23312238 -0.17129131  0.57181298
 -0.17224596  0.41777575 -0.61644825  0.12282322  0.3431258  -0.63115868
 -0.00408143 -0.22869202  0.073803   -0.29647624  0.27430833 -0.49516255
 -0.29659181 -0.82452141 -0.50067625 -0.22731489 -0.19642424]
2361,[ 0.20000342  0.10467017 -0.09055965  0.13149411  0.36923621  0.08974701
 -0.04535215  0.65240909  0.35297011 -0.53184093 -0.04559211 -0.12143916
  0.18136577  0.42870984 -0.3258959   0.22886312 -0.10991164 -0.62143778
  0.10510556  0.14308627 -0.46961351  0.2073111   0.26168167 -0.64211246
 -0.01511648  0.38447363  0.02052402  0.04040471 -0.54870816  0.52901565
  0.55849065  0.56223309  0.64018282  0.23312254 -0.17128819  0.57181386
 -0.17224936  0.4177735  -0.61644682  0.12281956  0.34312662 -0.6311525
 -0.00408854 -0.22869262  0.07379879 -0.29647748  0.27431282 -0.49515251
 -0.29659755 -0.82452072 -0.50067858 -0.22731402 -0.19642588]
2362,[ 0.20000933  0.10467254 -0.0905748   0.13149738  0.36923959  0.08974338
 -0.04534684  0.65240343  0.35296426 -0.53183847 -0.04559125 -0.12143281
  0.18136264  0.42871581 -0.32589608  0.2288681  -0.10990848 -0.62143589
  0.10510221  0.14308982 -0.46961403  0.20730793  0.26168061 -0.64211745
 -0.01512161  0.38447116  0.02053323  0.04040162 -0.54871223  0.52902401
  0.55848261  0.56223526  0.64018652  0.23312269 -0.17128507  0.57181473
 -0.17225276  0.41777125 -0.61644539  0.12281591  0.34312744 -0.63114633
 -0.00409565 -0.22869323  0.0737946  -0.29647872  0.27431731 -0.49514248
 -0.29660328 -0.82452002 -0.50068091 -0.22731315 -0.19642752]
2363,[ 0.20001524  0.10467492 -0.09058994  0.13150065  0.36924297  0.08973976
 -0.04534154  0.65239777  0.35295842 -0.53183601 -0.04559039 -0.12142647
  0.18135951  0.42872177 -0.32589626  0.22887307 -0.10990533 -0.621434
  0.10509886  0.14309337 -0.46961455  0.20730476  0.26167954 -0.64212243
 -0.01512674  0.38446869  0.02054244  0.04039855 -0.5487163   0.52903235
  0.55847458  0.56223743  0.64019021  0.23312284 -0.17128195  0.57181561
 -0.17225615  0.417769   -0.61644396  0.12281226  0.34312826 -0.63114017
 -0.00410275 -0.22869383  0.0737904  -0.29647996  0.2743218  -0.49513247
 -0.296609   -0.82451933 -0.50068323 -0.22731228 -0.19642916]
2364,[ 0.20002114  0.1046773  -0.09060506  0.13150392  0.36924634  0.08973615
 -0.04533624  0.65239212  0.35295259 -0.53183356 -0.04558954 -0.12142013
  0.18135639  0.42872773 -0.32589645  0.22887804 -0.10990219 -0.62143212
  0.10509551  0.14309691 -0.46961506  0.2073016   0.26167847 -0.64212741
 -0.01513186  0.38446623  0.02055164  0.04039547 -0.54872036  0.52904069
  0.55846655  0.5622396   0.6401939   0.233123   -0.17127884  0.57181649
 -0.17225954  0.41776676 -0.61644254  0.12280861  0.34312908 -0.63113402
 -0.00410984 -0.22869444  0.07378621 -0.2964812   0.27432628 -0.49512247
 -0.29661472 -0.82451863 -0.50068556 -0.22731142 -0.19643079]
2365,[ 0.20002704  0.10467967 -0.09062017  0.13150718  0.36924971  0.08973254
 -0.04533095  0.65238648  0.35294676 -0.5318311  -0.04558868 -0.1214138
  0.18135326  0.42873367 -0.32589663  0.228883   -0.10989904 -0.62143023
  0.10509216  0.14310045 -0.46961558  0.20729844  0.26167741 -0.64213238
 -0.01513698  0.38446376  0.02056082  0.0403924  -0.54872442  0.52904902
  0.55845854  0.56224176  0.64019759  0.23312315 -0.17127573  0.57181736
 -0.17226293  0.41776451 -0.61644111  0.12280497  0.3431299  -0.63112787
 -0.00411692 -0.22869504  0.07378203 -0.29648243  0.27433076 -0.49511247
 -0.29662043 -0.82451794 -0.50068788 -0.22731055 -0.19643243]
2366,[ 0.20003292  0.10468204 -0.09063525  0.13151044  0.36925307  0.08972893
 -0.04532566  0.65238084  0.35294094 -0.53182865 -0.04558783 -0.12140747
  0.18135015  0.42873962 -0.32589681  0.22888795 -0.1098959  -0.62142835
  0.10508882  0.14310398 -0.46961609  0.20729528  0.26167634 -0.64213735
 -0.01514209  0.38446131  0.02057     0.04038933 -0.54872847  0.52905735
  0.55845053  0.56224393  0.64020127  0.2331233  -0.17127263  0.57181823
 -0.17226631  0.41776227 -0.61643969  0.12280133  0.34313071 -0.63112173
 -0.004124   -0.22869565  0.07377785 -0.29648367  0.27433523 -0.49510249
 -0.29662614 -0.82451725 -0.50069019 -0.22730969 -0.19643406]
2367,[ 0.2000388   0.1046844  -0.09065032  0.13151369  0.36925643  0.08972533
 -0.04532038  0.65237521  0.35293512 -0.5318262  -0.04558698 -0.12140116
  0.18134703  0.42874555 -0.32589699  0.2288929  -0.10989277 -0.62142647
  0.10508549  0.14310751 -0.46961661  0.20729213  0.26167528 -0.64214231
 -0.01514719  0.38445885  0.02057916  0.04038627 -0.54873252  0.52906566
  0.55844254  0.56224609  0.64020494  0.23312345 -0.17126952  0.5718191
 -0.17226969  0.41776004 -0.61643827  0.12279769  0.34313153 -0.63111559
 -0.00413106 -0.22869625  0.07377367 -0.2964849   0.2743397  -0.49509252
 -0.29663184 -0.82451656 -0.50069251 -0.22730882 -0.19643569]
2368,[ 0.20004468  0.10468677 -0.09066537  0.13151695  0.36925979  0.08972173
 -0.0453151   0.65236958  0.35292932 -0.53182375 -0.04558612 -0.12139485
  0.18134392  0.42875148 -0.32589718  0.22889785 -0.10988963 -0.6214246
  0.10508215  0.14311104 -0.46961712  0.20728898  0.26167422 -0.64214727
 -0.01515229  0.38445639  0.02058832  0.04038321 -0.54873656  0.52907396
  0.55843455  0.56224825  0.64020861  0.23312361 -0.17126642  0.57181997
 -0.17227307  0.4177578  -0.61643685  0.12279406  0.34313234 -0.63110946
 -0.00413812 -0.22869685  0.0737695  -0.29648613  0.27434416 -0.49508257
 -0.29663753 -0.82451587 -0.50069482 -0.22730796 -0.19643732]
2369,[ 0.20005055  0.10468913 -0.09068041  0.13152019  0.36926314  0.08971813
 -0.04530983  0.65236397  0.35292351 -0.53182131 -0.04558527 -0.12138855
  0.18134081  0.4287574  -0.32589736  0.22890278 -0.1098865  -0.62142272
  0.10507883  0.14311456 -0.46961764  0.20728584  0.26167316 -0.64215222
 -0.01515738  0.38445394  0.02059746  0.04038015 -0.5487406   0.52908225
  0.55842657  0.5622504   0.64021228  0.23312376 -0.17126333  0.57182084
 -0.17227644  0.41775557 -0.61643543  0.12279044  0.34313315 -0.63110334
 -0.00414518 -0.22869745  0.07376533 -0.29648736  0.27434862 -0.49507262
 -0.29664321 -0.82451518 -0.50069713 -0.2273071  -0.19643894]
2370,[ 0.20005641  0.10469149 -0.09069543  0.13152344  0.36926649  0.08971454
 -0.04530457  0.65235836  0.35291772 -0.53181887 -0.04558442 -0.12138225
  0.18133771  0.42876332 -0.32589754  0.22890772 -0.10988338 -0.62142085
  0.1050755   0.14311808 -0.46961815  0.2072827   0.2616721  -0.64215716
 -0.01516247  0.3844515   0.0206066   0.0403771  -0.54874463  0.52909054
  0.5584186   0.56225256  0.64021595  0.23312391 -0.17126024  0.57182171
 -0.17227981  0.41775334 -0.61643401  0.12278682  0.34313397 -0.63109723
 -0.00415222 -0.22869805  0.07376117 -0.29648859  0.27435307 -0.49506268
 -0.29664889 -0.82451449 -0.50069944 -0.22730624 -0.19644057]
2371,[ 0.20006226  0.10469384 -0.09071043  0.13152668  0.36926984  0.08971095
 -0.04529931  0.65235275  0.35291193 -0.53181643 -0.04558357 -0.12137596
  0.1813346   0.42876922 -0.32589772  0.22891265 -0.10988026 -0.62141898
  0.10507218  0.14312159 -0.46961866  0.20727956  0.26167104 -0.6421621
 -0.01516755  0.38444905  0.02061572  0.04037405 -0.54874866  0.52909881
  0.55841064  0.56225471  0.64021961  0.23312406 -0.17125715  0.57182258
 -0.17228317  0.41775111 -0.6164326   0.1227832   0.34313478 -0.63109112
 -0.00415925 -0.22869865  0.07375702 -0.29648981  0.27435752 -0.49505276
 -0.29665457 -0.8245138  -0.50070174 -0.22730538 -0.19644219]
2372,[ 0.20006811  0.1046962  -0.09072542  0.13152991  0.36927318  0.08970737
 -0.04529406  0.65234715  0.35290615 -0.531814   -0.04558273 -0.12136968
  0.18133151  0.42877512 -0.3258979   0.22891757 -0.10987714 -0.62141711
  0.10506886  0.1431251  -0.46961917  0.20727642  0.26166998 -0.64216704
 -0.01517262  0.38444661  0.02062484  0.040371   -0.54875269  0.52910708
  0.55840269  0.56225686  0.64022326  0.23312422 -0.17125407  0.57182345
 -0.17228653  0.41774889 -0.61643118  0.12277959  0.34313559 -0.63108502
 -0.00416628 -0.22869925  0.07375286 -0.29649104  0.27436196 -0.49504285
 -0.29666023 -0.82451312 -0.50070404 -0.22730452 -0.19644381]
2373,[ 0.20007395  0.10469855 -0.09074038  0.13153315  0.36927652  0.08970379
 -0.04528881  0.65234156  0.35290037 -0.53181156 -0.04558188 -0.12136341
  0.18132841  0.42878102 -0.32589808  0.22892248 -0.10987402 -0.62141524
  0.10506555  0.14312861 -0.46961968  0.20727329  0.26166893 -0.64217197
 -0.01517769  0.38444417  0.02063394  0.04036796 -0.54875671  0.52911533
  0.55839474  0.562259    0.64022691  0.23312437 -0.17125098  0.57182431
 -0.17228989  0.41774666 -0.61642977  0.12277598  0.3431364  -0.63107893
 -0.0041733  -0.22869985  0.07374872 -0.29649226  0.2743664  -0.49503294
 -0.29666589 -0.82451243 -0.50070634 -0.22730367 -0.19644543]
2374,[ 0.20007978  0.10470089 -0.09075534  0.13153638  0.36927985  0.08970022
 -0.04528357  0.65233597  0.3528946  -0.53180913 -0.04558103 -0.12135714
  0.18132532  0.42878691 -0.32589826  0.22892739 -0.10987091 -0.62141338
  0.10506224  0.14313211 -0.46962019  0.20727017  0.26166787 -0.64217689
 -0.01518276  0.38444173  0.02064303  0.04036492 -0.54876073  0.52912358
  0.55838681  0.56226115  0.64023056  0.23312452 -0.17124791  0.57182518
 -0.17229324  0.41774444 -0.61642836  0.12277237  0.3431372  -0.63107284
 -0.00418031 -0.22870045  0.07374457 -0.29649349  0.27437083 -0.49502305
 -0.29667155 -0.82451175 -0.50070864 -0.22730281 -0.19644705]
2375,[ 0.20008561  0.10470324 -0.09077027  0.1315396   0.36928318  0.08969665
 -0.04527834  0.65233039  0.35288884 -0.53180671 -0.04558019 -0.12135088
  0.18132223  0.42879279 -0.32589844  0.2289323  -0.1098678  -0.62141152
  0.10505893  0.14313561 -0.4696207   0.20726704  0.26166682 -0.64218181
 -0.01518782  0.3844393   0.02065212  0.04036188 -0.54876474  0.52913182
  0.55837889  0.56226329  0.6402342   0.23312467 -0.17124483  0.57182604
 -0.17229659  0.41774223 -0.61642695  0.12276877  0.34313801 -0.63106677
 -0.00418732 -0.22870105  0.07374044 -0.29649471  0.27437526 -0.49501317
 -0.2966772  -0.82451106 -0.50071093 -0.22730195 -0.19644867]
2376,[ 0.20009143  0.10470558 -0.09078519  0.13154282  0.36928651  0.08969308
 -0.04527311  0.65232482  0.35288309 -0.53180428 -0.04557935 -0.12134463
  0.18131915  0.42879867 -0.32589862  0.2289372  -0.1098647  -0.62140966
  0.10505563  0.1431391  -0.46962121  0.20726392  0.26166577 -0.64218672
 -0.01519287  0.38443686  0.02066119  0.04035885 -0.54876874  0.52914004
  0.55837097  0.56226543  0.64023784  0.23312482 -0.17124176  0.5718269
 -0.17229993  0.41774001 -0.61642554  0.12276517  0.34313882 -0.63106069
 -0.00419431 -0.22870164  0.0737363  -0.29649593  0.27437968 -0.49500331
 -0.29668284 -0.82451038 -0.50071323 -0.2273011  -0.19645028]
2377,[ 0.20009725  0.10470792 -0.09080009  0.13154604  0.36928983  0.08968952
 -0.04526789  0.65231925  0.35287734 -0.53180186 -0.0455785  -0.12133838
  0.18131607  0.42880453 -0.3258988   0.22894209 -0.1098616  -0.6214078
  0.10505233  0.14314259 -0.46962172  0.20726081  0.26166472 -0.64219162
 -0.01519791  0.38443444  0.02067025  0.04035582 -0.54877275  0.52914826
  0.55836306  0.56226756  0.64024148  0.23312497 -0.17123869  0.57182777
 -0.17230328  0.4177378  -0.61642414  0.12276158  0.34313962 -0.63105463
 -0.0042013  -0.22870224  0.07373217 -0.29649714  0.2743841  -0.49499345
 -0.29668847 -0.82450969 -0.50071551 -0.22730024 -0.19645189]
2378,[ 0.20010306  0.10471026 -0.09081497  0.13154926  0.36929315  0.08968596
 -0.04526267  0.65231369  0.35287159 -0.53179944 -0.04557766 -0.12133214
  0.18131299  0.4288104  -0.32589898  0.22894698 -0.1098585  -0.62140594
  0.10504903  0.14314608 -0.46962223  0.20725769  0.26166367 -0.64219652
 -0.01520295  0.38443201  0.0206793   0.04035279 -0.54877675  0.52915647
  0.55835516  0.5622697   0.64024511  0.23312512 -0.17123563  0.57182863
 -0.17230661  0.41773559 -0.61642273  0.12275799  0.34314043 -0.63104857
 -0.00420828 -0.22870283  0.07372805 -0.29649836  0.27438851 -0.4949836
 -0.2966941  -0.82450901 -0.5007178  -0.22729939 -0.1964535 ]
2379,[ 0.20010886  0.10471259 -0.09082984  0.13155247  0.36929646  0.0896824
 -0.04525746  0.65230813  0.35286586 -0.53179703 -0.04557682 -0.12132591
  0.18130992  0.42881625 -0.32589916  0.22895186 -0.10985541 -0.62140409
  0.10504574  0.14314956 -0.46962274  0.20725458  0.26166262 -0.64220142
 -0.01520799  0.38442959  0.02068835  0.04034977 -0.54878074  0.52916467
  0.55834728  0.56227183  0.64024873  0.23312527 -0.17123257  0.57182949
 -0.17230995  0.41773338 -0.61642133  0.1227544   0.34314123 -0.63104252
 -0.00421525 -0.22870343  0.07372393 -0.29649958  0.27439292 -0.49497377
 -0.29669972 -0.82450833 -0.50072008 -0.22729854 -0.19645511]
2380,[ 0.20011465  0.10471493 -0.09084469  0.13155568  0.36929978  0.08967885
 -0.04525226  0.65230259  0.35286013 -0.53179461 -0.04557598 -0.12131969
  0.18130685  0.4288221  -0.32589934  0.22895674 -0.10985232 -0.62140224
  0.10504245  0.14315304 -0.46962324  0.20725148  0.26166157 -0.64220631
 -0.01521302  0.38442717  0.02069738  0.04034675 -0.54878473  0.52917286
  0.55833939  0.56227396  0.64025236  0.23312542 -0.17122951  0.57183035
 -0.17231328  0.41773118 -0.61641993  0.12275082  0.34314204 -0.63103647
 -0.00422222 -0.22870402  0.07371981 -0.29650079  0.27439732 -0.49496394
 -0.29670534 -0.82450765 -0.50072237 -0.22729769 -0.19645672]
2381,[ 0.20012044  0.10471726 -0.09085952  0.13155888  0.36930308  0.08967531
 -0.04524706  0.65229704  0.3528544  -0.5317922  -0.04557514 -0.12131347
  0.18130378  0.42882794 -0.32589952  0.22896161 -0.10984923 -0.62140039
  0.10503917  0.14315651 -0.46962375  0.20724837  0.26166053 -0.64221119
 -0.01521804  0.38442475  0.0207064   0.04034373 -0.54878871  0.52918104
  0.55833152  0.56227609  0.64025598  0.23312557 -0.17122646  0.5718312
 -0.1723166   0.41772897 -0.61641853  0.12274725  0.34314284 -0.63103043
 -0.00422918 -0.22870461  0.0737157  -0.29650201  0.27440171 -0.49495413
 -0.29671095 -0.82450697 -0.50072464 -0.22729684 -0.19645832]
2382,[ 0.20012622  0.10471958 -0.09087434  0.13156208  0.36930639  0.08967176
 -0.04524187  0.65229151  0.35284869 -0.5317898  -0.0455743  -0.12130726
  0.18130072  0.42883378 -0.3258997   0.22896648 -0.10984615 -0.62139854
  0.10503589  0.14315998 -0.46962426  0.20724527  0.26165948 -0.64221607
 -0.01522306  0.38442233  0.02071541  0.04034072 -0.54879269  0.52918922
  0.55832366  0.56227821  0.64025959  0.23312572 -0.17122341  0.57183206
 -0.17231993  0.41772677 -0.61641713  0.12274367  0.34314364 -0.6310244
 -0.00423612 -0.22870521  0.0737116  -0.29650322  0.27440611 -0.49494433
 -0.29671655 -0.82450629 -0.50072692 -0.22729599 -0.19645993]
2383,[ 0.200132    0.10472191 -0.09088914  0.13156528  0.36930969  0.08966822
 -0.04523668  0.65228598  0.35284297 -0.53178739 -0.04557346 -0.12130106
  0.18129766  0.42883961 -0.32589988  0.22897134 -0.10984307 -0.62139669
  0.10503261  0.14316345 -0.46962476  0.20724218  0.26165844 -0.64222094
 -0.01522807  0.38441992  0.02072441  0.04033771 -0.54879667  0.52919738
  0.55831581  0.56228033  0.6402632   0.23312587 -0.17122036  0.57183292
 -0.17232324  0.41772458 -0.61641574  0.1227401   0.34314444 -0.63101838
 -0.00424307 -0.2287058   0.0737075  -0.29650443  0.27441049 -0.49493453
 -0.29672215 -0.82450561 -0.50072919 -0.22729514 -0.19646153]
2384,[ 0.20013777  0.10472423 -0.09090393  0.13156847  0.36931299  0.08966469
 -0.0452315   0.65228045  0.35283727 -0.53178499 -0.04557263 -0.12129486
  0.1812946   0.42884543 -0.32590006  0.2289762  -0.10983999 -0.62139485
  0.10502934  0.14316691 -0.46962527  0.20723909  0.2616574  -0.64222581
 -0.01523308  0.38441751  0.02073341  0.0403347  -0.54880064  0.52920553
  0.55830796  0.56228245  0.64026681  0.23312602 -0.17121732  0.57183377
 -0.17232656  0.41772238 -0.61641434  0.12273654  0.34314524 -0.63101236
 -0.00425    -0.22870639  0.0737034  -0.29650564  0.27441488 -0.49492475
 -0.29672774 -0.82450493 -0.50073147 -0.2272943  -0.19646313]
2385,[ 0.20014353  0.10472655 -0.09091869  0.13157166  0.36931628  0.08966116
 -0.04522632  0.65227493  0.35283157 -0.53178259 -0.04557179 -0.12128867
  0.18129155  0.42885124 -0.32590024  0.22898105 -0.10983692 -0.62139301
  0.10502607  0.14317037 -0.46962577  0.207236    0.26165636 -0.64223067
 -0.01523808  0.3844151   0.02074239  0.0403317  -0.54880461  0.52921368
  0.55830013  0.56228457  0.64027041  0.23312617 -0.17121428  0.57183463
 -0.17232987  0.41772019 -0.61641295  0.12273298  0.34314604 -0.63100635
 -0.00425692 -0.22870698  0.07369931 -0.29650684  0.27441925 -0.49491499
 -0.29673332 -0.82450426 -0.50073373 -0.22729345 -0.19646472]
2386,[ 0.20014929  0.10472886 -0.09093344  0.13157484  0.36931957  0.08965763
 -0.04522115  0.65226942  0.35282588 -0.53178019 -0.04557096 -0.12128249
  0.1812885   0.42885705 -0.32590042  0.22898589 -0.10983385 -0.62139117
  0.1050228   0.14317383 -0.46962628  0.20723291  0.26165532 -0.64223553
 -0.01524308  0.3844127   0.02075136  0.0403287  -0.54880857  0.52922181
  0.5582923   0.56228669  0.64027401  0.23312632 -0.17121124  0.57183548
 -0.17233318  0.417718   -0.61641156  0.12272942  0.34314683 -0.63100034
 -0.00426384 -0.22870757  0.07369522 -0.29650805  0.27442363 -0.49490523
 -0.2967389  -0.82450358 -0.500736   -0.22729261 -0.19646632]
2387,[ 0.20015504  0.10473118 -0.09094818  0.13157803  0.36932285  0.08965411
 -0.04521599  0.65226392  0.3528202  -0.5317778  -0.04557012 -0.12127631
  0.18128546  0.42886286 -0.3259006   0.22899073 -0.10983078 -0.62138933
  0.10501954  0.14317728 -0.46962678  0.20722983  0.26165428 -0.64224038
 -0.01524807  0.3844103   0.02076032  0.04032571 -0.54881253  0.52922994
  0.55828448  0.5622888   0.6402776   0.23312647 -0.17120821  0.57183633
 -0.17233648  0.41771581 -0.61641017  0.12272587  0.34314763 -0.63099434
 -0.00427075 -0.22870816  0.07369114 -0.29650925  0.27442799 -0.49489548
 -0.29674447 -0.8245029  -0.50073826 -0.22729176 -0.19646791]
2388,[ 0.20016078  0.10473349 -0.09096289  0.13158121  0.36932614  0.08965059
 -0.04521083  0.65225842  0.35281452 -0.53177541 -0.04556929 -0.12127014
  0.18128241  0.42886865 -0.32590077  0.22899557 -0.10982772 -0.6213875
  0.10501628  0.14318072 -0.46962728  0.20722675  0.26165324 -0.64224523
 -0.01525305  0.3844079   0.02076927  0.04032271 -0.54881648  0.52923806
  0.55827667  0.56229091  0.64028119  0.23312662 -0.17120518  0.57183718
 -0.17233978  0.41771363 -0.61640878  0.12272232  0.34314843 -0.63098835
 -0.00427765 -0.22870875  0.07368706 -0.29651046  0.27443236 -0.49488574
 -0.29675004 -0.82450223 -0.50074052 -0.22729092 -0.19646951]
2389,[ 0.20016652  0.1047358  -0.09097759  0.13158438  0.36932941  0.08964707
 -0.04520568  0.65225293  0.35280884 -0.53177302 -0.04556846 -0.12126398
  0.18127938  0.42887444 -0.32590095  0.2290004  -0.10982466 -0.62138566
  0.10501303  0.14318417 -0.46962778  0.20722368  0.2616522  -0.64225007
 -0.01525803  0.3844055   0.02077821  0.04031972 -0.54882043  0.52924617
  0.55826887  0.56229302  0.64028478  0.23312677 -0.17120215  0.57183803
 -0.17234308  0.41771144 -0.61640739  0.12271877  0.34314922 -0.63098237
 -0.00428455 -0.22870934  0.07368299 -0.29651166  0.27443671 -0.49487602
 -0.29675559 -0.82450156 -0.50074278 -0.22729008 -0.1964711 ]
2390,[ 0.20017225  0.1047381  -0.09099228  0.13158755  0.36933269  0.08964356
 -0.04520053  0.65224744  0.35280318 -0.53177063 -0.04556763 -0.12125782
  0.18127634  0.42888022 -0.32590113  0.22900522 -0.1098216  -0.62138383
  0.10500978  0.14318761 -0.46962828  0.20722061  0.26165117 -0.6422549
 -0.01526301  0.38440311  0.02078714  0.04031674 -0.54882437  0.52925427
  0.55826108  0.56229512  0.64028836  0.23312692 -0.17119913  0.57183888
 -0.17234637  0.41770926 -0.61640601  0.12271523  0.34315002 -0.63097639
 -0.00429143 -0.22870992  0.07367892 -0.29651286  0.27444107 -0.4948663
 -0.29676115 -0.82450088 -0.50074504 -0.22728923 -0.19647269]
2391,[ 0.20017797  0.10474041 -0.09100695  0.13159072  0.36933596  0.08964006
 -0.04519539  0.65224196  0.35279752 -0.53176825 -0.0455668  -0.12125168
  0.18127331  0.428886   -0.32590131  0.22901004 -0.10981855 -0.621382
  0.10500653  0.14319104 -0.46962879  0.20721754  0.26165013 -0.64225973
 -0.01526797  0.38440072  0.02079606  0.04031376 -0.54882831  0.52926236
  0.55825329  0.56229723  0.64029194  0.23312707 -0.17119611  0.57183973
 -0.17234966  0.41770709 -0.61640462  0.1227117   0.34315081 -0.63097042
 -0.00429831 -0.22871051  0.07367486 -0.29651406  0.27444542 -0.4948566
 -0.29676669 -0.82450021 -0.50074729 -0.22728839 -0.19647427]
2392,[ 0.20018369  0.10474271 -0.0910216   0.13159388  0.36933923  0.08963655
 -0.04519026  0.65223649  0.35279187 -0.53176587 -0.04556597 -0.12124554
  0.18127028  0.42889177 -0.32590148  0.22901485 -0.1098155  -0.62138018
  0.10500329  0.14319447 -0.46962929  0.20721447  0.2616491  -0.64226456
 -0.01527294  0.38439833  0.02080497  0.04031078 -0.54883225  0.52927044
  0.55824552  0.56229933  0.64029551  0.23312722 -0.1711931   0.57184058
 -0.17235295  0.41770491 -0.61640324  0.12270816  0.3431516  -0.63096446
 -0.00430518 -0.22871109  0.0736708  -0.29651526  0.27444976 -0.49484691
 -0.29677223 -0.82449954 -0.50074954 -0.22728756 -0.19647586]
2393,[ 0.2001894   0.10474501 -0.09103623  0.13159705  0.36934249  0.08963305
 -0.04518513  0.65223102  0.35278622 -0.53176349 -0.04556514 -0.1212394
  0.18126725  0.42889754 -0.32590166  0.22901965 -0.10981245 -0.62137835
  0.10500005  0.1431979  -0.46962979  0.20721141  0.26164807 -0.64226937
 -0.01527789  0.38439594  0.02081388  0.0403078  -0.54883618  0.52927851
  0.55823775  0.56230142  0.64029908  0.23312736 -0.17119008  0.57184142
 -0.17235623  0.41770274 -0.61640186  0.12270463  0.34315239 -0.6309585
 -0.00431205 -0.22871168  0.07366674 -0.29651646  0.2744541  -0.49483723
 -0.29677777 -0.82449887 -0.50075179 -0.22728672 -0.19647744]
2394,[ 0.2001951   0.1047473  -0.09105085  0.1316002   0.36934575  0.08962956
 -0.04518001  0.65222556  0.35278058 -0.53176111 -0.04556431 -0.12123327
  0.18126423  0.42890329 -0.32590184  0.22902446 -0.10980941 -0.62137653
  0.10499681  0.14320133 -0.46963028  0.20720836  0.26164704 -0.64227419
 -0.01528284  0.38439356  0.02082277  0.04030483 -0.54884011  0.52928657
  0.55823     0.56230352  0.64030265  0.23312751 -0.17118707  0.57184227
 -0.17235951  0.41770057 -0.61640048  0.12270111  0.34315318 -0.63095255
 -0.0043189  -0.22871226  0.07366269 -0.29651765  0.27445843 -0.49482756
 -0.2967833  -0.8244982  -0.50075404 -0.22728588 -0.19647902]
2395,[ 0.2002008   0.10474959 -0.09106545  0.13160336  0.36934901  0.08962607
 -0.04517489  0.6522201   0.35277494 -0.53175874 -0.04556349 -0.12122715
  0.18126121  0.42890904 -0.32590201  0.22902925 -0.10980637 -0.62137471
  0.10499358  0.14320475 -0.46963078  0.2072053   0.26164601 -0.642279
 -0.01528779  0.38439118  0.02083165  0.04030186 -0.54884403  0.52929462
  0.55822225  0.56230561  0.64030621  0.23312766 -0.17118407  0.57184312
 -0.17236278  0.4176984  -0.6163991   0.12269759  0.34315397 -0.63094661
 -0.00432575 -0.22871285  0.07365864 -0.29651884  0.27446276 -0.4948179
 -0.29678882 -0.82449753 -0.50075628 -0.22728504 -0.1964806 ]
2396,[ 0.20020649  0.10475188 -0.09108004  0.13160651  0.36935226  0.08962258
 -0.04516978  0.65221465  0.35276932 -0.53175637 -0.04556266 -0.12122104
  0.1812582   0.42891479 -0.32590219  0.22903404 -0.10980334 -0.62137289
  0.10499035  0.14320816 -0.46963128  0.20720225  0.26164498 -0.6422838
 -0.01529273  0.3843888   0.02084052  0.04029889 -0.54884795  0.52930267
  0.55821451  0.56230771  0.64030977  0.23312781 -0.17118107  0.57184396
 -0.17236605  0.41769623 -0.61639773  0.12269407  0.34315476 -0.63094067
 -0.00433259 -0.22871343  0.0736546  -0.29652004  0.27446708 -0.49480825
 -0.29679433 -0.82449686 -0.50075852 -0.22728421 -0.19648218]
2397,[ 0.20021218  0.10475417 -0.09109461  0.13160965  0.36935551  0.0896191
 -0.04516467  0.65220921  0.3527637  -0.531754   -0.04556184 -0.12121493
  0.18125519  0.42892052 -0.32590237  0.22903883 -0.10980031 -0.62137107
  0.10498712  0.14321158 -0.46963178  0.2071992   0.26164395 -0.64228859
 -0.01529766  0.38438643  0.02084938  0.04029593 -0.54885186  0.5293107
  0.55820678  0.5623098   0.64031332  0.23312796 -0.17117807  0.5718448
 -0.17236932  0.41769407 -0.61639635  0.12269056  0.34315555 -0.63093474
 -0.00433942 -0.22871401  0.07365057 -0.29652123  0.2744714  -0.49479861
 -0.29679984 -0.82449619 -0.50076076 -0.22728337 -0.19648376]
2398,[ 0.20021786  0.10475646 -0.09110916  0.1316128   0.36935875  0.08961562
 -0.04515957  0.65220377  0.35275808 -0.53175164 -0.04556102 -0.12120883
  0.18125218  0.42892626 -0.32590254  0.22904361 -0.10979728 -0.62136926
  0.1049839   0.14321498 -0.46963228  0.20719616  0.26164292 -0.64229339
 -0.01530259  0.38438406  0.02085823  0.04029297 -0.54885577  0.52931873
  0.55819906  0.56231188  0.64031687  0.2331281  -0.17117507  0.57184564
 -0.17237258  0.41769191 -0.61639498  0.12268705  0.34315634 -0.63092881
 -0.00434625 -0.2287146   0.07364653 -0.29652242  0.27447571 -0.49478898
 -0.29680535 -0.82449552 -0.50076299 -0.22728254 -0.19648533]
2399,[ 0.20022353  0.10475874 -0.09112369  0.13161594  0.369362    0.08961214
 -0.04515448  0.65219834  0.35275247 -0.53174927 -0.04556019 -0.12120274
  0.18124917  0.42893198 -0.32590272  0.22904838 -0.10979425 -0.62136745
  0.10498068  0.14321839 -0.46963277  0.20719312  0.2616419  -0.64229817
 -0.01530751  0.38438169  0.02086707  0.04029002 -0.54885967  0.52932675
  0.55819134  0.56231397  0.64032042  0.23312825 -0.17117208  0.57184648
 -0.17237584  0.41768975 -0.61639361  0.12268354  0.34315712 -0.6309229
 -0.00435307 -0.22871518  0.07364251 -0.29652361  0.27448002 -0.49477937
 -0.29681084 -0.82449486 -0.50076523 -0.22728171 -0.1964869 ]
2400,[ 0.20022919  0.10476102 -0.09113821  0.13161907  0.36936523  0.08960867
 -0.04514939  0.65219291  0.35274687 -0.53174691 -0.04555937 -0.12119666
  0.18124617  0.4289377  -0.32590289  0.22905315 -0.10979123 -0.62136564
  0.10497747  0.14322179 -0.46963327  0.20719008  0.26164088 -0.64230295
 -0.01531243  0.38437932  0.0208759   0.04028706 -0.54886357  0.52933476
  0.55818364  0.56231605  0.64032396  0.2331284  -0.17116909  0.57184732
 -0.1723791   0.4176876  -0.61639224  0.12268004  0.34315791 -0.63091699
 -0.00435988 -0.22871576  0.07363848 -0.29652479  0.27448433 -0.49476976
 -0.29681633 -0.82449419 -0.50076746 -0.22728087 -0.19648847]
2401,[ 0.20023485  0.1047633  -0.09115272  0.1316222   0.36936847  0.0896052
 -0.0451443   0.65218749  0.35274127 -0.53174456 -0.04555855 -0.12119058
  0.18124317  0.42894341 -0.32590307  0.22905791 -0.10978821 -0.62136383
  0.10497426  0.14322519 -0.46963376  0.20718705  0.26163985 -0.64230773
 -0.01531734  0.38437696  0.02088472  0.04028412 -0.54886747  0.52934276
  0.55817594  0.56231813  0.6403275   0.23312854 -0.1711661   0.57184816
 -0.17238235  0.41768544 -0.61639087  0.12267654  0.34315869 -0.63091108
 -0.00436668 -0.22871634  0.07363446 -0.29652598  0.27448863 -0.49476017
 -0.29682182 -0.82449353 -0.50076968 -0.22728004 -0.19649004]
2402,[ 0.20024051  0.10476557 -0.0911672   0.13162533  0.3693717   0.08960174
 -0.04513923  0.65218208  0.35273568 -0.5317422  -0.04555773 -0.1211845
  0.18124018  0.42894912 -0.32590324  0.22906267 -0.1097852  -0.62136202
  0.10497105  0.14322858 -0.46963426  0.20718402  0.26163883 -0.6423125
 -0.01532225  0.38437459  0.02089353  0.04028117 -0.54887136  0.52935075
  0.55816825  0.56232021  0.64033103  0.23312869 -0.17116312  0.571849
 -0.1723856   0.41768329 -0.6163895   0.12267305  0.34315947 -0.63090518
 -0.00437347 -0.22871692  0.07363045 -0.29652717  0.27449292 -0.49475058
 -0.2968273  -0.82449286 -0.50077191 -0.22727921 -0.19649161]
2403,[ 0.20024615  0.10476785 -0.09118168  0.13162846  0.36937493  0.08959828
 -0.04513416  0.65217667  0.3527301  -0.53173985 -0.04555691 -0.12117844
  0.18123719  0.42895482 -0.32590342  0.22906743 -0.10978219 -0.62136022
  0.10496785  0.14323197 -0.46963475  0.20718099  0.26163781 -0.64231726
 -0.01532715  0.38437224  0.02090233  0.04027823 -0.54887525  0.52935873
  0.55816057  0.56232228  0.64033456  0.23312884 -0.17116014  0.57184984
 -0.17238884  0.41768114 -0.61638814  0.12266956  0.34316026 -0.63089929
 -0.00438026 -0.2287175   0.07362644 -0.29652835  0.27449721 -0.49474101
 -0.29683277 -0.8244922  -0.50077413 -0.22727839 -0.19649318]
2404,[ 0.20025179  0.10477012 -0.09119613  0.13163158  0.36937815  0.08959482
 -0.04512909  0.65217127  0.35272452 -0.5317375  -0.0455561  -0.12117238
  0.1812342   0.42896051 -0.32590359  0.22907217 -0.10977918 -0.62135841
  0.10496464  0.14323535 -0.46963525  0.20717797  0.26163679 -0.64232202
 -0.01533205  0.38436988  0.02091113  0.04027529 -0.54887913  0.5293667
  0.5581529   0.56232435  0.64033809  0.23312898 -0.17115717  0.57185067
 -0.17239208  0.417679   -0.61638677  0.12266608  0.34316104 -0.63089341
 -0.00438704 -0.22871807  0.07362244 -0.29652953  0.27450149 -0.49473145
 -0.29683823 -0.82449154 -0.50077635 -0.22727756 -0.19649474]
2405,[ 0.20025743  0.10477238 -0.09121057  0.1316347   0.36938137  0.08959137
 -0.04512403  0.65216588  0.35271895 -0.53173516 -0.04555528 -0.12116633
  0.18123121  0.42896619 -0.32590377  0.22907692 -0.10977617 -0.62135661
  0.10496145  0.14323874 -0.46963574  0.20717495  0.26163577 -0.64232677
 -0.01533694  0.38436753  0.02091991  0.04027235 -0.54888301  0.52937466
  0.55814524  0.56232642  0.64034161  0.23312913 -0.1711542   0.57185151
 -0.17239532  0.41767685 -0.61638541  0.12266259  0.34316182 -0.63088753
 -0.00439381 -0.22871865  0.07361844 -0.29653071  0.27450577 -0.4947219
 -0.29684369 -0.82449088 -0.50077857 -0.22727673 -0.1964963 ]
2406,[ 0.20026306  0.10477465 -0.09122499  0.13163781  0.36938458  0.08958792
 -0.04511898  0.65216049  0.35271339 -0.53173281 -0.04555446 -0.12116028
  0.18122823  0.42897187 -0.32590394  0.22908165 -0.10977317 -0.62135481
  0.10495826  0.14324211 -0.46963623  0.20717193  0.26163476 -0.64233152
 -0.01534182  0.38436518  0.02092868  0.04026942 -0.54888688  0.52938262
  0.55813759  0.56232849  0.64034513  0.23312928 -0.17115123  0.57185234
 -0.17239855  0.41767471 -0.61638405  0.12265912  0.3431626  -0.63088166
 -0.00440057 -0.22871923  0.07361444 -0.29653189  0.27451005 -0.49471236
 -0.29684915 -0.82449021 -0.50078079 -0.2272759  -0.19649786]
2407,[ 0.20026868  0.10477691 -0.09123939  0.13164093  0.3693878   0.08958448
 -0.04511393  0.65215511  0.35270783 -0.53173047 -0.04555365 -0.12115424
  0.18122525  0.42897755 -0.32590412  0.22908638 -0.10977017 -0.62135302
  0.10495507  0.14324549 -0.46963672  0.20716892  0.26163374 -0.64233627
 -0.0153467   0.38436283  0.02093744  0.04026649 -0.54889075  0.52939056
  0.55812995  0.56233056  0.64034864  0.23312942 -0.17114826  0.57185318
 -0.17240178  0.41767257 -0.61638269  0.12265564  0.34316338 -0.6308758
 -0.00440733 -0.2287198   0.07361045 -0.29653307  0.27451432 -0.49470283
 -0.29685459 -0.82448955 -0.500783   -0.22727508 -0.19649942]
2408,[ 0.20027429  0.10477917 -0.09125378  0.13164403  0.36939101  0.08958104
 -0.04510888  0.65214973  0.35270228 -0.53172813 -0.04555283 -0.12114821
  0.18122228  0.42898321 -0.32590429  0.22909111 -0.10976718 -0.62135122
  0.10495188  0.14324886 -0.46963721  0.20716591  0.26163273 -0.642341
 -0.01535157  0.38436048  0.02094619  0.04026357 -0.54889462  0.5293985
  0.55812231  0.56233262  0.64035215  0.23312957 -0.1711453   0.57185401
 -0.17240501  0.41767044 -0.61638134  0.12265217  0.34316416 -0.63086994
 -0.00441408 -0.22872038  0.07360646 -0.29653425  0.27451859 -0.49469331
 -0.29686004 -0.82448889 -0.50078521 -0.22727425 -0.19650098]
2409,[ 0.2002799   0.10478143 -0.09126816  0.13164714  0.36939421  0.0895776
 -0.04510385  0.65214436  0.35269673 -0.5317258  -0.04555202 -0.12114219
  0.18121931  0.42898888 -0.32590446  0.22909583 -0.10976419 -0.62134943
  0.1049487   0.14325223 -0.46963771  0.2071629   0.26163171 -0.64234574
 -0.01535644  0.38435814  0.02095493  0.04026064 -0.54889848  0.52940643
  0.55811468  0.56233468  0.64035566  0.23312971 -0.17114234  0.57185484
 -0.17240823  0.4176683  -0.61637998  0.12264871  0.34316493 -0.63086409
 -0.00442082 -0.22872095  0.07360248 -0.29653542  0.27452285 -0.4946838
 -0.29686547 -0.82448823 -0.50078742 -0.22727343 -0.19650253]
2410,[ 0.2002855   0.10478368 -0.09128251  0.13165024  0.36939741  0.08957417
 -0.04509882  0.652139    0.35269119 -0.53172346 -0.04555121 -0.12113617
  0.18121634  0.42899453 -0.32590464  0.22910055 -0.1097612  -0.62134764
  0.10494552  0.14325559 -0.4696382   0.2071599   0.2616307  -0.64235046
 -0.0153613   0.3843558   0.02096367  0.04025772 -0.54890233  0.52941435
  0.55810706  0.56233674  0.64035916  0.23312986 -0.17113938  0.57185567
 -0.17241145  0.41766617 -0.61637862  0.12264524  0.34316571 -0.63085825
 -0.00442755 -0.22872153  0.0735985  -0.29653659  0.2745271  -0.4946743
 -0.2968709  -0.82448758 -0.50078962 -0.22727261 -0.19650409]
2411,[ 0.2002911   0.10478593 -0.09129686  0.13165334  0.36940061  0.08957074
 -0.04509379  0.65213364  0.35268566 -0.53172113 -0.0455504  -0.12113016
  0.18121338  0.42900018 -0.32590481  0.22910526 -0.10975822 -0.62134585
  0.10494234  0.14325895 -0.46963869  0.2071569   0.26162969 -0.64235518
 -0.01536616  0.38435346  0.02097239  0.04025481 -0.54890619  0.52942225
  0.55809945  0.5623388   0.64036266  0.23313    -0.17113643  0.5718565
 -0.17241467  0.41766404 -0.61637727  0.12264179  0.34316649 -0.63085241
 -0.00443427 -0.2287221   0.07359453 -0.29653777  0.27453135 -0.49466481
 -0.29687632 -0.82448692 -0.50079183 -0.22727179 -0.19650564]
2412,[ 0.20029669  0.10478818 -0.09131118  0.13165643  0.36940381  0.08956731
 -0.04508877  0.65212829  0.35268013 -0.53171881 -0.04554959 -0.12112416
  0.18121042  0.42900582 -0.32590498  0.22910996 -0.10975523 -0.62134407
  0.10493917  0.1432623  -0.46963917  0.2071539   0.26162868 -0.6423599
 -0.01537101  0.38435113  0.0209811   0.0402519  -0.54891003  0.52943016
  0.55809185  0.56234085  0.64036615  0.23313015 -0.17113348  0.57185733
 -0.17241788  0.41766191 -0.61637592  0.12263833  0.34316726 -0.63084658
 -0.00444099 -0.22872267  0.07359056 -0.29653894  0.2745356  -0.49465534
 -0.29688174 -0.82448626 -0.50079403 -0.22727097 -0.19650719]
2413,[ 0.20030227  0.10479043 -0.09132549  0.13165952  0.369407    0.08956389
 -0.04508375  0.65212294  0.35267461 -0.53171648 -0.04554878 -0.12111816
  0.18120746  0.42901145 -0.32590516  0.22911466 -0.10975226 -0.62134228
  0.104936    0.14326565 -0.46963966  0.20715091  0.26162767 -0.64236461
 -0.01537586  0.38434879  0.0209898   0.04024899 -0.54891388  0.52943805
  0.55808426  0.5623429   0.64036964  0.23313029 -0.17113054  0.57185816
 -0.17242109  0.41765979 -0.61637457  0.12263488  0.34316803 -0.63084075
 -0.0044477  -0.22872325  0.07358659 -0.29654011  0.27453984 -0.49464587
 -0.29688715 -0.82448561 -0.50079622 -0.22727015 -0.19650873]
2414,[ 0.20030785  0.10479267 -0.09133978  0.13166261  0.36941018  0.08956048
 -0.04507875  0.6521176   0.35266909 -0.53171416 -0.04554797 -0.12111217
  0.1812045   0.42901708 -0.32590533  0.22911936 -0.10974928 -0.6213405
  0.10493284  0.143269   -0.46964015  0.20714792  0.26162666 -0.64236932
 -0.0153807   0.38434646  0.02099849  0.04024608 -0.54891772  0.52944593
  0.55807668  0.56234495  0.64037313  0.23313044 -0.1711276   0.57185898
 -0.17242429  0.41765767 -0.61637322  0.12263143  0.34316881 -0.63083493
 -0.00445441 -0.22872382  0.07358263 -0.29654128  0.27454408 -0.49463642
 -0.29689255 -0.82448495 -0.50079842 -0.22726933 -0.19651028]
2415,[ 0.20031342  0.10479492 -0.09135406  0.13166569  0.36941337  0.08955706
 -0.04507374  0.65211226  0.35266359 -0.53171184 -0.04554716 -0.12110618
  0.18120155  0.42902271 -0.3259055   0.22912404 -0.10974631 -0.62133872
  0.10492968  0.14327235 -0.46964064  0.20714493  0.26162566 -0.64237402
 -0.01538553  0.38434414  0.02100718  0.04024318 -0.54892155  0.5294538
  0.5580691   0.562347    0.64037661  0.23313058 -0.17112466  0.57185981
 -0.1724275   0.41765555 -0.61637188  0.12262799  0.34316958 -0.63082912
 -0.0044611  -0.22872439  0.07357868 -0.29654244  0.27454831 -0.49462697
 -0.29689795 -0.8244843  -0.50080061 -0.22726851 -0.19651183]
2416,[ 0.20031899  0.10479716 -0.09136832  0.13166877  0.36941655  0.08955365
 -0.04506874  0.65210694  0.35265808 -0.53170952 -0.04554635 -0.12110021
  0.1811986   0.42902832 -0.32590567  0.22912873 -0.10974334 -0.62133694
  0.10492652  0.14327569 -0.46964113  0.20714195  0.26162465 -0.64237871
 -0.01539036  0.38434181  0.02101585  0.04024028 -0.54892538  0.52946167
  0.55806153  0.56234904  0.64038009  0.23313073 -0.17112172  0.57186063
 -0.17243069  0.41765343 -0.61637053  0.12262455  0.34317035 -0.63082332
 -0.00446779 -0.22872496  0.07357473 -0.29654361  0.27455254 -0.49461754
 -0.29690335 -0.82448364 -0.5008028  -0.22726769 -0.19651337]
2417,[ 0.20032455  0.10479939 -0.09138256  0.13167185  0.36941972  0.08955025
 -0.04506375  0.65210161  0.35265259 -0.53170721 -0.04554555 -0.12109424
  0.18119566  0.42903393 -0.32590585  0.22913341 -0.10974038 -0.62133517
  0.10492337  0.14327902 -0.46964161  0.20713897  0.26162365 -0.6423834
 -0.01539519  0.38433949  0.02102451  0.04023738 -0.54892921  0.52946953
  0.55805397  0.56235109  0.64038356  0.23313087 -0.17111879  0.57186146
 -0.17243389  0.41765132 -0.61636919  0.12262112  0.34317112 -0.63081752
 -0.00447447 -0.22872553  0.07357078 -0.29654478  0.27455676 -0.49460812
 -0.29690873 -0.82448299 -0.50080499 -0.22726688 -0.19651491]
2418,[ 0.2003301   0.10480163 -0.09139679  0.13167492  0.3694229   0.08954685
 -0.04505877  0.6520963   0.3526471  -0.53170489 -0.04554474 -0.12108827
  0.18119272  0.42903953 -0.32590602  0.22913808 -0.10973742 -0.62133339
  0.10492022  0.14328236 -0.4696421   0.207136    0.26162264 -0.64238809
 -0.01540001  0.38433717  0.02103317  0.04023449 -0.54893303  0.52947737
  0.55804642  0.56235313  0.64038703  0.23313102 -0.17111586  0.57186228
 -0.17243708  0.4176492  -0.61636784  0.12261769  0.34317189 -0.63081173
 -0.00448114 -0.2287261   0.07356684 -0.29654594  0.27456098 -0.4945987
 -0.29691411 -0.82448234 -0.50080718 -0.22726606 -0.19651645]
2419,[ 0.20033564  0.10480386 -0.091411    0.13167799  0.36942607  0.08954345
 -0.04505378  0.65209099  0.35264161 -0.53170258 -0.04554394 -0.12108231
  0.18118978  0.42904513 -0.32590619  0.22914275 -0.10973446 -0.62133162
  0.10491707  0.14328568 -0.46964258  0.20713302  0.26162164 -0.64239277
 -0.01540482  0.38433485  0.02104181  0.0402316  -0.54893685  0.52948521
  0.55803888  0.56235516  0.6403905   0.23313116 -0.17111294  0.5718631
 -0.17244026  0.41764709 -0.6163665   0.12261426  0.34317266 -0.63080594
 -0.00448781 -0.22872667  0.0735629  -0.2965471   0.27456519 -0.4945893
 -0.29691949 -0.82448169 -0.50080936 -0.22726525 -0.19651799]
2420,[ 0.20034118  0.10480609 -0.0914252   0.13168106  0.36942923  0.08954005
 -0.04504881  0.65208568  0.35263614 -0.53170028 -0.04554314 -0.12107636
  0.18118684  0.42905072 -0.32590636  0.22914741 -0.10973151 -0.62132985
  0.10491393  0.14328901 -0.46964307  0.20713005  0.26162064 -0.64239744
 -0.01540963  0.38433254  0.02105045  0.04022871 -0.54894066  0.52949304
  0.55803135  0.5623572   0.64039396  0.23313131 -0.17111001  0.57186392
 -0.17244345  0.41764499 -0.61636516  0.12261084  0.34317342 -0.63080016
 -0.00449446 -0.22872723  0.07355896 -0.29654826  0.2745694  -0.49457991
 -0.29692485 -0.82448104 -0.50081154 -0.22726443 -0.19651952]
2421,[ 0.20034672  0.10480831 -0.09143938  0.13168412  0.36943239  0.08953666
 -0.04504384  0.65208039  0.35263066 -0.53169797 -0.04554233 -0.12107042
  0.18118391  0.42905631 -0.32590653  0.22915207 -0.10972855 -0.62132808
  0.10491079  0.14329233 -0.46964355  0.20712709  0.26161964 -0.64240211
 -0.01541443  0.38433023  0.02105907  0.04022583 -0.54894447  0.52950086
  0.55802382  0.56235923  0.64039742  0.23313145 -0.17110709  0.57186474
 -0.17244663  0.41764288 -0.61636383  0.12260742  0.34317419 -0.63079439
 -0.00450111 -0.2287278   0.07355504 -0.29654942  0.2745736  -0.49457053
 -0.29693022 -0.82448039 -0.50081372 -0.22726362 -0.19652106]
2422,[ 0.20035224  0.10481054 -0.09145354  0.13168718  0.36943555  0.08953328
 -0.04503888  0.65207509  0.3526252  -0.53169567 -0.04554153 -0.12106448
  0.18118099  0.42906189 -0.3259067   0.22915672 -0.10972561 -0.62132632
  0.10490765  0.14329565 -0.46964404  0.20712413  0.26161864 -0.64240677
 -0.01541923  0.38432792  0.02106768  0.04022295 -0.54894827  0.52950868
  0.55801631  0.56236126  0.64040088  0.23313159 -0.17110418  0.57186556
 -0.1724498   0.41764078 -0.61636249  0.122604    0.34317496 -0.63078863
 -0.00450776 -0.22872837  0.07355111 -0.29655058  0.2745778  -0.49456116
 -0.29693557 -0.82447974 -0.5008159  -0.22726281 -0.19652259]
2423,[ 0.20035777  0.10481276 -0.09146769  0.13169023  0.36943871  0.08952989
 -0.04503392  0.65206981  0.35261974 -0.53169337 -0.04554073 -0.12105855
  0.18117806  0.42906746 -0.32590688  0.22916137 -0.10972266 -0.62132455
  0.10490452  0.14329896 -0.46964452  0.20712117  0.26161764 -0.64241143
 -0.01542402  0.38432561  0.02107629  0.04022007 -0.54895207  0.52951648
  0.5580088   0.56236329  0.64040433  0.23313174 -0.17110127  0.57186638
 -0.17245298  0.41763868 -0.61636116  0.12260059  0.34317572 -0.63078287
 -0.00451439 -0.22872893  0.07354719 -0.29655174  0.27458199 -0.4945518
 -0.29694092 -0.82447909 -0.50081807 -0.227262   -0.19652412]
2424,[ 0.20036328  0.10481498 -0.09148182  0.13169329  0.36944186  0.08952651
 -0.04502896  0.65206453  0.35261429 -0.53169108 -0.04553993 -0.12105263
  0.18117514  0.42907302 -0.32590705  0.22916601 -0.10971972 -0.62132279
  0.10490139  0.14330227 -0.469645    0.20711821  0.26161665 -0.64241609
 -0.0154288   0.38432331  0.02108488  0.0402172  -0.54895587  0.52952427
  0.5580013   0.56236532  0.64040778  0.23313188 -0.17109836  0.5718672
 -0.17245614  0.41763658 -0.61635982  0.12259718  0.34317649 -0.63077711
 -0.00452102 -0.2287295   0.07354328 -0.29655289  0.27458618 -0.49454245
 -0.29694627 -0.82447844 -0.50082024 -0.22726119 -0.19652565]
2425,[ 0.20036879  0.1048172  -0.09149594  0.13169634  0.36944501  0.08952314
 -0.04502402  0.65205925  0.35260884 -0.53168878 -0.04553913 -0.12104671
  0.18117222  0.42907858 -0.32590722  0.22917065 -0.10971678 -0.62132103
  0.10489827  0.14330558 -0.46964548  0.20711526  0.26161565 -0.64242073
 -0.01543359  0.38432101  0.02109347  0.04021433 -0.54895966  0.52953206
  0.55799381  0.56236734  0.64041122  0.23313202 -0.17109545  0.57186802
 -0.17245931  0.41763448 -0.61635849  0.12259378  0.34317725 -0.63077137
 -0.00452764 -0.22873006  0.07353936 -0.29655405  0.27459037 -0.49453311
 -0.29695161 -0.82447779 -0.50082241 -0.22726038 -0.19652718]
2426,[ 0.20037429  0.10481941 -0.09151004  0.13169938  0.36944815  0.08951977
 -0.04501908  0.65205398  0.3526034  -0.53168649 -0.04553834 -0.1210408
  0.18116931  0.42908414 -0.32590739  0.22917528 -0.10971385 -0.62131927
  0.10489514  0.14330888 -0.46964596  0.20711231  0.26161466 -0.64242538
 -0.01543836  0.38431871  0.02110205  0.04021146 -0.54896345  0.52953984
  0.55798633  0.56236937  0.64041466  0.23313216 -0.17109255  0.57186883
 -0.17246247  0.41763239 -0.61635716  0.12259038  0.34317801 -0.63076563
 -0.00453425 -0.22873063  0.07353546 -0.2965552   0.27459455 -0.49452378
 -0.29695694 -0.82447715 -0.50082457 -0.22725957 -0.1965287 ]
2427,[ 0.20037979  0.10482162 -0.09152412  0.13170242  0.36945129  0.0895164
 -0.04501414  0.65204872  0.35259796 -0.5316842  -0.04553754 -0.1210349
  0.18116639  0.42908968 -0.32590756  0.2291799  -0.10971092 -0.62131751
  0.10489203  0.14331218 -0.46964645  0.20710936  0.26161366 -0.64243001
 -0.01544313  0.38431641  0.02111061  0.0402086  -0.54896723  0.52954761
  0.55797885  0.56237139  0.6404181   0.23313231 -0.17108965  0.57186965
 -0.17246563  0.4176303  -0.61635583  0.12258698  0.34317877 -0.63075989
 -0.00454086 -0.22873119  0.07353155 -0.29655635  0.27459872 -0.49451447
 -0.29696226 -0.8244765  -0.50082674 -0.22725877 -0.19653022]
2428,[ 0.20038528  0.10482383 -0.09153819  0.13170546  0.36945443  0.08951304
 -0.04500921  0.65204346  0.35259254 -0.53168192 -0.04553674 -0.121029
  0.18116349  0.42909522 -0.32590773  0.22918452 -0.10970799 -0.62131576
  0.10488891  0.14331548 -0.46964693  0.20710642  0.26161267 -0.64243465
 -0.0154479   0.38431412  0.02111917  0.04020574 -0.54897101  0.52955537
  0.55797139  0.5623734   0.64042153  0.23313245 -0.17108675  0.57187046
 -0.17246879  0.41762821 -0.6163545   0.12258359  0.34317953 -0.63075417
 -0.00454746 -0.22873175  0.07352766 -0.2965575   0.27460289 -0.49450516
 -0.29696758 -0.82447585 -0.5008289  -0.22725796 -0.19653175]
2429,[ 0.20039076  0.10482604 -0.09155225  0.1317085   0.36945756  0.08950968
 -0.04500428  0.65203821  0.35258711 -0.53167963 -0.04553595 -0.12102311
  0.18116058  0.42910076 -0.3259079   0.22918914 -0.10970507 -0.62131401
  0.1048858   0.14331877 -0.46964741  0.20710348  0.26161168 -0.64243927
 -0.01545266  0.38431183  0.02112772  0.04020288 -0.54897479  0.52956312
  0.55796393  0.56237542  0.64042496  0.23313259 -0.17108386  0.57187127
 -0.17247194  0.41762612 -0.61635318  0.1225802   0.34318029 -0.63074845
 -0.00455405 -0.22873231  0.07352376 -0.29655865  0.27460706 -0.49449586
 -0.2969729  -0.82447521 -0.50083106 -0.22725716 -0.19653327]
2430,[ 0.20039624  0.10482824 -0.09156628  0.13171153  0.36946069  0.08950632
 -0.04499936  0.65203297  0.3525817  -0.53167735 -0.04553515 -0.12101723
  0.18115768  0.42910629 -0.32590807  0.22919375 -0.10970214 -0.62131226
  0.10488269  0.14332206 -0.46964789  0.20710054  0.26161069 -0.64244389
 -0.01545741  0.38430954  0.02113625  0.04020002 -0.54897856  0.52957086
  0.55795648  0.56237743  0.64042838  0.23313273 -0.17108097  0.57187208
 -0.17247508  0.41762404 -0.61635185  0.12257681  0.34318105 -0.63074273
 -0.00456063 -0.22873287  0.07351987 -0.2965598   0.27461122 -0.49448658
 -0.29697821 -0.82447457 -0.50083321 -0.22725635 -0.19653479]
2431,[ 0.20040171  0.10483044 -0.0915803   0.13171456  0.36946382  0.08950297
 -0.04499445  0.65202773  0.35257629 -0.53167507 -0.04553436 -0.12101135
  0.18115478  0.42911181 -0.32590824  0.22919836 -0.10969923 -0.62131051
  0.10487959  0.14332534 -0.46964836  0.20709761  0.2616097  -0.64244851
 -0.01546216  0.38430726  0.02114478  0.04019717 -0.54898232  0.52957859
  0.55794904  0.56237944  0.6404318   0.23313288 -0.17107808  0.5718729
 -0.17247823  0.41762196 -0.61635053  0.12257343  0.34318181 -0.63073702
 -0.00456721 -0.22873344  0.07351599 -0.29656095  0.27461538 -0.4944773
 -0.29698351 -0.82447392 -0.50083537 -0.22725555 -0.1965363 ]
2432,[ 0.20040718  0.10483264 -0.09159431  0.13171758  0.36946694  0.08949962
 -0.04498954  0.6520225   0.35257088 -0.5316728  -0.04553357 -0.12100548
  0.18115189  0.42911732 -0.32590841  0.22920296 -0.10969631 -0.62130876
  0.10487649  0.14332862 -0.46964884  0.20709468  0.26160871 -0.64245312
 -0.0154669   0.38430497  0.0211533   0.04019433 -0.54898609  0.52958632
  0.55794161  0.56238145  0.64043522  0.23313302 -0.1710752   0.57187371
 -0.17248137  0.41761988 -0.61634921  0.12257006  0.34318257 -0.63073132
 -0.00457377 -0.228734    0.07351211 -0.29656209  0.27461953 -0.49446803
 -0.2969888  -0.82447328 -0.50083752 -0.22725475 -0.19653782]
2433,[ 0.20041264  0.10483484 -0.0916083   0.1317206   0.36947006  0.08949627
 -0.04498464  0.65201727  0.35256548 -0.53167052 -0.04553278 -0.12099962
  0.18114899  0.42912283 -0.32590858  0.22920755 -0.1096934  -0.62130702
  0.10487339  0.1433319  -0.46964932  0.20709176  0.26160773 -0.64245773
 -0.01547164  0.38430269  0.02116181  0.04019148 -0.54898984  0.52959403
  0.55793419  0.56238346  0.64043863  0.23313316 -0.17107232  0.57187451
 -0.17248451  0.4176178  -0.61634789  0.12256668  0.34318333 -0.63072563
 -0.00458033 -0.22873455  0.07350823 -0.29656324  0.27462367 -0.49445878
 -0.29699409 -0.82447264 -0.50083967 -0.22725395 -0.19653933]
2434,[ 0.20041809  0.10483704 -0.09162227  0.13172362  0.36947318  0.08949293
 -0.04497974  0.65201205  0.35256009 -0.53166825 -0.04553199 -0.12099376
  0.1811461   0.42912834 -0.32590874  0.22921214 -0.10969049 -0.62130528
  0.1048703   0.14333517 -0.4696498   0.20708883  0.26160674 -0.64246233
 -0.01547637  0.38430042  0.02117031  0.04018864 -0.5489936   0.52960174
  0.55792677  0.56238546  0.64044204  0.2331333  -0.17106944  0.57187532
 -0.17248764  0.41761572 -0.61634657  0.12256331  0.34318408 -0.63071994
 -0.00458689 -0.22873511  0.07350436 -0.29656438  0.27462782 -0.49444954
 -0.29699938 -0.824472   -0.50084181 -0.22725314 -0.19654084]
2435,[ 0.20042354  0.10483923 -0.09163623  0.13172664  0.36947629  0.0894896
 -0.04497485  0.65200683  0.35255471 -0.53166598 -0.0455312  -0.12098791
  0.18114322  0.42913383 -0.32590891  0.22921672 -0.10968759 -0.62130353
  0.10486721  0.14333844 -0.46965027  0.20708591  0.26160576 -0.64246692
 -0.0154811   0.38429814  0.0211788   0.0401858  -0.54899735  0.52960944
  0.55791937  0.56238746  0.64044544  0.23313344 -0.17106657  0.57187613
 -0.17249077  0.41761365 -0.61634525  0.12255995  0.34318484 -0.63071426
 -0.00459343 -0.22873567  0.07350049 -0.29656552  0.27463195 -0.4944403
 -0.29700466 -0.82447136 -0.50084396 -0.22725234 -0.19654235]
2436,[ 0.20042898  0.10484142 -0.09165017  0.13172965  0.3694794   0.08948626
 -0.04496996  0.65200162  0.35254933 -0.53166372 -0.04553041 -0.12098206
  0.18114034  0.42913933 -0.32590908  0.2292213  -0.10968469 -0.6213018
  0.10486412  0.14334171 -0.46965075  0.207083    0.26160477 -0.64247152
 -0.01548582  0.38429587  0.02118728  0.04018297 -0.54900109  0.52961713
  0.55791197  0.56238946  0.64044884  0.23313358 -0.1710637   0.57187694
 -0.1724939   0.41761158 -0.61634394  0.12255658  0.34318559 -0.63070858
 -0.00459997 -0.22873623  0.07349663 -0.29656666  0.27463609 -0.49443108
 -0.29700993 -0.82447072 -0.5008461  -0.22725155 -0.19654386]
2437,[ 0.20043441  0.1048436  -0.0916641   0.13173266  0.36948251  0.08948293
 -0.04496508  0.65199642  0.35254395 -0.53166145 -0.04552962 -0.12097623
  0.18113746  0.42914481 -0.32590925  0.22922588 -0.10968179 -0.62130006
  0.10486104  0.14334497 -0.46965123  0.20708008  0.26160379 -0.6424761
 -0.01549054  0.3842936   0.02119575  0.04018013 -0.54900483  0.52962481
  0.55790458  0.56239146  0.64045224  0.23313373 -0.17106083  0.57187774
 -0.17249702  0.41760951 -0.61634263  0.12255323  0.34318634 -0.63070291
 -0.0046065  -0.22873679  0.07349277 -0.2965678   0.27464022 -0.49442186
 -0.2970152  -0.82447008 -0.50084824 -0.22725075 -0.19654537]
2438,[ 0.20043984  0.10484579 -0.09167801  0.13173566  0.36948561  0.08947961
 -0.04496021  0.65199122  0.35253859 -0.53165919 -0.04552883 -0.1209704
  0.18113458  0.42915029 -0.32590942  0.22923045 -0.10967889 -0.62129833
  0.10485796  0.14334823 -0.4696517   0.20707717  0.26160281 -0.64248068
 -0.01549525  0.38429133  0.02120421  0.04017731 -0.54900857  0.52963248
  0.55789719  0.56239345  0.64045563  0.23313387 -0.17105797  0.57187855
 -0.17250014  0.41760745 -0.61634131  0.12254987  0.34318709 -0.63069725
 -0.00461303 -0.22873734  0.07348891 -0.29656894  0.27464434 -0.49441266
 -0.29702046 -0.82446944 -0.50085038 -0.22724995 -0.19654687]
2439,[ 0.20044526  0.10484797 -0.09169191  0.13173866  0.36948871  0.08947628
 -0.04495534  0.65198603  0.35253322 -0.53165694 -0.04552805 -0.12096457
  0.18113171  0.42915576 -0.32590959  0.22923501 -0.109676   -0.62129659
  0.10485488  0.14335148 -0.46965218  0.20707427  0.26160183 -0.64248526
 -0.01549996  0.38428907  0.02121266  0.04017448 -0.5490123   0.52964015
  0.55788982  0.56239544  0.64045902  0.23313401 -0.17105511  0.57187935
 -0.17250325  0.41760539 -0.61634     0.12254652  0.34318785 -0.63069159
 -0.00461954 -0.2287379   0.07348506 -0.29657007  0.27464846 -0.49440347
 -0.29702571 -0.82446881 -0.50085251 -0.22724916 -0.19654838]
2440,[ 0.20045068  0.10485015 -0.09170579  0.13174166  0.3694918   0.08947296
 -0.04495047  0.65198084  0.35252787 -0.53165468 -0.04552726 -0.12095875
  0.18112884  0.42916123 -0.32590975  0.22923957 -0.10967311 -0.62129486
  0.10485181  0.14335473 -0.46965265  0.20707136  0.26160085 -0.64248983
 -0.01550466  0.3842868   0.0212211   0.04017166 -0.54901603  0.5296478
  0.55788246  0.56239743  0.64046241  0.23313415 -0.17105225  0.57188015
 -0.17250637  0.41760332 -0.61633869  0.12254317  0.3431886  -0.63068594
 -0.00462605 -0.22873845  0.07348122 -0.29657121  0.27465257 -0.49439429
 -0.29703096 -0.82446817 -0.50085464 -0.22724836 -0.19654988]
2441,[ 0.20045609  0.10485233 -0.09171965  0.13174465  0.3694949   0.08946965
 -0.04494561  0.65197566  0.35252252 -0.53165243 -0.04552648 -0.12095294
  0.18112597  0.42916669 -0.32590992  0.22924412 -0.10967023 -0.62129313
  0.10484874  0.14335798 -0.46965312  0.20706846  0.26159987 -0.64249439
 -0.01550935  0.38428454  0.02122953  0.04016884 -0.54901975  0.52965545
  0.5578751   0.56239942  0.64046579  0.23313429 -0.1710494   0.57188096
 -0.17250947  0.41760127 -0.61633738  0.12253983  0.34318935 -0.6306803
 -0.00463256 -0.22873901  0.07347738 -0.29657234  0.27465668 -0.49438512
 -0.2970362  -0.82446754 -0.50085677 -0.22724757 -0.19655138]
2442,[ 0.20046149  0.1048545  -0.0917335   0.13174764  0.36949798  0.08946634
 -0.04494076  0.65197049  0.35251718 -0.53165018 -0.04552569 -0.12094714
  0.18112311  0.42917214 -0.32591009  0.22924867 -0.10966734 -0.62129141
  0.10484567  0.14336122 -0.4696536   0.20706557  0.2615989  -0.64249895
 -0.01551404  0.38428229  0.02123796  0.04016602 -0.54902347  0.52966309
  0.55786775  0.56240141  0.64046917  0.23313443 -0.17104655  0.57188176
 -0.17251258  0.41759921 -0.61633608  0.12253649  0.3431901  -0.63067466
 -0.00463905 -0.22873956  0.07347354 -0.29657347  0.27466079 -0.49437595
 -0.29704144 -0.8244669  -0.5008589  -0.22724677 -0.19655288]
2443,[ 0.20046689  0.10485667 -0.09174733  0.13175063  0.36950107  0.08946303
 -0.04493591  0.65196532  0.35251184 -0.53164793 -0.04552491 -0.12094134
  0.18112025  0.42917759 -0.32591026  0.22925322 -0.10966447 -0.62128968
  0.10484261  0.14336446 -0.46965407  0.20706267  0.26159792 -0.6425035
 -0.01551873  0.38428003  0.02124637  0.04016321 -0.54902719  0.52967072
  0.55786041  0.56240339  0.64047254  0.23313457 -0.1710437   0.57188256
 -0.17251568  0.41759716 -0.61633477  0.12253315  0.34319084 -0.63066903
 -0.00464554 -0.22874011  0.07346971 -0.2965746   0.27466489 -0.4943668
 -0.29704667 -0.82446627 -0.50086103 -0.22724598 -0.19655437]
2444,[ 0.20047228  0.10485884 -0.09176115  0.13175362  0.36950415  0.08945973
 -0.04493107  0.65196016  0.35250651 -0.53164568 -0.04552413 -0.12093555
  0.1811174   0.42918303 -0.32591042  0.22925775 -0.10966159 -0.62128796
  0.10483955  0.1433677  -0.46965454  0.20705978  0.26159695 -0.64250805
 -0.01552341  0.38427778  0.02125477  0.0401604  -0.5490309   0.52967834
  0.55785308  0.56240537  0.64047592  0.23313471 -0.17104086  0.57188336
 -0.17251878  0.4175951  -0.61633347  0.12252982  0.34319159 -0.63066341
 -0.00465202 -0.22874067  0.07346588 -0.29657573  0.27466898 -0.49435766
 -0.29705189 -0.82446563 -0.50086315 -0.22724519 -0.19655587]
2445,[ 0.20047767  0.10486101 -0.09177495  0.1317566   0.36950723  0.08945643
 -0.04492623  0.651955    0.35250118 -0.53164344 -0.04552335 -0.12092976
  0.18111454  0.42918847 -0.32591059  0.22926229 -0.10965872 -0.62128624
  0.10483649  0.14337093 -0.46965501  0.2070569   0.26159598 -0.6425126
 -0.01552808  0.38427553  0.02126317  0.0401576  -0.54903461  0.52968595
  0.55784575  0.56240735  0.64047928  0.23313485 -0.17103801  0.57188415
 -0.17252187  0.41759306 -0.61633217  0.12252649  0.34319234 -0.63065779
 -0.00465849 -0.22874122  0.07346205 -0.29657686  0.27467308 -0.49434853
 -0.29705711 -0.824465   -0.50086527 -0.2272444  -0.19655736]
2446,[ 0.20048305  0.10486318 -0.09178874  0.13175958  0.3695103   0.08945313
 -0.0449214   0.65194985  0.35249586 -0.5316412  -0.04552257 -0.12092398
  0.18111169  0.4291939  -0.32591076  0.22926682 -0.10965585 -0.62128452
  0.10483344  0.14337416 -0.46965548  0.20705401  0.261595   -0.64251714
 -0.01553275  0.38427328  0.02127155  0.04015479 -0.54903831  0.52969355
  0.55783844  0.56240933  0.64048265  0.23313499 -0.17103518  0.57188495
 -0.17252497  0.41759101 -0.61633087  0.12252317  0.34319308 -0.63065218
 -0.00466496 -0.22874177  0.07345823 -0.29657799  0.27467716 -0.49433941
 -0.29706233 -0.82446437 -0.50086739 -0.22724361 -0.19655885]
2447,[ 0.20048842  0.10486534 -0.09180251  0.13176255  0.36951337  0.08944984
 -0.04491658  0.6519447   0.35249055 -0.53163896 -0.04552179 -0.12091821
  0.18110885  0.42919932 -0.32591092  0.22927134 -0.10965298 -0.6212828
  0.10483039  0.14337739 -0.46965595  0.20705113  0.26159403 -0.64252167
 -0.01553741  0.38427104  0.02127993  0.04015199 -0.54904201  0.52970115
  0.55783113  0.5624113   0.640486    0.23313513 -0.17103234  0.57188575
 -0.17252805  0.41758896 -0.61632957  0.12251985  0.34319383 -0.63064657
 -0.00467141 -0.22874232  0.07345442 -0.29657912  0.27468124 -0.4943303
 -0.29706753 -0.82446374 -0.5008695  -0.22724282 -0.19656034]
2448,[ 0.20049379  0.1048675  -0.09181626  0.13176552  0.36951644  0.08944655
 -0.04491175  0.65193957  0.35248524 -0.53163673 -0.04552101 -0.12091245
  0.181106    0.42920474 -0.32591109  0.22927586 -0.10965012 -0.62128109
  0.10482735  0.14338061 -0.46965642  0.20704826  0.26159306 -0.6425262
 -0.01554207  0.38426879  0.02128829  0.0401492  -0.54904571  0.52970874
  0.55782383  0.56241328  0.64048936  0.23313527 -0.17102951  0.57188654
 -0.17253114  0.41758692 -0.61632827  0.12251653  0.34319457 -0.63064097
 -0.00467787 -0.22874287  0.07345061 -0.29658024  0.27468532 -0.4943212
 -0.29707274 -0.82446311 -0.50087161 -0.22724203 -0.19656183]
2449,[ 0.20049915  0.10486966 -0.09183     0.13176849  0.36951951  0.08944326
 -0.04490694  0.65193443  0.35247994 -0.53163449 -0.04552023 -0.12090669
  0.18110316  0.42921015 -0.32591126  0.22928037 -0.10964726 -0.62127937
  0.1048243   0.14338383 -0.46965689  0.20704538  0.26159209 -0.64253072
 -0.01554673  0.38426655  0.02129665  0.0401464  -0.5490494   0.52971631
  0.55781654  0.56241525  0.64049271  0.23313541 -0.17102668  0.57188734
 -0.17253422  0.41758488 -0.61632697  0.12251322  0.34319531 -0.63063538
 -0.00468431 -0.22874342  0.0734468  -0.29658136  0.27468939 -0.49431211
 -0.29707793 -0.82446248 -0.50087373 -0.22724124 -0.19656332]
2450,[ 0.20050451  0.10487181 -0.09184373  0.13177145  0.36952257  0.08943998
 -0.04490213  0.6519293   0.35247464 -0.53163226 -0.04551946 -0.12090094
  0.18110032  0.42921555 -0.32591142  0.22928488 -0.1096444  -0.62127766
  0.10482127  0.14338704 -0.46965736  0.20704251  0.26159113 -0.64253524
 -0.01555137  0.38426432  0.021305    0.04014361 -0.54905308  0.52972388
  0.55780926  0.56241721  0.64049606  0.23313555 -0.17102386  0.57188813
 -0.1725373   0.41758284 -0.61632568  0.12250991  0.34319606 -0.63062979
 -0.00469075 -0.22874397  0.073443   -0.29658249  0.27469346 -0.49430303
 -0.29708312 -0.82446185 -0.50087583 -0.22724046 -0.1965648 ]
2451,[ 0.20050986  0.10487396 -0.09185744  0.13177441  0.36952562  0.0894367
 -0.04489733  0.65192418  0.35246935 -0.53163004 -0.04551868 -0.12089519
  0.18109749  0.42922095 -0.32591159  0.22928938 -0.10964155 -0.62127595
  0.10481823  0.14339025 -0.46965783  0.20703964  0.26159016 -0.64253976
 -0.01555602  0.38426208  0.02131333  0.04014082 -0.54905677  0.52973145
  0.55780198  0.56241918  0.6404994   0.23313568 -0.17102104  0.57188893
 -0.17254037  0.41758081 -0.61632439  0.1225066   0.3431968  -0.63062421
 -0.00469717 -0.22874452  0.0734392  -0.29658361  0.27469753 -0.49429396
 -0.2970883  -0.82446122 -0.50087794 -0.22723967 -0.19656629]
2452,[ 0.2005152   0.10487612 -0.09187113  0.13177737  0.36952868  0.08943343
 -0.04489253  0.65191907  0.35246407 -0.53162781 -0.04551791 -0.12088945
  0.18109466  0.42922635 -0.32591175  0.22929388 -0.1096387  -0.62127424
  0.1048152   0.14339346 -0.4696583   0.20703678  0.26158919 -0.64254427
 -0.01556066  0.38425985  0.02132166  0.04013804 -0.54906044  0.529739
  0.55779472  0.56242114  0.64050274  0.23313582 -0.17101822  0.57188972
 -0.17254344  0.41757878 -0.61632309  0.1225033   0.34319754 -0.63061864
 -0.0047036  -0.22874506  0.0734354  -0.29658473  0.27470159 -0.49428491
 -0.29709348 -0.82446059 -0.50088004 -0.22723889 -0.19656777]
2453,[ 0.20052054  0.10487826 -0.09188481  0.13178032  0.36953173  0.08943016
 -0.04488773  0.65191395  0.35245879 -0.53162559 -0.04551713 -0.12088372
  0.18109183  0.42923173 -0.32591192  0.22929837 -0.10963586 -0.62127254
  0.10481217  0.14339666 -0.46965876  0.20703392  0.26158823 -0.64254877
 -0.01556529  0.38425762  0.02132998  0.04013526 -0.54906412  0.52974654
  0.55778746  0.56242311  0.64050608  0.23313596 -0.1710154   0.57189051
 -0.17254651  0.41757674 -0.6163218   0.1225      0.34319828 -0.63061307
 -0.00471001 -0.22874561  0.07343161 -0.29658585  0.27470564 -0.49427586
 -0.29709866 -0.82445996 -0.50088214 -0.2272381  -0.19656925]
2454,[ 0.20052587  0.10488041 -0.09189847  0.13178328  0.36953477  0.08942689
 -0.04488294  0.65190885  0.35245352 -0.53162337 -0.04551636 -0.12087799
  0.18108901  0.42923711 -0.32591208  0.22930286 -0.10963301 -0.62127083
  0.10480915  0.14339986 -0.46965923  0.20703106  0.26158727 -0.64255327
 -0.01556992  0.38425539  0.02133829  0.04013248 -0.54906779  0.52975408
  0.55778021  0.56242506  0.64050941  0.2331361  -0.17101259  0.5718913
 -0.17254957  0.41757472 -0.61632051  0.12249671  0.34319902 -0.63060751
 -0.00471642 -0.22874616  0.07342783 -0.29658696  0.27470969 -0.49426682
 -0.29710382 -0.82445934 -0.50088424 -0.22723732 -0.19657072]
2455,[ 0.20053119  0.10488255 -0.09191212  0.13178622  0.36953782  0.08942363
 -0.04487816  0.65190375  0.35244826 -0.53162115 -0.04551559 -0.12087227
  0.18108619  0.42924249 -0.32591225  0.22930734 -0.10963017 -0.62126913
  0.10480612  0.14340306 -0.4696597   0.20702821  0.2615863  -0.64255776
 -0.01557454  0.38425317  0.02134659  0.0401297  -0.54907145  0.5297616
  0.55777297  0.56242702  0.64051274  0.23313624 -0.17100978  0.57189209
 -0.17255263  0.41757269 -0.61631923  0.12249342  0.34319975 -0.63060195
 -0.00472282 -0.2287467   0.07342405 -0.29658808  0.27471374 -0.49425779
 -0.29710898 -0.82445871 -0.50088634 -0.22723654 -0.1965722 ]
2456,[ 0.20053651  0.10488469 -0.09192575  0.13178917  0.36954086  0.08942037
 -0.04487338  0.65189866  0.352443   -0.53161894 -0.04551482 -0.12086656
  0.18108337  0.42924786 -0.32591241  0.22931182 -0.10962734 -0.62126743
  0.10480311  0.14340625 -0.46966016  0.20702536  0.26158534 -0.64256225
 -0.01557915  0.38425095  0.02135488  0.04012693 -0.54907512  0.52976912
  0.55776573  0.56242898  0.64051607  0.23313638 -0.17100697  0.57189288
 -0.17255569  0.41757067 -0.61631794  0.12249013  0.34320049 -0.6305964
 -0.00472921 -0.22874725  0.07342027 -0.29658919  0.27471778 -0.49424877
 -0.29711414 -0.82445809 -0.50088843 -0.22723576 -0.19657368]
2457,[ 0.20054183  0.10488683 -0.09193937  0.13179211  0.36954389  0.08941712
 -0.04486861  0.65189357  0.35243774 -0.53161672 -0.04551405 -0.12086085
  0.18108055  0.42925322 -0.32591258  0.22931629 -0.1096245  -0.62126574
  0.10480009  0.14340944 -0.46966063  0.20702251  0.26158438 -0.64256673
 -0.01558377  0.38424873  0.02136316  0.04012416 -0.54907877  0.52977663
  0.55775851  0.56243093  0.64051939  0.23313651 -0.17100417  0.57189366
 -0.17255874  0.41756864 -0.61631666  0.12248685  0.34320123 -0.63059086
 -0.0047356  -0.22874779  0.0734165  -0.29659031  0.27472181 -0.49423976
 -0.29711929 -0.82445746 -0.50089053 -0.22723498 -0.19657515]
2458,[ 0.20054714  0.10488897 -0.09195297  0.13179505  0.36954693  0.08941386
 -0.04486384  0.65188849  0.35243249 -0.53161451 -0.04551328 -0.12085515
  0.18107774  0.42925858 -0.32591274  0.22932076 -0.10962167 -0.62126404
  0.10479708  0.14341263 -0.46966109  0.20701966  0.26158342 -0.64257121
 -0.01558837  0.38424651  0.02137144  0.0401214  -0.54908243  0.52978414
  0.55775129  0.56243288  0.64052271  0.23313665 -0.17100137  0.57189445
 -0.17256179  0.41756662 -0.61631537  0.12248357  0.34320196 -0.63058532
 -0.00474198 -0.22874834  0.07341273 -0.29659142  0.27472584 -0.49423077
 -0.29712443 -0.82445684 -0.50089261 -0.2272342  -0.19657662]
2459,[ 0.20055244  0.1048911  -0.09196655  0.13179798  0.36954996  0.08941062
 -0.04485908  0.65188341  0.35242725 -0.5316123  -0.04551251 -0.12084945
  0.18107493  0.42926393 -0.32591291  0.22932522 -0.10961884 -0.62126235
  0.10479407  0.14341581 -0.46966155  0.20701682  0.26158246 -0.64257568
 -0.01559297  0.3842443   0.0213797   0.04011864 -0.54908608  0.52979163
  0.55774408  0.56243483  0.64052602  0.23313679 -0.17099857  0.57189524
 -0.17256484  0.41756461 -0.61631409  0.12248029  0.3432027  -0.63057979
 -0.00474835 -0.22874888  0.07340896 -0.29659253  0.27472987 -0.49422178
 -0.29712957 -0.82445622 -0.5008947  -0.22723342 -0.19657809]
2460,[ 0.20055773  0.10489323 -0.09198012  0.13180091  0.36955298  0.08940737
 -0.04485433  0.65187834  0.35242202 -0.5316101  -0.04551174 -0.12084376
  0.18107213  0.42926927 -0.32591307  0.22932968 -0.10961602 -0.62126065
  0.10479107  0.14341899 -0.46966202  0.20701398  0.26158151 -0.64258015
 -0.01559757  0.38424208  0.02138795  0.04011588 -0.54908972  0.52979911
  0.55773688  0.56243677  0.64052933  0.23313693 -0.17099578  0.57189602
 -0.17256788  0.41756259 -0.61631281  0.12247702  0.34320343 -0.63057427
 -0.00475471 -0.22874942  0.0734052  -0.29659364  0.27473389 -0.4942128
 -0.2971347  -0.82445559 -0.50089679 -0.22723264 -0.19657956]
2461,[ 0.20056302  0.10489536 -0.09199368  0.13180384  0.36955601  0.08940413
 -0.04484958  0.65187328  0.35241678 -0.5316079  -0.04551097 -0.12083808
  0.18106933  0.42927461 -0.32591323  0.22933413 -0.1096132  -0.62125896
  0.10478807  0.14342216 -0.46966248  0.20701115  0.26158055 -0.64258461
 -0.01560216  0.38423988  0.0213962   0.04011312 -0.54909336  0.52980659
  0.55772969  0.56243872  0.64053264  0.23313706 -0.17099299  0.57189681
 -0.17257092  0.41756058 -0.61631153  0.12247375  0.34320416 -0.63056875
 -0.00476107 -0.22874996  0.07340145 -0.29659475  0.27473791 -0.49420383
 -0.29713982 -0.82445497 -0.50089887 -0.22723187 -0.19658103]
2462,[ 0.20056831  0.10489749 -0.09200722  0.13180676  0.36955903  0.08940089
 -0.04484483  0.65186822  0.35241156 -0.5316057  -0.04551021 -0.12083241
  0.18106653  0.42927994 -0.3259134   0.22933858 -0.10961038 -0.62125727
  0.10478507  0.14342534 -0.46966294  0.20700832  0.2615796  -0.64258907
 -0.01560675  0.38423767  0.02140443  0.04011037 -0.549097    0.52981406
  0.5577225   0.56244066  0.64053594  0.2331372  -0.1709902   0.57189759
 -0.17257396  0.41755857 -0.61631026  0.12247048  0.3432049  -0.63056324
 -0.00476742 -0.22875051  0.0733977  -0.29659586  0.27474193 -0.49419488
 -0.29714494 -0.82445435 -0.50090095 -0.22723109 -0.19658249]
2463,[ 0.20057358  0.10489961 -0.09202074  0.13180968  0.36956204  0.08939766
 -0.04484009  0.65186316  0.35240634 -0.5316035  -0.04550944 -0.12082674
  0.18106373  0.42928527 -0.32591356  0.22934302 -0.10960757 -0.62125559
  0.10478207  0.1434285  -0.4696634   0.20700549  0.26157864 -0.64259353
 -0.01561133  0.38423546  0.02141266  0.04010762 -0.54910063  0.52982152
  0.55771532  0.5624426   0.64053924  0.23313734 -0.17098742  0.57189837
 -0.17257699  0.41755656 -0.61630898  0.12246722  0.34320563 -0.63055773
 -0.00477376 -0.22875105  0.07339395 -0.29659696  0.27474594 -0.49418593
 -0.29715006 -0.82445373 -0.50090303 -0.22723032 -0.19658395]
2464,[ 0.20057886  0.10490173 -0.09203425  0.1318126   0.36956505  0.08939443
 -0.04483536  0.65185812  0.35240113 -0.5316013  -0.04550868 -0.12082108
  0.18106094  0.42929059 -0.32591373  0.22934745 -0.10960475 -0.6212539
  0.10477908  0.14343167 -0.46966387  0.20700266  0.26157769 -0.64259797
 -0.0156159   0.38423326  0.02142087  0.04010487 -0.54910426  0.52982897
  0.55770816  0.56244453  0.64054254  0.23313748 -0.17098464  0.57189915
 -0.17258002  0.41755456 -0.6163077   0.12246396  0.34320636 -0.63055224
 -0.0047801  -0.22875159  0.07339021 -0.29659807  0.27474994 -0.49417699
 -0.29715517 -0.82445311 -0.5009051  -0.22722954 -0.19658541]
2465,[ 0.20058412  0.10490385 -0.09204775  0.13181552  0.36956806  0.0893912
 -0.04483063  0.65185307  0.35239592 -0.53159911 -0.04550791 -0.12081542
  0.18105815  0.4292959  -0.32591389  0.22935189 -0.10960195 -0.62125222
  0.1047761   0.14343483 -0.46966433  0.20699984  0.26157674 -0.64260242
 -0.01562047  0.38423106  0.02142908  0.04010213 -0.54910789  0.52983641
  0.55770099  0.56244647  0.64054583  0.23313761 -0.17098186  0.57189993
 -0.17258305  0.41755255 -0.61630643  0.12246071  0.34320709 -0.63054674
 -0.00478643 -0.22875213  0.07338647 -0.29659917  0.27475394 -0.49416807
 -0.29716027 -0.82445249 -0.50090717 -0.22722877 -0.19658687]
2466,[ 0.20058938  0.10490597 -0.09206123  0.13181843  0.36957107  0.08938798
 -0.0448259   0.65184804  0.35239072 -0.53159692 -0.04550715 -0.12080977
  0.18105536  0.42930121 -0.32591405  0.22935631 -0.10959914 -0.62125054
  0.10477311  0.14343799 -0.46966479  0.20699702  0.26157579 -0.64260685
 -0.01562504  0.38422886  0.02143728  0.04009939 -0.54911151  0.52984385
  0.55769384  0.5624484   0.64054912  0.23313775 -0.17097908  0.57190071
 -0.17258607  0.41755055 -0.61630516  0.12245746  0.34320782 -0.63054126
 -0.00479275 -0.22875267  0.07338273 -0.29660027  0.27475794 -0.49415915
 -0.29716537 -0.82445188 -0.50090924 -0.227228   -0.19658833]
2467,[ 0.20059464  0.10490808 -0.09207469  0.13182134  0.36957407  0.08938476
 -0.04482119  0.65184301  0.35238553 -0.53159473 -0.04550639 -0.12080413
  0.18105258  0.42930651 -0.32591421  0.22936074 -0.10959634 -0.62124886
  0.10477013  0.14344114 -0.46966525  0.2069942   0.26157484 -0.64261129
 -0.0156296   0.38422667  0.02144547  0.04009665 -0.54911512  0.52985127
  0.5576867   0.56245033  0.6405524   0.23313789 -0.17097631  0.57190149
 -0.17258909  0.41754855 -0.61630389  0.12245421  0.34320854 -0.63053577
 -0.00479906 -0.2287532   0.073379   -0.29660137  0.27476193 -0.49415024
 -0.29717046 -0.82445126 -0.50091131 -0.22722723 -0.19658979]
2468,[ 0.20059988  0.10491019 -0.09208814  0.13182424  0.36957707  0.08938154
 -0.04481647  0.65183798  0.35238034 -0.53159255 -0.04550563 -0.12079849
  0.1810498   0.42931181 -0.32591438  0.22936515 -0.10959354 -0.62124718
  0.10476715  0.14344429 -0.46966571  0.20699139  0.26157389 -0.64261572
 -0.01563415  0.38422448  0.02145365  0.04009391 -0.54911874  0.52985869
  0.55767956  0.56245226  0.64055568  0.23313802 -0.17097354  0.57190227
 -0.1725921   0.41754655 -0.61630262  0.12245097  0.34320927 -0.6305303
 -0.00480537 -0.22875374  0.07337527 -0.29660247  0.27476591 -0.49414134
 -0.29717554 -0.82445064 -0.50091338 -0.22722646 -0.19659124]
2469,[ 0.20060513  0.1049123  -0.09210157  0.13182714  0.36958007  0.08937833
 -0.04481176  0.65183296  0.35237515 -0.53159036 -0.04550487 -0.12079286
  0.18104702  0.4293171  -0.32591454  0.22936957 -0.10959074 -0.62124551
  0.10476418  0.14344744 -0.46966616  0.20698858  0.26157294 -0.64262014
 -0.0156387   0.38422229  0.02146182  0.04009118 -0.54912234  0.5298661
  0.55767243  0.56245419  0.64055896  0.23313816 -0.17097078  0.57190305
 -0.17259511  0.41754456 -0.61630135  0.12244773  0.34321    -0.63052483
 -0.00481167 -0.22875428  0.07337155 -0.29660357  0.2747699  -0.49413246
 -0.29718062 -0.82445003 -0.50091544 -0.22722569 -0.1965927 ]
2470,[ 0.20061036  0.10491441 -0.09211499  0.13183004  0.36958306  0.08937512
 -0.04480706  0.65182795  0.35236998 -0.53158818 -0.04550411 -0.12078723
  0.18104425  0.42932239 -0.3259147   0.22937397 -0.10958795 -0.62124384
  0.10476121  0.14345058 -0.46966662  0.20698577  0.261572   -0.64262456
 -0.01564325  0.3842201   0.02146998  0.04008845 -0.54912595  0.5298735
  0.55766531  0.56245611  0.64056223  0.23313829 -0.17096802  0.57190382
 -0.17259812  0.41754257 -0.61630009  0.12244449  0.34321072 -0.63051937
 -0.00481796 -0.22875482  0.07336783 -0.29660467  0.27477387 -0.49412358
 -0.2971857  -0.82444941 -0.5009175  -0.22722492 -0.19659415]
2471,[ 0.20061559  0.10491651 -0.09212839  0.13183294  0.36958605  0.08937192
 -0.04480236  0.65182294  0.3523648  -0.531586   -0.04550335 -0.12078162
  0.18104148  0.42932767 -0.32591486  0.22937838 -0.10958516 -0.62124216
  0.10475824  0.14345372 -0.46966708  0.20698297  0.26157105 -0.64262897
 -0.01564779  0.38421792  0.02147813  0.04008573 -0.54912955  0.52988089
  0.5576582   0.56245803  0.6405655   0.23313843 -0.17096526  0.5719046
 -0.17260113  0.41754058 -0.61629882  0.12244126  0.34321145 -0.63051391
 -0.00482425 -0.22875535  0.07336412 -0.29660576  0.27477785 -0.49411471
 -0.29719077 -0.8244488  -0.50091956 -0.22722415 -0.1965956 ]
2472,[ 0.20062082  0.10491862 -0.09214178  0.13183583  0.36958903  0.08936872
 -0.04479767  0.65181794  0.35235964 -0.53158383 -0.04550259 -0.120776
  0.18103871  0.42933294 -0.32591503  0.22938277 -0.10958238 -0.62124049
  0.10475528  0.14345685 -0.46966754  0.20698017  0.26157011 -0.64263338
 -0.01565232  0.38421573  0.02148627  0.04008301 -0.54913314  0.52988828
  0.5576511   0.56245995  0.64056877  0.23313856 -0.1709625   0.57190537
 -0.17260413  0.41753859 -0.61629756  0.12243803  0.34321217 -0.63050846
 -0.00483053 -0.22875589  0.07336041 -0.29660686  0.27478181 -0.49410586
 -0.29719583 -0.82444818 -0.50092162 -0.22722338 -0.19659705]
2473,[ 0.20062604  0.10492072 -0.09215516  0.13183872  0.36959202  0.08936552
 -0.04479298  0.65181294  0.35235448 -0.53158166 -0.04550184 -0.1207704
  0.18103595  0.42933821 -0.32591519  0.22938717 -0.10957959 -0.62123883
  0.10475232  0.14345999 -0.46966799  0.20697737  0.26156916 -0.64263778
 -0.01565685  0.38421355  0.02149441  0.04008029 -0.54913674  0.52989565
  0.557644    0.56246187  0.64057203  0.2331387  -0.17095975  0.57190615
 -0.17260713  0.4175366  -0.6162963   0.12243481  0.34321289 -0.63050302
 -0.0048368  -0.22875642  0.07335671 -0.29660795  0.27478578 -0.49409701
 -0.29720089 -0.82444757 -0.50092367 -0.22722262 -0.1965985 ]
2474,[ 0.20063125  0.10492281 -0.09216851  0.1318416   0.36959499  0.08936233
 -0.0447883   0.65180795  0.35234932 -0.53157948 -0.04550108 -0.1207648
  0.18103318  0.42934347 -0.32591535  0.22939155 -0.10957681 -0.62123716
  0.10474936  0.14346312 -0.46966845  0.20697458  0.26156822 -0.64264218
 -0.01566137  0.38421138  0.02150253  0.04007757 -0.54914033  0.52990302
  0.55763691  0.56246379  0.64057529  0.23313884 -0.170957    0.57190692
 -0.17261013  0.41753462 -0.61629504  0.12243159  0.34321362 -0.63049758
 -0.00484306 -0.22875696  0.073353   -0.29660905  0.27478974 -0.49408817
 -0.29720594 -0.82444696 -0.50092573 -0.22722185 -0.19659994]
2475,[ 0.20063645  0.10492491 -0.09218186  0.13184448  0.36959797  0.08935914
 -0.04478363  0.65180296  0.35234418 -0.53157732 -0.04550033 -0.12075921
  0.18103043  0.42934872 -0.32591551  0.22939594 -0.10957404 -0.6212355
  0.1047464   0.14346624 -0.46966891  0.20697179  0.26156728 -0.64264657
 -0.01566589  0.3842092   0.02151065  0.04007486 -0.54914391  0.52991038
  0.55762983  0.5624657   0.64057854  0.23313897 -0.17095425  0.57190769
 -0.17261312  0.41753264 -0.61629378  0.12242837  0.34321434 -0.63049215
 -0.00484932 -0.22875749  0.07334931 -0.29661014  0.27479369 -0.49407935
 -0.29721098 -0.82444635 -0.50092778 -0.22722109 -0.19660138]
2476,[ 0.20064166  0.104927   -0.09219518  0.13184736  0.36960094  0.08935595
 -0.04477896  0.65179798  0.35233903 -0.53157515 -0.04549957 -0.12075362
  0.18102767  0.42935397 -0.32591567  0.22940031 -0.10957126 -0.62123384
  0.10474345  0.14346936 -0.46966936  0.206969    0.26156634 -0.64265096
 -0.01567041  0.38420703  0.02151875  0.04007215 -0.54914749  0.52991773
  0.55762276  0.56246761  0.64058179  0.23313911 -0.17095151  0.57190846
 -0.17261611  0.41753066 -0.61629252  0.12242516  0.34321506 -0.63048673
 -0.00485557 -0.22875802  0.07334561 -0.29661123  0.27479764 -0.49407053
 -0.29721602 -0.82444573 -0.50092982 -0.22722032 -0.19660283]
2477,[ 0.20064685  0.10492909 -0.0922085   0.13185024  0.36960391  0.08935277
 -0.04477429  0.65179301  0.3523339  -0.53157299 -0.04549882 -0.12074804
  0.18102492  0.42935921 -0.32591583  0.22940469 -0.10956849 -0.62123218
  0.10474051  0.14347248 -0.46966982  0.20696621  0.2615654  -0.64265534
 -0.01567492  0.38420486  0.02152685  0.04006944 -0.54915107  0.52992507
  0.55761569  0.56246952  0.64058504  0.23313924 -0.17094877  0.57190923
 -0.17261909  0.41752868 -0.61629127  0.12242195  0.34321578 -0.63048131
 -0.00486181 -0.22875855  0.07334192 -0.29661232  0.27480159 -0.49406172
 -0.29722106 -0.82444512 -0.50093187 -0.22721956 -0.19660427]
2478,[ 0.20065204  0.10493118 -0.0922218   0.13185311  0.36960688  0.08934959
 -0.04476963  0.65178804  0.35232877 -0.53157083 -0.04549807 -0.12074247
  0.18102217  0.42936445 -0.32591599  0.22940905 -0.10956572 -0.62123052
  0.10473756  0.1434756  -0.46967027  0.20696343  0.26156447 -0.64265972
 -0.01567942  0.38420269  0.02153494  0.04006674 -0.54915464  0.52993241
  0.55760864  0.56247143  0.64058828  0.23313938 -0.17094603  0.57191
 -0.17262207  0.41752671 -0.61629001  0.12241874  0.3432165  -0.63047589
 -0.00486805 -0.22875909  0.07333824 -0.2966134   0.27480553 -0.49405292
 -0.29722609 -0.82444452 -0.50093391 -0.2272188  -0.1966057 ]
2479,[ 0.20065722  0.10493327 -0.09223508  0.13185598  0.36960984  0.08934641
 -0.04476497  0.65178308  0.35232364 -0.53156867 -0.04549731 -0.1207369
  0.18101942  0.42936968 -0.32591615  0.22941342 -0.10956296 -0.62122886
  0.10473462  0.14347871 -0.46967072  0.20696065  0.26156353 -0.6426641
 -0.01568392  0.38420053  0.02154302  0.04006404 -0.54915821  0.52993973
  0.55760159  0.56247333  0.64059152  0.23313951 -0.1709433   0.57191077
 -0.17262505  0.41752474 -0.61628876  0.12241554  0.34321722 -0.63047049
 -0.00487428 -0.22875962  0.07333456 -0.29661449  0.27480947 -0.49404414
 -0.29723111 -0.82444391 -0.50093595 -0.22721804 -0.19660714]
2480,[ 0.2006624   0.10493535 -0.09224835  0.13185884  0.3696128   0.08934324
 -0.04476032  0.65177812  0.35231852 -0.53156651 -0.04549656 -0.12073134
  0.18101668  0.42937491 -0.32591631  0.22941777 -0.1095602  -0.62122721
  0.10473168  0.14348181 -0.46967118  0.20695788  0.26156259 -0.64266846
 -0.01568841  0.38419836  0.02155109  0.04006134 -0.54916177  0.52994705
  0.55759455  0.56247523  0.64059476  0.23313964 -0.17094056  0.57191154
 -0.17262803  0.41752277 -0.61628751  0.12241234  0.34321793 -0.63046508
 -0.0048805  -0.22876015  0.07333088 -0.29661557  0.2748134  -0.49403536
 -0.29723613 -0.8244433  -0.50093799 -0.22721728 -0.19660858]
2481,[ 0.20066757  0.10493743 -0.0922616   0.13186171  0.36961575  0.08934007
 -0.04475568  0.65177317  0.35231341 -0.53156436 -0.04549581 -0.12072578
  0.18101394  0.42938013 -0.32591647  0.22942213 -0.10955744 -0.62122555
  0.10472875  0.14348492 -0.46967163  0.20695511  0.26156166 -0.64267283
 -0.0156929   0.3841962   0.02155915  0.04005864 -0.54916533  0.52995436
  0.55758751  0.56247713  0.64059799  0.23313978 -0.17093784  0.5719123
 -0.172631    0.4175208  -0.61628626  0.12240914  0.34321865 -0.63045969
 -0.00488672 -0.22876068  0.07332721 -0.29661666  0.27481733 -0.49402659
 -0.29724114 -0.82444269 -0.50094003 -0.22721652 -0.19661001]
2482,[ 0.20067274  0.10493951 -0.09227484  0.13186457  0.36961871  0.0893369
 -0.04475104  0.65176822  0.3523083  -0.53156221 -0.04549507 -0.12072023
  0.1810112   0.42938534 -0.32591663  0.22942647 -0.10955469 -0.6212239
  0.10472582  0.14348802 -0.46967208  0.20695234  0.26156073 -0.64267719
 -0.01569738  0.38419404  0.0215672   0.04005595 -0.54916889  0.52996166
  0.55758049  0.56247903  0.64060122  0.23313991 -0.17093511  0.57191307
 -0.17263397  0.41751883 -0.61628501  0.12240595  0.34321937 -0.6304543
 -0.00489293 -0.22876121  0.07332354 -0.29661774  0.27482126 -0.49401783
 -0.29724614 -0.82444208 -0.50094206 -0.22721576 -0.19661144]
2483,[ 0.2006779   0.10494159 -0.09228806  0.13186742  0.36962165  0.08933374
 -0.04474641  0.65176328  0.3523032  -0.53156006 -0.04549432 -0.12071469
  0.18100847  0.42939055 -0.32591679  0.22943082 -0.10955193 -0.62122225
  0.10472289  0.14349112 -0.46967253  0.20694957  0.26155979 -0.64268154
 -0.01570186  0.38419189  0.02157524  0.04005326 -0.54917244  0.52996896
  0.55757347  0.56248093  0.64060445  0.23314005 -0.17093239  0.57191383
 -0.17263693  0.41751687 -0.61628376  0.12240276  0.34322008 -0.63044892
 -0.00489913 -0.22876174  0.07331988 -0.29661882  0.27482518 -0.49400909
 -0.29725114 -0.82444148 -0.50094409 -0.227215   -0.19661287]
2484,[ 0.20068305  0.10494366 -0.09230127  0.13187027  0.3696246   0.08933058
 -0.04474178  0.65175835  0.3522981  -0.53155791 -0.04549357 -0.12070915
  0.18100574  0.42939575 -0.32591695  0.22943516 -0.10954918 -0.62122061
  0.10471997  0.14349421 -0.46967298  0.20694681  0.26155886 -0.64268589
 -0.01570634  0.38418974  0.02158327  0.04005058 -0.54917599  0.52997624
  0.55756646  0.56248282  0.64060767  0.23314018 -0.17092967  0.5719146
 -0.17263989  0.41751491 -0.61628251  0.12239957  0.3432208  -0.63044354
 -0.00490532 -0.22876226  0.07331622 -0.2966199   0.27482909 -0.49400035
 -0.29725614 -0.82444087 -0.50094612 -0.22721425 -0.1966143 ]
2485,[ 0.2006882   0.10494573 -0.09231446  0.13187312  0.36962754  0.08932743
 -0.04473715  0.65175342  0.35229301 -0.53155577 -0.04549282 -0.12070362
  0.18100301  0.42940095 -0.32591711  0.22943949 -0.10954644 -0.62121896
  0.10471704  0.1434973  -0.46967343  0.20694405  0.26155793 -0.64269023
 -0.0157108   0.38418759  0.0215913   0.04004789 -0.54917953  0.52998352
  0.55755946  0.56248472  0.64061089  0.23314031 -0.17092695  0.57191536
 -0.17264285  0.41751295 -0.61628127  0.12239639  0.34322151 -0.63043817
 -0.00491151 -0.22876279  0.07331256 -0.29662098  0.274833   -0.49399162
 -0.29726113 -0.82444027 -0.50094815 -0.22721349 -0.19661573]
2486,[ 0.20069334  0.1049478  -0.09232764  0.13187597  0.36963048  0.08932428
 -0.04473253  0.65174849  0.35228792 -0.53155363 -0.04549208 -0.1206981
  0.18100029  0.42940614 -0.32591727  0.22944382 -0.1095437  -0.62121732
  0.10471413  0.14350039 -0.46967388  0.20694129  0.261557   -0.64269457
 -0.01571527  0.38418544  0.02159931  0.04004522 -0.54918307  0.52999079
  0.55755247  0.5624866   0.6406141   0.23314045 -0.17092424  0.57191612
 -0.17264581  0.41751099 -0.61628003  0.12239321  0.34322222 -0.63043281
 -0.00491769 -0.22876332  0.07330891 -0.29662206  0.27483691 -0.4939829
 -0.29726611 -0.82443966 -0.50095017 -0.22721274 -0.19661716]
2487,[ 0.20069848  0.10494987 -0.09234081  0.13187881  0.36963342  0.08932113
 -0.04472792  0.65174357  0.35228284 -0.53155149 -0.04549133 -0.12069258
  0.18099757  0.42941132 -0.32591743  0.22944814 -0.10954096 -0.62121568
  0.10471121  0.14350347 -0.46967433  0.20693854  0.26155607 -0.64269891
 -0.01571973  0.38418329  0.02160732  0.04004254 -0.54918661  0.52999805
  0.55754548  0.56248849  0.64061732  0.23314058 -0.17092153  0.57191688
 -0.17264876  0.41750904 -0.61627878  0.12239004  0.34322293 -0.63042745
 -0.00492386 -0.22876385  0.07330526 -0.29662313  0.27484081 -0.49397419
 -0.29727109 -0.82443906 -0.50095219 -0.22721198 -0.19661858]
2488,[ 0.20070361  0.10495194 -0.09235395  0.13188165  0.36963635  0.08931799
 -0.04472331  0.65173866  0.35227777 -0.53154935 -0.04549059 -0.12068707
  0.18099485  0.4294165  -0.32591759  0.22945246 -0.10953822 -0.62121404
  0.1047083   0.14350655 -0.46967478  0.20693579  0.26155515 -0.64270324
 -0.01572418  0.38418115  0.02161532  0.04003986 -0.54919014  0.5300053
  0.55753851  0.56249038  0.64062052  0.23314071 -0.17091883  0.57191764
 -0.17265171  0.41750709 -0.61627754  0.12238687  0.34322364 -0.63042209
 -0.00493003 -0.22876437  0.07330162 -0.29662421  0.27484471 -0.49396549
 -0.29727606 -0.82443846 -0.50095421 -0.22721123 -0.19662   ]
2489,[ 0.20070874  0.104954   -0.09236709  0.13188449  0.36963928  0.08931485
 -0.04471871  0.65173375  0.3522727  -0.53154721 -0.04548985 -0.12068157
  0.18099213  0.42942167 -0.32591775  0.22945677 -0.10953549 -0.6212124
  0.10470539  0.14350963 -0.46967523  0.20693304  0.26155422 -0.64270756
 -0.01572863  0.38417901  0.02162331  0.04003719 -0.54919367  0.53001255
  0.55753154  0.56249226  0.64062373  0.23314085 -0.17091612  0.5719184
 -0.17265465  0.41750514 -0.6162763   0.1223837   0.34322435 -0.63041675
 -0.00493619 -0.2287649   0.07329798 -0.29662528  0.2748486  -0.49395681
 -0.29728103 -0.82443785 -0.50095623 -0.22721048 -0.19662142]
2490,[ 0.20071386  0.10495606 -0.09238021  0.13188732  0.3696422   0.08931171
 -0.04471411  0.65172885  0.35226764 -0.53154508 -0.0454891  -0.12067607
  0.18098942  0.42942684 -0.32591791  0.22946108 -0.10953276 -0.62121076
  0.10470249  0.1435127  -0.46967568  0.2069303   0.26155329 -0.64271188
 -0.01573307  0.38417687  0.02163129  0.04003453 -0.54919719  0.53001978
  0.55752457  0.56249414  0.64062693  0.23314098 -0.17091342  0.57191916
 -0.1726576   0.41750319 -0.61627507  0.12238054  0.34322506 -0.63041141
 -0.00494234 -0.22876542  0.07329435 -0.29662636  0.27485249 -0.49394813
 -0.29728599 -0.82443725 -0.50095825 -0.22720972 -0.19662284]
2491,[ 0.20071897  0.10495812 -0.09239331  0.13189015  0.36964513  0.08930858
 -0.04470952  0.65172396  0.35226258 -0.53154295 -0.04548836 -0.12067057
  0.18098671  0.429432   -0.32591807  0.22946539 -0.10953003 -0.62120913
  0.10469959  0.14351577 -0.46967613  0.20692756  0.26155237 -0.64271619
 -0.01573751  0.38417473  0.02163926  0.04003186 -0.54920071  0.53002701
  0.55751762  0.56249602  0.64063012  0.23314111 -0.17091072  0.57191992
 -0.17266053  0.41750124 -0.61627383  0.12237738  0.34322577 -0.63040607
 -0.00494849 -0.22876594  0.07329072 -0.29662743  0.27485638 -0.49393946
 -0.29729095 -0.82443665 -0.50096026 -0.22720897 -0.19662426]
2492,[ 0.20072408  0.10496017 -0.0924064   0.13189298  0.36964805  0.08930545
 -0.04470493  0.65171906  0.35225753 -0.53154083 -0.04548762 -0.12066509
  0.18098401  0.42943716 -0.32591822  0.22946969 -0.10952731 -0.6212075
  0.10469669  0.14351884 -0.46967657  0.20692482  0.26155145 -0.6427205
 -0.01574194  0.3841726   0.02164722  0.0400292  -0.54920423  0.53003423
  0.55751067  0.5624979   0.64063332  0.23314125 -0.17090803  0.57192068
 -0.17266347  0.4174993  -0.6162726   0.12237422  0.34322648 -0.63040074
 -0.00495463 -0.22876647  0.07328709 -0.2966285   0.27486026 -0.4939308
 -0.2972959  -0.82443605 -0.50096227 -0.22720822 -0.19662568]
2493,[ 0.20072918  0.10496223 -0.09241948  0.13189581  0.36965096  0.08930232
 -0.04470035  0.65171418  0.35225249 -0.5315387  -0.04548688 -0.12065961
  0.1809813   0.4294423  -0.32591838  0.22947398 -0.10952458 -0.62120587
  0.10469379  0.1435219  -0.46967702  0.20692208  0.26155053 -0.64272481
 -0.01574637  0.38417047  0.02165517  0.04002654 -0.54920774  0.53004144
  0.55750374  0.56249977  0.64063651  0.23314138 -0.17090534  0.57192143
 -0.1726664   0.41749736 -0.61627136  0.12237107  0.34322719 -0.63039542
 -0.00496076 -0.22876699  0.07328347 -0.29662957  0.27486413 -0.49392215
 -0.29730084 -0.82443545 -0.50096428 -0.22720748 -0.19662709]
2494,[ 0.20073428  0.10496428 -0.09243254  0.13189863  0.36965387  0.0892992
 -0.04469577  0.6517093   0.35224745 -0.53153658 -0.04548614 -0.12065413
  0.1809786   0.42944745 -0.32591854  0.22947827 -0.10952187 -0.62120424
  0.1046909   0.14352496 -0.46967747  0.20691935  0.2615496  -0.64272911
 -0.01575079  0.38416834  0.02166311  0.04002389 -0.54921125  0.53004864
  0.55749681  0.56250165  0.64063969  0.23314151 -0.17090265  0.57192219
 -0.17266933  0.41749542 -0.61627013  0.12236792  0.34322789 -0.63039011
 -0.00496688 -0.22876751  0.07327985 -0.29663064  0.274868   -0.49391351
 -0.29730578 -0.82443485 -0.50096628 -0.22720673 -0.1966285 ]
2495,[ 0.20073937  0.10496633 -0.09244558  0.13190144  0.36965678  0.08929608
 -0.0446912   0.65170442  0.35224242 -0.53153446 -0.04548541 -0.12064866
  0.18097591  0.42945259 -0.3259187   0.22948256 -0.10951915 -0.62120261
  0.10468801  0.14352801 -0.46967791  0.20691662  0.26154868 -0.64273341
 -0.01575521  0.38416621  0.02167105  0.04002123 -0.54921475  0.53005584
  0.55748988  0.56250352  0.64064287  0.23314164 -0.17089996  0.57192294
 -0.17267225  0.41749348 -0.6162689   0.12236477  0.3432286  -0.63038479
 -0.004973   -0.22876804  0.07327623 -0.2966317   0.27487187 -0.49390488
 -0.29731071 -0.82443426 -0.50096829 -0.22720598 -0.19662992]
2496,[ 0.20074445  0.10496837 -0.09245862  0.13190426  0.36965969  0.08929296
 -0.04468663  0.65169956  0.35223739 -0.53153234 -0.04548467 -0.1206432
  0.18097321  0.42945772 -0.32591886  0.22948684 -0.10951644 -0.62120099
  0.10468513  0.14353107 -0.46967836  0.2069139   0.26154777 -0.6427377
 -0.01575963  0.38416409  0.02167897  0.04001858 -0.54921825  0.53006303
  0.55748297  0.56250539  0.64064605  0.23314177 -0.17089728  0.5719237
 -0.17267518  0.41749155 -0.61626767  0.12236163  0.3432293  -0.63037949
 -0.00497911 -0.22876856  0.07327262 -0.29663277  0.27487573 -0.49389626
 -0.29731564 -0.82443366 -0.50097029 -0.22720523 -0.19663133]
2497,[ 0.20074953  0.10497042 -0.09247163  0.13190707  0.36966259  0.08928985
 -0.04468207  0.65169469  0.35223236 -0.53153023 -0.04548393 -0.12063775
  0.18097052  0.42946284 -0.32591901  0.22949111 -0.10951373 -0.62119936
  0.10468225  0.14353411 -0.4696788   0.20691118  0.26154685 -0.64274198
 -0.01576403  0.38416197  0.02168689  0.04001594 -0.54922175  0.53007021
  0.55747606  0.56250725  0.64064923  0.23314191 -0.1708946   0.57192445
 -0.1726781   0.41748962 -0.61626644  0.12235849  0.34323001 -0.63037419
 -0.00498522 -0.22876908  0.07326901 -0.29663383  0.27487959 -0.49388765
 -0.29732056 -0.82443306 -0.50097229 -0.22720449 -0.19663273]
2498,[ 0.20075461  0.10497246 -0.09248463  0.13190988  0.36966549  0.08928674
 -0.04467751  0.65168983  0.35222735 -0.53152811 -0.0454832  -0.1206323
  0.18096783  0.42946797 -0.32591917  0.22949538 -0.10951102 -0.62119774
  0.10467937  0.14353716 -0.46967925  0.20690846  0.26154593 -0.64274626
 -0.01576844  0.38415985  0.0216948   0.04001329 -0.54922524  0.53007738
  0.55746916  0.56250912  0.6406524   0.23314204 -0.17089192  0.5719252
 -0.17268101  0.41748769 -0.61626522  0.12235536  0.34323071 -0.6303689
 -0.00499132 -0.2287696   0.07326541 -0.2966349   0.27488345 -0.49387904
 -0.29732548 -0.82443247 -0.50097429 -0.22720374 -0.19663414]
2499,[ 0.20075968  0.1049745  -0.09249762  0.13191268  0.36966839  0.08928364
 -0.04467296  0.65168498  0.35222234 -0.531526   -0.04548246 -0.12062685
  0.18096515  0.42947308 -0.32591933  0.22949965 -0.10950832 -0.62119612
  0.10467649  0.1435402  -0.46967969  0.20690574  0.26154502 -0.64275054
 -0.01577284  0.38415773  0.0217027   0.04001065 -0.54922873  0.53008454
  0.55746227  0.56251098  0.64065557  0.23314217 -0.17088925  0.57192595
 -0.17268392  0.41748576 -0.61626399  0.12235222  0.34323141 -0.63036361
 -0.00499741 -0.22877012  0.07326181 -0.29663596  0.2748873  -0.49387045
 -0.29733039 -0.82443187 -0.50097628 -0.227203   -0.19663555]
2500,[ 0.20076474  0.10497653 -0.09251059  0.13191549  0.36967128  0.08928054
 -0.04466842  0.65168014  0.35221733 -0.53152389 -0.04548173 -0.12062142
  0.18096247  0.42947819 -0.32591948  0.22950391 -0.10950562 -0.62119451
  0.10467362  0.14354324 -0.46968013  0.20690303  0.2615441  -0.64275481
 -0.01577723  0.38415562  0.02171059  0.04000802 -0.54923221  0.5300917
  0.55745539  0.56251284  0.64065873  0.2331423  -0.17088658  0.57192671
 -0.17268683  0.41748383 -0.61626277  0.1223491   0.34323211 -0.63035833
 -0.00500349 -0.22877063  0.07325822 -0.29663702  0.27489114 -0.49386187
 -0.29733529 -0.82443127 -0.50097827 -0.22720226 -0.19663695]
2501,[ 0.20076979  0.10497857 -0.09252355  0.13191828  0.36967417  0.08927744
 -0.04466387  0.65167529  0.35221233 -0.53152179 -0.04548099 -0.12061598
  0.18095979  0.42948329 -0.32591964  0.22950816 -0.10950293 -0.62119289
  0.10467075  0.14354628 -0.46968057  0.20690032  0.26154319 -0.64275908
 -0.01578162  0.3841535   0.02171847  0.04000538 -0.54923569  0.53009884
  0.55744851  0.5625147   0.64066189  0.23314243 -0.17088391  0.57192745
 -0.17268974  0.41748191 -0.61626154  0.12234597  0.34323281 -0.63035306
 -0.00500957 -0.22877115  0.07325463 -0.29663808  0.27489498 -0.4938533
 -0.29734019 -0.82443068 -0.50098027 -0.22720151 -0.19663835]
2502,[ 0.20077485  0.1049806  -0.09253649  0.13192108  0.36967706  0.08927434
 -0.04465934  0.65167046  0.35220734 -0.53151969 -0.04548026 -0.12061056
  0.18095711  0.42948839 -0.3259198   0.22951242 -0.10950023 -0.62119128
  0.10466789  0.14354931 -0.46968102  0.20689761  0.26154227 -0.64276334
 -0.015786    0.38415139  0.02172634  0.04000275 -0.54923917  0.53010598
  0.55744164  0.56251655  0.64066505  0.23314256 -0.17088125  0.5719282
 -0.17269264  0.41747999 -0.61626032  0.12234285  0.34323351 -0.63034779
 -0.00501564 -0.22877167  0.07325104 -0.29663914  0.27489882 -0.49384474
 -0.29734509 -0.82443009 -0.50098225 -0.22720077 -0.19663975]
2503,[ 0.20077989  0.10498263 -0.09254942  0.13192387  0.36967994  0.08927125
 -0.04465481  0.65166563  0.35220235 -0.53151758 -0.04547953 -0.12060514
  0.18095444  0.42949348 -0.32591995  0.22951666 -0.10949754 -0.62118966
  0.10466502  0.14355234 -0.46968146  0.2068949   0.26154136 -0.64276759
 -0.01579038  0.38414929  0.0217342   0.04000012 -0.54924264  0.53011311
  0.55743478  0.56251841  0.64066821  0.23314269 -0.17087859  0.57192895
 -0.17269554  0.41747807 -0.6162591   0.12233973  0.34323421 -0.63034252
 -0.0050217  -0.22877219  0.07324746 -0.29664019  0.27490265 -0.49383618
 -0.29734998 -0.82442949 -0.50098424 -0.22720003 -0.19664115]
2504,[ 0.20078493  0.10498466 -0.09256234  0.13192666  0.36968282  0.08926816
 -0.04465028  0.6516608   0.35219737 -0.53151549 -0.0454788  -0.12059973
  0.18095177  0.42949857 -0.32592011  0.2295209  -0.10949485 -0.62118805
  0.10466217  0.14355536 -0.4696819   0.2068922   0.26154045 -0.64277185
 -0.01579475  0.38414718  0.02174206  0.03999749 -0.54924611  0.53012024
  0.55742793  0.56252026  0.64067136  0.23314283 -0.17087593  0.5719297
 -0.17269844  0.41747615 -0.61625788  0.12233662  0.34323491 -0.63033727
 -0.00502776 -0.2287727   0.07324388 -0.29664125  0.27490648 -0.49382764
 -0.29735486 -0.8244289  -0.50098622 -0.22719929 -0.19664255]
2505,[ 0.20078996  0.10498669 -0.09257524  0.13192945  0.3696857   0.08926508
 -0.04464576  0.65165598  0.35219239 -0.53151339 -0.04547807 -0.12059432
  0.1809491   0.42950365 -0.32592027  0.22952514 -0.10949217 -0.62118644
  0.10465931  0.14355838 -0.46968234  0.20688951  0.26153954 -0.64277609
 -0.01579912  0.38414508  0.0217499   0.03999487 -0.54924958  0.53012735
  0.55742108  0.56252211  0.6406745   0.23314296 -0.17087327  0.57193044
 -0.17270133  0.41747423 -0.61625667  0.12233351  0.34323561 -0.63033202
 -0.00503381 -0.22877322  0.07324031 -0.2966423   0.2749103  -0.49381911
 -0.29735974 -0.82442831 -0.50098821 -0.22719855 -0.19664394]
2506,[ 0.20079499  0.10498871 -0.09258812  0.13193223  0.36968857  0.089262
 -0.04464125  0.65165117  0.35218742 -0.5315113  -0.04547734 -0.12058892
  0.18094644  0.42950872 -0.32592042  0.22952937 -0.10948949 -0.62118484
  0.10465646  0.1435614  -0.46968278  0.20688681  0.26153863 -0.64278034
 -0.01580349  0.38414298  0.02175774  0.03999225 -0.54925304  0.53013446
  0.55741425  0.56252396  0.64067765  0.23314309 -0.17087062  0.57193119
 -0.17270422  0.41747232 -0.61625545  0.1223304   0.34323631 -0.63032677
 -0.00503985 -0.22877373  0.07323674 -0.29664336  0.27491412 -0.49381058
 -0.29736461 -0.82442772 -0.50099018 -0.22719781 -0.19664534]
2507,[ 0.20080001  0.10499073 -0.09260099  0.13193501  0.36969144  0.08925892
 -0.04463673  0.65164636  0.35218245 -0.5315092  -0.04547661 -0.12058352
  0.18094378  0.42951379 -0.32592058  0.2295336  -0.10948681 -0.62118323
  0.10465361  0.14356441 -0.46968322  0.20688412  0.26153773 -0.64278457
 -0.01580785  0.38414088  0.02176557  0.03998963 -0.5492565   0.53014156
  0.55740742  0.5625258   0.64068078  0.23314322 -0.17086797  0.57193193
 -0.1727071   0.41747041 -0.61625424  0.1223273   0.343237   -0.63032153
 -0.00504589 -0.22877425  0.07323317 -0.29664441  0.27491794 -0.49380207
 -0.29736948 -0.82442713 -0.50099216 -0.22719708 -0.19664673]
2508,[ 0.20080503  0.10499275 -0.09261385  0.13193779  0.36969431  0.08925585
 -0.04463223  0.65164155  0.35217749 -0.53150711 -0.04547589 -0.12057814
  0.18094112  0.42951885 -0.32592073  0.22953782 -0.10948413 -0.62118163
  0.10465076  0.14356743 -0.46968366  0.20688143  0.26153682 -0.64278881
 -0.0158122   0.38413878  0.02177339  0.03998702 -0.54925995  0.53014865
  0.55740059  0.56252765  0.64068392  0.23314335 -0.17086533  0.57193268
 -0.17270999  0.4174685  -0.61625302  0.1223242   0.3432377  -0.6303163
 -0.00505192 -0.22877476  0.07322961 -0.29664546  0.27492175 -0.49379356
 -0.29737434 -0.82442654 -0.50099414 -0.22719634 -0.19664812]
2509,[ 0.20081004  0.10499477 -0.09262669  0.13194056  0.36969717  0.08925278
 -0.04462773  0.65163676  0.35217253 -0.53150503 -0.04547516 -0.12057275
  0.18093847  0.42952391 -0.32592089  0.22954204 -0.10948146 -0.62118003
  0.10464792  0.14357043 -0.4696841   0.20687874  0.26153591 -0.64279303
 -0.01581655  0.38413669  0.0217812   0.03998441 -0.5492634   0.53015573
  0.55739378  0.56252949  0.64068705  0.23314348 -0.17086268  0.57193342
 -0.17271287  0.41746659 -0.61625181  0.1223211   0.34323839 -0.63031107
 -0.00505794 -0.22877528  0.07322605 -0.29664651  0.27492556 -0.49378507
 -0.2973792  -0.82442595 -0.50099611 -0.2271956  -0.19664951]
2510,[ 0.20081505  0.10499678 -0.09263952  0.13194333  0.36970003  0.08924971
 -0.04462323  0.65163196  0.35216759 -0.53150294 -0.04547443 -0.12056738
  0.18093582  0.42952896 -0.32592104  0.22954625 -0.10947879 -0.62117843
  0.10464508  0.14357344 -0.46968453  0.20687606  0.26153501 -0.64279726
 -0.01582089  0.3841346   0.021789    0.0399818  -0.54926684  0.5301628
  0.55738697  0.56253133  0.64069018  0.23314361 -0.17086004  0.57193416
 -0.17271574  0.41746469 -0.6162506   0.12231801  0.34323909 -0.63030585
 -0.00506395 -0.22877579  0.0732225  -0.29664756  0.27492936 -0.49377658
 -0.29738405 -0.82442536 -0.50099808 -0.22719487 -0.1966509 ]
2511,[ 0.20082005  0.10499879 -0.09265233  0.1319461   0.36970289  0.08924665
 -0.04461874  0.65162718  0.35216264 -0.53150086 -0.04547371 -0.12056201
  0.18093317  0.42953401 -0.3259212   0.22955046 -0.10947613 -0.62117683
  0.10464224  0.14357644 -0.46968497  0.20687338  0.26153411 -0.64280148
 -0.01582523  0.38413251  0.02179679  0.0399792  -0.54927029  0.53016987
  0.55738017  0.56253316  0.64069331  0.23314374 -0.1708574   0.5719349
 -0.17271861  0.41746279 -0.61624939  0.12231492  0.34323978 -0.63030063
 -0.00506996 -0.2287763   0.07321895 -0.29664861  0.27493316 -0.49376811
 -0.29738889 -0.82442478 -0.50100005 -0.22719414 -0.19665228]
2512,[ 0.20082504  0.1050008  -0.09266513  0.13194886  0.36970574  0.08924359
 -0.04461426  0.65162239  0.3521577  -0.53149878 -0.04547298 -0.12055664
  0.18093052  0.42953905 -0.32592135  0.22955467 -0.10947346 -0.62117524
  0.10463941  0.14357944 -0.46968541  0.2068707   0.2615332  -0.64280569
 -0.01582957  0.38413043  0.02180457  0.03997659 -0.54927372  0.53017693
  0.55737338  0.562535    0.64069643  0.23314387 -0.17085477  0.57193564
 -0.17272148  0.41746089 -0.61624819  0.12231183  0.34324047 -0.63029542
 -0.00507596 -0.22877681  0.0732154  -0.29664966  0.27493695 -0.49375964
 -0.29739373 -0.82442419 -0.50100201 -0.2271934  -0.19665367]
2513,[ 0.20083003  0.10500281 -0.09267791  0.13195162  0.36970859  0.08924053
 -0.04460978  0.65161762  0.35215277 -0.5314967  -0.04547226 -0.12055128
  0.18092788  0.42954408 -0.32592151  0.22955886 -0.1094708  -0.62117364
  0.10463658  0.14358243 -0.46968585  0.20686803  0.2615323  -0.6428099
 -0.0158339   0.38412834  0.02181235  0.03997399 -0.54927716  0.53018398
  0.5573666   0.56253683  0.64069955  0.233144   -0.17085214  0.57193638
 -0.17272435  0.41745899 -0.61624698  0.12230875  0.34324116 -0.63029022
 -0.00508196 -0.22877733  0.07321186 -0.2966507   0.27494074 -0.49375118
 -0.29739857 -0.8244236  -0.50100398 -0.22719267 -0.19665505]
2514,[ 0.20083501  0.10500481 -0.09269068  0.13195438  0.36971144  0.08923748
 -0.0446053   0.65161285  0.35214784 -0.53149463 -0.04547154 -0.12054593
  0.18092524  0.42954911 -0.32592166  0.22956306 -0.10946814 -0.62117205
  0.10463375  0.14358542 -0.46968628  0.20686536  0.2615314  -0.6428141
 -0.01583822  0.38412626  0.02182012  0.0399714  -0.54928059  0.53019102
  0.55735982  0.56253866  0.64070266  0.23314413 -0.17084951  0.57193712
 -0.17272721  0.41745709 -0.61624578  0.12230567  0.34324185 -0.63028502
 -0.00508795 -0.22877784  0.07320832 -0.29665175  0.27494453 -0.49374274
 -0.29740339 -0.82442302 -0.50100594 -0.22719194 -0.19665643]
2515,[ 0.20083999  0.10500682 -0.09270344  0.13195714  0.36971429  0.08923443
 -0.04460083  0.65160808  0.35214292 -0.53149256 -0.04547082 -0.12054058
  0.1809226   0.42955414 -0.32592182  0.22956725 -0.10946549 -0.62117046
  0.10463093  0.14358841 -0.46968672  0.20686269  0.2615305  -0.6428183
 -0.01584254  0.38412418  0.02182787  0.0399688  -0.54928401  0.53019806
  0.55735305  0.56254049  0.64070577  0.23314426 -0.17084688  0.57193786
 -0.17273007  0.4174552  -0.61624457  0.12230259  0.34324254 -0.63027983
 -0.00509393 -0.22877835  0.07320478 -0.29665279  0.27494831 -0.4937343
 -0.29740822 -0.82442243 -0.5010079  -0.22719121 -0.19665781]
2516,[ 0.20084496  0.10500882 -0.09271618  0.13195989  0.36971713  0.08923138
 -0.04459637  0.65160332  0.35213801 -0.53149049 -0.0454701  -0.12053524
  0.18091997  0.42955915 -0.32592197  0.22957143 -0.10946284 -0.62116887
  0.1046281   0.14359139 -0.46968715  0.20686003  0.2615296  -0.6428225
 -0.01584686  0.3841221   0.02183562  0.03996621 -0.54928744  0.53020509
  0.55734629  0.56254232  0.64070888  0.23314438 -0.17084426  0.5719386
 -0.17273293  0.41745331 -0.61624337  0.12229952  0.34324323 -0.63027464
 -0.00509991 -0.22877886  0.07320125 -0.29665383  0.27495208 -0.49372587
 -0.29741304 -0.82442185 -0.50100986 -0.22719048 -0.19665919]
2517,[ 0.20084993  0.10501082 -0.0927289   0.13196264  0.36971996  0.08922834
 -0.04459191  0.65159857  0.3521331  -0.53148842 -0.04546938 -0.12052991
  0.18091734  0.42956417 -0.32592212  0.22957561 -0.10946019 -0.62116728
  0.10462529  0.14359438 -0.46968759  0.20685736  0.26152871 -0.64282669
 -0.01585117  0.38412003  0.02184336  0.03996363 -0.54929085  0.53021211
  0.55733954  0.56254414  0.64071199  0.23314451 -0.17084164  0.57193933
 -0.17273579  0.41745142 -0.61624217  0.12229645  0.34324392 -0.63026946
 -0.00510587 -0.22877936  0.07319773 -0.29665487  0.27495586 -0.49371745
 -0.29741785 -0.82442127 -0.50101181 -0.22718975 -0.19666057]
2518,[ 0.20085489  0.10501281 -0.09274162  0.13196538  0.3697228   0.0892253
 -0.04458745  0.65159382  0.35212819 -0.53148635 -0.04546866 -0.12052458
  0.18091471  0.42956917 -0.32592228  0.22957979 -0.10945754 -0.6211657
  0.10462247  0.14359735 -0.46968802  0.2068547   0.26152781 -0.64283087
 -0.01585547  0.38411796  0.02185109  0.03996104 -0.54929427  0.53021912
  0.55733279  0.56254597  0.64071509  0.23314464 -0.17083902  0.57194007
 -0.17273864  0.41744953 -0.61624097  0.12229339  0.34324461 -0.63026429
 -0.00511184 -0.22877987  0.07319421 -0.29665591  0.27495962 -0.49370904
 -0.29742266 -0.82442068 -0.50101376 -0.22718902 -0.19666194]
2519,[ 0.20085984  0.10501481 -0.09275431  0.13196813  0.36972563  0.08922226
 -0.044583    0.65158907  0.35212329 -0.53148429 -0.04546794 -0.12051926
  0.18091208  0.42957417 -0.32592243  0.22958396 -0.1094549  -0.62116411
  0.10461966  0.14360033 -0.46968845  0.20685205  0.26152691 -0.64283505
 -0.01585977  0.38411589  0.02185882  0.03995846 -0.54929768  0.53022612
  0.55732606  0.56254779  0.64071819  0.23314477 -0.17083641  0.5719408
 -0.17274148  0.41744764 -0.61623977  0.12229032  0.34324529 -0.63025912
 -0.00511779 -0.22878038  0.07319069 -0.29665695  0.27496339 -0.49370064
 -0.29742746 -0.8244201  -0.50101571 -0.22718829 -0.19666332]
2520,[ 0.20086479  0.1050168  -0.092767    0.13197086  0.36972846  0.08921923
 -0.04457856  0.65158433  0.3521184  -0.53148223 -0.04546722 -0.12051394
  0.18090946  0.42957917 -0.32592258  0.22958812 -0.10945226 -0.62116253
  0.10461685  0.1436033  -0.46968889  0.2068494   0.26152602 -0.64283923
 -0.01586407  0.38411382  0.02186653  0.03995588 -0.54930109  0.53023312
  0.55731933  0.56254961  0.64072128  0.2331449  -0.1708338   0.57194154
 -0.17274433  0.41744576 -0.61623858  0.12228727  0.34324598 -0.63025396
 -0.00512374 -0.22878089  0.07318717 -0.29665799  0.27496715 -0.49369225
 -0.29743225 -0.82441952 -0.50101766 -0.22718757 -0.19666469]
2521,[ 0.20086974  0.10501879 -0.09277967  0.1319736   0.36973128  0.0892162
 -0.04457412  0.6515796   0.35211351 -0.53148017 -0.0454665  -0.12050863
  0.18090684  0.42958416 -0.32592274  0.22959229 -0.10944963 -0.62116095
  0.10461405  0.14360627 -0.46968932  0.20684675  0.26152513 -0.6428434
 -0.01586836  0.38411176  0.02187424  0.0399533  -0.54930449  0.5302401
  0.5573126   0.56255142  0.64072437  0.23314503 -0.17083119  0.57194227
 -0.17274717  0.41744388 -0.61623738  0.12228421  0.34324666 -0.6302488
 -0.00512968 -0.22878139  0.07318366 -0.29665902  0.2749709  -0.49368387
 -0.29743704 -0.82441894 -0.50101961 -0.22718684 -0.19666606]
2522,[ 0.20087468  0.10502078 -0.09279232  0.13197633  0.36973411  0.08921317
 -0.04456968  0.65157487  0.35210863 -0.53147811 -0.04546579 -0.12050333
  0.18090423  0.42958914 -0.32592289  0.22959644 -0.10944699 -0.62115938
  0.10461125  0.14360923 -0.46968975  0.2068441   0.26152423 -0.64284757
 -0.01587265  0.38410969  0.02188193  0.03995073 -0.54930789  0.53024708
  0.55730589  0.56255324  0.64072746  0.23314516 -0.17082859  0.571943
 -0.17275001  0.417442   -0.61623619  0.12228116  0.34324735 -0.63024365
 -0.00513561 -0.2287819   0.07318016 -0.29666006  0.27497465 -0.4936755
 -0.29744183 -0.82441836 -0.50102155 -0.22718612 -0.19666743]
2523,[ 0.20087961  0.10502276 -0.09280496  0.13197906  0.36973693  0.08921015
 -0.04456525  0.65157015  0.35210375 -0.53147606 -0.04546507 -0.12049803
  0.18090161  0.42959412 -0.32592304  0.22960059 -0.10944436 -0.6211578
  0.10460845  0.14361219 -0.46969018  0.20684145  0.26152334 -0.64285173
 -0.01587693  0.38410763  0.02188962  0.03994816 -0.54931128  0.53025406
  0.55729918  0.56255505  0.64073054  0.23314528 -0.17082598  0.57194373
 -0.17275284  0.41744012 -0.616235    0.12227811  0.34324803 -0.6302385
 -0.00514154 -0.22878241  0.07317665 -0.29666109  0.2749784  -0.49366713
 -0.29744661 -0.82441778 -0.50102349 -0.22718539 -0.1966688 ]
2524,[ 0.20088454  0.10502474 -0.09281759  0.13198179  0.36973974  0.08920713
 -0.04456083  0.65156543  0.35209888 -0.53147401 -0.04546436 -0.12049274
  0.180899    0.42959909 -0.3259232   0.22960474 -0.10944173 -0.62115622
  0.10460565  0.14361515 -0.46969061  0.20683881  0.26152245 -0.64285589
 -0.0158812   0.38410557  0.0218973   0.03994559 -0.54931468  0.53026102
  0.55729248  0.56255686  0.64073362  0.23314541 -0.17082338  0.57194446
 -0.17275567  0.41743825 -0.6162338   0.12227507  0.34324871 -0.63023336
 -0.00514746 -0.22878291  0.07317316 -0.29666212  0.27498214 -0.49365878
 -0.29745138 -0.8244172  -0.50102543 -0.22718467 -0.19667016]
2525,[ 0.20088946  0.10502672 -0.0928302   0.13198452  0.36974255  0.08920412
 -0.04455641  0.65156072  0.35209401 -0.53147196 -0.04546364 -0.12048745
  0.1808964   0.42960406 -0.32592335  0.22960888 -0.10943911 -0.62115465
  0.10460286  0.1436181  -0.46969105  0.20683618  0.26152156 -0.64286004
 -0.01588547  0.38410352  0.02190497  0.03994303 -0.54931806  0.53026798
  0.55728579  0.56255867  0.6407367   0.23314554 -0.17082079  0.57194519
 -0.1727585   0.41743638 -0.61623261  0.12227202  0.3432494  -0.63022823
 -0.00515338 -0.22878341  0.07316966 -0.29666315  0.27498588 -0.49365044
 -0.29745615 -0.82441662 -0.50102737 -0.22718395 -0.19667153]
2526,[ 0.20089437  0.1050287  -0.0928428   0.13198724  0.36974536  0.08920111
 -0.04455199  0.65155601  0.35208915 -0.53146991 -0.04546293 -0.12048217
  0.18089379  0.42960902 -0.3259235   0.22961302 -0.10943649 -0.62115308
  0.10460007  0.14362105 -0.46969148  0.20683354  0.26152067 -0.64286419
 -0.01588974  0.38410146  0.02191263  0.03994047 -0.54932145  0.53027492
  0.5572791   0.56256048  0.64073977  0.23314567 -0.1708182   0.57194592
 -0.17276132  0.41743451 -0.61623143  0.12226899  0.34325008 -0.6302231
 -0.00515929 -0.22878392  0.07316617 -0.29666418  0.27498962 -0.4936421
 -0.29746092 -0.82441604 -0.50102931 -0.22718322 -0.19667289]
2527,[ 0.20089928  0.10503068 -0.09285538  0.13198995  0.36974817  0.0891981
 -0.04454758  0.65155131  0.35208429 -0.53146786 -0.04546222 -0.1204769
  0.18089119  0.42961398 -0.32592365  0.22961715 -0.10943387 -0.62115151
  0.10459728  0.143624   -0.46969191  0.20683091  0.26151979 -0.64286833
 -0.015894    0.38409941  0.02192029  0.03993791 -0.54932483  0.53028186
  0.55727242  0.56256228  0.64074284  0.23314579 -0.1708156   0.57194665
 -0.17276415  0.41743264 -0.61623024  0.12226595  0.34325076 -0.63021798
 -0.00516519 -0.22878442  0.07316268 -0.29666521  0.27499335 -0.49363378
 -0.29746568 -0.82441547 -0.50103124 -0.2271825  -0.19667425]
2528,[ 0.20090419  0.10503265 -0.09286795  0.13199267  0.36975097  0.08919509
 -0.04454317  0.65154661  0.35207944 -0.53146582 -0.04546151 -0.12047163
  0.18088859  0.42961893 -0.3259238   0.22962128 -0.10943125 -0.62114994
  0.1045945   0.14362694 -0.46969233  0.20682828  0.2615189  -0.64287247
 -0.01589826  0.38409736  0.02192793  0.03993535 -0.5493282   0.5302888
  0.55726575  0.56256408  0.64074591  0.23314592 -0.17081302  0.57194738
 -0.17276696  0.41743077 -0.61622905  0.12226292  0.34325144 -0.63021286
 -0.00517108 -0.22878492  0.0731592  -0.29666624  0.27499707 -0.49362546
 -0.29747043 -0.82441489 -0.50103317 -0.22718178 -0.19667561]
2529,[ 0.20090909  0.10503462 -0.09288051  0.13199538  0.36975377  0.08919209
 -0.04453877  0.65154192  0.3520746  -0.53146378 -0.0454608  -0.12046636
  0.180886    0.42962387 -0.32592396  0.22962541 -0.10942864 -0.62114838
  0.10459172  0.14362988 -0.46969276  0.20682565  0.26151802 -0.6428766
 -0.01590251  0.38409532  0.02193557  0.0399328  -0.54933158  0.53029572
  0.55725909  0.56256588  0.64074897  0.23314605 -0.17081043  0.5719481
 -0.17276978  0.41742891 -0.61622787  0.12225989  0.34325212 -0.63020775
 -0.00517697 -0.22878543  0.07315572 -0.29666727  0.2750008  -0.49361716
 -0.29747518 -0.82441432 -0.5010351  -0.22718106 -0.19667697]
2530,[ 0.20091398  0.10503659 -0.09289305  0.13199809  0.36975657  0.08918909
 -0.04453438  0.65153723  0.35206976 -0.53146174 -0.04546009 -0.12046111
  0.1808834   0.42962881 -0.32592411  0.22962953 -0.10942603 -0.62114682
  0.10458895  0.14363282 -0.46969319  0.20682303  0.26151713 -0.64288073
 -0.01590676  0.38409327  0.0219432   0.03993025 -0.54933495  0.53030264
  0.55725244  0.56256768  0.64075203  0.23314618 -0.17080785  0.57194883
 -0.17277259  0.41742705 -0.61622668  0.12225687  0.34325279 -0.63020265
 -0.00518285 -0.22878593  0.07315225 -0.29666829  0.27500451 -0.49360886
 -0.29747992 -0.82441374 -0.50103703 -0.22718035 -0.19667833]
2531,[ 0.20091887  0.10503856 -0.09290558  0.1320008   0.36975936  0.0891861
 -0.04452999  0.65153255  0.35206493 -0.53145971 -0.04545938 -0.12045586
  0.18088082  0.42963375 -0.32592426  0.22963364 -0.10942342 -0.62114525
  0.10458617  0.14363576 -0.46969362  0.20682041  0.26151625 -0.64288486
 -0.015911    0.38409123  0.02195081  0.0399277  -0.54933831  0.53030955
  0.55724579  0.56256948  0.64075508  0.2331463  -0.17080527  0.57194955
 -0.1727754   0.41742519 -0.6162255   0.12225385  0.34325347 -0.63019755
 -0.00518873 -0.22878643  0.07314878 -0.29666932  0.27500823 -0.49360057
 -0.29748466 -0.82441317 -0.50103895 -0.22717963 -0.19667968]
2532,[ 0.20092375  0.10504053 -0.09291809  0.1320035   0.36976215  0.0891831
 -0.0445256   0.65152788  0.3520601  -0.53145767 -0.04545867 -0.12045061
  0.18087823  0.42963867 -0.32592441  0.22963775 -0.10942082 -0.62114369
  0.1045834   0.14363869 -0.46969405  0.20681779  0.26151537 -0.64288898
 -0.01591524  0.38408919  0.02195842  0.03992516 -0.54934167  0.53031645
  0.55723915  0.56257127  0.64075814  0.23314643 -0.1708027   0.57195028
 -0.17277821  0.41742333 -0.61622432  0.12225083  0.34325415 -0.63019245
 -0.0051946  -0.22878693  0.07314531 -0.29667034  0.27501194 -0.4935923
 -0.29748939 -0.82441259 -0.50104087 -0.22717891 -0.19668104]
2533,[ 0.20092863  0.10504249 -0.09293059  0.1320062   0.36976494  0.08918011
 -0.04452122  0.65152321  0.35205528 -0.53145564 -0.04545797 -0.12044537
  0.18087564  0.4296436  -0.32592456  0.22964186 -0.10941822 -0.62114213
  0.10458063  0.14364162 -0.46969447  0.20681518  0.26151448 -0.64289309
 -0.01591947  0.38408715  0.02196603  0.03992262 -0.54934503  0.53032334
  0.55723252  0.56257306  0.64076119  0.23314656 -0.17080012  0.571951
 -0.17278101  0.41742147 -0.61622314  0.12224782  0.34325482 -0.63018736
 -0.00520046 -0.22878743  0.07314184 -0.29667136  0.27501564 -0.49358403
 -0.29749411 -0.82441202 -0.50104279 -0.2271782  -0.19668239]
2534,[ 0.2009335   0.10504445 -0.09294307  0.13200889  0.36976773  0.08917713
 -0.04451685  0.65151854  0.35205046 -0.53145361 -0.04545726 -0.12044014
  0.18087306  0.42964851 -0.32592471  0.22964596 -0.10941562 -0.62114058
  0.10457787  0.14364454 -0.4696949   0.20681257  0.2615136  -0.6428972
 -0.0159237   0.38408512  0.02197362  0.03992008 -0.54934838  0.53033023
  0.55722589  0.56257485  0.64076423  0.23314668 -0.17079755  0.57195172
 -0.17278381  0.41741962 -0.61622197  0.12224481  0.3432555  -0.63018228
 -0.00520631 -0.22878793  0.07313839 -0.29667238  0.27501934 -0.49357577
 -0.29749884 -0.82441145 -0.50104471 -0.22717748 -0.19668374]
2535,[ 0.20093837  0.10504641 -0.09295554  0.13201159  0.36977051  0.08917415
 -0.04451248  0.65151388  0.35204565 -0.53145159 -0.04545655 -0.12043491
  0.18087049  0.42965343 -0.32592486  0.22965005 -0.10941302 -0.62113902
  0.10457511  0.14364746 -0.46969533  0.20680996  0.26151272 -0.64290131
 -0.01592793  0.38408309  0.02198121  0.03991754 -0.54935173  0.53033711
  0.55721927  0.56257664  0.64076727  0.23314681 -0.17079499  0.57195244
 -0.17278661  0.41741777 -0.61622079  0.1222418   0.34325617 -0.63017721
 -0.00521216 -0.22878843  0.07313493 -0.2966734   0.27502304 -0.49356752
 -0.29750355 -0.82441088 -0.50104663 -0.22717677 -0.19668509]
2536,[ 0.20094323  0.10504836 -0.092968    0.13201428  0.36977328  0.08917117
 -0.04450811  0.65150923  0.35204084 -0.53144956 -0.04545585 -0.12042969
  0.18086791  0.42965833 -0.32592501  0.22965414 -0.10941043 -0.62113747
  0.10457235  0.14365038 -0.46969575  0.20680735  0.26151185 -0.64290541
 -0.01593214  0.38408106  0.02198878  0.03991501 -0.54935508  0.53034398
  0.55721266  0.56257843  0.64077031  0.23314694 -0.17079242  0.57195316
 -0.1727894   0.41741592 -0.61621961  0.12223879  0.34325685 -0.63017213
 -0.005218   -0.22878892  0.07313148 -0.29667442  0.27502673 -0.49355928
 -0.29750826 -0.82441031 -0.50104854 -0.22717605 -0.19668644]
2537,[ 0.20094809  0.10505032 -0.09298044  0.13201697  0.36977606  0.08916819
 -0.04450375  0.65150458  0.35203604 -0.53144754 -0.04545514 -0.12042448
  0.18086534  0.42966323 -0.32592516  0.22965823 -0.10940784 -0.62113592
  0.1045696   0.14365329 -0.46969618  0.20680475  0.26151097 -0.64290951
 -0.01593636  0.38407903  0.02199635  0.03991248 -0.54935842  0.53035084
  0.55720606  0.56258021  0.64077335  0.23314706 -0.17078986  0.57195388
 -0.17279219  0.41741407 -0.61621844  0.12223579  0.34325752 -0.63016707
 -0.00522384 -0.22878942  0.07312803 -0.29667544  0.27503042 -0.49355105
 -0.29751297 -0.82440973 -0.50105045 -0.22717534 -0.19668778]
2538,[ 0.20095294  0.10505227 -0.09299287  0.13201965  0.36977883  0.08916522
 -0.04449939  0.65149994  0.35203124 -0.53144552 -0.04545444 -0.12041927
  0.18086277  0.42966813 -0.32592531  0.22966231 -0.10940525 -0.62113437
  0.10456684  0.1436562  -0.4696966   0.20680215  0.26151009 -0.6429136
 -0.01594057  0.384077    0.02200391  0.03990995 -0.54936176  0.5303577
  0.55719947  0.56258199  0.64077638  0.23314719 -0.1707873   0.5719546
 -0.17279498  0.41741222 -0.61621727  0.1222328   0.34325819 -0.63016201
 -0.00522967 -0.22878992  0.07312459 -0.29667646  0.2750341  -0.49354282
 -0.29751767 -0.82440916 -0.50105236 -0.22717463 -0.19668913]
2539,[ 0.20095778  0.10505422 -0.09300529  0.13202233  0.3697816   0.08916225
 -0.04449504  0.6514953   0.35202645 -0.5314435  -0.04545374 -0.12041406
  0.1808602   0.42967302 -0.32592546  0.22966639 -0.10940267 -0.62113282
  0.1045641   0.14365911 -0.46969702  0.20679955  0.26150922 -0.64291769
 -0.01594477  0.38407498  0.02201146  0.03990743 -0.54936509  0.53036454
  0.55719288  0.56258377  0.64077941  0.23314731 -0.17078475  0.57195532
 -0.17279776  0.41741038 -0.6162161   0.1222298   0.34325886 -0.63015696
 -0.00523549 -0.22879042  0.07312115 -0.29667747  0.27503778 -0.49353461
 -0.29752236 -0.8244086  -0.50105427 -0.22717392 -0.19669047]
2540,[ 0.20096262  0.10505617 -0.09301769  0.13202501  0.36978436  0.08915929
 -0.0444907   0.65149066  0.35202167 -0.53144149 -0.04545304 -0.12040886
  0.18085764  0.4296779  -0.32592561  0.22967046 -0.10940009 -0.62113127
  0.10456135  0.14366202 -0.46969745  0.20679696  0.26150834 -0.64292177
 -0.01594897  0.38407296  0.022019    0.03990491 -0.54936843  0.53037138
  0.5571863   0.56258555  0.64078243  0.23314744 -0.17078219  0.57195604
 -0.17280054  0.41740854 -0.61621493  0.12222681  0.34325953 -0.63015191
 -0.00524131 -0.22879091  0.07311771 -0.29667849  0.27504146 -0.49352641
 -0.29752705 -0.82440803 -0.50105617 -0.22717321 -0.19669181]
2541,[ 0.20096745  0.10505811 -0.09303007  0.13202769  0.36978713  0.08915633
 -0.04448636  0.65148604  0.35201689 -0.53143948 -0.04545234 -0.12040367
  0.18085508  0.42968278 -0.32592576  0.22967453 -0.10939751 -0.62112973
  0.10455861  0.14366492 -0.46969787  0.20679437  0.26150747 -0.64292585
 -0.01595317  0.38407094  0.02202653  0.03990239 -0.54937175  0.53037822
  0.55717972  0.56258733  0.64078545  0.23314756 -0.17077964  0.57195675
 -0.17280332  0.4174067  -0.61621376  0.12222383  0.3432602  -0.63014687
 -0.00524712 -0.22879141  0.07311428 -0.2966795   0.27504513 -0.49351821
 -0.29753174 -0.82440746 -0.50105808 -0.2271725  -0.19669315]
2542,[ 0.20097228  0.10506005 -0.09304245  0.13203036  0.36978989  0.08915337
 -0.04448202  0.65148141  0.35201211 -0.53143746 -0.04545164 -0.12039849
  0.18085252  0.42968765 -0.32592591  0.2296786  -0.10939494 -0.62112819
  0.10455587  0.14366782 -0.46969829  0.20679178  0.2615066  -0.64292992
 -0.01595736  0.38406892  0.02203406  0.03989987 -0.54937508  0.53038504
  0.55717316  0.5625891   0.64078847  0.23314769 -0.1707771   0.57195747
 -0.17280609  0.41740486 -0.61621259  0.12222084  0.34326087 -0.63014183
 -0.00525292 -0.2287919   0.07311085 -0.29668051  0.2750488  -0.49351003
 -0.29753641 -0.82440689 -0.50105998 -0.22717179 -0.19669449]
2543,[ 0.20097711  0.10506199 -0.09305481  0.13203303  0.36979264  0.08915041
 -0.04447769  0.65147679  0.35200735 -0.53143546 -0.04545094 -0.12039331
  0.18084997  0.42969252 -0.32592606  0.22968266 -0.10939237 -0.62112664
  0.10455313  0.14367071 -0.46969872  0.2067892   0.26150572 -0.64293399
 -0.01596154  0.38406691  0.02204158  0.03989736 -0.5493784   0.53039186
  0.5571666   0.56259088  0.64079149  0.23314781 -0.17077455  0.57195818
 -0.17280886  0.41740303 -0.61621142  0.12221786  0.34326154 -0.6301368
 -0.00525871 -0.2287924   0.07310743 -0.29668152  0.27505246 -0.49350185
 -0.29754109 -0.82440633 -0.50106187 -0.22717108 -0.19669583]
2544,[ 0.20098192  0.10506393 -0.09306715  0.13203569  0.3697954   0.08914746
 -0.04447336  0.65147218  0.35200258 -0.53143345 -0.04545024 -0.12038813
  0.18084741  0.42969738 -0.32592621  0.22968671 -0.1093898  -0.62112511
  0.1045504   0.1436736  -0.46969914  0.20678661  0.26150485 -0.64293806
 -0.01596573  0.38406489  0.02204908  0.03989485 -0.54938171  0.53039867
  0.55716005  0.56259265  0.6407945   0.23314794 -0.17077201  0.5719589
 -0.17281163  0.4174012  -0.61621026  0.12221488  0.34326221 -0.63013177
 -0.0052645  -0.22879289  0.07310401 -0.29668253  0.27505612 -0.49349368
 -0.29754576 -0.82440576 -0.50106377 -0.22717037 -0.19669716]
2545,[ 0.20098674  0.10506587 -0.09307948  0.13203836  0.36979815  0.08914451
 -0.04446904  0.65146757  0.35199782 -0.53143145 -0.04544954 -0.12038296
  0.18084486  0.42970224 -0.32592636  0.22969076 -0.10938723 -0.62112357
  0.10454767  0.14367649 -0.46969956  0.20678403  0.26150398 -0.64294212
 -0.0159699   0.38406288  0.02205658  0.03989234 -0.54938502  0.53040547
  0.55715351  0.56259441  0.64079751  0.23314806 -0.17076947  0.57195961
 -0.1728144   0.41739936 -0.6162091   0.12221191  0.34326287 -0.63012675
 -0.00527029 -0.22879338  0.07310059 -0.29668354  0.27505978 -0.49348553
 -0.29755042 -0.82440519 -0.50106566 -0.22716967 -0.1966985 ]
2546,[ 0.20099154  0.1050678  -0.0930918   0.13204102  0.36980089  0.08914157
 -0.04446472  0.65146297  0.35199307 -0.53142944 -0.04544884 -0.1203778
  0.18084232  0.42970709 -0.32592651  0.22969481 -0.10938467 -0.62112203
  0.10454494  0.14367938 -0.46969998  0.20678146  0.26150312 -0.64294617
 -0.01597407  0.38406088  0.02206408  0.03988984 -0.54938833  0.53041226
  0.55714697  0.56259618  0.64080051  0.23314819 -0.17076694  0.57196032
 -0.17281716  0.41739754 -0.61620793  0.12220894  0.34326354 -0.63012174
 -0.00527606 -0.22879388  0.07309718 -0.29668455  0.27506343 -0.49347738
 -0.29755508 -0.82440463 -0.50106756 -0.22716896 -0.19669983]
2547,[ 0.20099634  0.10506974 -0.0931041   0.13204367  0.36980364  0.08913863
 -0.04446041  0.65145838  0.35198832 -0.53142745 -0.04544815 -0.12037264
  0.18083977  0.42971193 -0.32592666  0.22969885 -0.10938211 -0.6211205
  0.10454222  0.14368226 -0.4697004   0.20677888  0.26150225 -0.64295022
 -0.01597824  0.38405887  0.02207156  0.03988734 -0.54939164  0.53041905
  0.55714044  0.56259794  0.64080351  0.23314831 -0.1707644   0.57196103
 -0.17281992  0.41739571 -0.61620677  0.12220597  0.34326421 -0.63011673
 -0.00528183 -0.22879437  0.07309377 -0.29668555  0.27506708 -0.49346924
 -0.29755973 -0.82440407 -0.50106945 -0.22716826 -0.19670116]
2548,[ 0.20100114  0.10507167 -0.09311639  0.13204633  0.36980638  0.08913569
 -0.0444561   0.65145378  0.35198358 -0.53142545 -0.04544745 -0.12036749
  0.18083723  0.42971677 -0.32592681  0.22970288 -0.10937955 -0.62111897
  0.1045395   0.14368514 -0.46970082  0.20677631  0.26150138 -0.64295427
 -0.0159824   0.38405687  0.02207903  0.03988484 -0.54939494  0.53042583
  0.55713392  0.56259971  0.64080651  0.23314844 -0.17076187  0.57196175
 -0.17282267  0.41739388 -0.61620561  0.12220301  0.34326487 -0.63011173
 -0.0052876  -0.22879486  0.07309036 -0.29668656  0.27507072 -0.49346111
 -0.29756438 -0.8244035  -0.50107133 -0.22716755 -0.19670249]
2549,[ 0.20100593  0.10507359 -0.09312867  0.13204898  0.36980911  0.08913275
 -0.0444518   0.6514492   0.35197885 -0.53142345 -0.04544676 -0.12036235
  0.1808347   0.42972161 -0.32592696  0.22970692 -0.10937699 -0.62111743
  0.10453678  0.14368801 -0.46970124  0.20677375  0.26150052 -0.64295831
 -0.01598656  0.38405487  0.0220865   0.03988234 -0.54939824  0.5304326
  0.55712741  0.56260147  0.6408095   0.23314856 -0.17075935  0.57196246
 -0.17282543  0.41739206 -0.61620446  0.12220005  0.34326553 -0.63010673
 -0.00529335 -0.22879535  0.07308696 -0.29668756  0.27507436 -0.49345299
 -0.29756902 -0.82440294 -0.50107322 -0.22716685 -0.19670382]
2550,[ 0.20101071  0.10507552 -0.09314093  0.13205163  0.36981185  0.08912982
 -0.04444751  0.65144462  0.35197411 -0.53142146 -0.04544606 -0.12035721
  0.18083216  0.42972644 -0.3259271   0.22971094 -0.10937444 -0.62111591
  0.10453406  0.14369088 -0.46970166  0.20677118  0.26149965 -0.64296235
 -0.01599071  0.38405287  0.02209396  0.03987985 -0.54940153  0.53043936
  0.5571209   0.56260323  0.6408125   0.23314869 -0.17075682  0.57196316
 -0.17282818  0.41739024 -0.6162033   0.12219709  0.3432662  -0.63010174
 -0.0052991  -0.22879584  0.07308356 -0.29668856  0.27507799 -0.49344488
 -0.29757366 -0.82440238 -0.5010751  -0.22716615 -0.19670514]
2551,[ 0.20101549  0.10507744 -0.09315318  0.13205427  0.36981458  0.08912689
 -0.04444321  0.65144004  0.35196939 -0.53141947 -0.04544537 -0.12035207
  0.18082963  0.42973126 -0.32592725  0.22971497 -0.10937189 -0.62111438
  0.10453135  0.14369375 -0.46970207  0.20676862  0.26149879 -0.64296638
 -0.01599486  0.38405087  0.02210141  0.03987736 -0.54940482  0.53044611
  0.5571144   0.56260498  0.64081548  0.23314881 -0.1707543   0.57196387
 -0.17283092  0.41738842 -0.61620214  0.12219414  0.34326686 -0.63009675
 -0.00530485 -0.22879633  0.07308017 -0.29668956  0.27508162 -0.49343677
 -0.29757829 -0.82440182 -0.50107699 -0.22716544 -0.19670647]
2552,[ 0.20102027  0.10507936 -0.09316541  0.13205692  0.36981731  0.08912397
 -0.04443893  0.65143547  0.35196467 -0.53141748 -0.04544468 -0.12034694
  0.1808271   0.42973608 -0.3259274   0.22971898 -0.10936935 -0.62111285
  0.10452864  0.14369662 -0.46970249  0.20676606  0.26149793 -0.64297041
 -0.015999    0.38404888  0.02210885  0.03987487 -0.54940811  0.53045286
  0.55710791  0.56260674  0.64081847  0.23314894 -0.17075178  0.57196458
 -0.17283367  0.41738661 -0.61620099  0.12219119  0.34326752 -0.63009177
 -0.00531059 -0.22879682  0.07307678 -0.29669057  0.27508525 -0.49342868
 -0.29758291 -0.82440125 -0.50107887 -0.22716474 -0.19670779]
2553,[ 0.20102504  0.10508128 -0.09317763  0.13205956  0.36982003  0.08912105
 -0.04443464  0.6514309   0.35195995 -0.5314155  -0.04544399 -0.12034182
  0.18082457  0.42974089 -0.32592755  0.229723   -0.1093668  -0.62111133
  0.10452594  0.14369948 -0.46970291  0.2067635   0.26149706 -0.64297443
 -0.01600314  0.38404688  0.02211628  0.03987238 -0.54941139  0.5304596
  0.55710142  0.56260849  0.64082145  0.23314906 -0.17074927  0.57196529
 -0.17283641  0.41738479 -0.61619984  0.12218824  0.34326818 -0.6300868
 -0.00531632 -0.22879731  0.07307339 -0.29669156  0.27508887 -0.4934206
 -0.29758753 -0.82440069 -0.50108074 -0.22716404 -0.19670912]
2554,[ 0.2010298   0.1050832  -0.09318984  0.13206219  0.36982276  0.08911813
 -0.04443036  0.65142634  0.35195524 -0.53141351 -0.0454433  -0.12033671
  0.18082205  0.4297457  -0.3259277   0.22972701 -0.10936426 -0.62110981
  0.10452324  0.14370234 -0.46970333  0.20676095  0.2614962  -0.64297845
 -0.01600728  0.38404489  0.0221237   0.0398699  -0.54941467  0.53046634
  0.55709495  0.56261024  0.64082443  0.23314918 -0.17074676  0.57196599
 -0.17283914  0.41738298 -0.61619869  0.1221853   0.34326884 -0.63008183
 -0.00532204 -0.2287978   0.07307001 -0.29669256  0.27509249 -0.49341252
 -0.29759215 -0.82440013 -0.50108262 -0.22716334 -0.19671044]
2555,[ 0.20103456  0.10508511 -0.09320203  0.13206483  0.36982547  0.08911521
 -0.04442609  0.65142179  0.35195054 -0.53141153 -0.04544261 -0.1203316
  0.18081953  0.4297505  -0.32592784  0.22973101 -0.10936173 -0.62110829
  0.10452054  0.1437052  -0.46970374  0.2067584   0.26149534 -0.64298247
 -0.01601141  0.38404291  0.02213112  0.03986742 -0.54941794  0.53047306
  0.55708848  0.56261199  0.6408274   0.23314931 -0.17074425  0.5719667
 -0.17284188  0.41738117 -0.61619753  0.12218236  0.3432695  -0.63007687
 -0.00532776 -0.22879828  0.07306663 -0.29669356  0.2750961  -0.49340445
 -0.29759676 -0.82439958 -0.50108449 -0.22716265 -0.19671176]
2556,[ 0.20103931  0.10508703 -0.09321421  0.13206746  0.36982819  0.0891123
 -0.04442182  0.65141723  0.35194584 -0.53140955 -0.04544192 -0.12032649
  0.18081701  0.4297553  -0.32592799  0.22973501 -0.10935919 -0.62110677
  0.10451784  0.14370805 -0.46970416  0.20675585  0.26149448 -0.64298648
 -0.01601553  0.38404092  0.02213853  0.03986495 -0.54942121  0.53047978
  0.55708201  0.56261373  0.64083037  0.23314943 -0.17074174  0.5719674
 -0.17284461  0.41737936 -0.61619639  0.12217942  0.34327016 -0.63007191
 -0.00533347 -0.22879877  0.07306326 -0.29669456  0.27509972 -0.4933964
 -0.29760137 -0.82439902 -0.50108636 -0.22716195 -0.19671307]
2557,[ 0.20104406  0.10508894 -0.09322638  0.13207008  0.3698309   0.08910939
 -0.04441756  0.65141269  0.35194114 -0.53140758 -0.04544123 -0.12032139
  0.1808145   0.42976009 -0.32592814  0.22973901 -0.10935666 -0.62110525
  0.10451515  0.1437109  -0.46970457  0.20675331  0.26149363 -0.64299048
 -0.01601965  0.38403894  0.02214593  0.03986247 -0.54942448  0.53048649
  0.55707556  0.56261548  0.64083334  0.23314955 -0.17073923  0.57196811
 -0.17284734  0.41737755 -0.61619524  0.12217649  0.34327082 -0.63006696
 -0.00533918 -0.22879926  0.07305989 -0.29669555  0.27510332 -0.49338835
 -0.29760597 -0.82439846 -0.50108823 -0.22716125 -0.19671439]
2558,[ 0.2010488   0.10509085 -0.09323853  0.13207271  0.36983361  0.08910649
 -0.0444133   0.65140815  0.35193646 -0.5314056  -0.04544054 -0.1203163
  0.18081199  0.42976487 -0.32592828  0.229743   -0.10935413 -0.62110374
  0.10451246  0.14371374 -0.46970499  0.20675077  0.26149277 -0.64299448
 -0.01602377  0.38403696  0.02215332  0.03986    -0.54942775  0.53049319
  0.55706911  0.56261722  0.6408363   0.23314968 -0.17073673  0.57196881
 -0.17285006  0.41737575 -0.61619409  0.12217356  0.34327147 -0.63006201
 -0.00534488 -0.22879974  0.07305652 -0.29669654  0.27510692 -0.49338031
 -0.29761056 -0.8243979  -0.5010901  -0.22716055 -0.1967157 ]
2559,[ 0.20105354  0.10509275 -0.09325067  0.13207533  0.36983632  0.08910358
 -0.04440905  0.65140361  0.35193177 -0.53140363 -0.04543986 -0.12031121
  0.18080948  0.42976965 -0.32592843  0.22974699 -0.1093516  -0.62110222
  0.10450977  0.14371659 -0.4697054   0.20674823  0.26149191 -0.64299848
 -0.01602788  0.38403498  0.0221607   0.03985753 -0.54943101  0.53049988
  0.55706267  0.56261896  0.64083926  0.2331498  -0.17073423  0.57196951
 -0.17285278  0.41737395 -0.61619295  0.12217063  0.34327213 -0.63005707
 -0.00535057 -0.22880023  0.07305316 -0.29669754  0.27511052 -0.49337228
 -0.29761515 -0.82439735 -0.50109196 -0.22715986 -0.19671702]
2560,[ 0.20105827  0.10509466 -0.09326279  0.13207795  0.36983902  0.08910068
 -0.0444048   0.65139908  0.35192709 -0.53140166 -0.04543917 -0.12030613
  0.18080697  0.42977443 -0.32592858  0.22975097 -0.10934908 -0.62110071
  0.10450708  0.14371943 -0.46970582  0.20674569  0.26149106 -0.64300247
 -0.01603198  0.384033    0.02216807  0.03985507 -0.54943426  0.53050657
  0.55705623  0.5626207   0.64084222  0.23314992 -0.17073174  0.57197021
 -0.1728555   0.41737215 -0.6161918   0.12216771  0.34327279 -0.63005213
 -0.00535625 -0.22880071  0.0730498  -0.29669853  0.27511412 -0.49336426
 -0.29761974 -0.82439679 -0.50109382 -0.22715916 -0.19671833]
2561,[ 0.20106299  0.10509656 -0.0932749   0.13208056  0.36984172  0.08909779
 -0.04440055  0.65139456  0.35192242 -0.53139969 -0.04543849 -0.12030105
  0.18080447  0.4297792  -0.32592872  0.22975495 -0.10934656 -0.6210992
  0.1045044   0.14372226 -0.46970623  0.20674316  0.2614902  -0.64300646
 -0.01603609  0.38403103  0.02217544  0.03985261 -0.54943752  0.53051325
  0.55704981  0.56262244  0.64084518  0.23315004 -0.17072925  0.57197091
 -0.17285822  0.41737035 -0.61619066  0.12216479  0.34327344 -0.6300472
 -0.00536193 -0.2288012   0.07304644 -0.29669952  0.27511771 -0.49335625
 -0.29762432 -0.82439624 -0.50109568 -0.22715847 -0.19671964]
2562,[ 0.20106771  0.10509846 -0.093287    0.13208318  0.36984442  0.0890949
 -0.04439631  0.65139004  0.35191775 -0.53139772 -0.0454378  -0.12029598
  0.18080197  0.42978396 -0.32592887  0.22975892 -0.10934404 -0.62109769
  0.10450172  0.1437251  -0.46970664  0.20674063  0.26148935 -0.64301044
 -0.01604018  0.38402906  0.0221828   0.03985015 -0.54944077  0.53051992
  0.55704339  0.56262417  0.64084813  0.23315017 -0.17072675  0.57197161
 -0.17286093  0.41736855 -0.61618952  0.12216187  0.3432741  -0.63004228
 -0.00536761 -0.22880168  0.07304309 -0.29670051  0.27512129 -0.49334824
 -0.29762889 -0.82439568 -0.50109754 -0.22715778 -0.19672095]
2563,[ 0.20107243  0.10510036 -0.09329908  0.13208579  0.36984712  0.08909201
 -0.04439208  0.65138552  0.35191309 -0.53139576 -0.04543712 -0.12029092
  0.18079947  0.42978872 -0.32592902  0.22976289 -0.10934153 -0.62109618
  0.10449905  0.14372793 -0.46970706  0.2067381   0.2614885  -0.64301442
 -0.01604428  0.38402709  0.02219015  0.03984769 -0.54944401  0.53052659
  0.55703698  0.5626259   0.64085108  0.23315029 -0.17072427  0.57197231
 -0.17286364  0.41736676 -0.61618838  0.12215896  0.34327475 -0.63003736
 -0.00537327 -0.22880216  0.07303974 -0.2967015   0.27512487 -0.49334025
 -0.29763346 -0.82439513 -0.5010994  -0.22715709 -0.19672225]
2564,[ 0.20107714  0.10510225 -0.09331115  0.13208839  0.36984981  0.08908912
 -0.04438785  0.65138101  0.35190843 -0.5313938  -0.04543643 -0.12028586
  0.18079697  0.42979348 -0.32592916  0.22976685 -0.10933902 -0.62109468
  0.10449638  0.14373075 -0.46970747  0.20673558  0.26148765 -0.64301839
 -0.01604836  0.38402512  0.02219749  0.03984524 -0.54944725  0.53053325
  0.55703057  0.56262763  0.64085402  0.23315041 -0.17072178  0.57197301
 -0.17286635  0.41736497 -0.61618724  0.12215604  0.3432754  -0.63003245
 -0.00537894 -0.22880265  0.0730364  -0.29670248  0.27512845 -0.49333227
 -0.29763802 -0.82439457 -0.50110125 -0.22715639 -0.19672356]
2565,[ 0.20108184  0.10510414 -0.09332321  0.132091    0.3698525   0.08908624
 -0.04438362  0.65137651  0.35190378 -0.53139184 -0.04543575 -0.1202808
  0.18079448  0.42979822 -0.32592931  0.22977081 -0.10933651 -0.62109318
  0.10449371  0.14373358 -0.46970788  0.20673305  0.2614868  -0.64302236
 -0.01605245  0.38402316  0.02220482  0.03984278 -0.54945049  0.5305399
  0.55702417  0.56262936  0.64085696  0.23315053 -0.1707193   0.57197371
 -0.17286905  0.41736318 -0.6161861   0.12215314  0.34327605 -0.63002754
 -0.00538459 -0.22880313  0.07303306 -0.29670347  0.27513203 -0.49332429
 -0.29764258 -0.82439402 -0.50110311 -0.2271557  -0.19672487]
2566,[ 0.20108654  0.10510604 -0.09333525  0.1320936   0.36985518  0.08908336
 -0.0443794   0.65137201  0.35189913 -0.53138988 -0.04543507 -0.12027576
  0.18079199  0.42980297 -0.32592945  0.22977477 -0.109334   -0.62109167
  0.10449104  0.1437364  -0.46970829  0.20673054  0.26148595 -0.64302633
 -0.01605653  0.38402119  0.02221214  0.03984034 -0.54945373  0.53054654
  0.55701778  0.56263109  0.6408599   0.23315066 -0.17071682  0.5719744
 -0.17287175  0.41736139 -0.61618497  0.12215023  0.3432767  -0.63002264
 -0.00539024 -0.22880361  0.07302972 -0.29670445  0.2751356  -0.49331632
 -0.29764714 -0.82439347 -0.50110496 -0.22715501 -0.19672617]
2567,[ 0.20109124  0.10510792 -0.09334728  0.1320962   0.36985787  0.08908048
 -0.04437519  0.65136751  0.35189449 -0.53138793 -0.04543439 -0.12027071
  0.1807895   0.4298077  -0.3259296   0.22977872 -0.1093315  -0.62109017
  0.10448838  0.14373922 -0.4697087   0.20672802  0.2614851  -0.64303029
 -0.0160606   0.38401923  0.02221946  0.03983789 -0.54945696  0.53055317
  0.5570114   0.56263281  0.64086283  0.23315078 -0.17071435  0.5719751
 -0.17287445  0.4173596  -0.61618383  0.12214733  0.34327736 -0.63001774
 -0.00539588 -0.22880409  0.07302639 -0.29670544  0.27513916 -0.49330837
 -0.29765169 -0.82439292 -0.5011068  -0.22715432 -0.19672747]
2568,[ 0.20109593  0.10510981 -0.0933593   0.13209879  0.36986055  0.08907761
 -0.04437098  0.65136302  0.35188986 -0.53138597 -0.04543371 -0.12026568
  0.18078702  0.42981244 -0.32592974  0.22978267 -0.109329   -0.62108868
  0.10448572  0.14374203 -0.46970911  0.20672551  0.26148425 -0.64303425
 -0.01606467  0.38401727  0.02222677  0.03983545 -0.54946019  0.5305598
  0.55700502  0.56263454  0.64086576  0.2331509  -0.17071187  0.5719758
 -0.17287714  0.41735782 -0.6161827   0.12214443  0.343278   -0.63001285
 -0.00540151 -0.22880457  0.07302306 -0.29670642  0.27514272 -0.49330042
 -0.29765623 -0.82439237 -0.50110865 -0.22715364 -0.19672877]
2569,[ 0.20110061  0.1051117  -0.0933713   0.13210138  0.36986322  0.08907474
 -0.04436677  0.65135854  0.35188523 -0.53138402 -0.04543303 -0.12026065
  0.18078454  0.42981716 -0.32592989  0.22978661 -0.1093265  -0.62108718
  0.10448306  0.14374484 -0.46970952  0.206723    0.26148341 -0.6430382
 -0.01606873  0.38401532  0.02223407  0.03983301 -0.54946341  0.53056642
  0.55699865  0.56263626  0.64086869  0.23315102 -0.1707094   0.57197649
 -0.17287983  0.41735604 -0.61618157  0.12214154  0.34327865 -0.63000796
 -0.00540714 -0.22880505  0.07301973 -0.2967074   0.27514628 -0.49329248
 -0.29766077 -0.82439182 -0.50111049 -0.22715295 -0.19673007]
2570,[ 0.20110529  0.10511358 -0.09338329  0.13210397  0.3698659   0.08907187
 -0.04436257  0.65135406  0.3518806  -0.53138208 -0.04543235 -0.12025562
  0.18078206  0.42982189 -0.32593003  0.22979055 -0.109324   -0.62108568
  0.10448041  0.14374765 -0.46970993  0.20672049  0.26148256 -0.64304214
 -0.01607279  0.38401336  0.02224136  0.03983057 -0.54946663  0.53057303
  0.55699229  0.56263798  0.64087162  0.23315114 -0.17070693  0.57197718
 -0.17288252  0.41735426 -0.61618043  0.12213865  0.3432793  -0.63000308
 -0.00541276 -0.22880553  0.07301641 -0.29670838  0.27514983 -0.49328455
 -0.2976653  -0.82439127 -0.50111233 -0.22715226 -0.19673136]
2571,[ 0.20110996  0.10511546 -0.09339526  0.13210656  0.36986857  0.08906901
 -0.04435837  0.65134959  0.35187598 -0.53138013 -0.04543168 -0.1202506
  0.18077959  0.4298266  -0.32593018  0.22979448 -0.10932151 -0.62108419
  0.10447775  0.14375046 -0.46971034  0.20671798  0.26148172 -0.64304609
 -0.01607685  0.38401141  0.02224864  0.03982813 -0.54946985  0.53057964
  0.55698594  0.5626397   0.64087454  0.23315126 -0.17070447  0.57197788
 -0.17288521  0.41735248 -0.61617931  0.12213576  0.34327995 -0.62999821
 -0.00541838 -0.22880601  0.07301309 -0.29670936  0.27515338 -0.49327662
 -0.29766983 -0.82439072 -0.50111417 -0.22715158 -0.19673266]
2572,[ 0.20111463  0.10511734 -0.09340722  0.13210914  0.36987123  0.08906615
 -0.04435418  0.65134512  0.35187136 -0.53137819 -0.045431   -0.12024559
  0.18077711  0.42983131 -0.32593032  0.22979841 -0.10931902 -0.6210827
  0.10447511  0.14375326 -0.46971075  0.20671548  0.26148087 -0.64305003
 -0.0160809   0.38400946  0.02225592  0.0398257  -0.54947306  0.53058623
  0.55697959  0.56264141  0.64087745  0.23315139 -0.17070201  0.57197857
 -0.17288789  0.4173507  -0.61617818  0.12213288  0.3432806  -0.62999334
 -0.00542399 -0.22880649  0.07300978 -0.29671034  0.27515693 -0.49326871
 -0.29767435 -0.82439017 -0.50111601 -0.22715089 -0.19673395]
2573,[ 0.20111929  0.10511921 -0.09341917  0.13211172  0.3698739   0.08906329
 -0.04434999  0.65134065  0.35186675 -0.53137624 -0.04543032 -0.12024058
  0.18077464  0.42983602 -0.32593047  0.22980233 -0.10931654 -0.62108121
  0.10447246  0.14375606 -0.46971116  0.20671298  0.26148003 -0.64305396
 -0.01608495  0.38400751  0.02226319  0.03982327 -0.54947627  0.53059282
  0.55697325  0.56264312  0.64088037  0.23315151 -0.17069955  0.57197926
 -0.17289057  0.41734893 -0.61617705  0.12213     0.34328124 -0.62998848
 -0.00542959 -0.22880697  0.07300647 -0.29671132  0.27516047 -0.49326081
 -0.29767887 -0.82438962 -0.50111785 -0.22715021 -0.19673525]
2574,[ 0.20112395  0.10512109 -0.09343111  0.1321143   0.36987656  0.08906044
 -0.04434581  0.65133619  0.35186215 -0.53137431 -0.04542965 -0.12023558
  0.18077218  0.42984072 -0.32593061  0.22980625 -0.10931405 -0.62107972
  0.10446982  0.14375885 -0.46971157  0.20671049  0.26147919 -0.64305789
 -0.01608899  0.38400557  0.02227044  0.03982085 -0.54947948  0.53059941
  0.55696692  0.56264483  0.64088328  0.23315163 -0.17069709  0.57197995
 -0.17289324  0.41734716 -0.61617592  0.12212712  0.34328189 -0.62998362
 -0.00543519 -0.22880744  0.07300316 -0.29671229  0.27516401 -0.49325291
 -0.29768339 -0.82438907 -0.50111968 -0.22714952 -0.19673654]
2575,[ 0.2011286   0.10512296 -0.09344303  0.13211688  0.36987922  0.08905759
 -0.04434163  0.65133174  0.35185755 -0.53137237 -0.04542897 -0.12023058
  0.18076971  0.42984541 -0.32593076  0.22981017 -0.10931157 -0.62107824
  0.10446718  0.14376164 -0.46971197  0.20670799  0.26147835 -0.64306181
 -0.01609303  0.38400362  0.02227769  0.03981842 -0.54948268  0.53060598
  0.55696059  0.56264654  0.64088619  0.23315175 -0.17069464  0.57198064
 -0.17289592  0.41734539 -0.6161748   0.12212424  0.34328253 -0.62997877
 -0.00544078 -0.22880792  0.07299986 -0.29671327  0.27516754 -0.49324502
 -0.29768789 -0.82438853 -0.50112151 -0.22714884 -0.19673783]
2576,[ 0.20113325  0.10512483 -0.09345494  0.13211945  0.36988187  0.08905474
 -0.04433746  0.65132729  0.35185295 -0.53137043 -0.0454283  -0.12022559
  0.18076725  0.4298501  -0.3259309   0.22981408 -0.10930909 -0.62107675
  0.10446454  0.14376443 -0.46971238  0.2067055   0.26147751 -0.64306573
 -0.01609706  0.38400168  0.02228494  0.039816   -0.54948588  0.53061255
  0.55695427  0.56264825  0.64088909  0.23315187 -0.17069218  0.57198133
 -0.17289859  0.41734362 -0.61617368  0.12212137  0.34328318 -0.62997392
 -0.00544637 -0.2288084   0.07299656 -0.29671424  0.27517107 -0.49323715
 -0.2976924  -0.82438798 -0.50112334 -0.22714816 -0.19673912]
2577,[ 0.20113789  0.1051267  -0.09346683  0.13212202  0.36988453  0.0890519
 -0.04433329  0.65132285  0.35184836 -0.5313685  -0.04542763 -0.1202206
  0.18076479  0.42985479 -0.32593104  0.22981799 -0.10930662 -0.62107527
  0.10446191  0.14376722 -0.46971279  0.20670301  0.26147667 -0.64306965
 -0.01610109  0.38399974  0.02229217  0.03981358 -0.54948907  0.53061911
  0.55694796  0.56264996  0.640892    0.23315199 -0.17068974  0.57198202
 -0.17290125  0.41734185 -0.61617255  0.1221185   0.34328382 -0.62996908
 -0.00545194 -0.22880887  0.07299326 -0.29671521  0.2751746  -0.49322928
 -0.29769689 -0.82438744 -0.50112517 -0.22714748 -0.1967404 ]
2578,[ 0.20114253  0.10512856 -0.09347871  0.13212458  0.36988718  0.08904906
 -0.04432912  0.65131841  0.35184378 -0.53136657 -0.04542695 -0.12021562
  0.18076233  0.42985947 -0.32593119  0.22982189 -0.10930415 -0.62107379
  0.10445928  0.14377    -0.46971319  0.20670053  0.26147583 -0.64307356
 -0.01610511  0.38399781  0.0222994   0.03981117 -0.54949226  0.53062566
  0.55694166  0.56265166  0.64089489  0.23315211 -0.17068729  0.5719827
 -0.17290392  0.41734009 -0.61617143  0.12211564  0.34328446 -0.62996424
 -0.00545752 -0.22880935  0.07298997 -0.29671619  0.27517812 -0.49322142
 -0.29770139 -0.82438689 -0.50112699 -0.2271468  -0.19674169]
2579,[ 0.20114716  0.10513043 -0.09349058  0.13212715  0.36988982  0.08904622
 -0.04432497  0.65131397  0.3518392  -0.53136464 -0.04542628 -0.12021065
  0.18075988  0.42986414 -0.32593133  0.22982579 -0.10930168 -0.62107231
  0.10445665  0.14377278 -0.4697136   0.20669805  0.261475   -0.64307747
 -0.01610913  0.38399587  0.02230662  0.03980875 -0.54949545  0.53063221
  0.55693536  0.56265336  0.64089779  0.23315223 -0.17068485  0.57198339
 -0.17290658  0.41733833 -0.61617031  0.12211278  0.3432851  -0.62995941
 -0.00546308 -0.22880982  0.07298668 -0.29671716  0.27518164 -0.49321357
 -0.29770587 -0.82438635 -0.50112882 -0.22714612 -0.19674297]
2580,[ 0.20115178  0.10513229 -0.09350243  0.13212971  0.36989247  0.08904339
 -0.04432081  0.65130954  0.35183463 -0.53136271 -0.04542561 -0.12020568
  0.18075743  0.42986881 -0.32593147  0.22982968 -0.10929921 -0.62107083
  0.10445403  0.14377556 -0.469714    0.20669557  0.26147416 -0.64308137
 -0.01611315  0.38399394  0.02231383  0.03980634 -0.54949863  0.53063875
  0.55692907  0.56265506  0.64090068  0.23315235 -0.17068241  0.57198408
 -0.17290924  0.41733657 -0.61616919  0.12210992  0.34328574 -0.62995458
 -0.00546864 -0.22881029  0.0729834  -0.29671812  0.27518515 -0.49320572
 -0.29771036 -0.8243858  -0.50113064 -0.22714544 -0.19674426]
2581,[ 0.2011564   0.10513415 -0.09351427  0.13213227  0.36989511  0.08904056
 -0.04431666  0.65130512  0.35183006 -0.53136079 -0.04542494 -0.12020072
  0.18075498  0.42987347 -0.32593162  0.22983357 -0.10929674 -0.62106935
  0.10445141  0.14377833 -0.46971441  0.20669309  0.26147332 -0.64308527
 -0.01611716  0.38399201  0.02232103  0.03980393 -0.54950182  0.53064528
  0.55692278  0.56265676  0.64090357  0.23315247 -0.17067997  0.57198476
 -0.17291189  0.41733481 -0.61616808  0.12210706  0.34328638 -0.62994976
 -0.00547419 -0.22881077  0.07298011 -0.29671909  0.27518866 -0.49319789
 -0.29771483 -0.82438526 -0.50113246 -0.22714476 -0.19674554]
2582,[ 0.20116102  0.10513601 -0.0935261   0.13213482  0.36989774  0.08903773
 -0.04431252  0.6513007   0.35182549 -0.53135887 -0.04542427 -0.12019576
  0.18075254  0.42987813 -0.32593176  0.22983745 -0.10929428 -0.62106788
  0.10444879  0.1437811  -0.46971481  0.20669062  0.26147249 -0.64308917
 -0.01612116  0.38399008  0.02232822  0.03980153 -0.54950499  0.5306518
  0.55691651  0.56265846  0.64090645  0.23315259 -0.17067753  0.57198544
 -0.17291455  0.41733305 -0.61616696  0.12210421  0.34328702 -0.62994495
 -0.00547974 -0.22881124  0.07297684 -0.29672006  0.27519217 -0.49319007
 -0.29771931 -0.82438472 -0.50113427 -0.22714408 -0.19674682]
2583,[ 0.20116563  0.10513786 -0.09353792  0.13213737  0.36990038  0.0890349
 -0.04430838  0.65129628  0.35182094 -0.53135695 -0.0454236  -0.12019081
  0.1807501   0.42988278 -0.3259319   0.22984133 -0.10929182 -0.6210664
  0.10444617  0.14378387 -0.46971521  0.20668815  0.26147166 -0.64309306
 -0.01612516  0.38398816  0.02233541  0.03979913 -0.54950817  0.53065832
  0.55691024  0.56266015  0.64090934  0.23315271 -0.1706751   0.57198613
 -0.17291719  0.4173313  -0.61616585  0.12210136  0.34328766 -0.62994014
 -0.00548528 -0.22881171  0.07297356 -0.29672103  0.27519567 -0.49318225
 -0.29772377 -0.82438418 -0.50113609 -0.2271434  -0.19674809]
2584,[ 0.20117024  0.10513971 -0.09354972  0.13213992  0.36990301  0.08903208
 -0.04430424  0.65129188  0.35181638 -0.53135503 -0.04542294 -0.12018586
  0.18074766  0.42988743 -0.32593205  0.22984521 -0.10928937 -0.62106493
  0.10444356  0.14378663 -0.46971562  0.20668568  0.26147083 -0.64309694
 -0.01612916  0.38398623  0.02234258  0.03979673 -0.54951134  0.53066483
  0.55690398  0.56266184  0.64091221  0.23315283 -0.17067267  0.57198681
 -0.17291984  0.41732955 -0.61616473  0.12209852  0.3432883  -0.62993534
 -0.00549082 -0.22881219  0.07297029 -0.29672199  0.27519917 -0.49317444
 -0.29772824 -0.82438364 -0.5011379  -0.22714273 -0.19674937]
2585,[ 0.20117484  0.10514157 -0.0935615   0.13214247  0.36990564  0.08902926
 -0.04430011  0.65128747  0.35181183 -0.53135311 -0.04542227 -0.12018092
  0.18074522  0.42989207 -0.32593219  0.22984908 -0.10928692 -0.62106346
  0.10444095  0.14378939 -0.46971602  0.20668321  0.26146999 -0.64310082
 -0.01613315  0.38398431  0.02234975  0.03979433 -0.5495145   0.53067133
  0.55689772  0.56266353  0.64091509  0.23315295 -0.17067025  0.57198749
 -0.17292248  0.4173278  -0.61616362  0.12209567  0.34328894 -0.62993054
 -0.00549634 -0.22881266  0.07296703 -0.29672296  0.27520266 -0.49316665
 -0.2977327  -0.8243831  -0.50113971 -0.22714205 -0.19675065]
2586,[ 0.20117943  0.10514341 -0.09357328  0.13214501  0.36990826  0.08902645
 -0.04429598  0.65128307  0.35180729 -0.5313512  -0.0454216  -0.12017598
  0.18074278  0.42989671 -0.32593233  0.22985295 -0.10928446 -0.62106199
  0.10443834  0.14379215 -0.46971642  0.20668075  0.26146916 -0.6431047
 -0.01613714  0.38398239  0.02235691  0.03979194 -0.54951767  0.53067782
  0.55689147  0.56266522  0.64091796  0.23315307 -0.17066782  0.57198817
 -0.17292512  0.41732605 -0.61616251  0.12209283  0.34328958 -0.62992574
 -0.00550187 -0.22881313  0.07296377 -0.29672392  0.27520615 -0.49315886
 -0.29773715 -0.82438256 -0.50114152 -0.22714138 -0.19675192]
2587,[ 0.20118402  0.10514526 -0.09358504  0.13214755  0.36991089  0.08902364
 -0.04429186  0.65127868  0.35180275 -0.53134929 -0.04542094 -0.12017105
  0.18074035  0.42990134 -0.32593247  0.22985681 -0.10928202 -0.62106053
  0.10443574  0.14379491 -0.46971682  0.20667829  0.26146833 -0.64310857
 -0.01614112  0.38398048  0.02236407  0.03978955 -0.54952082  0.53068431
  0.55688523  0.56266691  0.64092083  0.23315319 -0.1706654   0.57198885
 -0.17292776  0.4173243  -0.6161614   0.12209     0.34329021 -0.62992096
 -0.00550738 -0.2288136   0.07296051 -0.29672488  0.27520964 -0.49315108
 -0.29774159 -0.82438202 -0.50114333 -0.2271407  -0.19675319]
2588,[ 0.2011886   0.10514711 -0.09359679  0.13215009  0.36991351  0.08902083
 -0.04428774  0.65127429  0.35179822 -0.53134738 -0.04542027 -0.12016613
  0.18073792  0.42990597 -0.32593262  0.22986067 -0.10927957 -0.62105906
  0.10443314  0.14379766 -0.46971722  0.20667583  0.26146751 -0.64311244
 -0.0161451   0.38397856  0.02237121  0.03978716 -0.54952398  0.53069079
  0.556879    0.56266859  0.6409237   0.23315331 -0.17066298  0.57198953
 -0.1729304   0.41732256 -0.61616029  0.12208716  0.34329085 -0.62991617
 -0.00551289 -0.22881407  0.07295725 -0.29672584  0.27521312 -0.4931433
 -0.29774604 -0.82438148 -0.50114513 -0.22714003 -0.19675446]
2589,[ 0.20119318  0.10514895 -0.09360852  0.13215262  0.36991612  0.08901802
 -0.04428363  0.6512699   0.35179369 -0.53134547 -0.04541961 -0.12016121
  0.1807355   0.42991059 -0.32593276  0.22986452 -0.10927713 -0.6210576
  0.10443054  0.14380041 -0.46971762  0.20667338  0.26146668 -0.6431163
 -0.01614908  0.38397665  0.02237835  0.03978477 -0.54952713  0.53069726
  0.55687277  0.56267028  0.64092656  0.23315342 -0.17066057  0.57199021
 -0.17293303  0.41732082 -0.61615919  0.12208433  0.34329148 -0.6299114
 -0.0055184  -0.22881454  0.072954   -0.2967268   0.2752166  -0.49313554
 -0.29775047 -0.82438094 -0.50114693 -0.22713936 -0.19675573]
2590,[ 0.20119776  0.10515079 -0.09362024  0.13215515  0.36991874  0.08901522
 -0.04427952  0.65126552  0.35178917 -0.53134357 -0.04541895 -0.1201563
  0.18073308  0.42991521 -0.3259329   0.22986837 -0.10927469 -0.62105614
  0.10442794  0.14380315 -0.46971802  0.20667093  0.26146585 -0.64312016
 -0.01615305  0.38397474  0.02238548  0.03978239 -0.54953028  0.53070373
  0.55686655  0.56267196  0.64092942  0.23315354 -0.17065816  0.57199089
 -0.17293566  0.41731907 -0.61615808  0.12208151  0.34329211 -0.62990663
 -0.00552389 -0.22881501  0.07295075 -0.29672776  0.27522008 -0.49312779
 -0.29775491 -0.8243804  -0.50114873 -0.22713869 -0.196757  ]
2591,[ 0.20120233  0.10515263 -0.09363195  0.13215768  0.36992135  0.08901242
 -0.04427542  0.65126115  0.35178465 -0.53134167 -0.04541828 -0.12015139
  0.18073066  0.42991982 -0.32593304  0.22987222 -0.10927225 -0.62105468
  0.10442535  0.1438059  -0.46971842  0.20666848  0.26146503 -0.64312402
 -0.01615701  0.38397283  0.0223926   0.03978001 -0.54953343  0.53071018
  0.55686034  0.56267364  0.64093227  0.23315366 -0.17065575  0.57199157
 -0.17293828  0.41731734 -0.61615698  0.12207868  0.34329275 -0.62990186
 -0.00552938 -0.22881547  0.07294751 -0.29672872  0.27522355 -0.49312004
 -0.29775933 -0.82437987 -0.50115053 -0.22713802 -0.19675827]
2592,[ 0.20120689  0.10515446 -0.09364365  0.13216021  0.36992396  0.08900962
 -0.04427132  0.65125678  0.35178014 -0.53133977 -0.04541762 -0.12014649
  0.18072824  0.42992442 -0.32593318  0.22987606 -0.10926982 -0.62105322
  0.10442276  0.14380863 -0.46971882  0.20666603  0.2614642  -0.64312787
 -0.01616097  0.38397092  0.02239971  0.03977763 -0.54953657  0.53071664
  0.55685413  0.56267531  0.64093513  0.23315378 -0.17065334  0.57199224
 -0.1729409   0.4173156  -0.61615587  0.12207586  0.34329338 -0.6298971
 -0.00553487 -0.22881594  0.07294427 -0.29672967  0.27522701 -0.4931123
 -0.29776376 -0.82437933 -0.50115233 -0.22713735 -0.19675953]
2593,[ 0.20121145  0.1051563  -0.09365533  0.13216273  0.36992656  0.08900683
 -0.04426723  0.65125241  0.35177563 -0.53133787 -0.04541696 -0.12014159
  0.18072582  0.42992903 -0.32593332  0.2298799  -0.10926739 -0.62105176
  0.10442018  0.14381137 -0.46971922  0.20666359  0.26146338 -0.64313171
 -0.01616493  0.38396902  0.02240682  0.03977525 -0.54953971  0.53072308
  0.55684793  0.56267699  0.64093798  0.2331539  -0.17065093  0.57199292
 -0.17294352  0.41731387 -0.61615477  0.12207305  0.34329401 -0.62989234
 -0.00554035 -0.22881641  0.07294103 -0.29673063  0.27523048 -0.49310458
 -0.29776817 -0.82437879 -0.50115412 -0.22713668 -0.1967608 ]
2594,[ 0.201216    0.10515813 -0.093667    0.13216525  0.36992916  0.08900404
 -0.04426314  0.65124805  0.35177113 -0.53133597 -0.0454163  -0.1201367
  0.18072341  0.42993362 -0.32593346  0.22988373 -0.10926496 -0.62105031
  0.10441759  0.1438141  -0.46971962  0.20666115  0.26146255 -0.64313556
 -0.01616888  0.38396712  0.02241391  0.03977288 -0.54954284  0.53072951
  0.55684174  0.56267866  0.64094082  0.23315402 -0.17064853  0.57199359
 -0.17294614  0.41731213 -0.61615367  0.12207023  0.34329464 -0.62988759
 -0.00554582 -0.22881688  0.0729378  -0.29673158  0.27523394 -0.49309686
 -0.29777259 -0.82437826 -0.50115592 -0.22713601 -0.19676206]
2595,[ 0.20122055  0.10515996 -0.09367865  0.13216777  0.36993176  0.08900125
 -0.04425905  0.6512437   0.35176663 -0.53133408 -0.04541564 -0.12013182
  0.180721    0.42993821 -0.32593361  0.22988756 -0.10926254 -0.62104885
  0.10441501  0.14381683 -0.46972002  0.20665871  0.26146173 -0.64313939
 -0.01617283  0.38396522  0.022421    0.03977051 -0.54954597  0.53073594
  0.55683556  0.56268033  0.64094367  0.23315414 -0.17064613  0.57199427
 -0.17294875  0.4173104  -0.61615257  0.12206742  0.34329527 -0.62988285
 -0.00555129 -0.22881734  0.07293457 -0.29673254  0.27523739 -0.49308915
 -0.29777699 -0.82437772 -0.50115771 -0.22713534 -0.19676332]
2596,[ 0.20122509  0.10516179 -0.0936903   0.13217028  0.36993436  0.08899847
 -0.04425497  0.65123935  0.35176214 -0.53133219 -0.04541498 -0.12012694
  0.18071859  0.4299428  -0.32593375  0.22989138 -0.10926011 -0.6210474
  0.10441243  0.14381956 -0.46972042  0.20665627  0.26146091 -0.64314323
 -0.01617677  0.38396332  0.02242808  0.03976814 -0.5495491   0.53074236
  0.55682938  0.562682    0.64094651  0.23315425 -0.17064373  0.57199494
 -0.17295136  0.41730867 -0.61615147  0.12206462  0.3432959  -0.62987811
 -0.00555675 -0.22881781  0.07293134 -0.29673349  0.27524084 -0.49308144
 -0.2977814  -0.82437719 -0.5011595  -0.22713467 -0.19676458]
2597,[ 0.20122963  0.10516362 -0.09370193  0.1321728   0.36993695  0.08899569
 -0.0442509   0.651235    0.35175765 -0.5313303  -0.04541433 -0.12012206
  0.18071619  0.42994738 -0.32593389  0.2298952  -0.10925769 -0.62104595
  0.10440986  0.14382229 -0.46972081  0.20665384  0.26146009 -0.64314706
 -0.01618071  0.38396142  0.02243516  0.03976578 -0.54955222  0.53074878
  0.55682321  0.56268367  0.64094934  0.23315437 -0.17064134  0.57199561
 -0.17295397  0.41730695 -0.61615037  0.12206181  0.34329653 -0.62987338
 -0.0055622  -0.22881827  0.07292812 -0.29673444  0.27524429 -0.49307375
 -0.2977858  -0.82437666 -0.50116128 -0.22713401 -0.19676584]
2598,[ 0.20123417  0.10516544 -0.09371354  0.1321753   0.36993954  0.08899291
 -0.04424682  0.65123066  0.35175317 -0.53132841 -0.04541367 -0.12011719
  0.18071379  0.42995195 -0.32593403  0.22989902 -0.10925527 -0.6210445
  0.10440729  0.14382501 -0.46972121  0.20665141  0.26145927 -0.64315088
 -0.01618465  0.38395953  0.02244222  0.03976342 -0.54955534  0.53075519
  0.55681704  0.56268533  0.64095218  0.23315449 -0.17063895  0.57199629
 -0.17295658  0.41730522 -0.61614928  0.12205901  0.34329716 -0.62986865
 -0.00556765 -0.22881874  0.0729249  -0.29673539  0.27524773 -0.49306607
 -0.29779019 -0.82437613 -0.50116307 -0.22713334 -0.19676709]
2599,[ 0.20123869  0.10516726 -0.09372515  0.13217781  0.36994213  0.08899014
 -0.04424276  0.65122633  0.35174869 -0.53132652 -0.04541301 -0.12011233
  0.18071139  0.42995652 -0.32593417  0.22990283 -0.10925286 -0.62104306
  0.10440472  0.14382772 -0.46972161  0.20664898  0.26145845 -0.6431547
 -0.01618858  0.38395764  0.02244928  0.03976106 -0.54955846  0.53076159
  0.55681089  0.562687    0.64095501  0.23315461 -0.17063656  0.57199696
 -0.17295918  0.4173035  -0.61614818  0.12205621  0.34329779 -0.62986392
 -0.00557309 -0.2288192   0.07292169 -0.29673634  0.27525117 -0.49305839
 -0.29779458 -0.82437559 -0.50116485 -0.22713268 -0.19676835]
2600,[ 0.20124322  0.10516908 -0.09373674  0.13218031  0.36994472  0.08898736
 -0.0442387   0.651222    0.35174422 -0.53132464 -0.04541236 -0.12010747
  0.18070899  0.42996109 -0.32593431  0.22990664 -0.10925045 -0.62104161
  0.10440215  0.14383044 -0.469722    0.20664656  0.26145764 -0.64315852
 -0.0161925   0.38395575  0.02245633  0.0397587  -0.54956157  0.53076798
  0.55680474  0.56268866  0.64095784  0.23315472 -0.17063418  0.57199763
 -0.17296178  0.41730178 -0.61614709  0.12205342  0.34329841 -0.62985921
 -0.00557852 -0.22881966  0.07291847 -0.29673728  0.27525461 -0.49305072
 -0.29779896 -0.82437506 -0.50116663 -0.22713201 -0.1967696 ]
2601,[ 0.20124773  0.1051709  -0.09374831  0.13218281  0.3699473   0.0889846
 -0.04423464  0.65121767  0.35173975 -0.53132276 -0.0454117  -0.12010262
  0.1807066   0.42996565 -0.32593445  0.22991044 -0.10924804 -0.62104017
  0.10439959  0.14383315 -0.4697224   0.20664414  0.26145682 -0.64316233
 -0.01619642  0.38395386  0.02246337  0.03975635 -0.54956468  0.53077436
  0.55679859  0.56269032  0.64096066  0.23315484 -0.17063179  0.5719983
 -0.17296437  0.41730006 -0.616146    0.12205062  0.34329904 -0.62985449
 -0.00558395 -0.22882013  0.07291527 -0.29673823  0.27525804 -0.49304306
 -0.29780334 -0.82437453 -0.50116841 -0.22713135 -0.19677086]
2602,[ 0.20125225  0.10517272 -0.09375988  0.13218531  0.36994988  0.08898183
 -0.04423059  0.65121335  0.35173529 -0.53132088 -0.04541105 -0.12009777
  0.18070421  0.4299702  -0.32593459  0.22991424 -0.10924563 -0.62103873
  0.10439703  0.14383586 -0.46972279  0.20664172  0.26145601 -0.64316614
 -0.01620034  0.38395198  0.0224704   0.039754   -0.54956779  0.53078074
  0.55679246  0.56269198  0.64096348  0.23315496 -0.17062941  0.57199897
 -0.17296697  0.41729834 -0.61614491  0.12204784  0.34329966 -0.62984979
 -0.00558938 -0.22882059  0.07291206 -0.29673918  0.27526147 -0.49303541
 -0.29780771 -0.824374   -0.50117018 -0.22713069 -0.19677211]
2603,[ 0.20125675  0.10517453 -0.09377143  0.13218781  0.36995245  0.08897907
 -0.04422654  0.65120904  0.35173083 -0.531319   -0.04541039 -0.12009293
  0.18070182  0.42997475 -0.32593473  0.22991803 -0.10924323 -0.62103728
  0.10439447  0.14383856 -0.46972319  0.2066393   0.26145519 -0.64316994
 -0.01620425  0.38395009  0.02247743  0.03975165 -0.54957089  0.53078711
  0.55678633  0.56269363  0.6409663   0.23315508 -0.17062703  0.57199963
 -0.17296956  0.41729663 -0.61614382  0.12204505  0.34330029 -0.62984508
 -0.00559479 -0.22882105  0.07290886 -0.29674012  0.27526489 -0.49302777
 -0.29781208 -0.82437347 -0.50117196 -0.22713003 -0.19677336]
2604,[ 0.20126126  0.10517634 -0.09378297  0.1321903   0.36995503  0.08897631
 -0.04422249  0.65120472  0.35172638 -0.53131713 -0.04540974 -0.12008809
  0.18069944  0.42997929 -0.32593487  0.22992182 -0.10924083 -0.62103585
  0.10439192  0.14384127 -0.46972358  0.20663689  0.26145438 -0.64317374
 -0.01620816  0.38394821  0.02248445  0.0397493  -0.54957399  0.53079348
  0.5567802   0.56269529  0.64096911  0.23315519 -0.17062466  0.5720003
 -0.17297214  0.41729491 -0.61614273  0.12204227  0.34330091 -0.62984039
 -0.00560021 -0.22882151  0.07290566 -0.29674106  0.27526831 -0.49302014
 -0.29781644 -0.82437294 -0.50117373 -0.22712937 -0.19677461]
2605,[ 0.20126575  0.10517815 -0.09379449  0.13219279  0.3699576   0.08897356
 -0.04421845  0.65120042  0.35172193 -0.53131525 -0.04540909 -0.12008326
  0.18069705  0.42998383 -0.32593501  0.22992561 -0.10923843 -0.62103441
  0.10438937  0.14384397 -0.46972397  0.20663448  0.26145356 -0.64317753
 -0.01621206  0.38394633  0.02249146  0.03974696 -0.54957709  0.53079983
  0.55677409  0.56269694  0.64097192  0.23315531 -0.17062229  0.57200097
 -0.17297473  0.4172932  -0.61614164  0.12203949  0.34330154 -0.62983569
 -0.00560561 -0.22882197  0.07290247 -0.29674201  0.27527173 -0.49301252
 -0.2978208  -0.82437241 -0.5011755  -0.22712871 -0.19677585]
2606,[ 0.20127025  0.10517996 -0.093806    0.13219527  0.36996016  0.0889708
 -0.04421442  0.65119612  0.35171749 -0.53131338 -0.04540844 -0.12007844
  0.18069467  0.42998837 -0.32593514  0.22992939 -0.10923603 -0.62103297
  0.10438682  0.14384666 -0.46972437  0.20663207  0.26145275 -0.64318132
 -0.01621596  0.38394446  0.02249846  0.03974462 -0.54958018  0.53080618
  0.55676798  0.56269859  0.64097473  0.23315543 -0.17061992  0.57200163
 -0.17297731  0.41729149 -0.61614056  0.12203671  0.34330216 -0.62983101
 -0.00561101 -0.22882243  0.07289928 -0.29674295  0.27527514 -0.4930049
 -0.29782515 -0.82437189 -0.50117727 -0.22712805 -0.1967771 ]
2607,[ 0.20127473  0.10518177 -0.0938175   0.13219776  0.36996273  0.08896805
 -0.04421039  0.65119182  0.35171306 -0.53131151 -0.04540779 -0.12007362
  0.1806923   0.42999289 -0.32593528  0.22993316 -0.10923364 -0.62103154
  0.10438427  0.14384936 -0.46972476  0.20662967  0.26145194 -0.64318511
 -0.01621986  0.38394258  0.02250545  0.03974228 -0.54958327  0.53081252
  0.55676188  0.56270024  0.64097754  0.23315554 -0.17061755  0.5720023
 -0.17297989  0.41728979 -0.61613947  0.12203394  0.34330278 -0.62982633
 -0.0056164  -0.22882289  0.07289609 -0.29674389  0.27527855 -0.49299729
 -0.2978295  -0.82437136 -0.50117904 -0.22712739 -0.19677834]
2608,[ 0.20127922  0.10518357 -0.09382899  0.13220024  0.36996529  0.08896531
 -0.04420636  0.65118753  0.35170862 -0.53130965 -0.04540714 -0.1200688
  0.18068992  0.42999742 -0.32593542  0.22993694 -0.10923125 -0.62103011
  0.10438173  0.14385205 -0.46972515  0.20662726  0.26145113 -0.64318889
 -0.01622375  0.38394071  0.02251244  0.03973994 -0.54958635  0.53081886
  0.55675578  0.56270189  0.64098034  0.23315566 -0.17061518  0.57200296
 -0.17298246  0.41728808 -0.61613839  0.12203117  0.3433034  -0.62982165
 -0.00562179 -0.22882335  0.07289291 -0.29674483  0.27528195 -0.49298969
 -0.29783384 -0.82437083 -0.5011808  -0.22712673 -0.19677958]
2609,[ 0.20128369  0.10518537 -0.09384046  0.13220272  0.36996785  0.08896256
 -0.04420234  0.65118324  0.3517042  -0.53130778 -0.04540649 -0.12006399
  0.18068755  0.43000194 -0.32593556  0.2299407  -0.10922886 -0.62102868
  0.10437919  0.14385473 -0.46972554  0.20662486  0.26145032 -0.64319267
 -0.01622763  0.38393884  0.02251941  0.03973761 -0.54958943  0.53082519
  0.55674969  0.56270353  0.64098314  0.23315577 -0.17061282  0.57200363
 -0.17298504  0.41728638 -0.6161373   0.1220284   0.34330402 -0.62981698
 -0.00562717 -0.22882381  0.07288973 -0.29674577  0.27528536 -0.4929821
 -0.29783818 -0.82437031 -0.50118256 -0.22712607 -0.19678083]
2610,[ 0.20128816  0.10518717 -0.09385192  0.13220519  0.3699704   0.08895982
 -0.04419833  0.65117896  0.35169977 -0.53130592 -0.04540584 -0.12005919
  0.18068518  0.43000645 -0.3259357   0.22994447 -0.10922648 -0.62102725
  0.10437665  0.14385742 -0.46972594  0.20662247  0.26144951 -0.64319644
 -0.01623151  0.38393697  0.02252638  0.03973528 -0.54959251  0.53083151
  0.55674361  0.56270518  0.64098593  0.23315589 -0.17061046  0.57200429
 -0.17298761  0.41728468 -0.61613622  0.12202564  0.34330464 -0.62981232
 -0.00563254 -0.22882427  0.07288656 -0.2967467   0.27528875 -0.49297452
 -0.29784252 -0.82436978 -0.50118432 -0.22712542 -0.19678207]
2611,[ 0.20129263  0.10518897 -0.09386337  0.13220766  0.36997296  0.08895709
 -0.04419431  0.65117468  0.35169536 -0.53130406 -0.04540519 -0.12005439
  0.18068282  0.43001096 -0.32593584  0.22994823 -0.10922409 -0.62102582
  0.10437412  0.1438601  -0.46972633  0.20662007  0.26144871 -0.64320021
 -0.01623539  0.38393511  0.02253335  0.03973295 -0.54959559  0.53083782
  0.55673754  0.56270682  0.64098873  0.23315601 -0.17060811  0.57200495
 -0.17299017  0.41728298 -0.61613514  0.12202288  0.34330526 -0.62980766
 -0.00563791 -0.22882473  0.07288339 -0.29674764  0.27529215 -0.49296695
 -0.29784684 -0.82436926 -0.50118608 -0.22712476 -0.1967833 ]
2612,[ 0.20129709  0.10519076 -0.0938748   0.13221013  0.36997551  0.08895435
 -0.04419031  0.65117041  0.35169095 -0.5313022  -0.04540454 -0.1200496
  0.18068045  0.43001546 -0.32593598  0.22995198 -0.10922171 -0.62102439
  0.10437158  0.14386278 -0.46972672  0.20661768  0.2614479  -0.64320398
 -0.01623926  0.38393324  0.0225403   0.03973063 -0.54959866  0.53084413
  0.55673147  0.56270846  0.64099152  0.23315612 -0.17060575  0.57200561
 -0.17299274  0.41728128 -0.61613406  0.12202012  0.34330588 -0.629803
 -0.00564328 -0.22882518  0.07288022 -0.29674857  0.27529554 -0.49295938
 -0.29785117 -0.82436873 -0.50118784 -0.2271241  -0.19678454]
2613,[ 0.20130155  0.10519256 -0.09388623  0.1322126   0.36997805  0.08895162
 -0.0441863   0.65116614  0.35168654 -0.53130035 -0.0454039  -0.12004481
  0.18067809  0.43001996 -0.32593611  0.22995574 -0.10921934 -0.62102297
  0.10436906  0.14386545 -0.46972711  0.20661529  0.2614471  -0.64320774
 -0.01624313  0.38393138  0.02254725  0.0397283  -0.54960173  0.53085043
  0.55672541  0.5627101   0.6409943   0.23315624 -0.1706034   0.57200627
 -0.1729953   0.41727958 -0.61613299  0.12201737  0.3433065  -0.62979835
 -0.00564863 -0.22882564  0.07287705 -0.29674951  0.27529892 -0.49295183
 -0.29785549 -0.82436821 -0.50118959 -0.22712345 -0.19678578]
2614,[ 0.201306    0.10519435 -0.09389763  0.13221507  0.3699806   0.08894889
 -0.04418231  0.65116188  0.35168214 -0.53129849 -0.04540325 -0.12004003
  0.18067573  0.43002445 -0.32593625  0.22995948 -0.10921696 -0.62102155
  0.10436653  0.14386813 -0.4697275   0.2066129   0.26144629 -0.64321149
 -0.01624699  0.38392952  0.02255419  0.03972598 -0.54960479  0.53085672
  0.55671936  0.56271173  0.64099708  0.23315635 -0.17060105  0.57200693
 -0.17299786  0.41727789 -0.61613191  0.12201462  0.34330711 -0.62979371
 -0.00565398 -0.2288261   0.07287389 -0.29675044  0.2753023  -0.49294428
 -0.2978598  -0.82436769 -0.50119135 -0.2271228  -0.19678701]
2615,[ 0.20131045  0.10519614 -0.09390903  0.13221753  0.36998314  0.08894617
 -0.04417831  0.65115762  0.35167774 -0.53129664 -0.04540261 -0.12003525
  0.18067338  0.43002894 -0.32593639  0.22996323 -0.10921459 -0.62102013
  0.10436401  0.1438708  -0.46972789  0.20661052  0.26144549 -0.64321525
 -0.01625085  0.38392766  0.02256112  0.03972367 -0.54960785  0.53086301
  0.55671331  0.56271337  0.64099986  0.23315647 -0.17059871  0.57200759
 -0.17300041  0.4172762  -0.61613084  0.12201187  0.34330773 -0.62978907
 -0.00565933 -0.22882655  0.07287073 -0.29675137  0.27530568 -0.49293674
 -0.29786411 -0.82436716 -0.5011931  -0.22712214 -0.19678824]
2616,[ 0.20131489  0.10519793 -0.09392041  0.13221999  0.36998568  0.08894345
 -0.04417432  0.65115337  0.35167335 -0.53129479 -0.04540196 -0.12003048
  0.18067102  0.43003342 -0.32593653  0.22996696 -0.10921222 -0.62101871
  0.10436149  0.14387346 -0.46972827  0.20660814  0.26144469 -0.64321899
 -0.01625471  0.38392581  0.02256804  0.03972135 -0.54961091  0.53086929
  0.55670727  0.562715    0.64100264  0.23315658 -0.17059636  0.57200825
 -0.17300296  0.41727451 -0.61612976  0.12200912  0.34330835 -0.62978444
 -0.00566467 -0.22882701  0.07286758 -0.2967523   0.27530906 -0.49292921
 -0.29786842 -0.82436664 -0.50119485 -0.22712149 -0.19678948]
2617,[ 0.20131933  0.10519971 -0.09393178  0.13222244  0.36998821  0.08894073
 -0.04417034  0.65114912  0.35166896 -0.53129294 -0.04540132 -0.12002572
  0.18066867  0.4300379  -0.32593667  0.2299707  -0.10920986 -0.62101729
  0.10435897  0.14387612 -0.46972866  0.20660576  0.26144388 -0.64322274
 -0.01625856  0.38392395  0.02257496  0.03971904 -0.54961396  0.53087556
  0.55670123  0.56271663  0.64100541  0.2331567  -0.17059402  0.57200891
 -0.17300551  0.41727282 -0.61612869  0.12200638  0.34330896 -0.62977981
 -0.00567    -0.22882746  0.07286443 -0.29675323  0.27531243 -0.49292169
 -0.29787272 -0.82436612 -0.50119659 -0.22712084 -0.19679071]
2618,[ 0.20132376  0.1052015  -0.09394314  0.13222489  0.36999075  0.08893801
 -0.04416636  0.65114488  0.35166458 -0.5312911  -0.04540068 -0.12002096
  0.18066633  0.43004238 -0.3259368   0.22997443 -0.10920749 -0.62101587
  0.10435645  0.14387878 -0.46972905  0.20660339  0.26144308 -0.64322648
 -0.01626241  0.3839221   0.02258186  0.03971673 -0.54961702  0.53088182
  0.55669521  0.56271826  0.64100819  0.23315681 -0.17059169  0.57200957
 -0.17300806  0.41727113 -0.61612762  0.12200364  0.34330957 -0.62977518
 -0.00567532 -0.22882792  0.07286128 -0.29675416  0.27531579 -0.49291418
 -0.29787701 -0.8243656  -0.50119834 -0.22712019 -0.19679193]
2619,[ 0.20132819  0.10520328 -0.09395449  0.13222734  0.36999328  0.0889353
 -0.04416238  0.65114064  0.3516602  -0.53128925 -0.04540004 -0.1200162
  0.18066398  0.43004684 -0.32593694  0.22997816 -0.10920513 -0.62101446
  0.10435394  0.14388144 -0.46972944  0.20660101  0.26144228 -0.64323021
 -0.01626625  0.38392025  0.02258876  0.03971443 -0.54962006  0.53088808
  0.55668919  0.56271988  0.64101095  0.23315693 -0.17058935  0.57201022
 -0.1730106   0.41726945 -0.61612655  0.12200091  0.34331019 -0.62977057
 -0.00568064 -0.22882837  0.07285814 -0.29675509  0.27531916 -0.49290667
 -0.2978813  -0.82436508 -0.50120008 -0.22711954 -0.19679316]
2620,[ 0.20133261  0.10520506 -0.09396582  0.13222979  0.3699958   0.08893259
 -0.04415841  0.6511364   0.35165583 -0.53128741 -0.0453994  -0.12001145
  0.18066164  0.43005131 -0.32593708  0.22998188 -0.10920277 -0.62101305
  0.10435143  0.1438841  -0.46972982  0.20659864  0.26144148 -0.64323394
 -0.01627009  0.38391841  0.02259566  0.03971212 -0.54962311  0.53089433
  0.55668317  0.56272151  0.64101372  0.23315704 -0.17058702  0.57201088
 -0.17301315  0.41726777 -0.61612548  0.12199817  0.3433108  -0.62976595
 -0.00568596 -0.22882882  0.072855   -0.29675602  0.27532251 -0.49289918
 -0.29788559 -0.82436456 -0.50120182 -0.22711889 -0.19679439]
2621,[ 0.20133703  0.10520683 -0.09397714  0.13223224  0.36999833  0.08892988
 -0.04415444  0.65113217  0.35165146 -0.53128557 -0.04539875 -0.12000671
  0.1806593   0.43005576 -0.32593721  0.2299856  -0.10920042 -0.62101163
  0.10434893  0.14388675 -0.46973021  0.20659628  0.26144069 -0.64323767
 -0.01627392  0.38391656  0.02260254  0.03970982 -0.54962615  0.53090057
  0.55667717  0.56272313  0.64101648  0.23315716 -0.17058469  0.57201153
 -0.17301568  0.41726609 -0.61612441  0.12199544  0.34331141 -0.62976135
 -0.00569127 -0.22882928  0.07285186 -0.29675694  0.27532587 -0.49289169
 -0.29788987 -0.82436404 -0.50120356 -0.22711824 -0.19679561]
2622,[ 0.20134144  0.10520861 -0.09398844  0.13223468  0.37000085  0.08892718
 -0.04415048  0.65112795  0.3516471  -0.53128373 -0.04539812 -0.12000197
  0.18065696  0.43006022 -0.32593735  0.22998931 -0.10919806 -0.62101022
  0.10434642  0.1438894  -0.4697306   0.20659391  0.26143989 -0.64324139
 -0.01627775  0.38391472  0.02260942  0.03970752 -0.54962918  0.53090681
  0.55667117  0.56272475  0.64101924  0.23315727 -0.17058236  0.57201219
 -0.17301822  0.41726441 -0.61612334  0.12199272  0.34331202 -0.62975674
 -0.00569657 -0.22882973  0.07284873 -0.29675787  0.27532922 -0.49288421
 -0.29789414 -0.82436352 -0.5012053  -0.22711759 -0.19679684]
2623,[ 0.20134585  0.10521038 -0.09399974  0.13223712  0.37000337  0.08892448
 -0.04414652  0.65112373  0.35164274 -0.5312819  -0.04539748 -0.11999723
  0.18065463  0.43006466 -0.32593749  0.22999302 -0.10919571 -0.62100882
  0.10434392  0.14389204 -0.46973098  0.20659155  0.26143909 -0.64324511
 -0.01628157  0.38391288  0.02261629  0.03970522 -0.54963222  0.53091304
  0.55666517  0.56272637  0.64102199  0.23315739 -0.17058004  0.57201284
 -0.17302075  0.41726273 -0.61612228  0.12198999  0.34331263 -0.62975215
 -0.00570187 -0.22883018  0.0728456  -0.29675879  0.27533257 -0.49287674
 -0.29789841 -0.824363   -0.50120703 -0.22711695 -0.19679806]
2624,[ 0.20135025  0.10521215 -0.09401102  0.13223955  0.37000588  0.08892178
 -0.04414257  0.65111951  0.35163839 -0.53128007 -0.04539684 -0.1199925
  0.18065229  0.43006911 -0.32593762  0.22999672 -0.10919337 -0.62100741
  0.10434143  0.14389468 -0.46973137  0.20658919  0.2614383  -0.64324883
 -0.0162854   0.38391104  0.02262315  0.03970293 -0.54963525  0.53091926
  0.55665919  0.56272799  0.64102474  0.2331575  -0.17057771  0.57201349
 -0.17302328  0.41726105 -0.61612121  0.12198727  0.34331324 -0.62974755
 -0.00570716 -0.22883063  0.07284247 -0.29675971  0.27533591 -0.49286927
 -0.29790268 -0.82436249 -0.50120876 -0.2271163  -0.19679928]
2625,[ 0.20135465  0.10521392 -0.09402229  0.13224199  0.3700084   0.08891909
 -0.04413862  0.6511153   0.35163404 -0.53127823 -0.0453962  -0.11998778
  0.18064996  0.43007354 -0.32593776  0.23000042 -0.10919102 -0.621006
  0.10433893  0.14389732 -0.46973175  0.20658683  0.2614375  -0.64325254
 -0.01628921  0.3839092   0.02263     0.03970064 -0.54963827  0.53092547
  0.55665321  0.56272961  0.64102749  0.23315762 -0.17057539  0.57201414
 -0.17302581  0.41725938 -0.61612015  0.12198456  0.34331385 -0.62974297
 -0.00571244 -0.22883108  0.07283935 -0.29676063  0.27533925 -0.49286182
 -0.29790694 -0.82436197 -0.50121049 -0.22711566 -0.1968005 ]
2626,[ 0.20135904  0.10521569 -0.09403354  0.13224442  0.37001091  0.0889164
 -0.04413468  0.6511111   0.3516297  -0.53127641 -0.04539556 -0.11998306
  0.18064764  0.43007798 -0.3259379   0.23000412 -0.10918868 -0.6210046
  0.10433644  0.14389996 -0.46973214  0.20658448  0.26143671 -0.64325624
 -0.01629302  0.38390737  0.02263685  0.03969835 -0.5496413   0.53093168
  0.55664724  0.56273122  0.64103024  0.23315773 -0.17057308  0.5720148
 -0.17302833  0.41725771 -0.61611909  0.12198184  0.34331446 -0.62973838
 -0.00571772 -0.22883153  0.07283623 -0.29676156  0.27534259 -0.49285437
 -0.29791119 -0.82436145 -0.50121222 -0.22711501 -0.19680172]
2627,[ 0.20136343  0.10521746 -0.09404478  0.13224685  0.37001341  0.08891371
 -0.04413074  0.6511069   0.35162536 -0.53127458 -0.04539493 -0.11997835
  0.18064531  0.43008241 -0.32593803  0.23000781 -0.10918634 -0.6210032
  0.10433395  0.14390259 -0.46973252  0.20658213  0.26143591 -0.64325994
 -0.01629683  0.38390553  0.02264368  0.03969606 -0.54964432  0.53093788
  0.55664127  0.56273283  0.64103298  0.23315784 -0.17057076  0.57201545
 -0.17303085  0.41725604 -0.61611803  0.12197913  0.34331507 -0.62973381
 -0.00572299 -0.22883198  0.07283312 -0.29676247  0.27534592 -0.49284693
 -0.29791545 -0.82436094 -0.50121395 -0.22711437 -0.19680293]
2628,[ 0.20136781  0.10521922 -0.09405601  0.13224927  0.37001592  0.08891103
 -0.0441268   0.6511027   0.35162102 -0.53127275 -0.04539429 -0.11997364
  0.18064299  0.43008683 -0.32593817  0.2300115  -0.109184   -0.6210018
  0.10433146  0.14390522 -0.4697329   0.20657978  0.26143512 -0.64326364
 -0.01630063  0.3839037   0.02265051  0.03969378 -0.54964733  0.53094408
  0.55663531  0.56273444  0.64103572  0.23315796 -0.17056845  0.5720161
 -0.17303337  0.41725437 -0.61611697  0.12197642  0.34331568 -0.62972924
 -0.00572826 -0.22883243  0.07283001 -0.29676339  0.27534925 -0.49283951
 -0.29791969 -0.82436042 -0.50121568 -0.22711372 -0.19680415]
2629,[ 0.20137219  0.10522098 -0.09406723  0.1322517   0.37001842  0.08890834
 -0.04412287  0.65109851  0.3516167  -0.53127093 -0.04539366 -0.11996894
  0.18064067  0.43009125 -0.3259383   0.23001519 -0.10918167 -0.6210004
  0.10432898  0.14390785 -0.46973329  0.20657743  0.26143433 -0.64326733
 -0.01630443  0.38390188  0.02265734  0.0396915  -0.54965035  0.53095026
  0.55662936  0.56273605  0.64103846  0.23315807 -0.17056614  0.57201674
 -0.17303589  0.41725271 -0.61611591  0.12197372  0.34331628 -0.62972467
 -0.00573352 -0.22883288  0.0728269  -0.29676431  0.27535258 -0.49283208
 -0.29792393 -0.82435991 -0.5012174  -0.22711308 -0.19680536]
2630,[ 0.20137656  0.10522274 -0.09407844  0.13225412  0.37002092  0.08890566
 -0.04411894  0.65109432  0.35161237 -0.53126911 -0.04539302 -0.11996424
  0.18063836  0.43009566 -0.32593844  0.23001887 -0.10917934 -0.620999
  0.1043265   0.14391048 -0.46973367  0.20657509  0.26143354 -0.64327102
 -0.01630823  0.38390005  0.02266415  0.03968922 -0.54965336  0.53095644
  0.55662341  0.56273766  0.64104119  0.23315819 -0.17056383  0.57201739
 -0.1730384   0.41725104 -0.61611485  0.12197102  0.34331689 -0.62972011
 -0.00573877 -0.22883333  0.07282379 -0.29676523  0.2753559  -0.49282467
 -0.29792817 -0.8243594  -0.50121912 -0.22711244 -0.19680657]
2631,[ 0.20138093  0.1052245  -0.09408963  0.13225653  0.37002341  0.08890299
 -0.04411502  0.65109014  0.35160805 -0.53126729 -0.04539239 -0.11995955
  0.18063604  0.43010007 -0.32593857  0.23002254 -0.10917701 -0.62099761
  0.10432402  0.1439131  -0.46973405  0.20657275  0.26143275 -0.64327471
 -0.01631202  0.38389822  0.02267096  0.03968695 -0.54965636  0.53096262
  0.55661747  0.56273926  0.64104392  0.2331583  -0.17056153  0.57201804
 -0.17304091  0.41724938 -0.6161138   0.12196832  0.3433175  -0.62971555
 -0.00574402 -0.22883377  0.07282069 -0.29676614  0.27535922 -0.49281727
 -0.2979324  -0.82435888 -0.50122084 -0.2271118  -0.19680778]
2632,[ 0.20138529  0.10522626 -0.09410081  0.13225895  0.37002591  0.08890031
 -0.0441111   0.65108596  0.35160374 -0.53126547 -0.04539176 -0.11995487
  0.18063373  0.43010447 -0.32593871  0.23002622 -0.10917468 -0.62099621
  0.10432155  0.14391572 -0.46973443  0.20657041  0.26143196 -0.64327839
 -0.01631581  0.3838964   0.02267776  0.03968467 -0.54965937  0.53096878
  0.55661154  0.56274087  0.64104665  0.23315841 -0.17055923  0.57201869
 -0.17304342  0.41724772 -0.61611274  0.12196562  0.3433181  -0.629711
 -0.00574927 -0.22883422  0.07281759 -0.29676706  0.27536253 -0.49280987
 -0.29793663 -0.82435837 -0.50122256 -0.22711116 -0.19680899]
2633,[ 0.20138965  0.10522801 -0.09411198  0.13226136  0.3700284   0.08889764
 -0.04410719  0.65108179  0.35159943 -0.53126366 -0.04539113 -0.11995019
  0.18063142  0.43010887 -0.32593884  0.23002988 -0.10917236 -0.62099482
  0.10431907  0.14391833 -0.46973482  0.20656807  0.26143118 -0.64328207
 -0.01631959  0.38389458  0.02268455  0.0396824  -0.54966237  0.53097494
  0.55660561  0.56274247  0.64104937  0.23315853 -0.17055693  0.57201933
 -0.17304592  0.41724606 -0.61611169  0.12196293  0.3433187  -0.62970646
 -0.0057545  -0.22883467  0.0728145  -0.29676797  0.27536584 -0.49280248
 -0.29794085 -0.82435786 -0.50122427 -0.22711052 -0.1968102 ]
2634,[ 0.201394    0.10522976 -0.09412313  0.13226377  0.37003088  0.08889498
 -0.04410328  0.65107762  0.35159513 -0.53126185 -0.04539049 -0.11994551
  0.18062912  0.43011326 -0.32593898  0.23003355 -0.10917003 -0.62099343
  0.1043166   0.14392094 -0.4697352   0.20656574  0.26143039 -0.64328574
 -0.01632337  0.38389276  0.02269133  0.03968013 -0.54966536  0.5309811
  0.5565997   0.56274407  0.64105209  0.23315864 -0.17055463  0.57201998
 -0.17304842  0.41724441 -0.61611064  0.12196024  0.34331931 -0.62970192
 -0.00575974 -0.22883511  0.07281141 -0.29676888  0.27536915 -0.49279511
 -0.29794507 -0.82435735 -0.50122599 -0.22710988 -0.19681141]
2635,[ 0.20139835  0.10523151 -0.09413427  0.13226618  0.37003337  0.08889231
 -0.04409937  0.65107346  0.35159083 -0.53126004 -0.04538986 -0.11994084
  0.18062681  0.43011765 -0.32593911  0.23003721 -0.10916772 -0.62099204
  0.10431414  0.14392355 -0.46973558  0.20656341  0.2614296  -0.64328941
 -0.01632714  0.38389095  0.02269811  0.03967787 -0.54966836  0.53098724
  0.55659378  0.56274566  0.64105481  0.23315875 -0.17055234  0.57202062
 -0.17305092  0.41724275 -0.61610959  0.12195755  0.34331991 -0.62969738
 -0.00576496 -0.22883556  0.07280832 -0.29676979  0.27537245 -0.49278773
 -0.29794929 -0.82435684 -0.5012277  -0.22710924 -0.19681261]
2636,[ 0.20140269  0.10523326 -0.0941454   0.13226858  0.37003585  0.08888965
 -0.04409547  0.6510693   0.35158653 -0.53125823 -0.04538923 -0.11993618
  0.18062451  0.43012203 -0.32593925  0.23004086 -0.1091654  -0.62099065
  0.10431167  0.14392616 -0.46973596  0.20656108  0.26142882 -0.64329307
 -0.01633091  0.38388913  0.02270488  0.03967561 -0.54967135  0.53099338
  0.55658788  0.56274726  0.64105752  0.23315886 -0.17055005  0.57202127
 -0.17305342  0.4172411  -0.61610854  0.12195487  0.34332051 -0.62969285
 -0.00577018 -0.22883601  0.07280524 -0.2967707   0.27537575 -0.49278037
 -0.29795349 -0.82435633 -0.50122941 -0.2271086  -0.19681382]
2637,[ 0.20140703  0.105235   -0.09415652  0.13227098  0.37003833  0.08888699
 -0.04409158  0.65106515  0.35158224 -0.53125642 -0.04538861 -0.11993152
  0.18062221  0.43012641 -0.32593938  0.23004451 -0.10916309 -0.62098927
  0.10430921  0.14392876 -0.46973634  0.20655875  0.26142804 -0.64329673
 -0.01633467  0.38388732  0.02271164  0.03967335 -0.54967433  0.53099951
  0.55658198  0.56274885  0.64106024  0.23315898 -0.17054776  0.57202191
 -0.17305591  0.41723945 -0.61610749  0.12195219  0.34332111 -0.62968832
 -0.00577539 -0.22883645  0.07280216 -0.29677161  0.27537904 -0.49277302
 -0.2979577  -0.82435582 -0.50123111 -0.22710797 -0.19681502]
2638,[ 0.20141136  0.10523675 -0.09416762  0.13227338  0.37004081  0.08888434
 -0.04408768  0.651061    0.35157796 -0.53125462 -0.04538798 -0.11992686
  0.18061992  0.43013078 -0.32593952  0.23004816 -0.10916077 -0.62098788
  0.10430675  0.14393137 -0.46973672  0.20655643  0.26142725 -0.64330039
 -0.01633843  0.38388551  0.0227184   0.03967109 -0.54967731  0.53100564
  0.55657609  0.56275045  0.64106294  0.23315909 -0.17054548  0.57202255
 -0.1730584   0.4172378  -0.61610644  0.12194951  0.34332171 -0.6296838
 -0.0057806  -0.22883689  0.07279908 -0.29677252  0.27538234 -0.49276567
 -0.2979619  -0.82435531 -0.50123282 -0.22710733 -0.19681622]
2639,[ 0.20141569  0.10523849 -0.09417872  0.13227577  0.37004328  0.08888169
 -0.0440838   0.65105686  0.35157368 -0.53125281 -0.04538735 -0.11992221
  0.18061763  0.43013515 -0.32593965  0.2300518  -0.10915847 -0.6209865
  0.1043043   0.14393396 -0.46973709  0.20655411  0.26142647 -0.64330404
 -0.01634219  0.3838837   0.02272514  0.03966883 -0.54968029  0.53101175
  0.5565702   0.56275204  0.64106565  0.2331592  -0.17054319  0.57202319
 -0.17306089  0.41723616 -0.61610539  0.12194683  0.34332231 -0.62967929
 -0.0057858  -0.22883734  0.07279601 -0.29677343  0.27538562 -0.49275833
 -0.29796609 -0.8243548  -0.50123452 -0.22710669 -0.19681742]
2640,[ 0.20142001  0.10524023 -0.0941898   0.13227817  0.37004575  0.08887904
 -0.04407991  0.65105272  0.35156941 -0.53125101 -0.04538672 -0.11991757
  0.18061534  0.43013952 -0.32593978  0.23005544 -0.10915616 -0.62098512
  0.10430184  0.14393656 -0.46973747  0.20655179  0.26142569 -0.64330769
 -0.01634594  0.3838819   0.02273188  0.03966658 -0.54968327  0.53101786
  0.55656432  0.56275363  0.64106835  0.23315931 -0.17054091  0.57202383
 -0.17306337  0.41723451 -0.61610435  0.12194416  0.34332291 -0.62967478
 -0.005791   -0.22883778  0.07279294 -0.29677433  0.27538891 -0.492751
 -0.29797028 -0.82435429 -0.50123623 -0.22710606 -0.19681862]
2641,[ 0.20142433  0.10524197 -0.09420086  0.13228056  0.37004822  0.08887639
 -0.04407604  0.65104858  0.35156514 -0.53124922 -0.0453861  -0.11991293
  0.18061305  0.43014387 -0.32593992  0.23005908 -0.10915386 -0.62098374
  0.10429939  0.14393915 -0.46973785  0.20654948  0.26142491 -0.64331133
 -0.01634969  0.38388009  0.02273861  0.03966433 -0.54968624  0.53102397
  0.55655845  0.56275521  0.64107105  0.23315943 -0.17053863  0.57202447
 -0.17306585  0.41723287 -0.6161033   0.12194149  0.34332351 -0.62967027
 -0.00579619 -0.22883822  0.07278987 -0.29677524  0.27539219 -0.49274368
 -0.29797447 -0.82435378 -0.50123793 -0.22710543 -0.19681982]
2642,[ 0.20142865  0.1052437  -0.09421192  0.13228295  0.37005068  0.08887375
 -0.04407216  0.65104445  0.35156087 -0.53124742 -0.04538547 -0.1199083
  0.18061076  0.43014823 -0.32594005  0.23006271 -0.10915156 -0.62098236
  0.10429695  0.14394174 -0.46973823  0.20654717  0.26142413 -0.64331497
 -0.01635344  0.38387829  0.02274533  0.03966208 -0.54968921  0.53103007
  0.55655258  0.5627568   0.64107375  0.23315954 -0.17053636  0.57202511
 -0.17306833  0.41723123 -0.61610226  0.12193883  0.34332411 -0.62966577
 -0.00580137 -0.22883866  0.07278681 -0.29677614  0.27539547 -0.49273637
 -0.29797865 -0.82435328 -0.50123962 -0.22710479 -0.19682101]
2643,[ 0.20143295  0.10524544 -0.09422296  0.13228533  0.37005315  0.08887111
 -0.04406829  0.65104032  0.35155661 -0.53124562 -0.04538485 -0.11990367
  0.18060848  0.43015258 -0.32594019  0.23006634 -0.10914926 -0.62098098
  0.1042945   0.14394433 -0.46973861  0.20654486  0.26142335 -0.64331861
 -0.01635718  0.38387649  0.02275205  0.03965984 -0.54969218  0.53103616
  0.55654672  0.56275838  0.64107644  0.23315965 -0.17053408  0.57202575
 -0.17307081  0.41722959 -0.61610122  0.12193617  0.3433247  -0.62966128
 -0.00580655 -0.22883911  0.07278375 -0.29677704  0.27539874 -0.49272906
 -0.29798282 -0.82435277 -0.50124132 -0.22710416 -0.19682221]
2644,[ 0.20143726  0.10524717 -0.09423399  0.13228771  0.37005561  0.08886847
 -0.04406443  0.6510362   0.35155235 -0.53124383 -0.04538422 -0.11989905
  0.1806062   0.43015692 -0.32594032  0.23006996 -0.10914696 -0.62097961
  0.10429206  0.14394691 -0.46973898  0.20654255  0.26142257 -0.64332224
 -0.01636091  0.38387469  0.02275876  0.03965759 -0.54969514  0.53104224
  0.55654087  0.56275996  0.64107913  0.23315976 -0.17053181  0.57202639
 -0.17307328  0.41722795 -0.61610018  0.12193351  0.3433253  -0.62965679
 -0.00581172 -0.22883955  0.07278069 -0.29677795  0.27540201 -0.49272177
 -0.29798699 -0.82435227 -0.50124301 -0.22710353 -0.1968234 ]
2645,[ 0.20144156  0.1052489  -0.09424501  0.13229009  0.37005806  0.08886584
 -0.04406056  0.65103209  0.3515481  -0.53124204 -0.0453836  -0.11989443
  0.18060392  0.43016126 -0.32594045  0.23007358 -0.10914467 -0.62097823
  0.10428962  0.14394949 -0.46973936  0.20654025  0.2614218  -0.64332587
 -0.01636464  0.3838729   0.02276546  0.03965535 -0.5496981   0.53104832
  0.55653502  0.56276154  0.64108182  0.23315987 -0.17052955  0.57202703
 -0.17307575  0.41722631 -0.61609914  0.12193085  0.3433259  -0.6296523
 -0.00581689 -0.22883999  0.07277764 -0.29677885  0.27540527 -0.49271448
 -0.29799116 -0.82435176 -0.50124471 -0.2271029  -0.19682459]
2646,[ 0.20144585  0.10525063 -0.09425601  0.13229247  0.37006052  0.08886321
 -0.04405671  0.65102798  0.35154386 -0.53124025 -0.04538298 -0.11988981
  0.18060165  0.43016559 -0.32594058  0.23007719 -0.10914238 -0.62097686
  0.10428718  0.14395207 -0.46973973  0.20653794  0.26142102 -0.64332949
 -0.01636837  0.3838711   0.02277215  0.03965312 -0.54970106  0.53105438
  0.55652918  0.56276312  0.64108451  0.23315998 -0.17052728  0.57202766
 -0.17307822  0.41722468 -0.6160981   0.1219282   0.34332649 -0.62964782
 -0.00582205 -0.22884043  0.07277459 -0.29677975  0.27540854 -0.4927072
 -0.29799532 -0.82435126 -0.5012464  -0.22710227 -0.19682578]
2647,[ 0.20145014  0.10525235 -0.094267    0.13229484  0.37006297  0.08886058
 -0.04405286  0.65102387  0.35153961 -0.53123847 -0.04538236 -0.11988521
  0.18059938  0.43016992 -0.32594072  0.2300808  -0.10914009 -0.62097549
  0.10428475  0.14395464 -0.46974011  0.20653565  0.26142024 -0.64333311
 -0.01637209  0.38386931  0.02277884  0.03965088 -0.54970401  0.53106045
  0.55652335  0.5627647   0.64108719  0.2331601  -0.17052502  0.5720283
 -0.17308068  0.41722305 -0.61609706  0.12192554  0.34332709 -0.62964335
 -0.00582721 -0.22884087  0.07277155 -0.29678065  0.27541179 -0.49269993
 -0.29799948 -0.82435075 -0.50124809 -0.22710164 -0.19682697]
2648,[ 0.20145443  0.10525408 -0.09427798  0.13229721  0.37006542  0.08885795
 -0.04404901  0.65101977  0.35153538 -0.53123668 -0.04538173 -0.1198806
  0.18059711  0.43017425 -0.32594085  0.23008441 -0.10913781 -0.62097412
  0.10428232  0.14395721 -0.46974048  0.20653335  0.26141947 -0.64333672
 -0.01637581  0.38386752  0.02278552  0.03964865 -0.54970696  0.5310665
  0.55651752  0.56276627  0.64108987  0.23316021 -0.17052276  0.57202893
 -0.17308314  0.41722142 -0.61609603  0.1219229   0.34332768 -0.62963888
 -0.00583236 -0.22884131  0.0727685  -0.29678154  0.27541505 -0.49269266
 -0.29800363 -0.82435025 -0.50124977 -0.22710101 -0.19682816]
2649,[ 0.20145871  0.1052558  -0.09428895  0.13229958  0.37006786  0.08885533
 -0.04404516  0.65101567  0.35153115 -0.5312349  -0.04538111 -0.11987601
  0.18059484  0.43017857 -0.32594098  0.23008801 -0.10913553 -0.62097275
  0.10427989  0.14395978 -0.46974086  0.20653105  0.2614187  -0.64334033
 -0.01637953  0.38386573  0.02279219  0.03964642 -0.5497099   0.53107255
  0.5565117   0.56276784  0.64109254  0.23316032 -0.1705205   0.57202957
 -0.1730856   0.41721979 -0.61609499  0.12192025  0.34332827 -0.62963442
 -0.0058375  -0.22884174  0.07276546 -0.29678244  0.2754183  -0.49268541
 -0.29800778 -0.82434975 -0.50125146 -0.22710038 -0.19682935]
2650,[ 0.20146298  0.10525752 -0.09429991  0.13230195  0.37007031  0.08885271
 -0.04404132  0.65101157  0.35152692 -0.53123312 -0.04538049 -0.11987142
  0.18059257  0.43018288 -0.32594112  0.23009161 -0.10913325 -0.62097139
  0.10427747  0.14396235 -0.46974123  0.20652876  0.26141792 -0.64334394
 -0.01638324  0.38386395  0.02279885  0.03964419 -0.54971285  0.5310786
  0.55650589  0.56276942  0.64109521  0.23316043 -0.17051824  0.5720302
 -0.17308806  0.41721816 -0.61609396  0.12191761  0.34332887 -0.62962996
 -0.00584264 -0.22884218  0.07276243 -0.29678334  0.27542155 -0.49267816
 -0.29801192 -0.82434924 -0.50125314 -0.22709975 -0.19683053]
2651,[ 0.20146725  0.10525924 -0.09431085  0.13230431  0.37007275  0.08885009
 -0.04403749  0.65100749  0.3515227  -0.53123134 -0.04537987 -0.11986683
  0.18059031  0.43018719 -0.32594125  0.2300952  -0.10913097 -0.62097002
  0.10427504  0.14396491 -0.46974161  0.20652647  0.26141715 -0.64334754
 -0.01638694  0.38386216  0.0228055   0.03964197 -0.54971579  0.53108463
  0.55650008  0.56277098  0.64109788  0.23316054 -0.17051599  0.57203084
 -0.17309051  0.41721654 -0.61609293  0.12191497  0.34332946 -0.6296255
 -0.00584777 -0.22884262  0.0727594  -0.29678423  0.27542479 -0.49267092
 -0.29801606 -0.82434874 -0.50125482 -0.22709912 -0.19683172]
2652,[ 0.20147152  0.10526096 -0.09432178  0.13230667  0.37007518  0.08884748
 -0.04403366  0.6510034   0.35151848 -0.53122957 -0.04537926 -0.11986225
  0.18058805  0.4301915  -0.32594138  0.23009879 -0.10912869 -0.62096866
  0.10427262  0.14396747 -0.46974198  0.20652419  0.26141638 -0.64335114
 -0.01639064  0.38386038  0.02281215  0.03963974 -0.54971872  0.53109066
  0.55649428  0.56277255  0.64110055  0.23316065 -0.17051374  0.57203147
 -0.17309296  0.41721491 -0.6160919   0.12191234  0.34333005 -0.62962105
 -0.0058529  -0.22884306  0.07275637 -0.29678513  0.27542803 -0.49266369
 -0.29802019 -0.82434824 -0.5012565  -0.2270985  -0.1968329 ]
2653,[ 0.20147578  0.10526267 -0.0943327   0.13230903  0.37007762  0.08884487
 -0.04402983  0.65099932  0.35151427 -0.53122779 -0.04537864 -0.11985767
  0.18058579  0.4301958  -0.32594151  0.23010238 -0.10912642 -0.6209673
  0.10427021  0.14397003 -0.46974235  0.2065219   0.26141561 -0.64335474
 -0.01639434  0.3838586   0.02281879  0.03963752 -0.54972166  0.53109668
  0.55648849  0.56277412  0.64110321  0.23316076 -0.17051149  0.5720321
 -0.17309541  0.41721329 -0.61609087  0.1219097   0.34333064 -0.62961661
 -0.00585802 -0.22884349  0.07275334 -0.29678602  0.27543127 -0.49265647
 -0.29802432 -0.82434774 -0.50125818 -0.22709787 -0.19683408]
2654,[ 0.20148003  0.10526438 -0.0943436   0.13231139  0.37008005  0.08884226
 -0.04402601  0.65099525  0.35151006 -0.53122602 -0.04537802 -0.1198531
  0.18058354  0.43020009 -0.32594164  0.23010596 -0.10912415 -0.62096594
  0.10426779  0.14397258 -0.46974272  0.20651962  0.26141484 -0.64335833
 -0.01639804  0.38385683  0.02282543  0.0396353  -0.54972458  0.5311027
  0.5564827   0.56277568  0.64110587  0.23316087 -0.17050925  0.57203273
 -0.17309786  0.41721167 -0.61608984  0.12190707  0.34333123 -0.62961217
 -0.00586313 -0.22884393  0.07275032 -0.29678691  0.2754345  -0.49264925
 -0.29802844 -0.82434724 -0.50125985 -0.22709725 -0.19683526]
2655,[ 0.20148428  0.10526609 -0.0943545   0.13231374  0.37008248  0.08883966
 -0.04402219  0.65099118  0.35150585 -0.53122425 -0.04537741 -0.11984853
  0.18058129  0.43020438 -0.32594178  0.23010954 -0.10912188 -0.62096458
  0.10426538  0.14397514 -0.4697431   0.20651734  0.26141408 -0.64336192
 -0.01640173  0.38385505  0.02283205  0.03963309 -0.54972751  0.53110871
  0.55647692  0.56277724  0.64110853  0.23316098 -0.17050701  0.57203336
 -0.1731003   0.41721006 -0.61608881  0.12190445  0.34333182 -0.62960773
 -0.00586824 -0.22884437  0.0727473  -0.2967878   0.27543773 -0.49264205
 -0.29803256 -0.82434674 -0.50126153 -0.22709662 -0.19683644]
2656,[ 0.20148853  0.1052678  -0.09436538  0.13231609  0.37008491  0.08883706
 -0.04401838  0.65098711  0.35150166 -0.53122248 -0.04537679 -0.11984397
  0.18057904  0.43020867 -0.32594191  0.23011311 -0.10911962 -0.62096322
  0.10426297  0.14397768 -0.46974347  0.20651507  0.26141331 -0.6433655
 -0.01640541  0.38385328  0.02283867  0.03963088 -0.54973043  0.53111471
  0.55647115  0.5627788   0.64111118  0.23316109 -0.17050477  0.57203399
 -0.17310274  0.41720844 -0.61608778  0.12190182  0.34333241 -0.6296033
 -0.00587334 -0.2288448   0.07274429 -0.29678869  0.27544096 -0.49263485
 -0.29803668 -0.82434624 -0.5012632  -0.227096   -0.19683762]
2657,[ 0.20149277  0.10526951 -0.09437625  0.13231844  0.37008733  0.08883446
 -0.04401457  0.65098305  0.35149746 -0.53122071 -0.04537617 -0.11983942
  0.18057679  0.43021295 -0.32594204  0.23011668 -0.10911736 -0.62096187
  0.10426056  0.14398023 -0.46974384  0.2065128   0.26141254 -0.64336908
 -0.01640909  0.3838515   0.02284528  0.03962867 -0.54973335  0.5311207
  0.55646538  0.56278036  0.64111384  0.2331612  -0.17050253  0.57203462
 -0.17310518  0.41720683 -0.61608676  0.1218992   0.34333299 -0.62959888
 -0.00587844 -0.22884524  0.07274128 -0.29678958  0.27544418 -0.49262766
 -0.29804079 -0.82434574 -0.50126487 -0.22709538 -0.19683879]
2658,[ 0.20149701  0.10527121 -0.0943871   0.13232078  0.37008975  0.08883186
 -0.04401076  0.65097899  0.35149327 -0.53121895 -0.04537556 -0.11983487
  0.18057455  0.43021722 -0.32594217  0.23012025 -0.1091151  -0.62096051
  0.10425816  0.14398277 -0.46974421  0.20651052  0.26141178 -0.64337265
 -0.01641277  0.38384973  0.02285188  0.03962646 -0.54973627  0.53112669
  0.55645962  0.56278192  0.64111648  0.23316131 -0.17050029  0.57203525
 -0.17310761  0.41720522 -0.61608573  0.12189658  0.34333358 -0.62959446
 -0.00588353 -0.22884567  0.07273827 -0.29679047  0.2754474  -0.49262048
 -0.29804489 -0.82434525 -0.50126654 -0.22709476 -0.19683997]
2659,[ 0.20150124  0.10527292 -0.09439795  0.13232313  0.37009217  0.08882927
 -0.04400696  0.65097494  0.35148909 -0.53121719 -0.04537495 -0.11983032
  0.18057231  0.43022149 -0.3259423   0.23012381 -0.10911284 -0.62095916
  0.10425576  0.14398531 -0.46974458  0.20650826  0.26141101 -0.64337622
 -0.01641644  0.38384797  0.02285848  0.03962425 -0.54973918  0.53113267
  0.55645386  0.56278347  0.64111913  0.23316142 -0.17049806  0.57203587
 -0.17311005  0.41720361 -0.61608471  0.12189397  0.34333417 -0.62959005
 -0.00588862 -0.2288461   0.07273526 -0.29679135  0.27545061 -0.4926133
 -0.29804899 -0.82434475 -0.5012682  -0.22709414 -0.19684114]
2660,[ 0.20150547  0.10527462 -0.09440878  0.13232547  0.37009459  0.08882668
 -0.04400317  0.65097089  0.35148491 -0.53121543 -0.04537433 -0.11982578
  0.18057007  0.43022576 -0.32594243  0.23012737 -0.10911059 -0.62095781
  0.10425336  0.14398785 -0.46974495  0.20650599  0.26141025 -0.64337979
 -0.01642011  0.3838462   0.02286507  0.03962205 -0.54974209  0.53113865
  0.55644812  0.56278503  0.64112177  0.23316153 -0.17049583  0.5720365
 -0.17311247  0.417202   -0.61608369  0.12189136  0.34333475 -0.62958564
 -0.0058937  -0.22884654  0.07273226 -0.29679224  0.27545382 -0.49260613
 -0.29805309 -0.82434425 -0.50126987 -0.22709351 -0.19684231]
2661,[ 0.20150969  0.10527632 -0.0944196   0.1323278   0.370097    0.08882409
 -0.04399937  0.65096685  0.35148073 -0.53121367 -0.04537372 -0.11982124
  0.18056783  0.43023002 -0.32594256  0.23013092 -0.10910834 -0.62095646
  0.10425097  0.14399039 -0.46974532  0.20650373  0.26140948 -0.64338335
 -0.01642377  0.38384444  0.02287165  0.03961985 -0.549745    0.53114461
  0.55644237  0.56278658  0.64112441  0.23316164 -0.1704936   0.57203713
 -0.1731149   0.41720039 -0.61608267  0.12188875  0.34333534 -0.62958123
 -0.00589877 -0.22884697  0.07272926 -0.29679312  0.27545703 -0.49259898
 -0.29805718 -0.82434376 -0.50127153 -0.22709289 -0.19684348]
2662,[ 0.20151391  0.10527801 -0.09443041  0.13233014  0.37009941  0.08882151
 -0.04399559  0.65096281  0.35147656 -0.53121191 -0.04537311 -0.11981671
  0.1805656   0.43023428 -0.32594269  0.23013447 -0.10910609 -0.62095511
  0.10424857  0.14399292 -0.46974569  0.20650147  0.26140872 -0.64338691
 -0.01642744  0.38384268  0.02287822  0.03961765 -0.5497479   0.53115058
  0.55643664  0.56278813  0.64112705  0.23316175 -0.17049138  0.57203775
 -0.17311732  0.41719879 -0.61608165  0.12188614  0.34333592 -0.62957683
 -0.00590384 -0.2288474   0.07272627 -0.29679401  0.27546023 -0.49259183
 -0.29806127 -0.82434326 -0.50127319 -0.22709228 -0.19684465]
2663,[ 0.20151812  0.10527971 -0.09444121  0.13233247  0.37010182  0.08881893
 -0.0439918   0.65095878  0.3514724  -0.53121016 -0.0453725  -0.11981219
  0.18056336  0.43023853 -0.32594282  0.23013802 -0.10910384 -0.62095377
  0.10424618  0.14399545 -0.46974606  0.20649921  0.26140796 -0.64339046
 -0.01643109  0.38384092  0.02288479  0.03961546 -0.5497508   0.53115653
  0.55643091  0.56278968  0.64112968  0.23316186 -0.17048916  0.57203838
 -0.17311974  0.41719718 -0.61608063  0.12188354  0.34333651 -0.62957244
 -0.00590891 -0.22884783  0.07272328 -0.29679489  0.27546343 -0.49258468
 -0.29806535 -0.82434277 -0.50127485 -0.22709166 -0.19684582]
2664,[ 0.20152233  0.1052814  -0.09445199  0.1323348   0.37010422  0.08881635
 -0.04398802  0.65095475  0.35146824 -0.53120841 -0.04537189 -0.11980767
  0.18056113  0.43024278 -0.32594295  0.23014156 -0.1091016  -0.62095242
  0.10424379  0.14399797 -0.46974643  0.20649695  0.2614072  -0.64339402
 -0.01643474  0.38383916  0.02289135  0.03961327 -0.5497537   0.53116248
  0.55642519  0.56279122  0.64113231  0.23316197 -0.17048694  0.572039
 -0.17312216  0.41719558 -0.61607961  0.12188094  0.34333709 -0.62956805
 -0.00591396 -0.22884826  0.07272029 -0.29679577  0.27546663 -0.49257755
 -0.29806943 -0.82434227 -0.5012765  -0.22709104 -0.19684699]
2665,[ 0.20152653  0.1052831  -0.09446276  0.13233712  0.37010662  0.08881377
 -0.04398425  0.65095072  0.35146408 -0.53120665 -0.04537128 -0.11980315
  0.18055891  0.43024702 -0.32594308  0.2301451  -0.10909935 -0.62095108
  0.10424141  0.14400049 -0.46974679  0.2064947   0.26140644 -0.64339756
 -0.01643839  0.3838374   0.0228979   0.03961108 -0.54975659  0.53116842
  0.55641947  0.56279277  0.64113494  0.23316208 -0.17048472  0.57203962
 -0.17312458  0.41719398 -0.6160786   0.12187834  0.34333767 -0.62956366
 -0.00591901 -0.2288487   0.0727173  -0.29679665  0.27546982 -0.49257042
 -0.2980735  -0.82434178 -0.50127816 -0.22709042 -0.19684815]
2666,[ 0.20153073  0.10528478 -0.09447352  0.13233945  0.37010902  0.0888112
 -0.04398048  0.6509467   0.35145993 -0.53120491 -0.04537067 -0.11979864
  0.18055668  0.43025126 -0.32594321  0.23014863 -0.10909711 -0.62094974
  0.10423903  0.14400302 -0.46974716  0.20649245  0.26140568 -0.6434011
 -0.01644204  0.38383565  0.02290444  0.03960889 -0.54975948  0.53117435
  0.55641376  0.56279431  0.64113756  0.23316219 -0.17048251  0.57204024
 -0.17312699  0.41719238 -0.61607758  0.12187574  0.34333825 -0.62955928
 -0.00592406 -0.22884913  0.07271432 -0.29679753  0.27547301 -0.49256331
 -0.29807757 -0.82434128 -0.50127981 -0.22708981 -0.19684932]
2667,[ 0.20153493  0.10528647 -0.09448427  0.13234177  0.37011142  0.08880863
 -0.04397671  0.65094269  0.35145578 -0.53120316 -0.04537006 -0.11979414
  0.18055446  0.43025549 -0.32594334  0.23015216 -0.10909488 -0.6209484
  0.10423665  0.14400553 -0.46974753  0.2064902   0.26140492 -0.64340464
 -0.01644568  0.3838339   0.02291098  0.0396067  -0.54976237  0.53118028
  0.55640806  0.56279585  0.64114019  0.2331623  -0.17048029  0.57204087
 -0.1731294   0.41719079 -0.61607657  0.12187315  0.34333883 -0.62955491
 -0.0059291  -0.22884956  0.07271134 -0.29679841  0.2754762  -0.4925562
 -0.29808164 -0.82434079 -0.50128146 -0.22708919 -0.19685048]
2668,[ 0.20153911  0.10528816 -0.094495    0.13234409  0.37011381  0.08880606
 -0.04397295  0.65093868  0.35145164 -0.53120142 -0.04536946 -0.11978964
  0.18055224  0.43025972 -0.32594347  0.23015569 -0.10909264 -0.62094706
  0.10423427  0.14400805 -0.46974789  0.20648796  0.26140417 -0.64340818
 -0.01644931  0.38383215  0.02291751  0.03960452 -0.54976525  0.5311862
  0.55640236  0.56279739  0.64114281  0.23316241 -0.17047808  0.57204149
 -0.17313181  0.41718919 -0.61607555  0.12187056  0.34333941 -0.62955054
 -0.00593414 -0.22884998  0.07270837 -0.29679929  0.27547938 -0.49254909
 -0.2980857  -0.8243403  -0.50128311 -0.22708858 -0.19685164]
2669,[ 0.2015433   0.10528984 -0.09450573  0.1323464   0.3701162   0.0888035
 -0.04396919  0.65093467  0.3514475  -0.53119967 -0.04536885 -0.11978514
  0.18055003  0.43026394 -0.3259436   0.23015921 -0.10909041 -0.62094572
  0.1042319   0.14401056 -0.46974826  0.20648571  0.26140341 -0.64341171
 -0.01645294  0.3838304   0.02292403  0.03960234 -0.54976813  0.53119212
  0.55639667  0.56279893  0.64114542  0.23316251 -0.17047588  0.57204211
 -0.17313421  0.4171876  -0.61607454  0.12186798  0.34333999 -0.62954617
 -0.00593916 -0.22885041  0.0727054  -0.29680017  0.27548256 -0.492542
 -0.29808975 -0.82433981 -0.50128476 -0.22708796 -0.1968528 ]
2670,[ 0.20154748  0.10529152 -0.09451644  0.13234872  0.37011859  0.08880094
 -0.04396544  0.65093067  0.35144337 -0.53119793 -0.04536824 -0.11978065
  0.18054781  0.43026816 -0.32594373  0.23016273 -0.10908818 -0.62094439
  0.10422953  0.14401307 -0.46974863  0.20648347  0.26140266 -0.64341524
 -0.01645657  0.38382865  0.02293055  0.03960016 -0.54977101  0.53119802
  0.55639099  0.56280046  0.64114803  0.23316262 -0.17047367  0.57204273
 -0.17313661  0.41718601 -0.61607353  0.12186539  0.34334057 -0.62954181
 -0.00594419 -0.22885084  0.07270243 -0.29680104  0.27548573 -0.49253492
 -0.2980938  -0.82433932 -0.5012864  -0.22708735 -0.19685396]
2671,[ 0.20155165  0.1052932  -0.09452714  0.13235103  0.37012098  0.08879838
 -0.04396169  0.65092667  0.35143924 -0.53119619 -0.04536764 -0.11977617
  0.1805456   0.43027237 -0.32594386  0.23016624 -0.10908596 -0.62094305
  0.10422716  0.14401557 -0.46974899  0.20648123  0.2614019  -0.64341876
 -0.0164602   0.38382691  0.02293705  0.03959799 -0.54977388  0.53120393
  0.55638531  0.562802    0.64115064  0.23316273 -0.17047147  0.57204335
 -0.17313901  0.41718442 -0.61607252  0.12186281  0.34334115 -0.62953746
 -0.00594921 -0.22885127  0.07269947 -0.29680192  0.27548891 -0.49252784
 -0.29809785 -0.82433883 -0.50128805 -0.22708673 -0.19685512]
2672,[ 0.20155582  0.10529488 -0.09453782  0.13235334  0.37012336  0.08879582
 -0.04395794  0.65092268  0.35143512 -0.53119446 -0.04536703 -0.11977169
  0.18054339  0.43027658 -0.32594399  0.23016975 -0.10908373 -0.62094172
  0.10422479  0.14401808 -0.46974936  0.206479    0.26140115 -0.64342228
 -0.01646381  0.38382517  0.02294355  0.03959581 -0.54977676  0.53120982
  0.55637964  0.56280353  0.64115325  0.23316284 -0.17046927  0.57204396
 -0.17314141  0.41718284 -0.61607151  0.12186024  0.34334173 -0.62953311
 -0.00595422 -0.2288517   0.0726965  -0.29680279  0.27549207 -0.49252077
 -0.29810189 -0.82433834 -0.50128969 -0.22708612 -0.19685627]
2673,[ 0.20155999  0.10529656 -0.0945485   0.13235564  0.37012574  0.08879327
 -0.0439542   0.65091869  0.351431   -0.53119272 -0.04536643 -0.11976722
  0.18054118  0.43028079 -0.32594412  0.23017326 -0.10908151 -0.62094039
  0.10422243  0.14402058 -0.46974972  0.20647677  0.26140039 -0.64342579
 -0.01646743  0.38382343  0.02295004  0.03959364 -0.54977962  0.53121571
  0.55637397  0.56280506  0.64115585  0.23316295 -0.17046707  0.57204458
 -0.1731438   0.41718125 -0.61607051  0.12185766  0.34334231 -0.62952876
 -0.00595922 -0.22885212  0.07269355 -0.29680367  0.27549524 -0.49251371
 -0.29810592 -0.82433785 -0.50129133 -0.22708551 -0.19685743]
2674,[ 0.20156415  0.10529823 -0.09455916  0.13235795  0.37012812  0.08879072
 -0.04395046  0.65091471  0.35142688 -0.53119099 -0.04536583 -0.11976275
  0.18053898  0.43028499 -0.32594425  0.23017676 -0.10907929 -0.62093906
  0.10422007  0.14402307 -0.46975009  0.20647454  0.26139964 -0.6434293
 -0.01647104  0.38382169  0.02295653  0.03959147 -0.54978249  0.53122159
  0.55636832  0.56280659  0.64115846  0.23316306 -0.17046488  0.5720452
 -0.17314619  0.41717967 -0.6160695   0.12185509  0.34334288 -0.62952442
 -0.00596422 -0.22885255  0.07269059 -0.29680454  0.2754984  -0.49250665
 -0.29810996 -0.82433736 -0.50129297 -0.2270849  -0.19685858]
2675,[ 0.20156831  0.10529991 -0.09456981  0.13236025  0.3701305   0.08878818
 -0.04394673  0.65091073  0.35142277 -0.53118926 -0.04536522 -0.11975828
  0.18053678  0.43028918 -0.32594438  0.23018026 -0.10907707 -0.62093773
  0.10421771  0.14402557 -0.46975045  0.20647231  0.26139889 -0.64343281
 -0.01647465  0.38381995  0.02296301  0.03958931 -0.54978535  0.53122746
  0.55636266  0.56280812  0.64116105  0.23316316 -0.17046268  0.57204581
 -0.17314858  0.41717809 -0.6160685   0.12185252  0.34334346 -0.62952008
 -0.00596922 -0.22885298  0.07268764 -0.29680541  0.27550156 -0.4924996
 -0.29811398 -0.82433687 -0.5012946  -0.22708429 -0.19685973]
2676,[ 0.20157246  0.10530158 -0.09458045  0.13236254  0.37013287  0.08878563
 -0.043943    0.65090675  0.35141867 -0.53118753 -0.04536462 -0.11975382
  0.18053458  0.43029337 -0.32594451  0.23018375 -0.10907486 -0.6209364
  0.10421535  0.14402806 -0.46975081  0.20647008  0.26139814 -0.64343631
 -0.01647825  0.38381822  0.02296948  0.03958715 -0.54978821  0.53123333
  0.55635702  0.56280964  0.64116365  0.23316327 -0.17046049  0.57204643
 -0.17315097  0.41717651 -0.61606749  0.12184996  0.34334403 -0.62951575
 -0.00597421 -0.2288534   0.07268469 -0.29680628  0.27550471 -0.49249257
 -0.29811801 -0.82433638 -0.50129624 -0.22708368 -0.19686088]
2677,[ 0.20157661  0.10530325 -0.09459108  0.13236484  0.37013524  0.08878309
 -0.04393928  0.65090278  0.35141457 -0.5311858  -0.04536402 -0.11974937
  0.18053238  0.43029756 -0.32594464  0.23018724 -0.10907265 -0.62093508
  0.104213    0.14403055 -0.46975118  0.20646786  0.26139739 -0.64343981
 -0.01648185  0.38381649  0.02297594  0.03958498 -0.54979106  0.53123919
  0.55635138  0.56281117  0.64116624  0.23316338 -0.17045831  0.57204704
 -0.17315335  0.41717493 -0.61606649  0.12184739  0.34334461 -0.62951143
 -0.00597919 -0.22885383  0.07268175 -0.29680715  0.27550786 -0.49248554
 -0.29812203 -0.82433589 -0.50129787 -0.22708307 -0.19686203]
2678,[ 0.20158075  0.10530491 -0.09460169  0.13236713  0.37013761  0.08878055
 -0.04393556  0.65089881  0.35141047 -0.53118408 -0.04536342 -0.11974492
  0.18053019  0.43030174 -0.32594476  0.23019073 -0.10907044 -0.62093375
  0.10421065  0.14403304 -0.46975154  0.20646564  0.26139664 -0.64344331
 -0.01648545  0.38381476  0.0229824   0.03958283 -0.54979391  0.53124505
  0.55634575  0.56281269  0.64116883  0.23316349 -0.17045612  0.57204766
 -0.17315573  0.41717335 -0.61606549  0.12184484  0.34334518 -0.62950711
 -0.00598417 -0.22885425  0.07267881 -0.29680802  0.27551101 -0.49247851
 -0.29812604 -0.82433541 -0.5012995  -0.22708246 -0.19686318]
2679,[ 0.20158489  0.10530658 -0.0946123   0.13236942  0.37013997  0.08877802
 -0.04393184  0.65089485  0.35140638 -0.53118235 -0.04536282 -0.11974047
  0.18052799  0.43030591 -0.32594489  0.23019421 -0.10906823 -0.62093243
  0.1042083   0.14403552 -0.4697519   0.20646342  0.2613959  -0.6434468
 -0.01648904  0.38381303  0.02298885  0.03958067 -0.54979676  0.5312509
  0.55634012  0.56281421  0.64117142  0.23316359 -0.17045394  0.57204827
 -0.17315811  0.41717178 -0.61606449  0.12184228  0.34334576 -0.62950279
 -0.00598914 -0.22885467  0.07267587 -0.29680888  0.27551415 -0.4924715
 -0.29813005 -0.82433492 -0.50130113 -0.22708186 -0.19686433]
2680,[ 0.20158902  0.10530824 -0.09462289  0.13237171  0.37014233  0.08877549
 -0.04392813  0.65089089  0.35140229 -0.53118063 -0.04536222 -0.11973604
  0.18052581  0.43031008 -0.32594502  0.23019769 -0.10906603 -0.62093111
  0.10420596  0.144038   -0.46975226  0.20646121  0.26139515 -0.64345028
 -0.01649262  0.3838113   0.02299529  0.03957852 -0.5497996   0.53125674
  0.5563345   0.56281573  0.641174    0.2331637  -0.17045176  0.57204888
 -0.17316048  0.41717021 -0.61606349  0.12183972  0.34334633 -0.62949848
 -0.00599411 -0.2288551   0.07267293 -0.29680975  0.27551729 -0.49246449
 -0.29813406 -0.82433444 -0.50130276 -0.22708125 -0.19686548]
2681,[ 0.20159315  0.1053099  -0.09463347  0.13237399  0.37014469  0.08877296
 -0.04392442  0.65088694  0.35139821 -0.53117891 -0.04536162 -0.1197316
  0.18052362  0.43031425 -0.32594515  0.23020117 -0.10906383 -0.62092979
  0.10420362  0.14404048 -0.46975262  0.20645899  0.2613944  -0.64345377
 -0.01649621  0.38380958  0.02300172  0.03957637 -0.54980245  0.53126257
  0.55632889  0.56281725  0.64117658  0.23316381 -0.17044958  0.5720495
 -0.17316286  0.41716864 -0.61606249  0.12183717  0.3433469  -0.62949417
 -0.00599907 -0.22885552  0.07267    -0.29681061  0.27552043 -0.49245749
 -0.29813806 -0.82433395 -0.50130438 -0.22708064 -0.19686662]
2682,[ 0.20159727  0.10531156 -0.09464403  0.13237628  0.37014705  0.08877043
 -0.04392072  0.65088299  0.35139414 -0.5311772  -0.04536102 -0.11972717
  0.18052143  0.43031841 -0.32594528  0.23020464 -0.10906163 -0.62092847
  0.10420128  0.14404295 -0.46975298  0.20645678  0.26139366 -0.64345725
 -0.01649979  0.38380785  0.02300815  0.03957422 -0.54980529  0.5312684
  0.55632328  0.56281876  0.64117916  0.23316392 -0.1704474   0.57205011
 -0.17316523  0.41716707 -0.61606149  0.12183462  0.34334747 -0.62948987
 -0.00600403 -0.22885594  0.07266708 -0.29681148  0.27552356 -0.4924505
 -0.29814205 -0.82433347 -0.501306   -0.22708004 -0.19686776]
2683,[ 0.20160139  0.10531322 -0.09465459  0.13237856  0.3701494   0.08876791
 -0.04391702  0.65087905  0.35139006 -0.53117548 -0.04536043 -0.11972275
  0.18051925  0.43032257 -0.3259454   0.23020811 -0.10905943 -0.62092716
  0.10419894  0.14404543 -0.46975334  0.20645458  0.26139291 -0.64346072
 -0.01650336  0.38380613  0.02301457  0.03957207 -0.54980812  0.53127422
  0.55631768  0.56282028  0.64118173  0.23316402 -0.17044523  0.57205072
 -0.17316759  0.4171655  -0.6160605   0.12183208  0.34334804 -0.62948557
 -0.00600898 -0.22885637  0.07266415 -0.29681234  0.27552669 -0.49244352
 -0.29814604 -0.82433298 -0.50130763 -0.22707943 -0.19686891]
2684,[ 0.2016055   0.10531487 -0.09466513  0.13238083  0.37015175  0.08876539
 -0.04391332  0.65087511  0.35138599 -0.53117377 -0.04535983 -0.11971833
  0.18051707  0.43032672 -0.32594553  0.23021157 -0.10905724 -0.62092584
  0.1041966   0.1440479  -0.4697537   0.20645237  0.26139217 -0.64346419
 -0.01650693  0.38380441  0.02302098  0.03956993 -0.54981095  0.53128004
  0.55631208  0.56282179  0.64118431  0.23316413 -0.17044306  0.57205133
 -0.17316996  0.41716393 -0.6160595   0.12182954  0.34334861 -0.62948128
 -0.00601392 -0.22885679  0.07266123 -0.2968132   0.27552981 -0.49243655
 -0.29815003 -0.8243325  -0.50130925 -0.22707883 -0.19687005]
2685,[ 0.20160961  0.10531653 -0.09467567  0.13238311  0.3701541   0.08876287
 -0.04390963  0.65087117  0.35138193 -0.53117206 -0.04535923 -0.11971391
  0.18051489  0.43033087 -0.32594566  0.23021503 -0.10905505 -0.62092453
  0.10419427  0.14405036 -0.46975406  0.20645017  0.26139143 -0.64346766
 -0.0165105   0.3838027   0.02302739  0.03956779 -0.54981378  0.53128585
  0.55630649  0.5628233   0.64118688  0.23316424 -0.17044089  0.57205194
 -0.17317232  0.41716237 -0.61605851  0.121827    0.34334918 -0.629477
 -0.00601886 -0.22885721  0.07265831 -0.29681406  0.27553293 -0.49242958
 -0.29815401 -0.82433202 -0.50131086 -0.22707823 -0.19687119]
2686,[ 0.20161372  0.10531818 -0.09468619  0.13238538  0.37015645  0.08876035
 -0.04390595  0.65086724  0.35137787 -0.53117035 -0.04535864 -0.1197095
  0.18051272  0.43033501 -0.32594579  0.23021848 -0.10905286 -0.62092322
  0.10419194  0.14405283 -0.46975442  0.20644797  0.26139069 -0.64347112
 -0.01651406  0.38380098  0.02303379  0.03956565 -0.54981661  0.53129165
  0.55630091  0.56282481  0.64118944  0.23316434 -0.17043873  0.57205255
 -0.17317468  0.41716081 -0.61605752  0.12182446  0.34334975 -0.62947271
 -0.0060238  -0.22885763  0.0726554  -0.29681492  0.27553605 -0.49242262
 -0.29815799 -0.82433153 -0.50131248 -0.22707762 -0.19687232]
2687,[ 0.20161782  0.10531983 -0.09469669  0.13238765  0.37015879  0.08875784
 -0.04390226  0.65086332  0.35137382 -0.53116864 -0.04535804 -0.1197051
  0.18051055  0.43033915 -0.32594591  0.23022193 -0.10905067 -0.62092191
  0.10418962  0.14405529 -0.46975478  0.20644577  0.26138994 -0.64347458
 -0.01651762  0.38379927  0.02304018  0.03956351 -0.54981943  0.53129745
  0.55629534  0.56282631  0.641192    0.23316445 -0.17043656  0.57205315
 -0.17317703  0.41715925 -0.61605653  0.12182193  0.34335032 -0.62946844
 -0.00602872 -0.22885805  0.07265248 -0.29681578  0.27553917 -0.49241567
 -0.29816196 -0.82433105 -0.50131409 -0.22707702 -0.19687346]
2688,[ 0.20162192  0.10532148 -0.09470719  0.13238992  0.37016113  0.08875533
 -0.04389859  0.6508594   0.35136977 -0.53116693 -0.04535745 -0.1197007
  0.18050838  0.43034328 -0.32594604  0.23022538 -0.10904849 -0.6209206
  0.10418729  0.14405775 -0.46975514  0.20644357  0.2613892  -0.64347804
 -0.01652118  0.38379756  0.02304656  0.03956138 -0.54982225  0.53130323
  0.55628977  0.56282782  0.64119457  0.23316456 -0.1704344   0.57205376
 -0.17317939  0.41715769 -0.61605554  0.1218194   0.34335089 -0.62946416
 -0.00603365 -0.22885847  0.07264958 -0.29681664  0.27554228 -0.49240872
 -0.29816593 -0.82433057 -0.50131571 -0.22707642 -0.1968746 ]
2689,[ 0.20162601  0.10532313 -0.09471767  0.13239218  0.37016347  0.08875282
 -0.04389491  0.65085548  0.35136572 -0.53116523 -0.04535686 -0.11969631
  0.18050621  0.43034741 -0.32594617  0.23022882 -0.1090463  -0.62091929
  0.10418497  0.1440602  -0.4697555   0.20644138  0.26138847 -0.64348149
 -0.01652473  0.38379585  0.02305294  0.03955924 -0.54982507  0.53130902
  0.5562842   0.56282932  0.64119712  0.23316466 -0.17043225  0.57205437
 -0.17318174  0.41715613 -0.61605455  0.12181687  0.34335145 -0.6294599
 -0.00603856 -0.22885889  0.07264667 -0.2968175   0.27554539 -0.49240179
 -0.2981699  -0.82433009 -0.50131732 -0.22707582 -0.19687573]
2690,[ 0.20163009  0.10532477 -0.09472815  0.13239444  0.37016581  0.08875032
 -0.04389124  0.65085157  0.35136168 -0.53116353 -0.04535627 -0.11969192
  0.18050405  0.43035154 -0.32594629  0.23023226 -0.10904412 -0.62091799
  0.10418265  0.14406266 -0.46975586  0.20643919  0.26138773 -0.64348494
 -0.01652827  0.38379414  0.02305931  0.03955711 -0.54982788  0.53131479
  0.55627865  0.56283082  0.64119968  0.23316477 -0.17043009  0.57205497
 -0.17318409  0.41715458 -0.61605356  0.12181434  0.34335202 -0.62945563
 -0.00604347 -0.22885931  0.07264377 -0.29681836  0.27554849 -0.49239486
 -0.29817386 -0.82432961 -0.50131893 -0.22707522 -0.19687686]
2691,[ 0.20163418  0.10532641 -0.09473861  0.1323967   0.37016814  0.08874782
 -0.04388757  0.65084766  0.35135764 -0.53116183 -0.04535567 -0.11968753
  0.18050188  0.43035566 -0.32594642  0.2302357  -0.10904195 -0.62091668
  0.10418034  0.14406511 -0.46975621  0.206437    0.26138699 -0.64348838
 -0.01653182  0.38379244  0.02306567  0.03955499 -0.54983069  0.53132056
  0.55627309  0.56283232  0.64120223  0.23316487 -0.17042794  0.57205558
 -0.17318643  0.41715303 -0.61605257  0.12181182  0.34335259 -0.62945137
 -0.00604838 -0.22885973  0.07264087 -0.29681921  0.27555159 -0.49238794
 -0.29817781 -0.82432913 -0.50132053 -0.22707462 -0.196878  ]
2692,[ 0.20163825  0.10532805 -0.09474906  0.13239896  0.37017047  0.08874532
 -0.04388391  0.65084375  0.35135361 -0.53116013 -0.04535508 -0.11968315
  0.18049972  0.43035977 -0.32594655  0.23023913 -0.10903977 -0.62091538
  0.10417802  0.14406755 -0.46975657  0.20643482  0.26138625 -0.64349182
 -0.01653535  0.38379074  0.02307202  0.03955286 -0.5498335   0.53132633
  0.55626755  0.56283382  0.64120478  0.23316498 -0.17042579  0.57205618
 -0.17318878  0.41715147 -0.61605159  0.1218093   0.34335315 -0.62944712
 -0.00605328 -0.22886014  0.07263798 -0.29682007  0.27555469 -0.49238103
 -0.29818176 -0.82432865 -0.50132214 -0.22707402 -0.19687913]
2693,[ 0.20164233  0.10532969 -0.09475949  0.13240121  0.3701728   0.08874282
 -0.04388025  0.65083985  0.35134959 -0.53115843 -0.04535449 -0.11967878
  0.18049757  0.43036388 -0.32594667  0.23024256 -0.1090376  -0.62091408
  0.10417571  0.14407    -0.46975693  0.20643263  0.26138552 -0.64349526
 -0.01653889  0.38378903  0.02307837  0.03955074 -0.5498363   0.53133208
  0.55626201  0.56283532  0.64120732  0.23316509 -0.17042364  0.57205679
 -0.17319112  0.41714992 -0.6160506   0.12180678  0.34335372 -0.62944287
 -0.00605817 -0.22886056  0.07263508 -0.29682092  0.27555778 -0.49237412
 -0.29818571 -0.82432817 -0.50132374 -0.22707342 -0.19688025]
2694,[ 0.20164639  0.10533133 -0.09476992  0.13240347  0.37017512  0.08874033
 -0.0438766   0.65083596  0.35134556 -0.53115674 -0.0453539  -0.11967441
  0.18049541  0.43036799 -0.3259468   0.23024598 -0.10903543 -0.62091278
  0.1041734   0.14407244 -0.46975728  0.20643045  0.26138478 -0.64349869
 -0.01654242  0.38378733  0.02308471  0.03954862 -0.5498391   0.53133783
  0.55625648  0.56283681  0.64120987  0.23316519 -0.17042149  0.57205739
 -0.17319345  0.41714838 -0.61604962  0.12180427  0.34335428 -0.62943863
 -0.00606306 -0.22886098  0.0726322  -0.29682177  0.27556087 -0.49236723
 -0.29818965 -0.8243277  -0.50132534 -0.22707283 -0.19688138]
2695,[ 0.20165046  0.10533297 -0.09478033  0.13240571  0.37017744  0.08873784
 -0.04387295  0.65083207  0.35134154 -0.53115505 -0.04535331 -0.11967004
  0.18049326  0.43037209 -0.32594692  0.23024941 -0.10903326 -0.62091148
  0.1041711   0.14407488 -0.46975764  0.20642827  0.26138405 -0.64350212
 -0.01654595  0.38378564  0.02309105  0.0395465  -0.5498419   0.53134358
  0.55625095  0.56283831  0.64121241  0.2331653  -0.17041935  0.57205799
 -0.17319579  0.41714683 -0.61604864  0.12180176  0.34335484 -0.62943439
 -0.00606795 -0.22886139  0.07262931 -0.29682262  0.27556396 -0.49236034
 -0.29819359 -0.82432722 -0.50132694 -0.22707223 -0.19688251]
2696,[ 0.20165452  0.1053346  -0.09479073  0.13240796  0.37017976  0.08873535
 -0.04386931  0.65082818  0.35133753 -0.53115336 -0.04535272 -0.11966568
  0.18049111  0.43037619 -0.32594705  0.23025282 -0.1090311  -0.62091018
  0.1041688   0.14407732 -0.46975799  0.2064261   0.26138331 -0.64350555
 -0.01654947  0.38378394  0.02309737  0.03954439 -0.54984469  0.53134931
  0.55624543  0.5628398   0.64121494  0.2331654  -0.17041721  0.57205859
 -0.17319812  0.41714529 -0.61604765  0.12179925  0.34335541 -0.62943015
 -0.00607283 -0.22886181  0.07262643 -0.29682347  0.27556704 -0.49235346
 -0.29819753 -0.82432674 -0.50132854 -0.22707163 -0.19688363]
2697,[ 0.20165857  0.10533623 -0.09480112  0.13241021  0.37018208  0.08873287
 -0.04386566  0.6508243   0.35133352 -0.53115167 -0.04535214 -0.11966133
  0.18048896  0.43038028 -0.32594718  0.23025623 -0.10902894 -0.62090889
  0.1041665   0.14407975 -0.46975835  0.20642393  0.26138258 -0.64350897
 -0.01655299  0.38378225  0.02310369  0.03954228 -0.54984748  0.53135504
  0.55623992  0.56284129  0.64121748  0.23316551 -0.17041507  0.57205919
 -0.17320045  0.41714374 -0.61604667  0.12179674  0.34335597 -0.62942592
 -0.0060777  -0.22886223  0.07262355 -0.29682432  0.27557012 -0.49234658
 -0.29820145 -0.82432626 -0.50133014 -0.22707104 -0.19688476]
2698,[ 0.20166262  0.10533786 -0.0948115   0.13241245  0.37018439  0.08873039
 -0.04386203  0.65082042  0.35132952 -0.53114998 -0.04535155 -0.11965698
  0.18048681  0.43038437 -0.3259473   0.23025964 -0.10902678 -0.62090759
  0.1041642   0.14408218 -0.4697587   0.20642175  0.26138185 -0.64351239
 -0.0165565   0.38378056  0.02311     0.03954017 -0.54985027  0.53136077
  0.55623441  0.56284278  0.64122001  0.23316561 -0.17041293  0.57205979
 -0.17320278  0.4171422  -0.6160457   0.12179424  0.34335653 -0.6294217
 -0.00608257 -0.22886264  0.07262067 -0.29682517  0.2755732  -0.49233972
 -0.29820538 -0.82432579 -0.50133173 -0.22707044 -0.19688588]
2699,[ 0.20166667  0.10533949 -0.09482187  0.13241469  0.37018671  0.08872791
 -0.04385839  0.65081655  0.35132552 -0.5311483  -0.04535096 -0.11965263
  0.18048467  0.43038845 -0.32594743  0.23026305 -0.10902462 -0.6209063
  0.1041619   0.14408461 -0.46975906  0.20641959  0.26138112 -0.6435158
 -0.01656002  0.38377887  0.02311631  0.03953806 -0.54985305  0.53136649
  0.55622891  0.56284426  0.64122254  0.23316572 -0.1704108   0.57206039
 -0.1732051   0.41714066 -0.61604472  0.12179174  0.34335709 -0.62941748
 -0.00608743 -0.22886305  0.0726178  -0.29682602  0.27557627 -0.49233286
 -0.2982093  -0.82432531 -0.50133332 -0.22706985 -0.196887  ]
2700,[ 0.20167071  0.10534111 -0.09483222  0.13241692  0.37018902  0.08872543
 -0.04385476  0.65081268  0.35132152 -0.53114661 -0.04535038 -0.11964829
  0.18048253  0.43039253 -0.32594755  0.23026645 -0.10902246 -0.62090501
  0.10415961  0.14408703 -0.46975941  0.20641742  0.26138039 -0.64351921
 -0.01656352  0.38377718  0.02312261  0.03953595 -0.54985584  0.5313722
  0.55622342  0.56284575  0.64122507  0.23316582 -0.17040867  0.57206099
 -0.17320743  0.41713913 -0.61604374  0.12178924  0.34335765 -0.62941326
 -0.00609228 -0.22886347  0.07261493 -0.29682687  0.27557934 -0.49232601
 -0.29821322 -0.82432484 -0.50133491 -0.22706926 -0.19688812]
2701,[ 0.20167474  0.10534274 -0.09484257  0.13241916  0.37019132  0.08872296
 -0.04385114  0.65080881  0.35131753 -0.53114493 -0.04534979 -0.11964396
  0.18048039  0.4303966  -0.32594768  0.23026985 -0.10902031 -0.62090372
  0.10415732  0.14408946 -0.46975976  0.20641526  0.26137966 -0.64352261
 -0.01656703  0.38377549  0.0231289   0.03953385 -0.54985861  0.5313779
  0.55621793  0.56284723  0.64122759  0.23316593 -0.17040654  0.57206159
 -0.17320974  0.41713759 -0.61604276  0.12178675  0.34335821 -0.62940905
 -0.00609714 -0.22886388  0.07261206 -0.29682771  0.27558241 -0.49231917
 -0.29821713 -0.82432436 -0.5013365  -0.22706866 -0.19688924]
2702,[ 0.20167878  0.10534436 -0.0948529   0.13242139  0.37019363  0.08872049
 -0.04384752  0.65080495  0.35131354 -0.53114325 -0.04534921 -0.11963962
  0.18047826  0.43040067 -0.3259478   0.23027324 -0.10901816 -0.62090243
  0.10415503  0.14409188 -0.46976012  0.2064131   0.26137893 -0.64352602
 -0.01657052  0.38377381  0.02313518  0.03953175 -0.54986139  0.5313836
  0.55621245  0.56284871  0.64123011  0.23316603 -0.17040441  0.57206219
 -0.17321206  0.41713606 -0.61604179  0.12178426  0.34335877 -0.62940485
 -0.00610198 -0.2288643   0.0726092  -0.29682856  0.27558547 -0.49231233
 -0.29822103 -0.82432389 -0.50133809 -0.22706807 -0.19689036]
2703,[ 0.2016828   0.10534598 -0.09486322  0.13242362  0.37019593  0.08871802
 -0.0438439   0.6508011   0.35130956 -0.53114158 -0.04534862 -0.1196353
  0.18047612  0.43040473 -0.32594793  0.23027663 -0.10901601 -0.62090114
  0.10415275  0.14409429 -0.46976047  0.20641094  0.2613782  -0.64352941
 -0.01657402  0.38377213  0.02314146  0.03952965 -0.54986416  0.53138929
  0.55620697  0.56285019  0.64123263  0.23316614 -0.17040228  0.57206279
 -0.17321438  0.41713452 -0.61604082  0.12178177  0.34335932 -0.62940065
 -0.00610682 -0.22886471  0.07260634 -0.2968294   0.27558853 -0.4923055
 -0.29822494 -0.82432342 -0.50133967 -0.22706748 -0.19689148]
2704,[ 0.20168683  0.1053476  -0.09487353  0.13242584  0.37019823  0.08871556
 -0.04384029  0.65079725  0.35130558 -0.5311399  -0.04534804 -0.11963098
  0.18047399  0.43040879 -0.32594805  0.23028002 -0.10901387 -0.62089986
  0.10415047  0.14409671 -0.46976082  0.20640878  0.26137747 -0.64353281
 -0.01657751  0.38377045  0.02314773  0.03952755 -0.54986693  0.53139498
  0.5562015   0.56285167  0.64123514  0.23316624 -0.17040016  0.57206338
 -0.17321669  0.41713299 -0.61603984  0.12177928  0.34335988 -0.62939645
 -0.00611165 -0.22886512  0.07260349 -0.29683024  0.27559159 -0.49229868
 -0.29822883 -0.82432295 -0.50134126 -0.22706689 -0.19689259]
2705,[ 0.20169084  0.10534922 -0.09488383  0.13242807  0.37020052  0.0887131
 -0.04383668  0.6507934   0.35130161 -0.53113823 -0.04534746 -0.11962666
  0.18047186  0.43041285 -0.32594817  0.2302834  -0.10901173 -0.62089857
  0.10414819  0.14409912 -0.46976117  0.20640663  0.26137675 -0.6435362
 -0.016581    0.38376877  0.02315399  0.03952546 -0.5498697   0.53140066
  0.55619603  0.56285315  0.64123765  0.23316635 -0.17039804  0.57206398
 -0.173219    0.41713146 -0.61603887  0.1217768   0.34336044 -0.62939226
 -0.00611648 -0.22886553  0.07260063 -0.29683109  0.27559464 -0.49229187
 -0.29823273 -0.82432247 -0.50134284 -0.2270663  -0.19689371]
2706,[ 0.20169486  0.10535083 -0.09489411  0.13243029  0.37020282  0.08871064
 -0.04383308  0.65078955  0.35129764 -0.53113656 -0.04534688 -0.11962235
  0.18046974  0.4304169  -0.3259483   0.23028678 -0.10900958 -0.62089729
  0.10414591  0.14410153 -0.46976152  0.20640448  0.26137602 -0.64353958
 -0.01658448  0.38376709  0.02316025  0.03952337 -0.54987246  0.53140633
  0.55619058  0.56285462  0.64124016  0.23316645 -0.17039593  0.57206457
 -0.1732213   0.41712994 -0.6160379   0.12177432  0.34336099 -0.62938807
 -0.00612131 -0.22886594  0.07259778 -0.29683193  0.27559769 -0.49228507
 -0.29823662 -0.824322   -0.50134442 -0.22706571 -0.19689482]
2707,[ 0.20169887  0.10535245 -0.09490438  0.13243251  0.37020511  0.08870818
 -0.04382948  0.65078572  0.35129368 -0.53113489 -0.04534629 -0.11961804
  0.18046761  0.43042095 -0.32594842  0.23029015 -0.10900745 -0.62089601
  0.10414363  0.14410394 -0.46976187  0.20640233  0.2613753  -0.64354297
 -0.01658796  0.38376542  0.0231665   0.03952128 -0.54987522  0.531412
  0.55618512  0.56285609  0.64124267  0.23316655 -0.17039381  0.57206517
 -0.17322361  0.41712841 -0.61603693  0.12177184  0.34336155 -0.62938389
 -0.00612613 -0.22886635  0.07259494 -0.29683277  0.27560073 -0.49227827
 -0.2982405  -0.82432153 -0.501346   -0.22706512 -0.19689593]
2708,[ 0.20170287  0.10535406 -0.09491465  0.13243473  0.3702074   0.08870573
 -0.04382588  0.65078188  0.35128972 -0.53113322 -0.04534571 -0.11961374
  0.18046549  0.43042499 -0.32594855  0.23029352 -0.10900531 -0.62089473
  0.10414136  0.14410634 -0.46976222  0.20640018  0.26137458 -0.64354635
 -0.01659144  0.38376374  0.02317274  0.03951919 -0.54987798  0.53141766
  0.55617968  0.56285757  0.64124517  0.23316666 -0.1703917   0.57206576
 -0.17322591  0.41712689 -0.61603596  0.12176937  0.34336211 -0.62937971
 -0.00613094 -0.22886676  0.07259209 -0.29683361  0.27560378 -0.49227148
 -0.29824438 -0.82432106 -0.50134757 -0.22706454 -0.19689704]
2709,[ 0.20170687  0.10535567 -0.0949249   0.13243694  0.37020968  0.08870328
 -0.04382229  0.65077805  0.35128576 -0.53113155 -0.04534513 -0.11960945
  0.18046337  0.43042902 -0.32594867  0.23029689 -0.10900318 -0.62089345
  0.10413909  0.14410874 -0.46976257  0.20639804  0.26137385 -0.64354972
 -0.01659491  0.38376207  0.02317897  0.03951711 -0.54988073  0.53142331
  0.55617424  0.56285904  0.64124767  0.23316676 -0.17038959  0.57206635
 -0.17322821  0.41712537 -0.616035    0.1217669   0.34336266 -0.62937554
 -0.00613575 -0.22886717  0.07258925 -0.29683444  0.27560681 -0.4922647
 -0.29824826 -0.82432059 -0.50134915 -0.22706395 -0.19689815]
2710,[ 0.20171087  0.10535728 -0.09493514  0.13243915  0.37021197  0.08870083
 -0.0438187   0.65077423  0.35128181 -0.53112989 -0.04534455 -0.11960515
  0.18046126  0.43043306 -0.3259488   0.23030025 -0.10900105 -0.62089218
  0.10413683  0.14411114 -0.46976292  0.20639589  0.26137313 -0.64355309
 -0.01659838  0.3837604   0.0231852   0.03951503 -0.54988348  0.53142896
  0.55616881  0.5628605   0.64125017  0.23316686 -0.17038748  0.57206695
 -0.1732305   0.41712385 -0.61603403  0.12176443  0.34336321 -0.62937137
 -0.00614055 -0.22886758  0.07258642 -0.29683528  0.27560985 -0.49225793
 -0.29825213 -0.82432012 -0.50135072 -0.22706336 -0.19689926]
2711,[ 0.20171486  0.10535888 -0.09494536  0.13244136  0.37021425  0.08869838
 -0.04381511  0.6507704   0.35127787 -0.53112823 -0.04534398 -0.11960087
  0.18045914  0.43043708 -0.32594892  0.23030361 -0.10899892 -0.6208909
  0.10413456  0.14411353 -0.46976327  0.20639376  0.26137241 -0.64355646
 -0.01660184  0.38375874  0.02319142  0.03951295 -0.54988623  0.5314346
  0.55616338  0.56286197  0.64125267  0.23316697 -0.17038538  0.57206754
 -0.1732328   0.41712233 -0.61603307  0.12176196  0.34336377 -0.62936721
 -0.00614534 -0.22886799  0.07258358 -0.29683612  0.27561288 -0.49225116
 -0.298256   -0.82431965 -0.50135229 -0.22706278 -0.19690036]
2712,[ 0.20171885  0.10536049 -0.09495558  0.13244357  0.37021652  0.08869594
 -0.04381153  0.65076659  0.35127392 -0.53112657 -0.0453434  -0.11959659
  0.18045703  0.43044111 -0.32594904  0.23030697 -0.10899679 -0.62088963
  0.1041323   0.14411593 -0.46976362  0.20639162  0.26137169 -0.64355982
 -0.0166053   0.38375707  0.02319763  0.03951087 -0.54988897  0.53144023
  0.55615796  0.56286344  0.64125516  0.23316707 -0.17038327  0.57206813
 -0.17323509  0.41712081 -0.6160321   0.1217595   0.34336432 -0.62936305
 -0.00615014 -0.2288684   0.07258075 -0.29683695  0.27561591 -0.4922444
 -0.29825986 -0.82431918 -0.50135386 -0.22706219 -0.19690147]
2713,[ 0.20172283  0.10536209 -0.09496578  0.13244577  0.3702188   0.0886935
 -0.04380796  0.65076277  0.35126999 -0.53112491 -0.04534282 -0.11959231
  0.18045492  0.43044513 -0.32594917  0.23031032 -0.10899467 -0.62088835
  0.10413004  0.14411832 -0.46976397  0.20638948  0.26137097 -0.64356318
 -0.01660876  0.38375541  0.02320384  0.0395088  -0.54989171  0.53144586
  0.55615254  0.5628649   0.64125765  0.23316718 -0.17038117  0.57206872
 -0.17323737  0.4171193  -0.61603114  0.12175704  0.34336487 -0.6293589
 -0.00615492 -0.22886881  0.07257792 -0.29683779  0.27561893 -0.49223765
 -0.29826372 -0.82431872 -0.50135543 -0.22706161 -0.19690257]
2714,[ 0.20172681  0.10536369 -0.09497598  0.13244797  0.37022107  0.08869106
 -0.04380438  0.65075897  0.35126605 -0.53112325 -0.04534224 -0.11958804
  0.18045281  0.43044914 -0.32594929  0.23031367 -0.10899255 -0.62088708
  0.10412778  0.14412071 -0.46976432  0.20638735  0.26137025 -0.64356654
 -0.01661221  0.38375375  0.02321004  0.03950672 -0.54989445  0.53145149
  0.55614713  0.56286636  0.64126013  0.23316728 -0.17037907  0.57206931
 -0.17323966  0.41711778 -0.61603018  0.12175458  0.34336542 -0.62935475
 -0.0061597  -0.22886922  0.0725751  -0.29683862  0.27562196 -0.49223091
 -0.29826758 -0.82431825 -0.501357   -0.22706102 -0.19690368]
2715,[ 0.20173078  0.10536529 -0.09498616  0.13245017  0.37022334  0.08868863
 -0.04380082  0.65075516  0.35126213 -0.5311216  -0.04534167 -0.11958377
  0.18045071  0.43045315 -0.32594941  0.23031701 -0.10899043 -0.62088581
  0.10412553  0.14412309 -0.46976467  0.20638522  0.26136953 -0.64356989
 -0.01661566  0.38375209  0.02321623  0.03950465 -0.54989718  0.5314571
  0.55614173  0.56286782  0.64126262  0.23316738 -0.17037698  0.5720699
 -0.17324194  0.41711627 -0.61602922  0.12175212  0.34336597 -0.6293506
 -0.00616448 -0.22886962  0.07257228 -0.29683945  0.27562497 -0.49222417
 -0.29827143 -0.82431778 -0.50135856 -0.22706044 -0.19690478]
2716,[ 0.20173475  0.10536688 -0.09499633  0.13245237  0.37022561  0.0886862
 -0.04379725  0.65075136  0.3512582  -0.53111995 -0.04534109 -0.11957951
  0.18044861  0.43045716 -0.32594953  0.23032035 -0.10898831 -0.62088454
  0.10412328  0.14412547 -0.46976501  0.20638309  0.26136882 -0.64357324
 -0.0166191   0.38375043  0.02322242  0.03950258 -0.54989992  0.53146271
  0.55613633  0.56286928  0.6412651   0.23316748 -0.17037488  0.57207049
 -0.17324422  0.41711476 -0.61602826  0.12174967  0.34336652 -0.62934646
 -0.00616925 -0.22887003  0.07256946 -0.29684029  0.27562799 -0.49221745
 -0.29827527 -0.82431732 -0.50136012 -0.22705986 -0.19690588]
2717,[ 0.20173871  0.10536848 -0.09500649  0.13245456  0.37022788  0.08868377
 -0.04379369  0.65074757  0.35125428 -0.5311183  -0.04534052 -0.11957525
  0.18044651  0.43046116 -0.32594966  0.23032369 -0.1089862  -0.62088328
  0.10412103  0.14412785 -0.46976536  0.20638097  0.2613681  -0.64357658
 -0.01662254  0.38374877  0.02322859  0.03950052 -0.54990265  0.53146831
  0.55613094  0.56287074  0.64126758  0.23316759 -0.17037279  0.57207107
 -0.1732465   0.41711325 -0.6160273   0.12174722  0.34336707 -0.62934233
 -0.00617401 -0.22887044  0.07256665 -0.29684112  0.275631   -0.49221072
 -0.29827911 -0.82431685 -0.50136168 -0.22705927 -0.19690698]
2718,[ 0.20174267  0.10537007 -0.09501664  0.13245675  0.37023014  0.08868134
 -0.04379014  0.65074377  0.35125037 -0.53111665 -0.04533994 -0.11957099
  0.18044441  0.43046515 -0.32594978  0.23032702 -0.10898409 -0.62088201
  0.10411878  0.14413023 -0.46976571  0.20637885  0.26136738 -0.64357993
 -0.01662598  0.38374712  0.02323477  0.03949846 -0.54990537  0.53147391
  0.55612556  0.56287219  0.64127005  0.23316769 -0.1703707   0.57207166
 -0.17324878  0.41711175 -0.61602634  0.12174477  0.34336762 -0.6293382
 -0.00617877 -0.22887084  0.07256383 -0.29684195  0.27563401 -0.49220401
 -0.29828295 -0.82431638 -0.50136324 -0.22705869 -0.19690807]
2719,[ 0.20174663  0.10537167 -0.09502677  0.13245894  0.3702324   0.08867892
 -0.04378658  0.65073999  0.35124645 -0.531115   -0.04533937 -0.11956675
  0.18044231  0.43046915 -0.3259499   0.23033035 -0.10898198 -0.62088075
  0.10411654  0.1441326  -0.46976605  0.20637673  0.26136667 -0.64358326
 -0.01662941  0.38374547  0.02324093  0.03949639 -0.54990809  0.5314795
  0.55612018  0.56287364  0.64127252  0.23316779 -0.17036862  0.57207225
 -0.17325105  0.41711024 -0.61602539  0.12174233  0.34336817 -0.62933407
 -0.00618352 -0.22887125  0.07256103 -0.29684278  0.27563701 -0.49219731
 -0.29828678 -0.82431592 -0.5013648  -0.22705811 -0.19690917]
2720,[ 0.20175058  0.10537325 -0.0950369   0.13246113  0.37023466  0.0886765
 -0.04378303  0.6507362   0.35124255 -0.53111335 -0.0453388  -0.1195625
  0.18044022  0.43047313 -0.32595003  0.23033367 -0.10897987 -0.62087949
  0.1041143   0.14413497 -0.4697664   0.20637461  0.26136595 -0.6435866
 -0.01663284  0.38374382  0.02324709  0.03949434 -0.54991081  0.53148508
  0.55611481  0.5628751   0.64127499  0.2331679  -0.17036653  0.57207283
 -0.17325332  0.41710874 -0.61602443  0.12173989  0.34336872 -0.62932995
 -0.00618827 -0.22887165  0.07255822 -0.2968436   0.27564001 -0.49219061
 -0.29829061 -0.82431546 -0.50136635 -0.22705753 -0.19691027]
2721,[ 0.20175452  0.10537484 -0.09504701  0.13246331  0.37023691  0.08867408
 -0.04377949  0.65073243  0.35123865 -0.53111171 -0.04533822 -0.11955826
  0.18043813  0.43047712 -0.32595015  0.230337   -0.10897776 -0.62087823
  0.10411206  0.14413734 -0.46976674  0.20637249  0.26136524 -0.64358993
 -0.01663627  0.38374217  0.02325324  0.03949228 -0.54991353  0.53149066
  0.55610944  0.56287655  0.64127746  0.233168   -0.17036445  0.57207342
 -0.17325559  0.41710724 -0.61602348  0.12173745  0.34336926 -0.62932583
 -0.00619301 -0.22887206  0.07255542 -0.29684443  0.27564301 -0.49218392
 -0.29829444 -0.82431499 -0.50136791 -0.22705695 -0.19691136]
2722,[ 0.20175847  0.10537643 -0.09505711  0.1324655   0.37023917  0.08867166
 -0.04377595  0.65072865  0.35123475 -0.53111007 -0.04533765 -0.11955403
  0.18043604  0.43048109 -0.32595027  0.23034031 -0.10897566 -0.62087697
  0.10410982  0.14413971 -0.46976709  0.20637038  0.26136453 -0.64359325
 -0.01663969  0.38374052  0.02325938  0.03949023 -0.54991624  0.53149623
  0.55610408  0.56287799  0.64127992  0.2331681  -0.17036237  0.572074
 -0.17325785  0.41710574 -0.61602252  0.12173501  0.34336981 -0.62932172
 -0.00619775 -0.22887246  0.07255262 -0.29684526  0.27564601 -0.49217724
 -0.29829826 -0.82431453 -0.50136946 -0.22705637 -0.19691245]
2723,[ 0.2017624   0.10537801 -0.0950672   0.13246767  0.37024142  0.08866925
 -0.04377241  0.65072488  0.35123086 -0.53110843 -0.04533708 -0.1195498
  0.18043395  0.43048507 -0.32595039  0.23034363 -0.10897356 -0.62087571
  0.10410759  0.14414207 -0.46976743  0.20636827  0.26136382 -0.64359657
 -0.0166431   0.38373888  0.02326552  0.03948817 -0.54991895  0.5315018
  0.55609873  0.56287944  0.64128239  0.2331682  -0.17036029  0.57207458
 -0.17326012  0.41710424 -0.61602157  0.12173258  0.34337035 -0.62931761
 -0.00620248 -0.22887286  0.07254982 -0.29684608  0.275649   -0.49217056
 -0.29830207 -0.82431407 -0.50137101 -0.2270558  -0.19691355]
2724,[ 0.20176634  0.1053796  -0.09507728  0.13246985  0.37024366  0.08866684
 -0.04376888  0.65072112  0.35122697 -0.53110679 -0.04533651 -0.11954557
  0.18043187  0.43048904 -0.32595051  0.23034694 -0.10897146 -0.62087445
  0.10410535  0.14414443 -0.46976778  0.20636616  0.26136311 -0.64359989
 -0.01664652  0.38373723  0.02327165  0.03948612 -0.54992166  0.53150736
  0.55609338  0.56288089  0.64128484  0.23316831 -0.17035822  0.57207517
 -0.17326238  0.41710274 -0.61602062  0.12173015  0.3433709  -0.62931351
 -0.00620721 -0.22887327  0.07254703 -0.29684691  0.27565199 -0.49216389
 -0.29830588 -0.8243136  -0.50137256 -0.22705522 -0.19691464]
2725,[ 0.20177027  0.10538118 -0.09508735  0.13247203  0.37024591  0.08866443
 -0.04376535  0.65071735  0.35122308 -0.53110516 -0.04533594 -0.11954136
  0.18042979  0.430493   -0.32595064  0.23035024 -0.10896937 -0.6208732
  0.10410313  0.14414679 -0.46976812  0.20636406  0.2613624  -0.64360321
 -0.01664993  0.38373559  0.02327777  0.03948408 -0.54992437  0.53151291
  0.55608804  0.56288233  0.6412873   0.23316841 -0.17035615  0.57207575
 -0.17326463  0.41710125 -0.61601967  0.12172772  0.34337144 -0.62930941
 -0.00621193 -0.22887367  0.07254424 -0.29684773  0.27565497 -0.49215723
 -0.29830969 -0.82431314 -0.5013741  -0.22705464 -0.19691572]
2726,[ 0.20177419  0.10538276 -0.0950974   0.1324742   0.37024815  0.08866203
 -0.04376183  0.6507136   0.3512192  -0.53110352 -0.04533537 -0.11953714
  0.18042771  0.43049696 -0.32595076  0.23035355 -0.10896728 -0.62087194
  0.1041009   0.14414915 -0.46976847  0.20636195  0.26136169 -0.64360652
 -0.01665333  0.38373395  0.02328389  0.03948203 -0.54992707  0.53151846
  0.5560827   0.56288377  0.64128975  0.23316851 -0.17035408  0.57207633
 -0.17326689  0.41709975 -0.61601872  0.1217253   0.34337199 -0.62930532
 -0.00621665 -0.22887407  0.07254145 -0.29684855  0.27565795 -0.49215058
 -0.29831349 -0.82431268 -0.50137565 -0.22705407 -0.19691681]
2727,[ 0.20177811  0.10538433 -0.09510745  0.13247637  0.37025039  0.08865963
 -0.04375831  0.65070984  0.35121533 -0.53110189 -0.04533481 -0.11953293
  0.18042563  0.43050092 -0.32595088  0.23035685 -0.10896519 -0.62087069
  0.10409868  0.1441515  -0.46976881  0.20635985  0.26136098 -0.64360983
 -0.01665674  0.38373232  0.02329     0.03947999 -0.54992976  0.531524
  0.55607737  0.56288521  0.6412922   0.23316861 -0.17035201  0.57207691
 -0.17326914  0.41709826 -0.61601778  0.12172287  0.34337253 -0.62930123
 -0.00622136 -0.22887447  0.07253867 -0.29684937  0.27566093 -0.49214394
 -0.29831729 -0.82431222 -0.50137719 -0.22705349 -0.1969179 ]
2728,[ 0.20178202  0.10538591 -0.09511748  0.13247853  0.37025263  0.08865723
 -0.04375479  0.65070609  0.35121145 -0.53110026 -0.04533424 -0.11952872
  0.18042356  0.43050487 -0.325951    0.23036014 -0.1089631  -0.62086944
  0.10409645  0.14415385 -0.46976915  0.20635775  0.26136027 -0.64361313
 -0.01666013  0.38373068  0.0232961   0.03947795 -0.54993246  0.53152953
  0.55607205  0.56288665  0.64129465  0.23316871 -0.17034994  0.57207749
 -0.17327139  0.41709677 -0.61601683  0.12172045  0.34337307 -0.62929715
 -0.00622606 -0.22887488  0.07253589 -0.29685019  0.2756639  -0.4921373
 -0.29832108 -0.82431176 -0.50137873 -0.22705292 -0.19691899]
2729,[ 0.20178594  0.10538748 -0.0951275   0.1324807   0.37025486  0.08865483
 -0.04375128  0.65070235  0.35120759 -0.53109863 -0.04533367 -0.11952452
  0.18042149  0.43050882 -0.32595112  0.23036343 -0.10896101 -0.62086819
  0.10409424  0.1441562  -0.46976949  0.20635566  0.26135957 -0.64361643
 -0.01666353  0.38372905  0.0233022   0.03947591 -0.54993515  0.53153506
  0.55606673  0.56288809  0.6412971   0.23316881 -0.17034788  0.57207807
 -0.17327364  0.41709528 -0.61601588  0.12171804  0.34337361 -0.62929307
 -0.00623076 -0.22887528  0.07253311 -0.29685101  0.27566687 -0.49213067
 -0.29832487 -0.8243113  -0.50138027 -0.22705234 -0.19692007]
2730,[ 0.20178984  0.10538906 -0.09513752  0.13248286  0.3702571   0.08865244
 -0.04374777  0.65069861  0.35120372 -0.531097   -0.0453331  -0.11952033
  0.18041942  0.43051276 -0.32595124  0.23036672 -0.10895893 -0.62086694
  0.10409202  0.14415854 -0.46976984  0.20635356  0.26135886 -0.64361973
 -0.01666692  0.38372741  0.02330829  0.03947388 -0.54993784  0.53154058
  0.55606141  0.56288952  0.64129954  0.23316892 -0.17034582  0.57207865
 -0.17327588  0.4170938  -0.61601494  0.12171562  0.34337416 -0.62928899
 -0.00623546 -0.22887568  0.07253034 -0.29685183  0.27566984 -0.49212404
 -0.29832866 -0.82431084 -0.50138181 -0.22705177 -0.19692115]
2731,[ 0.20179374  0.10539063 -0.09514751  0.13248502  0.37025933  0.08865005
 -0.04374427  0.65069487  0.35119987 -0.53109538 -0.04533254 -0.11951614
  0.18041735  0.4305167  -0.32595136  0.23037001 -0.10895685 -0.62086569
  0.1040898   0.14416088 -0.46977018  0.20635147  0.26135815 -0.64362302
 -0.01667031  0.38372578  0.02331437  0.03947184 -0.54994053  0.5315461
  0.55605611  0.56289096  0.64130198  0.23316902 -0.17034376  0.57207923
 -0.17327812  0.41709231 -0.616014    0.12171321  0.3433747  -0.62928492
 -0.00624015 -0.22887608  0.07252757 -0.29685265  0.27567281 -0.49211743
 -0.29833244 -0.82431038 -0.50138335 -0.2270512  -0.19692223]
2732,[ 0.20179764  0.10539219 -0.0951575   0.13248718  0.37026155  0.08864766
 -0.04374077  0.65069114  0.35119601 -0.53109375 -0.04533197 -0.11951195
  0.18041529  0.43052063 -0.32595148  0.23037329 -0.10895477 -0.62086445
  0.10408759  0.14416322 -0.46977052  0.20634938  0.26135745 -0.64362631
 -0.01667369  0.38372416  0.02332044  0.03946981 -0.54994321  0.53155161
  0.55605081  0.56289239  0.64130441  0.23316912 -0.17034171  0.57207981
 -0.17328036  0.41709083 -0.61601305  0.1217108   0.34337524 -0.62928085
 -0.00624483 -0.22887648  0.0725248  -0.29685347  0.27567577 -0.49211082
 -0.29833622 -0.82430993 -0.50138488 -0.22705062 -0.19692331]
2733,[ 0.20180154  0.10539376 -0.09516748  0.13248933  0.37026378  0.08864527
 -0.04373727  0.65068741  0.35119216 -0.53109213 -0.04533141 -0.11950777
  0.18041322  0.43052456 -0.3259516   0.23037656 -0.10895269 -0.6208632
  0.10408538  0.14416556 -0.46977086  0.2063473   0.26135675 -0.64362959
 -0.01667707  0.38372253  0.02332651  0.03946778 -0.54994589  0.53155711
  0.55604551  0.56289382  0.64130685  0.23316922 -0.17033965  0.57208038
 -0.1732826   0.41708935 -0.61601211  0.1217084   0.34337578 -0.62927679
 -0.00624951 -0.22887687  0.07252204 -0.29685428  0.27567872 -0.49210422
 -0.29833999 -0.82430947 -0.50138641 -0.22705005 -0.19692439]
2734,[ 0.20180542  0.10539533 -0.09517745  0.13249149  0.370266    0.08864289
 -0.04373378  0.65068369  0.35118832 -0.53109051 -0.04533085 -0.11950359
  0.18041116  0.43052849 -0.32595172  0.23037984 -0.10895062 -0.62086196
  0.10408318  0.14416789 -0.4697712   0.20634521  0.26135604 -0.64363287
 -0.01668044  0.38372091  0.02333257  0.03946576 -0.54994857  0.53156261
  0.55604023  0.56289525  0.64130928  0.23316932 -0.1703376   0.57208096
 -0.17328484  0.41708787 -0.61601117  0.12170599  0.34337632 -0.62927274
 -0.00625419 -0.22887727  0.07251928 -0.2968551   0.27568168 -0.49209763
 -0.29834376 -0.82430901 -0.50138794 -0.22704948 -0.19692547]
2735,[ 0.20180931  0.10539689 -0.0951874   0.13249364  0.37026822  0.08864051
 -0.04373029  0.65067997  0.35118448 -0.5310889  -0.04533028 -0.11949942
  0.18040911  0.43053241 -0.32595184  0.23038311 -0.10894855 -0.62086072
  0.10408097  0.14417023 -0.46977154  0.20634313  0.26135534 -0.64363615
 -0.01668381  0.38371928  0.02333863  0.03946373 -0.54995124  0.5315681
  0.55603494  0.56289668  0.64131171  0.23316942 -0.17033555  0.57208154
 -0.17328707  0.41708639 -0.61601023  0.12170359  0.34337685 -0.62926868
 -0.00625885 -0.22887767  0.07251652 -0.29685591  0.27568463 -0.49209104
 -0.29834752 -0.82430856 -0.50138947 -0.22704891 -0.19692655]
2736,[ 0.20181319  0.10539845 -0.09519734  0.13249578  0.37027044  0.08863813
 -0.0437268   0.65067625  0.35118064 -0.53108728 -0.04532972 -0.11949525
  0.18040705  0.43053632 -0.32595197  0.23038637 -0.10894648 -0.62085948
  0.10407877  0.14417256 -0.46977188  0.20634105  0.26135464 -0.64363942
 -0.01668718  0.38371766  0.02334467  0.03946171 -0.54995391  0.53157358
  0.55602967  0.5628981   0.64131413  0.23316952 -0.1703335   0.57208211
 -0.1732893   0.41708491 -0.61600929  0.1217012   0.34337739 -0.62926464
 -0.00626352 -0.22887807  0.07251376 -0.29685672  0.27568758 -0.49208446
 -0.29835128 -0.8243081  -0.501391   -0.22704834 -0.19692763]
2737,[ 0.20181707  0.10540001 -0.09520728  0.13249793  0.37027265  0.08863576
 -0.04372332  0.65067254  0.35117681 -0.53108567 -0.04532916 -0.11949109
  0.180405    0.43054023 -0.32595209  0.23038964 -0.10894441 -0.62085824
  0.10407657  0.14417488 -0.46977222  0.20633897  0.26135394 -0.64364269
 -0.01669055  0.38371604  0.02335071  0.03945969 -0.54995658  0.53157906
  0.5560244   0.56289953  0.64131656  0.23316962 -0.17033146  0.57208269
 -0.17329153  0.41708344 -0.61600836  0.1216988   0.34337793 -0.62926059
 -0.00626818 -0.22887847  0.07251101 -0.29685754  0.27569052 -0.49207789
 -0.29835504 -0.82430764 -0.50139253 -0.22704777 -0.1969287 ]
2738,[ 0.20182094  0.10540157 -0.0952172   0.13250007  0.37027487  0.08863339
 -0.04371985  0.65066884  0.35117298 -0.53108405 -0.0453286  -0.11948693
  0.18040295  0.43054414 -0.32595221  0.23039289 -0.10894235 -0.620857
  0.10407438  0.14417721 -0.46977256  0.2063369   0.26135324 -0.64364596
 -0.01669391  0.38371443  0.02335675  0.03945767 -0.54995924  0.53158453
  0.55601913  0.56290095  0.64131898  0.23316972 -0.17032942  0.57208326
 -0.17329375  0.41708197 -0.61600742  0.12169641  0.34337846 -0.62925655
 -0.00627283 -0.22887886  0.07250826 -0.29685835  0.27569346 -0.49207133
 -0.29835879 -0.82430719 -0.50139405 -0.2270472  -0.19692977]
2739,[ 0.2018248   0.10540313 -0.09522711  0.13250221  0.37027708  0.08863102
 -0.04371637  0.65066513  0.35116915 -0.53108244 -0.04532804 -0.11948277
  0.1804009   0.43054804 -0.32595232  0.23039615 -0.10894028 -0.62085577
  0.10407218  0.14417953 -0.46977289  0.20633482  0.26135254 -0.64364922
 -0.01669726  0.38371281  0.02336278  0.03945566 -0.54996191  0.53159
  0.55601387  0.56290237  0.64132139  0.23316982 -0.17032738  0.57208383
 -0.17329597  0.4170805  -0.61600649  0.12169402  0.343379   -0.62925252
 -0.00627748 -0.22887926  0.07250551 -0.29685916  0.2756964  -0.49206477
 -0.29836254 -0.82430674 -0.50139557 -0.22704664 -0.19693085]
2740,[ 0.20182867  0.10540468 -0.09523701  0.13250435  0.37027928  0.08862865
 -0.0437129   0.65066143  0.35116533 -0.53108084 -0.04532748 -0.11947862
  0.18039885  0.43055194 -0.32595244  0.2303994  -0.10893822 -0.62085453
  0.10406999  0.14418185 -0.46977323  0.20633275  0.26135184 -0.64365248
 -0.01670061  0.3837112   0.0233688   0.03945365 -0.54996457  0.53159546
  0.55600862  0.56290379  0.64132381  0.23316992 -0.17032534  0.57208441
 -0.17329819  0.41707903 -0.61600555  0.12169163  0.34337954 -0.62924849
 -0.00628212 -0.22887965  0.07250277 -0.29685997  0.27569933 -0.49205823
 -0.29836628 -0.82430628 -0.50139709 -0.22704607 -0.19693192]
2741,[ 0.20183253  0.10540623 -0.09524689  0.13250649  0.37028149  0.08862629
 -0.04370944  0.65065774  0.35116152 -0.53107923 -0.04532692 -0.11947448
  0.18039681  0.43055584 -0.32595256  0.23040265 -0.10893617 -0.6208533
  0.1040678   0.14418416 -0.46977357  0.20633069  0.26135115 -0.64365574
 -0.01670396  0.38370958  0.02337481  0.03945164 -0.54996722  0.53160091
  0.55600337  0.56290521  0.64132622  0.23317002 -0.1703233   0.57208498
 -0.17330041  0.41707756 -0.61600462  0.12168925  0.34338007 -0.62924447
 -0.00628676 -0.22888005  0.07250003 -0.29686078  0.27570226 -0.49205169
 -0.29837002 -0.82430583 -0.50139861 -0.2270455  -0.19693299]
2742,[ 0.20183638  0.10540778 -0.09525677  0.13250862  0.37028369  0.08862392
 -0.04370598  0.65065405  0.35115771 -0.53107762 -0.04532636 -0.11947034
  0.18039477  0.43055973 -0.32595268  0.23040589 -0.10893411 -0.62085207
  0.10406562  0.14418647 -0.46977391  0.20632862  0.26135045 -0.64365899
 -0.01670731  0.38370797  0.02338082  0.03944963 -0.54996987  0.53160636
  0.55599813  0.56290662  0.64132863  0.23317012 -0.17032127  0.57208555
 -0.17330262  0.41707609 -0.61600369  0.12168687  0.3433806  -0.62924044
 -0.00629139 -0.22888044  0.0724973  -0.29686158  0.27570519 -0.49204515
 -0.29837376 -0.82430538 -0.50140013 -0.22704494 -0.19693405]
2743,[ 0.20184023  0.10540933 -0.09526664  0.13251075  0.37028589  0.08862157
 -0.04370252  0.65065036  0.3511539  -0.53107602 -0.0453258  -0.11946621
  0.18039273  0.43056361 -0.3259528   0.23040913 -0.10893206 -0.62085084
  0.10406343  0.14418879 -0.46977424  0.20632656  0.26134975 -0.64366224
 -0.01671065  0.38370637  0.02338682  0.03944762 -0.54997252  0.5316118
  0.5559929   0.56290804  0.64133104  0.23317022 -0.17031924  0.57208612
 -0.17330484  0.41707463 -0.61600276  0.12168449  0.34338114 -0.62923643
 -0.00629601 -0.22888084  0.07249456 -0.29686239  0.27570812 -0.49203863
 -0.29837749 -0.82430492 -0.50140165 -0.22704437 -0.19693512]
2744,[ 0.20184407  0.10541088 -0.09527649  0.13251288  0.37028809  0.08861921
 -0.04369906  0.65064668  0.3511501  -0.53107442 -0.04532524 -0.11946207
  0.18039069  0.43056749 -0.32595292  0.23041237 -0.10893001 -0.62084961
  0.10406125  0.14419109 -0.46977458  0.20632449  0.26134906 -0.64366548
 -0.01671399  0.38370476  0.02339281  0.03944562 -0.54997517  0.53161723
  0.55598767  0.56290945  0.64133344  0.23317032 -0.17031721  0.57208669
 -0.17330705  0.41707316 -0.61600183  0.12168211  0.34338167 -0.62923242
 -0.00630064 -0.22888123  0.07249183 -0.2968632   0.27571104 -0.49203211
 -0.29838121 -0.82430447 -0.50140316 -0.22704381 -0.19693619]
2745,[ 0.20184792  0.10541243 -0.09528633  0.132515    0.37029028  0.08861686
 -0.04369562  0.650643    0.3511463  -0.53107282 -0.04532468 -0.11945795
  0.18038865  0.43057137 -0.32595304  0.2304156  -0.10892796 -0.62084838
  0.10405907  0.1441934  -0.46977492  0.20632244  0.26134837 -0.64366872
 -0.01671732  0.38370316  0.0233988   0.03944362 -0.54997782  0.53162266
  0.55598244  0.56291086  0.64133584  0.23317042 -0.17031519  0.57208726
 -0.17330925  0.4170717  -0.6160009   0.12167974  0.3433822  -0.62922841
 -0.00630525 -0.22888163  0.0724891  -0.296864    0.27571396 -0.49202559
 -0.29838494 -0.82430402 -0.50140467 -0.22704324 -0.19693725]
2746,[ 0.20185175  0.10541397 -0.09529617  0.13251713  0.37029248  0.08861451
 -0.04369217  0.65063933  0.35114251 -0.53107122 -0.04532413 -0.11945383
  0.18038662  0.43057524 -0.32595316  0.23041883 -0.10892591 -0.62084716
  0.10405689  0.1441957  -0.46977525  0.20632038  0.26134767 -0.64367196
 -0.01672065  0.38370155  0.02340478  0.03944162 -0.54998046  0.53162809
  0.55597723  0.56291227  0.64133824  0.23317052 -0.17031316  0.57208783
 -0.17331146  0.41707024 -0.61599997  0.12167737  0.34338273 -0.62922441
 -0.00630986 -0.22888202  0.07248638 -0.2968648   0.27571687 -0.49201909
 -0.29838865 -0.82430357 -0.50140618 -0.22704268 -0.19693832]
2747,[ 0.20185558  0.10541551 -0.09530599  0.13251925  0.37029467  0.08861216
 -0.04368873  0.65063566  0.35113872 -0.53106963 -0.04532357 -0.11944971
  0.18038459  0.43057911 -0.32595328  0.23042206 -0.10892387 -0.62084593
  0.10405472  0.144198   -0.46977559  0.20631833  0.26134698 -0.64367519
 -0.01672398  0.38369995  0.02341075  0.03943962 -0.54998309  0.5316335
  0.55597202  0.56291368  0.64134063  0.23317062 -0.17031114  0.5720884
 -0.17331366  0.41706878 -0.61599904  0.121675    0.34338327 -0.62922041
 -0.00631447 -0.22888241  0.07248366 -0.29686561  0.27571978 -0.49201259
 -0.29839237 -0.82430312 -0.50140769 -0.22704212 -0.19693938]
2748,[ 0.20185941  0.10541705 -0.0953158   0.13252137  0.37029685  0.08860981
 -0.04368529  0.650632    0.35113493 -0.53106803 -0.04532302 -0.1194456
  0.18038256  0.43058297 -0.3259534   0.23042528 -0.10892183 -0.62084471
  0.10405255  0.1442003  -0.46977592  0.20631627  0.26134629 -0.64367842
 -0.0167273   0.38369835  0.02341672  0.03943763 -0.54998573  0.53163891
  0.55596681  0.56291509  0.64134303  0.23317072 -0.17030912  0.57208896
 -0.17331586  0.41706733 -0.61599812  0.12167263  0.3433838  -0.62921642
 -0.00631907 -0.22888281  0.07248094 -0.29686641  0.27572269 -0.4920061
 -0.29839608 -0.82430267 -0.5014092  -0.22704155 -0.19694044]
2749,[ 0.20186324  0.10541859 -0.0953256   0.13252348  0.37029904  0.08860747
 -0.04368186  0.65062833  0.35113115 -0.53106644 -0.04532246 -0.11944149
  0.18038054  0.43058683 -0.32595352  0.2304285  -0.10891979 -0.62084349
  0.10405038  0.1442026  -0.46977626  0.20631422  0.2613456  -0.64368165
 -0.01673062  0.38369676  0.02342268  0.03943563 -0.54998836  0.53164432
  0.55596161  0.56291649  0.64134542  0.23317082 -0.1703071   0.57208953
 -0.17331806  0.41706587 -0.61599719  0.12167027  0.34338433 -0.62921243
 -0.00632366 -0.2288832   0.07247823 -0.29686721  0.27572559 -0.49199962
 -0.29839978 -0.82430222 -0.5014107  -0.22704099 -0.1969415 ]
2750,[ 0.20186706  0.10542013 -0.09533538  0.1325256   0.37030122  0.08860513
 -0.04367842  0.65062468  0.35112738 -0.53106485 -0.04532191 -0.11943739
  0.18037852  0.43059069 -0.32595363  0.23043171 -0.10891775 -0.62084227
  0.10404821  0.14420489 -0.46977659  0.20631218  0.26134491 -0.64368487
 -0.01673393  0.38369516  0.02342863  0.03943364 -0.54999099  0.53164972
  0.55595642  0.5629179   0.64134781  0.23317092 -0.17030509  0.5720901
 -0.17332025  0.41706442 -0.61599627  0.12166791  0.34338486 -0.62920844
 -0.00632825 -0.22888359  0.07247551 -0.29686801  0.2757285  -0.49199315
 -0.29840348 -0.82430177 -0.50141221 -0.22704043 -0.19694256]
2751,[ 0.20187087  0.10542166 -0.09534516  0.13252771  0.3703034   0.08860279
 -0.043675    0.65062102  0.3511236  -0.53106326 -0.04532136 -0.11943329
  0.18037649  0.43059454 -0.32595375  0.23043492 -0.10891572 -0.62084105
  0.10404605  0.14420718 -0.46977693  0.20631013  0.26134422 -0.64368809
 -0.01673724  0.38369357  0.02343458  0.03943166 -0.54999362  0.53165511
  0.55595123  0.5629193   0.64135019  0.23317102 -0.17030308  0.57209066
 -0.17332244  0.41706297 -0.61599535  0.12166555  0.34338538 -0.62920446
 -0.00633284 -0.22888398  0.0724728  -0.29686881  0.27573139 -0.49198668
 -0.29840718 -0.82430132 -0.50141371 -0.22703987 -0.19694362]
2752,[ 0.20187468  0.1054232  -0.09535493  0.13252982  0.37030558  0.08860046
 -0.04367158  0.65061737  0.35111984 -0.53106167 -0.0453208  -0.1194292
  0.18037448  0.43059838 -0.32595387  0.23043813 -0.10891368 -0.62083983
  0.10404388  0.14420947 -0.46977726  0.20630809  0.26134353 -0.64369131
 -0.01674055  0.38369198  0.02344052  0.03942967 -0.54999624  0.5316605
  0.55594605  0.5629207   0.64135257  0.23317112 -0.17030107  0.57209123
 -0.17332463  0.41706152 -0.61599443  0.1216632   0.34338591 -0.62920049
 -0.00633742 -0.22888437  0.0724701  -0.29686961  0.27573429 -0.49198022
 -0.29841087 -0.82430088 -0.50141521 -0.22703931 -0.19694467]
2753,[ 0.20187849  0.10542473 -0.09536468  0.13253193  0.37030776  0.08859812
 -0.04366816  0.65061373  0.35111607 -0.53106009 -0.04532025 -0.11942511
  0.18037246  0.43060223 -0.32595399  0.23044133 -0.10891165 -0.62083861
  0.10404172  0.14421175 -0.46977759  0.20630605  0.26134284 -0.64369452
 -0.01674386  0.38369038  0.02344645  0.03942769 -0.54999886  0.53166588
  0.55594087  0.5629221   0.64135495  0.23317122 -0.17029906  0.57209179
 -0.17332682  0.41706007 -0.61599351  0.12166084  0.34338644 -0.62919652
 -0.00634199 -0.22888476  0.0724674  -0.29687041  0.27573718 -0.49197376
 -0.29841456 -0.82430043 -0.50141671 -0.22703875 -0.19694573]
2754,[ 0.20188229  0.10542626 -0.09537443  0.13253403  0.37030993  0.08859579
 -0.04366474  0.65061009  0.35111231 -0.5310585  -0.0453197  -0.11942102
  0.18037044  0.43060606 -0.32595411  0.23044454 -0.10890963 -0.6208374
  0.10403957  0.14421403 -0.46977793  0.20630401  0.26134215 -0.64369773
 -0.01674716  0.3836888   0.02345238  0.03942571 -0.55000148  0.53167125
  0.5559357   0.56292349  0.64135733  0.23317132 -0.17029705  0.57209236
 -0.17332901  0.41705862 -0.61599259  0.12165849  0.34338697 -0.62919255
 -0.00634656 -0.22888515  0.0724647  -0.2968712   0.27574007 -0.49196732
 -0.29841825 -0.82429998 -0.5014182  -0.2270382  -0.19694678]
2755,[ 0.20188609  0.10542779 -0.09538416  0.13253613  0.3703121   0.08859347
 -0.04366133  0.65060645  0.35110856 -0.53105692 -0.04531915 -0.11941695
  0.18036843  0.4306099  -0.32595422  0.23044773 -0.1089076  -0.62083618
  0.10403741  0.14421631 -0.46977826  0.20630197  0.26134147 -0.64370093
 -0.01675045  0.38368721  0.02345829  0.03942373 -0.55000409  0.53167662
  0.55593053  0.56292489  0.6413597   0.23317141 -0.17029505  0.57209292
 -0.17333119  0.41705718 -0.61599167  0.12165615  0.34338749 -0.62918859
 -0.00635113 -0.22888554  0.072462   -0.296872    0.27574295 -0.49196088
 -0.29842193 -0.82429954 -0.5014197  -0.22703764 -0.19694784]
2756,[ 0.20188988  0.10542931 -0.09539388  0.13253823  0.37031427  0.08859114
 -0.04365792  0.65060282  0.3511048  -0.53105534 -0.0453186  -0.11941287
  0.18036642  0.43061373 -0.32595434  0.23045093 -0.10890558 -0.62083497
  0.10403526  0.14421859 -0.46977859  0.20629994  0.26134078 -0.64370413
 -0.01675374  0.38368563  0.02346421  0.03942175 -0.5500067   0.53168198
  0.55592537  0.56292628  0.64136208  0.23317151 -0.17029305  0.57209348
 -0.17333337  0.41705573 -0.61599075  0.1216538   0.34338802 -0.62918463
 -0.00635569 -0.22888593  0.0724593  -0.29687279  0.27574584 -0.49195445
 -0.2984256  -0.82429909 -0.50142119 -0.22703708 -0.19694889]
2757,[ 0.20189367  0.10543084 -0.09540359  0.13254033  0.37031643  0.08858882
 -0.04365452  0.65059919  0.35110106 -0.53105376 -0.04531805 -0.1194088
  0.18036441  0.43061755 -0.32595446  0.23045411 -0.10890356 -0.62083376
  0.10403311  0.14422086 -0.46977892  0.20629791  0.2613401  -0.64370733
 -0.01675703  0.38368404  0.02347011  0.03941977 -0.55000931  0.53168734
  0.55592022  0.56292768  0.64136444  0.23317161 -0.17029105  0.57209404
 -0.17333555  0.41705429 -0.61598984  0.12165146  0.34338854 -0.62918068
 -0.00636024 -0.22888632  0.07245661 -0.29687359  0.27574871 -0.49194802
 -0.29842928 -0.82429864 -0.50142268 -0.22703653 -0.19694994]
2758,[ 0.20189746  0.10543236 -0.09541329  0.13254242  0.3703186   0.0885865
 -0.04365112  0.65059557  0.35109731 -0.53105219 -0.0453175  -0.11940473
  0.18036241  0.43062137 -0.32595458  0.2304573  -0.10890154 -0.62083255
  0.10403096  0.14422314 -0.46977925  0.20629588  0.26133941 -0.64371052
 -0.01676032  0.38368246  0.02347601  0.0394178  -0.55001192  0.53169269
  0.55591507  0.56292907  0.64136681  0.23317171 -0.17028905  0.5720946
 -0.17333772  0.41705285 -0.61598892  0.12164912  0.34338907 -0.62917673
 -0.00636479 -0.2288867   0.07245393 -0.29687438  0.27575159 -0.49194161
 -0.29843294 -0.8242982  -0.50142417 -0.22703597 -0.19695099]
2759,[ 0.20190124  0.10543388 -0.09542298  0.13254452  0.37032076  0.08858418
 -0.04364773  0.65059195  0.35109358 -0.53105061 -0.04531695 -0.11940067
  0.18036041  0.43062519 -0.32595469  0.23046048 -0.10889952 -0.62083134
  0.10402882  0.14422541 -0.46977958  0.20629385  0.26133873 -0.64371372
 -0.0167636   0.38368088  0.02348191  0.03941583 -0.55001452  0.53169803
  0.55590993  0.56293046  0.64136917  0.23317181 -0.17028706  0.57209516
 -0.17333989  0.41705141 -0.61598801  0.12164678  0.34338959 -0.62917279
 -0.00636934 -0.22888709  0.07245124 -0.29687517  0.27575446 -0.4919352
 -0.29843661 -0.82429776 -0.50142566 -0.22703541 -0.19695204]
2760,[ 0.20190502  0.1054354  -0.09543266  0.13254661  0.37032292  0.08858187
 -0.04364433  0.65058833  0.35108984 -0.53104904 -0.04531641 -0.11939662
  0.18035841  0.430629   -0.32595481  0.23046366 -0.10889751 -0.62083014
  0.10402667  0.14422767 -0.46977991  0.20629183  0.26133805 -0.6437169
 -0.01676688  0.3836793   0.02348779  0.03941386 -0.55001712  0.53170337
  0.5559048   0.56293185  0.64137153  0.23317191 -0.17028506  0.57209572
 -0.17334206  0.41704998 -0.61598709  0.12164445  0.34339012 -0.62916885
 -0.00637387 -0.22888748  0.07244856 -0.29687597  0.27575733 -0.49192879
 -0.29844027 -0.82429731 -0.50142715 -0.22703486 -0.19695308]
2761,[ 0.20190879  0.10543692 -0.09544233  0.1325487   0.37032507  0.08857956
 -0.04364095  0.65058472  0.35108611 -0.53104747 -0.04531586 -0.11939256
  0.18035641  0.43063281 -0.32595493  0.23046684 -0.10889549 -0.62082893
  0.10402453  0.14422994 -0.46978024  0.20628981  0.26133737 -0.64372008
 -0.01677015  0.38367773  0.02349367  0.0394119  -0.55001972  0.5317087
  0.55589967  0.56293323  0.64137389  0.233172   -0.17028307  0.57209628
 -0.17334423  0.41704854 -0.61598618  0.12164212  0.34339064 -0.62916491
 -0.00637841 -0.22888786  0.07244588 -0.29687676  0.2757602  -0.4919224
 -0.29844392 -0.82429687 -0.50142863 -0.22703431 -0.19695413]
2762,[ 0.20191256  0.10543844 -0.09545198  0.13255078  0.37032722  0.08857725
 -0.04363756  0.65058111  0.35108239 -0.5310459  -0.04531531 -0.11938852
  0.18035441  0.43063661 -0.32595504  0.23047001 -0.10889348 -0.62082773
  0.1040224   0.1442322  -0.46978057  0.20628779  0.26133668 -0.64372326
 -0.01677342  0.38367615  0.02349955  0.03940994 -0.55002231  0.53171403
  0.55589454  0.56293462  0.64137625  0.2331721  -0.17028109  0.57209684
 -0.1733464   0.41704711 -0.61598527  0.12163979  0.34339116 -0.62916098
 -0.00638294 -0.22888825  0.07244321 -0.29687755  0.27576306 -0.49191601
 -0.29844758 -0.82429643 -0.50143012 -0.22703375 -0.19695517]
2763,[ 0.20191632  0.10543995 -0.09546163  0.13255286  0.37032938  0.08857494
 -0.04363418  0.65057751  0.35107866 -0.53104433 -0.04531477 -0.11938447
  0.18035242  0.43064041 -0.32595516  0.23047318 -0.10889148 -0.62082652
  0.10402026  0.14423446 -0.4697809   0.20628577  0.261336   -0.64372644
 -0.01677669  0.38367458  0.02350541  0.03940797 -0.5500249   0.53171935
  0.55588942  0.562936    0.6413786   0.2331722  -0.1702791   0.5720974
 -0.17334856  0.41704568 -0.61598436  0.12163746  0.34339168 -0.62915705
 -0.00638746 -0.22888864  0.07244053 -0.29687833  0.27576592 -0.49190963
 -0.29845122 -0.82429598 -0.5014316  -0.2270332  -0.19695622]
2764,[ 0.20192008  0.10544147 -0.09547126  0.13255495  0.37033152  0.08857264
 -0.0436308   0.65057391  0.35107495 -0.53104277 -0.04531422 -0.11938043
  0.18035043  0.4306442  -0.32595528  0.23047634 -0.10888947 -0.62082532
  0.10401813  0.14423672 -0.46978123  0.20628375  0.26133532 -0.64372961
 -0.01677995  0.38367301  0.02351127  0.03940601 -0.55002749  0.53172466
  0.55588431  0.56293738  0.64138095  0.2331723  -0.17027712  0.57209796
 -0.17335072  0.41704424 -0.61598345  0.12163514  0.3433922  -0.62915313
 -0.00639198 -0.22888902  0.07243786 -0.29687912  0.27576877 -0.49190326
 -0.29845487 -0.82429554 -0.50143308 -0.22703265 -0.19695726]
2765,[ 0.20192384  0.10544298 -0.09548089  0.13255702  0.37033367  0.08857034
 -0.04362743  0.65057031  0.35107123 -0.5310412  -0.04531368 -0.1193764
  0.18034844  0.43064799 -0.32595539  0.2304795  -0.10888747 -0.62082412
  0.104016    0.14423897 -0.46978156  0.20628174  0.26133465 -0.64373278
 -0.01678321  0.38367144  0.02351713  0.03940406 -0.55003008  0.53172997
  0.5558792   0.56293876  0.6413833   0.23317239 -0.17027514  0.57209851
 -0.17335288  0.41704282 -0.61598254  0.12163282  0.34339272 -0.62914921
 -0.00639649 -0.22888941  0.0724352  -0.29687991  0.27577163 -0.49189689
 -0.29845851 -0.8242951  -0.50143456 -0.2270321  -0.1969583 ]
2766,[ 0.20192759  0.10544449 -0.0954905   0.1325591   0.37033581  0.08856804
 -0.04362406  0.65056672  0.35106752 -0.53103964 -0.04531313 -0.11937237
  0.18034645  0.43065178 -0.32595551  0.23048266 -0.10888547 -0.62082292
  0.10401387  0.14424122 -0.46978189  0.20627973  0.26133397 -0.64373595
 -0.01678647  0.38366988  0.02352297  0.0394021  -0.55003266  0.53173527
  0.5558741   0.56294014  0.64138564  0.23317249 -0.17027316  0.57209907
 -0.17335503  0.41704139 -0.61598164  0.1216305   0.34339324 -0.6291453
 -0.006401   -0.22888979  0.07243253 -0.2968807   0.27577448 -0.49189053
 -0.29846214 -0.82429466 -0.50143603 -0.22703155 -0.19695934]
2767,[ 0.20193133  0.105446   -0.0955001   0.13256117  0.37033796  0.08856574
 -0.0436207   0.65056313  0.35106382 -0.53103808 -0.04531259 -0.11936835
  0.18034446  0.43065556 -0.32595563  0.23048581 -0.10888347 -0.62082173
  0.10401174  0.14424347 -0.46978222  0.20627772  0.26133329 -0.64373911
 -0.01678972  0.38366831  0.02352881  0.03940015 -0.55003524  0.53174057
  0.55586901  0.56294152  0.64138799  0.23317259 -0.17027118  0.57209962
 -0.17335719  0.41703996 -0.61598073  0.12162819  0.34339376 -0.62914139
 -0.0064055  -0.22889017  0.07242987 -0.29688148  0.27577732 -0.49188418
 -0.29846577 -0.82429422 -0.50143751 -0.227031   -0.19696038]
2768,[ 0.20193508  0.1054475  -0.09550969  0.13256325  0.37034009  0.08856345
 -0.04361734  0.65055955  0.35106012 -0.53103652 -0.04531205 -0.11936433
  0.18034248  0.43065934 -0.32595574  0.23048896 -0.10888147 -0.62082053
  0.10400962  0.14424572 -0.46978254  0.20627572  0.26133261 -0.64374227
 -0.01679297  0.38366675  0.02353465  0.0393982  -0.55003781  0.53174586
  0.55586392  0.56294289  0.64139033  0.23317269 -0.17026921  0.57210018
 -0.17335934  0.41703854 -0.61597983  0.12162587  0.34339428 -0.62913749
 -0.00641    -0.22889056  0.07242721 -0.29688227  0.27578017 -0.49187783
 -0.2984694  -0.82429378 -0.50143898 -0.22703045 -0.19696142]
2769,[ 0.20193882  0.10544901 -0.09551927  0.13256532  0.37034223  0.08856116
 -0.04361398  0.65055597  0.35105642 -0.53103496 -0.04531151 -0.11936031
  0.1803405   0.43066311 -0.32595586  0.23049211 -0.10887948 -0.62081934
  0.1040075   0.14424796 -0.46978287  0.20627371  0.26133194 -0.64374542
 -0.01679621  0.38366519  0.02354047  0.03939625 -0.55004039  0.53175114
  0.55585883  0.56294427  0.64139266  0.23317278 -0.17026723  0.57210073
 -0.17336149  0.41703712 -0.61597892  0.12162356  0.3433948  -0.62913359
 -0.0064145  -0.22889094  0.07242456 -0.29688305  0.27578301 -0.49187149
 -0.29847302 -0.82429334 -0.50144045 -0.2270299  -0.19696245]
2770,[ 0.20194255  0.10545051 -0.09552884  0.13256738  0.37034436  0.08855887
 -0.04361062  0.65055239  0.35105273 -0.53103341 -0.04531096 -0.1193563
  0.18033852  0.43066688 -0.32595597  0.23049525 -0.10887749 -0.62081814
  0.10400538  0.1442502  -0.4697832   0.20627171  0.26133126 -0.64374857
 -0.01679945  0.38366363  0.02354629  0.03939431 -0.55004296  0.53175642
  0.55585376  0.56294564  0.641395    0.23317288 -0.17026526  0.57210129
 -0.17336363  0.4170357  -0.61597802  0.12162126  0.34339532 -0.62912969
 -0.00641898 -0.22889132  0.07242191 -0.29688383  0.27578584 -0.49186516
 -0.29847664 -0.8242929  -0.50144192 -0.22702935 -0.19696349]
2771,[ 0.20194628  0.10545201 -0.0955384   0.13256945  0.3703465   0.08855659
 -0.04360727  0.65054882  0.35104904 -0.53103186 -0.04531042 -0.11935229
  0.18033655  0.43067064 -0.32595609  0.23049839 -0.1088755  -0.62081695
  0.10400326  0.14425244 -0.46978352  0.20626971  0.26133059 -0.64375172
 -0.01680269  0.38366207  0.02355211  0.03939236 -0.55004552  0.53176169
  0.55584868  0.56294701  0.64139733  0.23317298 -0.1702633   0.57210184
 -0.17336578  0.41703428 -0.61597712  0.12161895  0.34339583 -0.6291258
 -0.00642347 -0.22889171  0.07241926 -0.29688461  0.27578868 -0.49185884
 -0.29848025 -0.82429246 -0.50144339 -0.2270288  -0.19696452]
2772,[ 0.20195001  0.10545351 -0.09554795  0.13257151  0.37034863  0.0885543
 -0.04360393  0.65054525  0.35104536 -0.5310303  -0.04530988 -0.11934829
  0.18033457  0.4306744  -0.3259562   0.23050153 -0.10887351 -0.62081576
  0.10400115  0.14425468 -0.46978385  0.20626771  0.26132992 -0.64375486
 -0.01680593  0.38366051  0.02355791  0.03939042 -0.55004809  0.53176696
  0.55584362  0.56294838  0.64139966  0.23317307 -0.17026133  0.57210239
 -0.17336792  0.41703286 -0.61597622  0.12161665  0.34339635 -0.62912191
 -0.00642794 -0.22889209  0.07241661 -0.29688539  0.27579151 -0.49185252
 -0.29848387 -0.82429203 -0.50144486 -0.22702826 -0.19696556]
2773,[ 0.20195373  0.10545501 -0.09555749  0.13257357  0.37035075  0.08855202
 -0.04360059  0.65054169  0.35104168 -0.53102875 -0.04530934 -0.11934429
  0.1803326   0.43067816 -0.32595632  0.23050466 -0.10887153 -0.62081457
  0.10399904  0.14425691 -0.46978418  0.20626572  0.26132924 -0.643758
 -0.01680916  0.38365896  0.02356371  0.03938848 -0.55005065  0.53177222
  0.55583856  0.56294975  0.64140199  0.23317317 -0.17025937  0.57210294
 -0.17337006  0.41703144 -0.61597532  0.12161435  0.34339686 -0.62911803
 -0.00643242 -0.22889247  0.07241397 -0.29688617  0.27579433 -0.49184621
 -0.29848747 -0.82429159 -0.50144633 -0.22702771 -0.19696659]
2774,[ 0.20195745  0.1054565  -0.09556702  0.13257563  0.37035288  0.08854975
 -0.04359725  0.65053813  0.351038   -0.53102721 -0.0453088  -0.1193403
  0.18033063  0.43068191 -0.32595643  0.23050779 -0.10886955 -0.62081338
  0.10399693  0.14425914 -0.4697845   0.20626373  0.26132857 -0.64376114
 -0.01681238  0.3836574   0.02356951  0.03938655 -0.55005321  0.53177747
  0.5558335   0.56295111  0.64140431  0.23317327 -0.17025741  0.57210349
 -0.17337219  0.41703003 -0.61597442  0.12161205  0.34339738 -0.62911415
 -0.00643688 -0.22889285  0.07241133 -0.29688695  0.27579716 -0.49183991
 -0.29849107 -0.82429115 -0.50144779 -0.22702716 -0.19696762]
2775,[ 0.20196116  0.105458   -0.09557653  0.13257768  0.370355    0.08854747
 -0.04359391  0.65053457  0.35103433 -0.53102566 -0.04530827 -0.11933631
  0.18032866  0.43068566 -0.32595655  0.23051092 -0.10886756 -0.6208122
  0.10399482  0.14426137 -0.46978483  0.20626174  0.2613279  -0.64376427
 -0.01681561  0.38365585  0.0235753   0.03938461 -0.55005577  0.53178272
  0.55582845  0.56295248  0.64140663  0.23317336 -0.17025545  0.57210405
 -0.17337433  0.41702861 -0.61597352  0.12160976  0.34339789 -0.62911028
 -0.00644135 -0.22889323  0.0724087  -0.29688773  0.27579998 -0.49183362
 -0.29849467 -0.82429072 -0.50144925 -0.22702662 -0.19696865]
2776,[ 0.20196487  0.10545949 -0.09558604  0.13257974  0.37035712  0.0885452
 -0.04359058  0.65053102  0.35103066 -0.53102412 -0.04530773 -0.11933233
  0.1803267   0.4306894  -0.32595666  0.23051404 -0.10886559 -0.62081101
  0.10399272  0.1442636  -0.46978515  0.20625975  0.26132723 -0.6437674
 -0.01681882  0.3836543   0.02358108  0.03938268 -0.55005832  0.53178796
  0.55582341  0.56295384  0.64140895  0.23317346 -0.17025349  0.5721046
 -0.17337646  0.4170272  -0.61597262  0.12160746  0.34339841 -0.62910641
 -0.00644581 -0.22889361  0.07240606 -0.29688851  0.2758028  -0.49182733
 -0.29849827 -0.82429028 -0.50145071 -0.22702607 -0.19696968]
2777,[ 0.20196857  0.10546098 -0.09559553  0.13258179  0.37035924  0.08854293
 -0.04358725  0.65052748  0.351027   -0.53102257 -0.04530719 -0.11932835
  0.18032474  0.43069314 -0.32595678  0.23051716 -0.10886361 -0.62080983
  0.10399061  0.14426582 -0.46978548  0.20625776  0.26132656 -0.64377053
 -0.01682204  0.38365276  0.02358685  0.03938075 -0.55006087  0.5317932
  0.55581837  0.5629552   0.64141127  0.23317356 -0.17025154  0.57210514
 -0.17337859  0.41702579 -0.61597173  0.12160517  0.34339892 -0.62910255
 -0.00645026 -0.22889399  0.07240343 -0.29688928  0.27580561 -0.49182105
 -0.29850186 -0.82428985 -0.50145217 -0.22702553 -0.1969707 ]
2778,[ 0.20197227  0.10546247 -0.09560502  0.13258383  0.37036135  0.08854066
 -0.04358393  0.65052393  0.35102334 -0.53102103 -0.04530665 -0.11932437
  0.18032278  0.43069688 -0.32595689  0.23052027 -0.10886164 -0.62080864
  0.10398851  0.14426804 -0.4697858   0.20625578  0.26132589 -0.64377365
 -0.01682525  0.38365121  0.02359262  0.03937882 -0.55006342  0.53179843
  0.55581334  0.56295656  0.64141358  0.23317365 -0.17024958  0.57210569
 -0.17338071  0.41702439 -0.61597083  0.12160289  0.34339943 -0.62909868
 -0.00645471 -0.22889437  0.0724008  -0.29689006  0.27580842 -0.49181477
 -0.29850544 -0.82428941 -0.50145363 -0.22702499 -0.19697173]
2779,[ 0.20197597  0.10546396 -0.09561449  0.13258588  0.37036346  0.08853839
 -0.04358061  0.65052039  0.35101968 -0.53101949 -0.04530612 -0.1193204
  0.18032082  0.43070061 -0.32595701  0.23052338 -0.10885967 -0.62080746
  0.10398642  0.14427026 -0.46978612  0.2062538   0.26132522 -0.64377677
 -0.01682846  0.38364967  0.02359838  0.03937689 -0.55006596  0.53180366
  0.55580831  0.56295792  0.64141589  0.23317375 -0.17024763  0.57210624
 -0.17338284  0.41702298 -0.61596994  0.1216006   0.34339995 -0.62909483
 -0.00645915 -0.22889475  0.07239818 -0.29689083  0.27581123 -0.49180851
 -0.29850903 -0.82428898 -0.50145508 -0.22702444 -0.19697276]
2780,[ 0.20197966  0.10546544 -0.09562395  0.13258792  0.37036557  0.08853613
 -0.04357729  0.65051686  0.35101603 -0.53101795 -0.04530558 -0.11931643
  0.18031886  0.43070434 -0.32595712  0.23052649 -0.1088577  -0.62080628
  0.10398432  0.14427248 -0.46978645  0.20625182  0.26132456 -0.64377988
 -0.01683167  0.38364812  0.02360414  0.03937497 -0.5500685   0.53180888
  0.55580329  0.56295928  0.6414182   0.23317384 -0.17024569  0.57210679
 -0.17338496  0.41702157 -0.61596905  0.12159832  0.34340046 -0.62909098
 -0.00646359 -0.22889513  0.07239556 -0.29689161  0.27581404 -0.49180225
 -0.2985126  -0.82428854 -0.50145653 -0.2270239  -0.19697378]
2781,[ 0.20198335  0.10546693 -0.0956334   0.13258997  0.37036768  0.08853387
 -0.04357398  0.65051332  0.35101238 -0.53101642 -0.04530505 -0.11931247
  0.18031691  0.43070806 -0.32595724  0.2305296  -0.10885573 -0.6208051
  0.10398223  0.14427469 -0.46978677  0.20624984  0.26132389 -0.643783
 -0.01683487  0.38364658  0.02360989  0.03937305 -0.55007104  0.53181409
  0.55579827  0.56296063  0.6414205   0.23317394 -0.17024374  0.57210733
 -0.17338708  0.41702017 -0.61596816  0.12159604  0.34340097 -0.62908713
 -0.00646802 -0.22889551  0.07239294 -0.29689238  0.27581684 -0.49179599
 -0.29851618 -0.82428811 -0.50145799 -0.22702336 -0.1969748 ]
2782,[ 0.20198704  0.10546841 -0.09564284  0.132592    0.37036979  0.08853161
 -0.04357067  0.6505098   0.35100874 -0.53101488 -0.04530451 -0.11930852
  0.18031496  0.43071178 -0.32595735  0.2305327  -0.10885376 -0.62080393
  0.10398014  0.1442769  -0.46978709  0.20624787  0.26132323 -0.64378611
 -0.01683806  0.38364504  0.02361563  0.03937113 -0.55007358  0.5318193
  0.55579326  0.56296198  0.64142281  0.23317403 -0.1702418   0.57210788
 -0.1733892   0.41701877 -0.61596727  0.12159377  0.34340148 -0.62908329
 -0.00647245 -0.22889588  0.07239032 -0.29689315  0.27581964 -0.49178975
 -0.29851975 -0.82428768 -0.50145944 -0.22702282 -0.19697582]
2783,[ 0.20199072  0.10546989 -0.09565227  0.13259404  0.37037189  0.08852936
 -0.04356737  0.65050627  0.3510051  -0.53101335 -0.04530398 -0.11930456
  0.18031301  0.43071549 -0.32595746  0.23053579 -0.1088518  -0.62080275
  0.10397805  0.14427911 -0.46978741  0.20624589  0.26132256 -0.64378921
 -0.01684126  0.38364351  0.02362136  0.03936921 -0.55007611  0.5318245
  0.55578826  0.56296334  0.64142511  0.23317413 -0.17023986  0.57210843
 -0.17339131  0.41701737 -0.61596638  0.12159149  0.34340199 -0.62907945
 -0.00647687 -0.22889626  0.07238771 -0.29689392  0.27582243 -0.49178351
 -0.29852332 -0.82428724 -0.50146089 -0.22702228 -0.19697684]
2784,[ 0.20199439  0.10547137 -0.09566169  0.13259608  0.37037399  0.08852711
 -0.04356406  0.65050275  0.35100147 -0.53101182 -0.04530345 -0.11930061
  0.18031106  0.4307192  -0.32595758  0.23053889 -0.10884984 -0.62080158
  0.10397596  0.14428132 -0.46978773  0.20624392  0.2613219  -0.64379231
 -0.01684445  0.38364197  0.02362709  0.03936729 -0.55007864  0.53182969
  0.55578326  0.56296469  0.64142741  0.23317423 -0.17023792  0.57210897
 -0.17339342  0.41701597 -0.61596549  0.12158922  0.3434025  -0.62907561
 -0.00648129 -0.22889664  0.0723851  -0.29689469  0.27582522 -0.49177728
 -0.29852688 -0.82428681 -0.50146233 -0.22702174 -0.19697786]
2785,[ 0.20199806  0.10547285 -0.0956711   0.13259811  0.37037609  0.08852486
 -0.04356077  0.65049924  0.35099784 -0.53101029 -0.04530292 -0.11929667
  0.18030911  0.43072291 -0.32595769  0.23054198 -0.10884788 -0.6208004
  0.10397388  0.14428352 -0.46978806  0.20624195  0.26132123 -0.64379541
 -0.01684764  0.38364044  0.02363282  0.03936538 -0.55008117  0.53183488
  0.55577827  0.56296604  0.6414297   0.23317432 -0.17023598  0.57210952
 -0.17339553  0.41701457 -0.6159646   0.12158695  0.34340301 -0.62907178
 -0.0064857  -0.22889701  0.07238249 -0.29689546  0.27582801 -0.49177105
 -0.29853044 -0.82428638 -0.50146378 -0.2270212  -0.19697888]
2786,[ 0.20200173  0.10547432 -0.0956805   0.13260014  0.37037819  0.08852261
 -0.04355747  0.65049573  0.35099421 -0.53100876 -0.04530238 -0.11929273
  0.18030717  0.43072661 -0.32595781  0.23054507 -0.10884593 -0.62079923
  0.1039718   0.14428573 -0.46978838  0.20623999  0.26132057 -0.6437985
 -0.01685082  0.3836389   0.02363853  0.03936347 -0.5500837   0.53184007
  0.55577328  0.56296738  0.64143199  0.23317442 -0.17023404  0.57211006
 -0.17339764  0.41701318 -0.61596371  0.12158468  0.34340352 -0.62906796
 -0.00649011 -0.22889739  0.07237989 -0.29689623  0.2758308  -0.49176483
 -0.29853399 -0.82428595 -0.50146522 -0.22702066 -0.1969799 ]
2787,[ 0.2020054   0.1054758  -0.09568989  0.13260217  0.37038028  0.08852037
 -0.04355418  0.65049222  0.35099059 -0.53100724 -0.04530185 -0.1192888
  0.18030523  0.4307303  -0.32595792  0.23054815 -0.10884397 -0.62079806
  0.10396972  0.14428792 -0.4697887   0.20623803  0.26131991 -0.6438016
 -0.016854    0.38363737  0.02364424  0.03936156 -0.55008622  0.53184525
  0.5557683   0.56296873  0.64143428  0.23317451 -0.17023211  0.5721106
 -0.17339974  0.41701178 -0.61596283  0.12158242  0.34340402 -0.62906413
 -0.00649451 -0.22889776  0.07237728 -0.296897    0.27583358 -0.49175862
 -0.29853754 -0.82428552 -0.50146666 -0.22702012 -0.19698091]
2788,[ 0.20200906  0.10547727 -0.09569927  0.13260419  0.37038237  0.08851812
 -0.0435509   0.65048871  0.35098697 -0.53100571 -0.04530132 -0.11928486
  0.18030329  0.430734   -0.32595803  0.23055123 -0.10884202 -0.62079689
  0.10396765  0.14429012 -0.46978902  0.20623606  0.26131925 -0.64380468
 -0.01685717  0.38363585  0.02364995  0.03935965 -0.55008874  0.53185042
  0.55576332  0.56297008  0.64143657  0.23317461 -0.17023018  0.57211114
 -0.17340185  0.41701039 -0.61596194  0.12158016  0.34340453 -0.62906032
 -0.00649891 -0.22889814  0.07237469 -0.29689777  0.27583636 -0.49175242
 -0.29854109 -0.82428509 -0.5014681  -0.22701959 -0.19698193]
2789,[ 0.20201271  0.10547874 -0.09570864  0.13260621  0.37038446  0.08851588
 -0.04354761  0.65048521  0.35098335 -0.53100419 -0.04530079 -0.11928094
  0.18030135  0.43073769 -0.32595815  0.23055431 -0.10884007 -0.62079572
  0.10396557  0.14429231 -0.46978934  0.2062341   0.26131859 -0.64380777
 -0.01686035  0.38363432  0.02365564  0.03935775 -0.55009125  0.53185558
  0.55575835  0.56297142  0.64143886  0.2331747  -0.17022825  0.57211169
 -0.17340395  0.417009   -0.61596106  0.1215779   0.34340504 -0.6290565
 -0.0065033  -0.22889851  0.07237209 -0.29689853  0.27583914 -0.49174622
 -0.29854463 -0.82428466 -0.50146954 -0.22701905 -0.19698294]
2790,[ 0.20201636  0.10548021 -0.09571799  0.13260824  0.37038655  0.08851365
 -0.04354433  0.65048172  0.35097974 -0.53100267 -0.04530026 -0.11927702
  0.18029942  0.43074137 -0.32595826  0.23055738 -0.10883813 -0.62079456
  0.1039635   0.14429451 -0.46978966  0.20623215  0.26131793 -0.64381085
 -0.01686352  0.38363279  0.02366133  0.03935585 -0.55009377  0.53186075
  0.55575339  0.56297276  0.64144114  0.2331748  -0.17022633  0.57211223
 -0.17340605  0.41700761 -0.61596018  0.12157564  0.34340554 -0.62905269
 -0.00650769 -0.22889889  0.0723695  -0.2968993   0.27584191 -0.49174003
 -0.29854817 -0.82428423 -0.50147098 -0.22701851 -0.19698395]
2791,[ 0.20202001  0.10548168 -0.09572734  0.13261025  0.37038863  0.08851141
 -0.04354106  0.65047823  0.35097614 -0.53100115 -0.04529973 -0.1192731
  0.18029749  0.43074505 -0.32595837  0.23056045 -0.10883618 -0.62079339
  0.10396143  0.1442967  -0.46978998  0.20623019  0.26131727 -0.64381393
 -0.01686668  0.38363127  0.02366702  0.03935395 -0.55009628  0.5318659
  0.55574843  0.5629741   0.64144342  0.23317489 -0.1702244   0.57211277
 -0.17340814  0.41700622 -0.61595929  0.12157339  0.34340605 -0.62904889
 -0.00651207 -0.22889926  0.07236691 -0.29690006  0.27584468 -0.49173385
 -0.2985517  -0.8242838  -0.50147242 -0.22701798 -0.19698496]
2792,[ 0.20202365  0.10548315 -0.09573667  0.13261227  0.37039071  0.08850918
 -0.04353779  0.65047474  0.35097254 -0.53099964 -0.04529921 -0.11926919
  0.18029556  0.43074873 -0.32595849  0.23056352 -0.10883424 -0.62079223
  0.10395936  0.14429888 -0.4697903   0.20622824  0.26131661 -0.643817
 -0.01686984  0.38362975  0.0236727   0.03935205 -0.55009878  0.53187105
  0.55574347  0.56297544  0.6414457   0.23317499 -0.17022248  0.57211331
 -0.17341024  0.41700484 -0.61595841  0.12157114  0.34340655 -0.62904509
 -0.00651645 -0.22889963  0.07236432 -0.29690083  0.27584745 -0.49172767
 -0.29855523 -0.82428337 -0.50147385 -0.22701744 -0.19698597]
2793,[ 0.20202729  0.10548461 -0.095746    0.13261428  0.37039279  0.08850695
 -0.04353452  0.65047125  0.35096894 -0.53099812 -0.04529868 -0.11926528
  0.18029363  0.4307524  -0.3259586   0.23056658 -0.1088323  -0.62079106
  0.1039573   0.14430107 -0.46979061  0.20622629  0.26131595 -0.64382007
 -0.016873    0.38362823  0.02367837  0.03935015 -0.55010129  0.53187619
  0.55573852  0.56297678  0.64144797  0.23317508 -0.17022056  0.57211385
 -0.17341233  0.41700345 -0.61595753  0.12156889  0.34340706 -0.62904129
 -0.00652082 -0.22890001  0.07236174 -0.29690159  0.27585021 -0.4917215
 -0.29855876 -0.82428295 -0.50147528 -0.22701691 -0.19698698]
2794,[ 0.20203093  0.10548607 -0.09575531  0.1326163   0.37039487  0.08850472
 -0.04353125  0.65046777  0.35096534 -0.53099661 -0.04529815 -0.11926137
  0.18029171  0.43075607 -0.32595871  0.23056964 -0.10883036 -0.6207899
  0.10395524  0.14430325 -0.46979093  0.20622434  0.26131529 -0.64382314
 -0.01687616  0.38362671  0.02368403  0.03934826 -0.55010379  0.53188133
  0.55573358  0.56297811  0.64145024  0.23317517 -0.17021864  0.57211439
 -0.17341441  0.41700207 -0.61595665  0.12156664  0.34340756 -0.6290375
 -0.00652519 -0.22890038  0.07235916 -0.29690235  0.27585298 -0.49171534
 -0.29856228 -0.82428252 -0.50147671 -0.22701638 -0.19698799]
2795,[ 0.20203456  0.10548753 -0.09576462  0.13261831  0.37039694  0.0885025
 -0.04352799  0.6504643   0.35096175 -0.53099509 -0.04529762 -0.11925747
  0.18028978  0.43075973 -0.32595882  0.23057269 -0.10882842 -0.62078874
  0.10395318  0.14430543 -0.46979125  0.2062224   0.26131464 -0.6438262
 -0.01687931  0.38362519  0.02368969  0.03934637 -0.55010629  0.53188646
  0.55572864  0.56297945  0.64145251  0.23317527 -0.17021673  0.57211492
 -0.1734165   0.41700069 -0.61595578  0.1215644   0.34340806 -0.62903372
 -0.00652956 -0.22890075  0.07235658 -0.29690311  0.27585573 -0.49170919
 -0.2985658  -0.82428209 -0.50147814 -0.22701584 -0.196989  ]
2796,[ 0.20203818  0.10548899 -0.09577391  0.13262031  0.37039902  0.08850028
 -0.04352474  0.65046082  0.35095817 -0.53099358 -0.0452971  -0.11925358
  0.18028786  0.43076339 -0.32595894  0.23057575 -0.10882649 -0.62078758
  0.10395112  0.1443076  -0.46979157  0.20622045  0.26131398 -0.64382926
 -0.01688245  0.38362368  0.02369534  0.03934448 -0.55010879  0.53189159
  0.55572371  0.56298078  0.64145478  0.23317536 -0.17021482  0.57211546
 -0.17341859  0.41699931 -0.6159549   0.12156216  0.34340857 -0.62902993
 -0.00653391 -0.22890112  0.072354   -0.29690387  0.27585849 -0.49170304
 -0.29856931 -0.82428167 -0.50147957 -0.22701531 -0.19699   ]
2797,[ 0.20204181  0.10549045 -0.09578319  0.13262232  0.37040109  0.08849806
 -0.04352148  0.65045736  0.35095459 -0.53099208 -0.04529657 -0.11924969
  0.18028594  0.43076705 -0.32595905  0.2305788  -0.10882456 -0.62078643
  0.10394906  0.14430978 -0.46979188  0.20621851  0.26131333 -0.64383232
 -0.0168856   0.38362217  0.02370099  0.03934259 -0.55011128  0.53189671
  0.55571879  0.56298211  0.64145704  0.23317546 -0.1702129   0.572116
 -0.17342067  0.41699793 -0.61595402  0.12155992  0.34340907 -0.62902615
 -0.00653827 -0.22890149  0.07235143 -0.29690463  0.27586124 -0.4916969
 -0.29857282 -0.82428124 -0.501481   -0.22701478 -0.19699101]
2798,[ 0.20204542  0.10549191 -0.09579247  0.13262432  0.37040315  0.08849584
 -0.04351823  0.65045389  0.35095101 -0.53099057 -0.04529605 -0.1192458
  0.18028402  0.4307707  -0.32595916  0.23058184 -0.10882263 -0.62078527
  0.10394701  0.14431195 -0.4697922   0.20621657  0.26131267 -0.64383537
 -0.01688874  0.38362065  0.02370663  0.0393407  -0.55011377  0.53190182
  0.55571387  0.56298344  0.64145931  0.23317555 -0.170211    0.57211654
 -0.17342275  0.41699655 -0.61595315  0.12155768  0.34340957 -0.62902238
 -0.00654262 -0.22890187  0.07234886 -0.29690539  0.27586399 -0.49169076
 -0.29857633 -0.82428082 -0.50148242 -0.22701425 -0.19699201]
2799,[ 0.20204904  0.10549336 -0.09580173  0.13262632  0.37040522  0.08849363
 -0.04351499  0.65045043  0.35094743 -0.53098906 -0.04529553 -0.11924192
  0.18028211  0.43077435 -0.32595927  0.23058488 -0.1088207  -0.62078412
  0.10394496  0.14431412 -0.46979252  0.20621463  0.26131202 -0.64383842
 -0.01689188  0.38361914  0.02371226  0.03933882 -0.55011626  0.53190693
  0.55570895  0.56298477  0.64146156  0.23317564 -0.17020909  0.57211707
 -0.17342482  0.41699518 -0.61595228  0.12155545  0.34341007 -0.62901861
 -0.00654696 -0.22890224  0.0723463  -0.29690615  0.27586673 -0.49168464
 -0.29857983 -0.82428039 -0.50148384 -0.22701372 -0.19699301]
2800,[ 0.20205265  0.10549481 -0.09581098  0.13262832  0.37040728  0.08849141
 -0.04351174  0.65044697  0.35094386 -0.53098756 -0.045295   -0.11923804
  0.1802802   0.43077799 -0.32595938  0.23058792 -0.10881877 -0.62078296
  0.10394291  0.14431629 -0.46979283  0.2062127   0.26131137 -0.64384146
 -0.01689501  0.38361764  0.02371789  0.03933694 -0.55011874  0.53191203
  0.55570404  0.56298609  0.64146382  0.23317574 -0.17020719  0.57211761
 -0.1734269   0.4169938  -0.6159514   0.12155322  0.34341057 -0.62901484
 -0.0065513  -0.22890261  0.07234373 -0.2969069   0.27586948 -0.49167852
 -0.29858333 -0.82427997 -0.50148527 -0.22701319 -0.19699401]
2801,[ 0.20205625  0.10549627 -0.09582022  0.13263032  0.37040934  0.0884892
 -0.04350851  0.65044352  0.3509403  -0.53098606 -0.04529448 -0.11923417
  0.18027829  0.43078163 -0.3259595   0.23059096 -0.10881685 -0.62078181
  0.10394087  0.14431845 -0.46979315  0.20621076  0.26131072 -0.64384451
 -0.01689814  0.38361613  0.02372351  0.03933506 -0.55012123  0.53191713
  0.55569914  0.56298742  0.64146608  0.23317583 -0.17020528  0.57211814
 -0.17342897  0.41699243 -0.61595053  0.12155099  0.34341107 -0.62901108
 -0.00655563 -0.22890298  0.07234117 -0.29690766  0.27587222 -0.4916724
 -0.29858682 -0.82427954 -0.50148669 -0.22701266 -0.19699501]
2802,[ 0.20205986  0.10549772 -0.09582945  0.13263231  0.3704114   0.088487
 -0.04350527  0.65044007  0.35093674 -0.53098456 -0.04529396 -0.1192303
  0.18027638  0.43078527 -0.32595961  0.23059399 -0.10881493 -0.62078066
  0.10393882  0.14432061 -0.46979346  0.20620883  0.26131007 -0.64384755
 -0.01690127  0.38361462  0.02372912  0.03933318 -0.55012371  0.53192222
  0.55569424  0.56298874  0.64146833  0.23317593 -0.17020338  0.57211867
 -0.17343104  0.41699106 -0.61594966  0.12154877  0.34341157 -0.62900732
 -0.00655996 -0.22890334  0.07233861 -0.29690841  0.27587495 -0.4916663
 -0.29859032 -0.82427912 -0.5014881  -0.22701213 -0.19699601]
2803,[ 0.20206346  0.10549916 -0.09583867  0.1326343   0.37041346  0.08848479
 -0.04350204  0.65043663  0.35093318 -0.53098306 -0.04529344 -0.11922643
  0.18027447  0.4307889  -0.32595972  0.23059702 -0.10881301 -0.62077951
  0.10393678  0.14432277 -0.46979378  0.20620691  0.26130942 -0.64385058
 -0.01690439  0.38361312  0.02373473  0.03933131 -0.55012618  0.53192731
  0.55568935  0.56299007  0.64147058  0.23317602 -0.17020148  0.57211921
 -0.17343311  0.41698969 -0.61594879  0.12154654  0.34341207 -0.62900357
 -0.00656429 -0.22890371  0.07233606 -0.29690917  0.27587769 -0.4916602
 -0.2985938  -0.8242787  -0.50148952 -0.2270116  -0.19699701]
2804,[ 0.20206705  0.10550061 -0.09584788  0.13263629  0.37041551  0.08848259
 -0.04349881  0.65043319  0.35092963 -0.53098156 -0.04529291 -0.11922257
  0.18027257  0.43079253 -0.32595983  0.23060004 -0.10881109 -0.62077836
  0.10393474  0.14432493 -0.46979409  0.20620498  0.26130877 -0.64385361
 -0.01690751  0.38361162  0.02374033  0.03932944 -0.55012866  0.53193239
  0.55568446  0.56299139  0.64147282  0.23317611 -0.17019959  0.57211974
 -0.17343517  0.41698833 -0.61594792  0.12154432  0.34341257 -0.62899982
 -0.00656861 -0.22890408  0.07233351 -0.29690992  0.27588042 -0.4916541
 -0.29859728 -0.82427828 -0.50149093 -0.22701107 -0.19699801]
2805,[ 0.20207064  0.10550205 -0.09585708  0.13263828  0.37041756  0.08848039
 -0.04349559  0.65042975  0.35092608 -0.53098007 -0.04529239 -0.11921872
  0.18027067  0.43079615 -0.32595994  0.23060306 -0.10880918 -0.62077721
  0.10393271  0.14432709 -0.46979441  0.20620305  0.26130812 -0.64385664
 -0.01691062  0.38361012  0.02374593  0.03932757 -0.55013113  0.53193746
  0.55567958  0.56299271  0.64147507  0.23317621 -0.17019769  0.57212027
 -0.17343724  0.41698696 -0.61594705  0.1215421   0.34341306 -0.62899608
 -0.00657292 -0.22890445  0.07233096 -0.29691067  0.27588314 -0.49164802
 -0.29860076 -0.82427785 -0.50149235 -0.22701055 -0.196999  ]
2806,[ 0.20207423  0.1055035  -0.09586627  0.13264026  0.37041961  0.08847819
 -0.04349237  0.65042631  0.35092253 -0.53097858 -0.04529187 -0.11921486
  0.18026877  0.43079977 -0.32596005  0.23060608 -0.10880727 -0.62077607
  0.10393067  0.14432924 -0.46979472  0.20620113  0.26130747 -0.64385967
 -0.01691374  0.38360862  0.02375152  0.0393257  -0.5501336   0.53194253
  0.5556747   0.56299402  0.64147731  0.2331763  -0.1701958   0.5721208
 -0.1734393   0.4169856  -0.61594619  0.12153989  0.34341356 -0.62899233
 -0.00657723 -0.22890482  0.07232841 -0.29691142  0.27588587 -0.49164194
 -0.29860424 -0.82427743 -0.50149376 -0.22701002 -0.197     ]
2807,[ 0.20207781  0.10550494 -0.09587545  0.13264224  0.37042166  0.088476
 -0.04348915  0.65042289  0.35091899 -0.53097708 -0.04529135 -0.11921102
  0.18026687  0.43080338 -0.32596016  0.2306091  -0.10880536 -0.62077492
  0.10392864  0.14433139 -0.46979503  0.20619921  0.26130682 -0.64386269
 -0.01691684  0.38360713  0.0237571   0.03932383 -0.55013606  0.53194759
  0.55566983  0.56299534  0.64147955  0.23317639 -0.17019391  0.57212134
 -0.17344135  0.41698423 -0.61594532  0.12153767  0.34341406 -0.6289886
 -0.00658153 -0.22890518  0.07232587 -0.29691217  0.27588859 -0.49163587
 -0.29860771 -0.82427701 -0.50149517 -0.22700949 -0.19700099]
2808,[ 0.20208139  0.10550638 -0.09588462  0.13264422  0.3704237   0.08847381
 -0.04348594  0.65041946  0.35091545 -0.53097559 -0.04529084 -0.11920717
  0.18026497  0.430807   -0.32596027  0.23061211 -0.10880345 -0.62077378
  0.10392661  0.14433354 -0.46979535  0.20619729  0.26130618 -0.64386571
 -0.01691995  0.38360563  0.02376268  0.03932197 -0.55013852  0.53195265
  0.55566496  0.56299665  0.64148179  0.23317648 -0.17019203  0.57212187
 -0.17344341  0.41698287 -0.61594446  0.12153546  0.34341455 -0.62898487
 -0.00658583 -0.22890555  0.07232333 -0.29691292  0.27589131 -0.4916298
 -0.29861118 -0.82427659 -0.50149658 -0.22700897 -0.19700198]
2809,[ 0.20208496  0.10550782 -0.09589378  0.1326462   0.37042575  0.08847162
 -0.04348273  0.65041604  0.35091192 -0.53097411 -0.04529032 -0.11920333
  0.18026308  0.4308106  -0.32596038  0.23061512 -0.10880154 -0.62077264
  0.10392458  0.14433568 -0.46979566  0.20619538  0.26130553 -0.64386873
 -0.01692305  0.38360414  0.02376825  0.0393201  -0.55014098  0.5319577
  0.5556601   0.56299797  0.64148402  0.23317658 -0.17019014  0.5721224
 -0.17344546  0.41698151 -0.61594359  0.12153325  0.34341505 -0.62898114
 -0.00659013 -0.22890592  0.07232079 -0.29691367  0.27589402 -0.49162374
 -0.29861464 -0.82427617 -0.50149798 -0.22700844 -0.19700297]
2810,[ 0.20208853  0.10550925 -0.09590293  0.13264818  0.37042779  0.08846943
 -0.04347952  0.65041262  0.35090839 -0.53097262 -0.0452898  -0.1191995
  0.18026119  0.43081421 -0.3259605   0.23061812 -0.10879964 -0.6207715
  0.10392256  0.14433782 -0.46979597  0.20619347  0.26130489 -0.64387174
 -0.01692615  0.38360265  0.02377381  0.03931824 -0.55014344  0.53196275
  0.55565525  0.56299928  0.64148625  0.23317667 -0.17018826  0.57212292
 -0.17344752  0.41698015 -0.61594273  0.12153105  0.34341554 -0.62897741
 -0.00659442 -0.22890628  0.07231826 -0.29691442  0.27589673 -0.49161769
 -0.2986181  -0.82427575 -0.50149939 -0.22700792 -0.19700396]
2811,[ 0.20209209  0.10551069 -0.09591206  0.13265015  0.37042982  0.08846724
 -0.04347632  0.65040921  0.35090486 -0.53097113 -0.04528928 -0.11919567
  0.1802593   0.4308178  -0.32596061  0.23062112 -0.10879774 -0.62077036
  0.10392053  0.14433996 -0.46979628  0.20619155  0.26130424 -0.64387475
 -0.01692924  0.38360116  0.02377937  0.03931639 -0.5501459   0.53196779
  0.5556504   0.56300059  0.64148848  0.23317676 -0.17018638  0.57212345
 -0.17344956  0.4169788  -0.61594187  0.12152884  0.34341604 -0.62897369
 -0.00659871 -0.22890665  0.07231572 -0.29691517  0.27589944 -0.49161165
 -0.29862155 -0.82427533 -0.50150079 -0.2270074  -0.19700495]
2812,[ 0.20209566  0.10551212 -0.09592119  0.13265212  0.37043186  0.08846506
 -0.04347312  0.65040579  0.35090134 -0.53096965 -0.04528877 -0.11919184
  0.18025741  0.4308214  -0.32596072  0.23062412 -0.10879584 -0.62076922
  0.10391851  0.1443421  -0.4697966   0.20618965  0.2613036  -0.64387775
 -0.01693234  0.38359967  0.02378492  0.03931453 -0.55014835  0.53197282
  0.55564556  0.5630019   0.64149071  0.23317685 -0.1701845   0.57212398
 -0.17345161  0.41697744 -0.61594101  0.12152664  0.34341653 -0.62896998
 -0.00660299 -0.22890701  0.0723132  -0.29691591  0.27590215 -0.49160561
 -0.29862501 -0.82427492 -0.5015022  -0.22700687 -0.19700594]
2813,[ 0.20209921  0.10551355 -0.09593031  0.13265409  0.37043389  0.08846288
 -0.04346992  0.65040239  0.35089782 -0.53096817 -0.04528825 -0.11918802
  0.18025553  0.43082499 -0.32596083  0.23062712 -0.10879394 -0.62076808
  0.10391649  0.14434424 -0.46979691  0.20618774  0.26130295 -0.64388075
 -0.01693542  0.38359818  0.02379047  0.03931268 -0.5501508   0.53197785
  0.55564072  0.56300321  0.64149293  0.23317695 -0.17018262  0.57212451
 -0.17345366  0.41697609 -0.61594015  0.12152444  0.34341702 -0.62896627
 -0.00660726 -0.22890738  0.07231067 -0.29691666  0.27590485 -0.49159958
 -0.29862845 -0.8242745  -0.5015036  -0.22700635 -0.19700692]
2814,[ 0.20210277  0.10551498 -0.09593942  0.13265606  0.37043592  0.0884607
 -0.04346673  0.65039899  0.35089431 -0.53096669 -0.04528774 -0.11918421
  0.18025365  0.43082858 -0.32596094  0.23063011 -0.10879204 -0.62076695
  0.10391448  0.14434637 -0.46979722  0.20618583  0.26130231 -0.64388375
 -0.01693851  0.3835967   0.023796    0.03931082 -0.55015324  0.53198287
  0.55563589  0.56300451  0.64149515  0.23317704 -0.17018075  0.57212504
 -0.1734557   0.41697474 -0.61593929  0.12152225  0.34341752 -0.62896256
 -0.00661153 -0.22890774  0.07230815 -0.29691741  0.27590755 -0.49159355
 -0.2986319  -0.82427408 -0.501505   -0.22700583 -0.19700791]
2815,[ 0.20210632  0.10551641 -0.09594851  0.13265802  0.37043795  0.08845853
 -0.04346354  0.65039559  0.3508908  -0.53096521 -0.04528722 -0.11918039
  0.18025177  0.43083216 -0.32596105  0.23063309 -0.10879015 -0.62076581
  0.10391246  0.1443485  -0.46979753  0.20618393  0.26130167 -0.64388675
 -0.01694159  0.38359522  0.02380154  0.03930897 -0.55015569  0.53198789
  0.55563106  0.56300582  0.64149737  0.23317713 -0.17017887  0.57212556
 -0.17345774  0.41697338 -0.61593843  0.12152005  0.34341801 -0.62895886
 -0.0066158  -0.22890811  0.07230562 -0.29691815  0.27591025 -0.49158753
 -0.29863534 -0.82427366 -0.50150639 -0.22700531 -0.19700889]
2816,[ 0.20210986  0.10551784 -0.0959576   0.13265999  0.37043998  0.08845636
 -0.04346036  0.65039219  0.35088729 -0.53096373 -0.04528671 -0.11917658
  0.18024989  0.43083574 -0.32596116  0.23063608 -0.10878826 -0.62076468
  0.10391045  0.14435063 -0.46979784  0.20618203  0.26130103 -0.64388974
 -0.01694467  0.38359374  0.02380706  0.03930713 -0.55015813  0.5319929
  0.55562624  0.56300712  0.64149959  0.23317722 -0.170177    0.57212609
 -0.17345977  0.41697204 -0.61593757  0.12151786  0.3434185  -0.62895516
 -0.00662006 -0.22890847  0.07230311 -0.29691889  0.27591294 -0.49158152
 -0.29863877 -0.82427325 -0.50150779 -0.22700479 -0.19700988]
2817,[ 0.20211341  0.10551926 -0.09596668  0.13266195  0.370442    0.08845419
 -0.04345718  0.6503888   0.35088379 -0.53096226 -0.04528619 -0.11917278
  0.18024801  0.43083931 -0.32596127  0.23063906 -0.10878637 -0.62076355
  0.10390844  0.14435276 -0.46979815  0.20618013  0.26130039 -0.64389273
 -0.01694774  0.38359226  0.02381258  0.03930528 -0.55016057  0.53199791
  0.55562142  0.56300842  0.6415018   0.23317732 -0.17017513  0.57212661
 -0.17346181  0.41697069 -0.61593671  0.12151567  0.34341899 -0.62895146
 -0.00662432 -0.22890883  0.07230059 -0.29691963  0.27591563 -0.49157552
 -0.29864221 -0.82427283 -0.50150918 -0.22700427 -0.19701086]
2818,[ 0.20211694  0.10552069 -0.09597574  0.13266391  0.37044403  0.08845202
 -0.043454    0.65038541  0.35088029 -0.53096079 -0.04528568 -0.11916898
  0.18024614  0.43084288 -0.32596138  0.23064204 -0.10878448 -0.62076242
  0.10390643  0.14435488 -0.46979846  0.20617824  0.26129975 -0.64389571
 -0.01695081  0.38359078  0.0238181   0.03930344 -0.550163    0.53200291
  0.55561661  0.56300972  0.64150401  0.23317741 -0.17017327  0.57212714
 -0.17346384  0.41696934 -0.61593586  0.12151349  0.34341948 -0.62894777
 -0.00662857 -0.22890919  0.07229808 -0.29692038  0.27591832 -0.49156952
 -0.29864563 -0.82427241 -0.50151058 -0.22700375 -0.19701184]
2819,[ 0.20212048  0.10552211 -0.0959848   0.13266586  0.37044604  0.08844985
 -0.04345083  0.65038203  0.3508768  -0.53095931 -0.04528517 -0.11916518
  0.18024427  0.43084645 -0.32596148  0.23064501 -0.1087826  -0.62076129
  0.10390443  0.144357   -0.46979877  0.20617634  0.26129911 -0.64389869
 -0.01695388  0.3835893   0.0238236   0.0393016  -0.55016543  0.5320079
  0.55561181  0.56301102  0.64150622  0.2331775  -0.1701714   0.57212766
 -0.17346587  0.416968   -0.615935    0.1215113   0.34341997 -0.62894409
 -0.00663282 -0.22890956  0.07229557 -0.29692112  0.275921   -0.49156353
 -0.29864906 -0.824272   -0.50151197 -0.22700323 -0.19701282]
2820,[ 0.20212401  0.10552353 -0.09599384  0.13266782  0.37044806  0.08844769
 -0.04344766  0.65037865  0.35087331 -0.53095784 -0.04528466 -0.11916139
  0.1802424   0.43085001 -0.32596159  0.23064798 -0.10878072 -0.62076016
  0.10390243  0.14435912 -0.46979908  0.20617445  0.26129847 -0.64390167
 -0.01695694  0.38358783  0.02382911  0.03929976 -0.55016786  0.53201289
  0.55560701  0.56301232  0.64150843  0.23317759 -0.17016954  0.57212818
 -0.1734679   0.41696665 -0.61593415  0.12150912  0.34342046 -0.6289404
 -0.00663706 -0.22890992  0.07229306 -0.29692186  0.27592368 -0.49155755
 -0.29865248 -0.82427158 -0.50151336 -0.22700271 -0.1970138 ]
2821,[ 0.20212753  0.10552495 -0.09600288  0.13266977  0.37045008  0.08844553
 -0.04344449  0.65037527  0.35086982 -0.53095638 -0.04528414 -0.11915761
  0.18024053  0.43085357 -0.3259617   0.23065095 -0.10877884 -0.62075903
  0.10390043  0.14436124 -0.46979939  0.20617256  0.26129784 -0.64390465
 -0.01696     0.38358636  0.0238346   0.03929792 -0.55017029  0.53201788
  0.55560221  0.56301361  0.64151063  0.23317768 -0.17016768  0.57212871
 -0.17346993  0.41696531 -0.6159333   0.12150694  0.34342095 -0.62893673
 -0.0066413  -0.22891028  0.07229056 -0.29692259  0.27592636 -0.49155157
 -0.2986559  -0.82427117 -0.50151474 -0.22700219 -0.19701477]
2822,[ 0.20213105  0.10552637 -0.0960119   0.13267172  0.37045209  0.08844337
 -0.04344133  0.6503719   0.35086634 -0.53095491 -0.04528363 -0.11915382
  0.18023866  0.43085712 -0.32596181  0.23065392 -0.10877696 -0.62075791
  0.10389843  0.14436335 -0.46979969  0.20617067  0.2612972  -0.64390762
 -0.01696306  0.38358488  0.02384009  0.03929609 -0.55017271  0.53202285
  0.55559742  0.56301491  0.64151283  0.23317777 -0.17016582  0.57212923
 -0.17347195  0.41696397 -0.61593245  0.12150477  0.34342144 -0.62893305
 -0.00664553 -0.22891064  0.07228806 -0.29692333  0.27592904 -0.4915456
 -0.29865931 -0.82427076 -0.50151613 -0.22700168 -0.19701575]
2823,[ 0.20213457  0.10552778 -0.09602092  0.13267366  0.3704541   0.08844122
 -0.04343817  0.65036853  0.35086286 -0.53095344 -0.04528312 -0.11915004
  0.1802368   0.43086067 -0.32596192  0.23065688 -0.10877508 -0.62075678
  0.10389643  0.14436546 -0.4698      0.20616879  0.26129656 -0.64391059
 -0.01696611  0.38358342  0.02384557  0.03929425 -0.55017514  0.53202783
  0.55559264  0.5630162   0.64151503  0.23317787 -0.17016397  0.57212975
 -0.17347397  0.41696263 -0.6159316   0.12150259  0.34342192 -0.62892938
 -0.00664976 -0.228911    0.07228556 -0.29692407  0.27593171 -0.49153963
 -0.29866272 -0.82427034 -0.50151752 -0.22700116 -0.19701673]
2824,[ 0.20213809  0.1055292  -0.09602992  0.13267561  0.37045611  0.08843906
 -0.04343501  0.65036517  0.35085938 -0.53095198 -0.04528261 -0.11914627
  0.18023494  0.43086422 -0.32596203  0.23065983 -0.10877321 -0.62075566
  0.10389444  0.14436757 -0.46980031  0.2061669   0.26129593 -0.64391355
 -0.01696916  0.38358195  0.02385105  0.03929242 -0.55017755  0.53203279
  0.55558786  0.56301749  0.64151723  0.23317796 -0.17016211  0.57213027
 -0.17347599  0.4169613  -0.61593075  0.12150042  0.34342241 -0.62892572
 -0.00665398 -0.22891136  0.07228307 -0.29692481  0.27593438 -0.49153368
 -0.29866612 -0.82426993 -0.5015189  -0.22700064 -0.1970177 ]
2825,[ 0.2021416   0.10553061 -0.09603892  0.13267755  0.37045811  0.08843691
 -0.04343186  0.65036181  0.35085591 -0.53095052 -0.04528211 -0.1191425
  0.18023308  0.43086776 -0.32596214  0.23066279 -0.10877134 -0.62075454
  0.10389245  0.14436968 -0.46980062  0.20616502  0.2612953  -0.64391651
 -0.01697221  0.38358048  0.02385652  0.03929059 -0.55017997  0.53203775
  0.55558309  0.56301878  0.64151942  0.23317805 -0.17016026  0.57213079
 -0.17347801  0.41695996 -0.6159299   0.12149825  0.3434229  -0.62892206
 -0.0066582  -0.22891172  0.07228057 -0.29692554  0.27593704 -0.49152773
 -0.29866952 -0.82426952 -0.50152028 -0.22700013 -0.19701867]
2826,[ 0.2021451   0.10553202 -0.0960479   0.13267949  0.37046012  0.08843477
 -0.04342871  0.65035845  0.35085245 -0.53094906 -0.0452816  -0.11913873
  0.18023122  0.4308713  -0.32596225  0.23066574 -0.10876947 -0.62075342
  0.10389046  0.14437178 -0.46980092  0.20616314  0.26129466 -0.64391947
 -0.01697525  0.38357902  0.02386199  0.03928877 -0.55018238  0.53204271
  0.55557832  0.56302007  0.64152162  0.23317814 -0.17015841  0.57213131
 -0.17348002  0.41695863 -0.61592905  0.12149609  0.34342338 -0.6289184
 -0.00666241 -0.22891208  0.07227809 -0.29692628  0.27593971 -0.49152178
 -0.29867292 -0.82426911 -0.50152166 -0.22699961 -0.19701965]
2827,[ 0.20214861  0.10553343 -0.09605688  0.13268143  0.37046212  0.08843262
 -0.04342557  0.6503551   0.35084898 -0.5309476  -0.04528109 -0.11913497
  0.18022936  0.43087484 -0.32596236  0.23066869 -0.1087676  -0.6207523
  0.10388847  0.14437388 -0.46980123  0.20616126  0.26129403 -0.64392243
 -0.01697829  0.38357755  0.02386744  0.03928694 -0.55018479  0.53204766
  0.55557356  0.56302135  0.6415238   0.23317823 -0.17015657  0.57213183
 -0.17348204  0.4169573  -0.6159282   0.12149392  0.34342387 -0.62891475
 -0.00666662 -0.22891244  0.0722756  -0.29692701  0.27594237 -0.49151584
 -0.29867632 -0.82426869 -0.50152304 -0.2269991  -0.19702062]
2828,[ 0.2021521   0.10553484 -0.09606584  0.13268337  0.37046412  0.08843048
 -0.04342242  0.65035175  0.35084553 -0.53094614 -0.04528058 -0.11913121
  0.18022751  0.43087837 -0.32596246  0.23067163 -0.10876573 -0.62075118
  0.10388649  0.14437598 -0.46980154  0.20615939  0.2612934  -0.64392538
 -0.01698133  0.38357609  0.0238729   0.03928512 -0.5501872   0.5320526
  0.5555688   0.56302264  0.64152599  0.23317832 -0.17015472  0.57213235
 -0.17348405  0.41695596 -0.61592736  0.12149176  0.34342435 -0.6289111
 -0.00667082 -0.2289128   0.07227311 -0.29692774  0.27594503 -0.49150991
 -0.29867971 -0.82426828 -0.50152442 -0.22699859 -0.19702159]
2829,[ 0.2021556   0.10553624 -0.0960748   0.1326853   0.37046611  0.08842834
 -0.04341929  0.6503484   0.35084207 -0.53094469 -0.04528008 -0.11912746
  0.18022566  0.43088189 -0.32596257  0.23067457 -0.10876387 -0.62075006
  0.1038845   0.14437808 -0.46980184  0.20615752  0.26129277 -0.64392833
 -0.01698436  0.38357463  0.02387834  0.0392833  -0.55018961  0.53205754
  0.55556405  0.56302392  0.64152818  0.23317841 -0.17015288  0.57213287
 -0.17348605  0.41695463 -0.61592651  0.1214896   0.34342484 -0.62890745
 -0.00667502 -0.22891315  0.07227063 -0.29692848  0.27594768 -0.49150399
 -0.29868309 -0.82426787 -0.50152579 -0.22699807 -0.19702256]
2830,[ 0.20215909  0.10553765 -0.09608374  0.13268723  0.37046811  0.0884262
 -0.04341615  0.65034506  0.35083862 -0.53094324 -0.04527957 -0.11912371
  0.18022381  0.43088542 -0.32596268  0.23067751 -0.10876201 -0.62074895
  0.10388252  0.14438018 -0.46980215  0.20615565  0.26129214 -0.64393127
 -0.01698739  0.38357317  0.02388378  0.03928148 -0.55019201  0.53206247
  0.5555593   0.56302521  0.64153036  0.2331785  -0.17015104  0.57213338
 -0.17348806  0.41695331 -0.61592567  0.12148744  0.34342532 -0.62890381
 -0.00667922 -0.22891351  0.07226816 -0.29692921  0.27595033 -0.49149807
 -0.29868647 -0.82426746 -0.50152717 -0.22699756 -0.19702352]
2831,[ 0.20216257  0.10553905 -0.09609267  0.13268916  0.3704701   0.08842406
 -0.04341302  0.65034172  0.35083517 -0.53094178 -0.04527906 -0.11911997
  0.18022196  0.43088893 -0.32596279  0.23068044 -0.10876015 -0.62074784
  0.10388055  0.14438227 -0.46980245  0.20615378  0.2612915  -0.64393421
 -0.01699041  0.38357172  0.02388922  0.03927966 -0.55019441  0.5320674
  0.55555456  0.56302649  0.64153254  0.23317859 -0.1701492   0.5721339
 -0.17349006  0.41695198 -0.61592483  0.12148529  0.3434258  -0.62890017
 -0.00668341 -0.22891387  0.07226568 -0.29692994  0.27595298 -0.49149216
 -0.29868985 -0.82426705 -0.50152854 -0.22699705 -0.19702449]
2832,[ 0.20216606  0.10554045 -0.0961016   0.13269109  0.37047209  0.08842193
 -0.04340989  0.65033839  0.35083173 -0.53094033 -0.04527856 -0.11911623
  0.18022012  0.43089245 -0.3259629   0.23068338 -0.10875829 -0.62074672
  0.10387857  0.14438436 -0.46980276  0.20615191  0.26129088 -0.64393715
 -0.01699344  0.38357026  0.02389464  0.03927785 -0.55019681  0.53207232
  0.55554983  0.56302777  0.64153471  0.23317868 -0.17014736  0.57213442
 -0.17349206  0.41695066 -0.61592399  0.12148314  0.34342629 -0.62889654
 -0.00668759 -0.22891423  0.07226321 -0.29693067  0.27595562 -0.49148626
 -0.29869323 -0.82426664 -0.50152991 -0.22699654 -0.19702546]
2833,[ 0.20216954  0.10554185 -0.09611051  0.13269301  0.37047408  0.0884198
 -0.04340677  0.65033506  0.35082829 -0.53093888 -0.04527806 -0.11911249
  0.18021828  0.43089596 -0.325963    0.2306863  -0.10875644 -0.62074561
  0.1038766   0.14438645 -0.46980306  0.20615005  0.26129025 -0.64394009
 -0.01699645  0.38356881  0.02390007  0.03927603 -0.5501992   0.53207724
  0.55554509  0.56302905  0.64153689  0.23317877 -0.17014553  0.57213493
 -0.17349406  0.41694933 -0.61592314  0.12148099  0.34342677 -0.62889291
 -0.00669177 -0.22891458  0.07226074 -0.2969314   0.27595827 -0.49148036
 -0.2986966  -0.82426624 -0.50153128 -0.22699603 -0.19702642]
2834,[ 0.20217301  0.10554325 -0.09611942  0.13269494  0.37047607  0.08841767
 -0.04340365  0.65033173  0.35082485 -0.53093744 -0.04527755 -0.11910876
  0.18021644  0.43089947 -0.32596311  0.23068923 -0.10875458 -0.6207445
  0.10387462  0.14438853 -0.46980336  0.20614818  0.26128962 -0.64394302
 -0.01699947  0.38356736  0.02390548  0.03927422 -0.55020159  0.53208215
  0.55554037  0.56303032  0.64153906  0.23317886 -0.17014369  0.57213545
 -0.17349606  0.41694801 -0.6159223   0.12147884  0.34342725 -0.62888929
 -0.00669595 -0.22891494  0.07225827 -0.29693212  0.27596091 -0.49147447
 -0.29869996 -0.82426583 -0.50153265 -0.22699552 -0.19702738]
2835,[ 0.20217648  0.10554465 -0.09612831  0.13269686  0.37047805  0.08841554
 -0.04340053  0.65032841  0.35082142 -0.53093599 -0.04527705 -0.11910503
  0.1802146   0.43090297 -0.32596322  0.23069215 -0.10875273 -0.62074339
  0.10387266  0.14439061 -0.46980367  0.20614632  0.26128899 -0.64394595
 -0.01700248  0.38356591  0.02391089  0.03927242 -0.55020398  0.53208706
  0.55553565  0.5630316   0.64154123  0.23317895 -0.17014186  0.57213596
 -0.17349805  0.41694669 -0.61592147  0.1214767   0.34342773 -0.62888567
 -0.00670012 -0.22891529  0.07225581 -0.29693285  0.27596354 -0.49146859
 -0.29870333 -0.82426542 -0.50153401 -0.22699501 -0.19702835]
2836,[ 0.20217995  0.10554604 -0.09613719  0.13269878  0.37048003  0.08841342
 -0.04339742  0.65032509  0.35081799 -0.53093455 -0.04527655 -0.11910131
  0.18021276  0.43090647 -0.32596333  0.23069507 -0.10875088 -0.62074228
  0.10387069  0.1443927  -0.46980397  0.20614446  0.26128837 -0.64394887
 -0.01700549  0.38356446  0.02391629  0.03927061 -0.55020637  0.53209196
  0.55553094  0.56303287  0.6415434   0.23317904 -0.17014003  0.57213648
 -0.17350005  0.41694537 -0.61592063  0.12147455  0.34342821 -0.62888205
 -0.00670429 -0.22891565  0.07225334 -0.29693358  0.27596618 -0.49146271
 -0.29870669 -0.82426501 -0.50153538 -0.2269945  -0.19702931]
2837,[ 0.20218341  0.10554744 -0.09614607  0.13270069  0.37048201  0.08841129
 -0.04339431  0.65032177  0.35081457 -0.53093311 -0.04527604 -0.11909759
  0.18021093  0.43090996 -0.32596343  0.23069798 -0.10874904 -0.62074118
  0.10386872  0.14439477 -0.46980428  0.20614261  0.26128774 -0.64395179
 -0.0170085   0.38356302  0.02392169  0.03926881 -0.55020875  0.53209685
  0.55552623  0.56303414  0.64154556  0.23317913 -0.17013821  0.57213699
 -0.17350204  0.41694405 -0.61591979  0.12147241  0.34342869 -0.62887844
 -0.00670845 -0.228916    0.07225089 -0.2969343   0.27596881 -0.49145684
 -0.29871004 -0.82426461 -0.50153674 -0.22699399 -0.19703027]
2838,[ 0.20218687  0.10554883 -0.09615493  0.13270261  0.37048399  0.08840917
 -0.0433912   0.65031846  0.35081115 -0.53093167 -0.04527554 -0.11909387
  0.18020909  0.43091345 -0.32596354  0.23070089 -0.10874719 -0.62074007
  0.10386676  0.14439685 -0.46980458  0.20614075  0.26128711 -0.64395471
 -0.0170115   0.38356157  0.02392708  0.039267   -0.55021113  0.53210174
  0.55552152  0.56303541  0.64154772  0.23317922 -0.17013638  0.5721375
 -0.17350402  0.41694274 -0.61591895  0.12147028  0.34342917 -0.62887483
 -0.00671261 -0.22891636  0.07224843 -0.29693503  0.27597143 -0.49145098
 -0.29871339 -0.8242642  -0.5015381  -0.22699348 -0.19703123]
2839,[ 0.20219032  0.10555022 -0.09616379  0.13270452  0.37048596  0.08840706
 -0.0433881   0.65031515  0.35080773 -0.53093023 -0.04527504 -0.11909016
  0.18020726  0.43091694 -0.32596365  0.2307038  -0.10874535 -0.62073897
  0.1038648   0.14439892 -0.46980488  0.2061389   0.26128649 -0.64395763
 -0.0170145   0.38356013  0.02393247  0.0392652  -0.55021351  0.53210662
  0.55551683  0.56303668  0.64154988  0.23317931 -0.17013456  0.57213801
 -0.17350601  0.41694142 -0.61591812  0.12146814  0.34342965 -0.62887123
 -0.00671676 -0.22891671  0.07224598 -0.29693575  0.27597406 -0.49144512
 -0.29871674 -0.82426379 -0.50153946 -0.22699298 -0.19703218]
2840,[ 0.20219378  0.10555161 -0.09617263  0.13270643  0.37048793  0.08840494
 -0.043385    0.65031185  0.35080432 -0.53092879 -0.04527454 -0.11908645
  0.18020544  0.43092042 -0.32596376  0.23070671 -0.10874351 -0.62073787
  0.10386284  0.144401   -0.46980518  0.20613705  0.26128587 -0.64396054
 -0.01701749  0.38355869  0.02393785  0.0392634  -0.55021589  0.5321115
  0.55551213  0.56303795  0.64155204  0.2331794  -0.17013274  0.57213852
 -0.17350799  0.41694011 -0.61591728  0.12146601  0.34343013 -0.62886763
 -0.00672091 -0.22891707  0.07224353 -0.29693648  0.27597668 -0.49143927
 -0.29872009 -0.82426339 -0.50154082 -0.22699247 -0.19703314]
2841,[ 0.20219722  0.10555299 -0.09618146  0.13270834  0.3704899   0.08840283
 -0.0433819   0.65030855  0.35080091 -0.53092735 -0.04527404 -0.11908275
  0.18020361  0.4309239  -0.32596386  0.23070961 -0.10874167 -0.62073676
  0.10386089  0.14440307 -0.46980548  0.2061352   0.26128524 -0.64396345
 -0.01702048  0.38355725  0.02394322  0.03926161 -0.55021826  0.53211637
  0.55550744  0.56303922  0.6415542   0.23317949 -0.17013092  0.57213904
 -0.17350997  0.4169388  -0.61591645  0.12146388  0.3434306  -0.62886403
 -0.00672505 -0.22891742  0.07224108 -0.2969372   0.2759793  -0.49143342
 -0.29872343 -0.82426298 -0.50154218 -0.22699196 -0.1970341 ]
2842,[ 0.20220067  0.10555438 -0.09619029  0.13271024  0.37049187  0.08840072
 -0.04337881  0.65030525  0.35079751 -0.53092592 -0.04527354 -0.11907905
  0.18020179  0.43092738 -0.32596397  0.23071251 -0.10873983 -0.62073566
  0.10385893  0.14440513 -0.46980579  0.20613336  0.26128462 -0.64396635
 -0.01702347  0.38355581  0.02394859  0.03925981 -0.55022063  0.53212124
  0.55550276  0.56304048  0.64155635  0.23317958 -0.1701291   0.57213955
 -0.17351195  0.41693749 -0.61591562  0.12146175  0.34343108 -0.62886044
 -0.00672919 -0.22891777  0.07223863 -0.29693792  0.27598192 -0.49142759
 -0.29872676 -0.82426258 -0.50154353 -0.22699146 -0.19703505]
2843,[ 0.20220411  0.10555576 -0.0961991   0.13271215  0.37049384  0.08839861
 -0.04337572  0.65030196  0.35079411 -0.53092449 -0.04527304 -0.11907536
  0.18019996  0.43093085 -0.32596408  0.2307154  -0.108738   -0.62073456
  0.10385698  0.1444072  -0.46980609  0.20613152  0.261284   -0.64396925
 -0.01702646  0.38355437  0.02395395  0.03925802 -0.550223    0.5321261
  0.55549808  0.56304175  0.6415585   0.23317967 -0.17012729  0.57214006
 -0.17351393  0.41693618 -0.61591479  0.12145963  0.34343156 -0.62885685
 -0.00673332 -0.22891813  0.07223619 -0.29693864  0.27598453 -0.49142176
 -0.2987301  -0.82426217 -0.50154489 -0.22699095 -0.197036  ]
2844,[ 0.20220754  0.10555715 -0.09620791  0.13271405  0.3704958   0.08839651
 -0.04337264  0.65029867  0.35079071 -0.53092306 -0.04527255 -0.11907167
  0.18019814  0.43093432 -0.32596418  0.23071829 -0.10873617 -0.62073347
  0.10385503  0.14440926 -0.46980639  0.20612967  0.26128338 -0.64397215
 -0.01702944  0.38355294  0.0239593   0.03925623 -0.55022536  0.53213096
  0.55549341  0.56304301  0.64156065  0.23317976 -0.17012548  0.57214057
 -0.1735159   0.41693487 -0.61591396  0.1214575   0.34343203 -0.62885327
 -0.00673745 -0.22891848  0.07223375 -0.29693936  0.27598714 -0.49141593
 -0.29873343 -0.82426177 -0.50154624 -0.22699045 -0.19703696]
2845,[ 0.20221097  0.10555853 -0.0962167   0.13271595  0.37049776  0.08839441
 -0.04336955  0.65029538  0.35078732 -0.53092163 -0.04527205 -0.11906798
  0.18019633  0.43093778 -0.32596429  0.23072118 -0.10873434 -0.62073237
  0.10385309  0.14441132 -0.46980669  0.20612783  0.26128276 -0.64397505
 -0.01703242  0.3835515   0.02396465  0.03925444 -0.55022773  0.53213581
  0.55548875  0.56304427  0.64156279  0.23317985 -0.17012367  0.57214107
 -0.17351787  0.41693357 -0.61591313  0.12145538  0.34343251 -0.62884969
 -0.00674157 -0.22891883  0.07223131 -0.29694008  0.27598974 -0.49141011
 -0.29873675 -0.82426137 -0.50154759 -0.22698994 -0.19703791]
2846,[ 0.2022144   0.10555991 -0.09622549  0.13271785  0.37049972  0.08839231
 -0.04336647  0.6502921   0.35078393 -0.5309202  -0.04527155 -0.1190643
  0.18019451  0.43094124 -0.32596439  0.23072407 -0.10873251 -0.62073127
  0.10385114  0.14441338 -0.46980699  0.206126    0.26128214 -0.64397794
 -0.01703539  0.38355007  0.02396999  0.03925266 -0.55023009  0.53214066
  0.55548408  0.56304553  0.64156493  0.23317994 -0.17012186  0.57214158
 -0.17351984  0.41693226 -0.6159123   0.12145326  0.34343298 -0.62884611
 -0.00674569 -0.22891918  0.07222888 -0.2969408   0.27599235 -0.4914043
 -0.29874007 -0.82426096 -0.50154894 -0.22698944 -0.19703886]
2847,[ 0.20221783  0.10556128 -0.09623426  0.13271974  0.37050168  0.08839021
 -0.0433634   0.65028882  0.35078054 -0.53091878 -0.04527105 -0.11906062
  0.1801927   0.4309447  -0.3259645   0.23072695 -0.10873068 -0.62073018
  0.1038492   0.14441543 -0.46980729  0.20612416  0.26128152 -0.64398083
 -0.01703837  0.38354864  0.02397533  0.03925087 -0.55023244  0.53214549
  0.55547943  0.56304679  0.64156708  0.23318003 -0.17012005  0.57214209
 -0.17352181  0.41693096 -0.61591147  0.12145115  0.34343346 -0.62884254
 -0.00674981 -0.22891953  0.07222645 -0.29694152  0.27599495 -0.4913985
 -0.29874339 -0.82426056 -0.50155029 -0.22698894 -0.19703981]
2848,[ 0.20222125  0.10556266 -0.09624303  0.13272163  0.37050363  0.08838811
 -0.04336033  0.65028554  0.35077716 -0.53091735 -0.04527056 -0.11905695
  0.18019088  0.43094815 -0.32596461  0.23072983 -0.10872886 -0.62072909
  0.10384726  0.14441748 -0.46980759  0.20612233  0.2612809  -0.64398372
 -0.01704133  0.38354721  0.02398066  0.03924909 -0.5502348   0.53215033
  0.55547478  0.56304805  0.64156921  0.23318012 -0.17011825  0.5721426
 -0.17352378  0.41692966 -0.61591064  0.12144903  0.34343393 -0.62883897
 -0.00675392 -0.22891988  0.07222402 -0.29694223  0.27599755 -0.4913927
 -0.29874671 -0.82426016 -0.50155163 -0.22698844 -0.19704076]
2849,[ 0.20222466  0.10556404 -0.09625178  0.13272353  0.37050558  0.08838602
 -0.04335726  0.65028227  0.35077378 -0.53091593 -0.04527006 -0.11905328
  0.18018907  0.4309516  -0.32596471  0.2307327  -0.10872704 -0.620728
  0.10384532  0.14441953 -0.46980788  0.2061205   0.26128029 -0.6439866
 -0.0170443   0.38354578  0.02398598  0.03924731 -0.55023715  0.53215516
  0.55547013  0.5630493   0.64157135  0.2331802  -0.17011645  0.5721431
 -0.17352574  0.41692836 -0.61590982  0.12144692  0.34343441 -0.62883541
 -0.00675802 -0.22892023  0.07222159 -0.29694295  0.27600014 -0.49138691
 -0.29875002 -0.82425976 -0.50155298 -0.22698794 -0.1970417 ]
2850,[ 0.20222807  0.10556541 -0.09626053  0.13272541  0.37050753  0.08838393
 -0.0433542   0.65027901  0.35077041 -0.53091451 -0.04526957 -0.11904961
  0.18018727  0.43095504 -0.32596482  0.23073557 -0.10872522 -0.62072691
  0.10384338  0.14442158 -0.46980818  0.20611867  0.26127967 -0.64398948
 -0.01704726  0.38354436  0.0239913   0.03924553 -0.5502395   0.53215998
  0.55546549  0.56305056  0.64157348  0.23318029 -0.17011464  0.57214361
 -0.1735277   0.41692706 -0.61590899  0.12144481  0.34343488 -0.62883185
 -0.00676213 -0.22892058  0.07221917 -0.29694366  0.27600274 -0.49138112
 -0.29875332 -0.82425936 -0.50155432 -0.22698743 -0.19704265]
2851,[ 0.20223148  0.10556678 -0.09626926  0.1327273   0.37050948  0.08838184
 -0.04335113  0.65027574  0.35076704 -0.53091309 -0.04526907 -0.11904595
  0.18018546  0.43095848 -0.32596492  0.23073844 -0.1087234  -0.62072582
  0.10384145  0.14442363 -0.46980848  0.20611684  0.26127905 -0.64399235
 -0.01705022  0.38354293  0.02399662  0.03924376 -0.55024184  0.5321648
  0.55546086  0.56305181  0.64157561  0.23318038 -0.17011285  0.57214411
 -0.17352966  0.41692576 -0.61590817  0.12144271  0.34343535 -0.62882829
 -0.00676622 -0.22892093  0.07221675 -0.29694438  0.27600532 -0.49137534
 -0.29875663 -0.82425896 -0.50155566 -0.22698693 -0.19704359]
2852,[ 0.20223489  0.10556815 -0.09627799  0.13272919  0.37051143  0.08837975
 -0.04334808  0.65027248  0.35076367 -0.53091167 -0.04526858 -0.11904229
  0.18018366  0.43096192 -0.32596503  0.23074131 -0.10872158 -0.62072473
  0.10383952  0.14442567 -0.46980878  0.20611502  0.26127844 -0.64399523
 -0.01705317  0.38354151  0.02400192  0.03924198 -0.55024419  0.53216961
  0.55545623  0.56305306  0.64157774  0.23318047 -0.17011105  0.57214462
 -0.17353162  0.41692447 -0.61590735  0.1214406   0.34343582 -0.62882474
 -0.00677031 -0.22892128  0.07221433 -0.29694509  0.27600791 -0.49136957
 -0.29875993 -0.82425856 -0.501557   -0.22698643 -0.19704454]
2853,[ 0.20223829  0.10556952 -0.0962867   0.13273107  0.37051337  0.08837767
 -0.04334502  0.65026923  0.35076031 -0.53091025 -0.04526809 -0.11903864
  0.18018185  0.43096535 -0.32596513  0.23074417 -0.10871977 -0.62072364
  0.10383759  0.14442771 -0.46980908  0.20611319  0.26127782 -0.6439981
 -0.01705613  0.38354009  0.02400722  0.03924021 -0.55024653  0.53217442
  0.5554516   0.56305431  0.64157987  0.23318056 -0.17010926  0.57214512
 -0.17353357  0.41692317 -0.61590652  0.1214385   0.34343629 -0.62882119
 -0.0067744  -0.22892163  0.07221192 -0.2969458   0.27601049 -0.49136381
 -0.29876322 -0.82425816 -0.50155834 -0.22698593 -0.19704548]
2854,[ 0.20224169  0.10557089 -0.09629541  0.13273295  0.37051531  0.08837559
 -0.04334197  0.65026597  0.35075695 -0.53090884 -0.04526759 -0.11903499
  0.18018006  0.43096878 -0.32596524  0.23074703 -0.10871796 -0.62072256
  0.10383566  0.14442975 -0.46980937  0.20611137  0.26127721 -0.64400096
 -0.01705907  0.38353867  0.02401252  0.03923844 -0.55024887  0.53217922
  0.55544698  0.56305556  0.64158199  0.23318065 -0.17010746  0.57214563
 -0.17353552  0.41692188 -0.6159057   0.1214364   0.34343677 -0.62881765
 -0.00677848 -0.22892198  0.07220951 -0.29694652  0.27601308 -0.49135805
 -0.29876651 -0.82425776 -0.50155968 -0.22698544 -0.19704642]
2855,[ 0.20224508  0.10557225 -0.0963041   0.13273483  0.37051725  0.08837351
 -0.04333892  0.65026272  0.35075359 -0.53090743 -0.0452671  -0.11903135
  0.18017826  0.4309722  -0.32596535  0.23074989 -0.10871615 -0.62072147
  0.10383374  0.14443179 -0.46980967  0.20610955  0.2612766  -0.64400383
 -0.01706202  0.38353725  0.02401781  0.03923667 -0.5502512   0.53218402
  0.55544237  0.5630568   0.64158411  0.23318073 -0.17010567  0.57214613
 -0.17353747  0.41692059 -0.61590488  0.12143431  0.34343724 -0.62881411
 -0.00678256 -0.22892232  0.0722071  -0.29694723  0.27601565 -0.49135229
 -0.2987698  -0.82425736 -0.50156102 -0.22698494 -0.19704736]
2856,[ 0.20224847  0.10557362 -0.09631279  0.1327367   0.37051919  0.08837143
 -0.04333588  0.65025948  0.35075024 -0.53090601 -0.04526661 -0.1190277
  0.18017646  0.43097562 -0.32596545  0.23075274 -0.10871434 -0.62072039
  0.10383181  0.14443382 -0.46980997  0.20610774  0.26127598 -0.64400668
 -0.01706496  0.38353584  0.02402309  0.03923491 -0.55025354  0.53218881
  0.55543776  0.56305805  0.64158623  0.23318082 -0.17010389  0.57214663
 -0.17353942  0.4169193  -0.61590406  0.12143221  0.34343771 -0.62881057
 -0.00678664 -0.22892267  0.07220469 -0.29694794  0.27601823 -0.49134655
 -0.29877309 -0.82425696 -0.50156235 -0.22698444 -0.1970483 ]
2857,[ 0.20225185  0.10557498 -0.09632146  0.13273858  0.37052112  0.08836936
 -0.04333284  0.65025624  0.35074689 -0.5309046  -0.04526612 -0.11902407
  0.18017467  0.43097904 -0.32596555  0.23075559 -0.10871254 -0.62071931
  0.10382989  0.14443586 -0.46981026  0.20610592  0.26127537 -0.64400954
 -0.0170679   0.38353442  0.02402837  0.03923314 -0.55025587  0.53219359
  0.55543315  0.56305929  0.64158835  0.23318091 -0.1701021   0.57214713
 -0.17354137  0.41691801 -0.61590324  0.12143012  0.34343817 -0.62880704
 -0.0067907  -0.22892302  0.07220229 -0.29694865  0.2760208  -0.49134081
 -0.29877637 -0.82425656 -0.50156368 -0.22698394 -0.19704924]
2858,[ 0.20225524  0.10557634 -0.09633013  0.13274045  0.37052306  0.08836728
 -0.0433298   0.650253    0.35074355 -0.5309032  -0.04526563 -0.11902044
  0.18017288  0.43098245 -0.32596566  0.23075844 -0.10871073 -0.62071823
  0.10382797  0.14443789 -0.46981056  0.20610411  0.26127476 -0.6440124
 -0.01707084  0.38353301  0.02403364  0.03923138 -0.55025819  0.53219837
  0.55542855  0.56306054  0.64159046  0.233181   -0.17010032  0.57214764
 -0.17354331  0.41691672 -0.61590243  0.12142803  0.34343864 -0.62880351
 -0.00679477 -0.22892336  0.07219988 -0.29694936  0.27602337 -0.49133508
 -0.29877965 -0.82425617 -0.50156502 -0.22698345 -0.19705018]
2859,[ 0.20225861  0.1055777  -0.09633879  0.13274232  0.37052499  0.08836521
 -0.04332677  0.65024976  0.35074021 -0.53090179 -0.04526514 -0.11901681
  0.18017109  0.43098586 -0.32596576  0.23076128 -0.10870893 -0.62071715
  0.10382606  0.14443991 -0.46981086  0.2061023   0.26127415 -0.64401525
 -0.01707377  0.3835316   0.0240389   0.03922962 -0.55026052  0.53220315
  0.55542396  0.56306178  0.64159257  0.23318109 -0.17009853  0.57214814
 -0.17354525  0.41691544 -0.61590161  0.12142594  0.34343911 -0.62879999
 -0.00679883 -0.22892371  0.07219749 -0.29695006  0.27602593 -0.49132935
 -0.29878292 -0.82425577 -0.50156634 -0.22698295 -0.19705112]
2860,[ 0.20226199  0.10557906 -0.09634743  0.13274419  0.37052691  0.08836315
 -0.04332374  0.65024653  0.35073687 -0.53090038 -0.04526465 -0.11901318
  0.1801693   0.43098927 -0.32596587  0.23076412 -0.10870713 -0.62071607
  0.10382414  0.14444194 -0.46981115  0.20610049  0.26127354 -0.64401809
 -0.0170767   0.38353019  0.02404416  0.03922786 -0.55026284  0.53220792
  0.55541937  0.56306302  0.64159468  0.23318117 -0.17009675  0.57214864
 -0.17354719  0.41691415 -0.61590079  0.12142386  0.34343958 -0.62879647
 -0.00680288 -0.22892406  0.07219509 -0.29695077  0.2760285  -0.49132363
 -0.29878619 -0.82425537 -0.50156767 -0.22698246 -0.19705205]
2861,[ 0.20226536  0.10558041 -0.09635607  0.13274605  0.37052884  0.08836108
 -0.04332071  0.65024331  0.35073354 -0.53089898 -0.04526416 -0.11900956
  0.18016751  0.43099267 -0.32596597  0.23076696 -0.10870533 -0.62071499
  0.10382223  0.14444396 -0.46981145  0.20609868  0.26127293 -0.64402094
 -0.01707962  0.38352878  0.02404941  0.0392261  -0.55026516  0.53221268
  0.55541479  0.56306426  0.64159679  0.23318126 -0.17009498  0.57214914
 -0.17354913  0.41691287 -0.61589998  0.12142177  0.34344005 -0.62879295
 -0.00680693 -0.2289244   0.0721927  -0.29695148  0.27603106 -0.49131791
 -0.29878945 -0.82425498 -0.501569   -0.22698196 -0.19705299]
2862,[ 0.20226873  0.10558177 -0.0963647   0.13274791  0.37053076  0.08835902
 -0.04331769  0.65024008  0.35073021 -0.53089758 -0.04526367 -0.11900595
  0.18016573  0.43099607 -0.32596608  0.23076979 -0.10870354 -0.62071392
  0.10382032  0.14444598 -0.46981174  0.20609688  0.26127232 -0.64402378
 -0.01708254  0.38352738  0.02405466  0.03922435 -0.55026748  0.53221744
  0.55541021  0.56306549  0.64159889  0.23318135 -0.1700932   0.57214963
 -0.17355106  0.41691159 -0.61589916  0.12141969  0.34344051 -0.62878944
 -0.00681098 -0.22892475  0.07219031 -0.29695218  0.27603362 -0.49131221
 -0.29879272 -0.82425458 -0.50157033 -0.22698147 -0.19705392]
2863,[ 0.20227209  0.10558312 -0.09637332  0.13274978  0.37053269  0.08835696
 -0.04331467  0.65023686  0.35072689 -0.53089618 -0.04526319 -0.11900233
  0.18016395  0.43099946 -0.32596618  0.23077262 -0.10870174 -0.62071284
  0.10381841  0.144448   -0.46981204  0.20609508  0.26127172 -0.64402661
 -0.01708546  0.38352597  0.0240599   0.0392226  -0.55026979  0.53222219
  0.55540564  0.56306673  0.641601    0.23318144 -0.17009143  0.57215013
 -0.17355299  0.41691031 -0.61589835  0.12141761  0.34344098 -0.62878593
 -0.00681502 -0.22892509  0.07218792 -0.29695289  0.27603617 -0.49130651
 -0.29879598 -0.82425419 -0.50157165 -0.22698097 -0.19705485]
2864,[ 0.20227545  0.10558447 -0.09638193  0.13275164  0.37053461  0.0883549
 -0.04331165  0.65023365  0.35072356 -0.53089478 -0.0452627  -0.11899873
  0.18016217  0.43100285 -0.32596629  0.23077545 -0.10869995 -0.62071177
  0.10381651  0.14445002 -0.46981233  0.20609328  0.26127111 -0.64402945
 -0.01708838  0.38352457  0.02406514  0.03922085 -0.55027211  0.53222694
  0.55540107  0.56306796  0.6416031   0.23318152 -0.17008965  0.57215063
 -0.17355492  0.41690903 -0.61589754  0.12141554  0.34344144 -0.62878243
 -0.00681906 -0.22892544  0.07218553 -0.29695359  0.27603872 -0.49130081
 -0.29879923 -0.82425379 -0.50157297 -0.22698048 -0.19705578]
2865,[ 0.2022788   0.10558582 -0.09639052  0.13275349  0.37053652  0.08835284
 -0.04330864  0.65023043  0.35072025 -0.53089338 -0.04526221 -0.11899512
  0.18016039  0.43100624 -0.32596639  0.23077827 -0.10869816 -0.62071069
  0.1038146   0.14445203 -0.46981262  0.20609148  0.2612705  -0.64403228
 -0.01709129  0.38352317  0.02407037  0.0392191  -0.55027442  0.53223168
  0.55539651  0.5630692   0.64160519  0.23318161 -0.17008788  0.57215113
 -0.17355685  0.41690776 -0.61589673  0.12141347  0.34344191 -0.62877893
 -0.00682309 -0.22892578  0.07218315 -0.29695429  0.27604127 -0.49129512
 -0.29880248 -0.8242534  -0.50157429 -0.22697999 -0.19705671]
2866,[ 0.20228216  0.10558717 -0.09639911  0.13275535  0.37053844  0.08835079
 -0.04330563  0.65022722  0.35071693 -0.53089199 -0.04526173 -0.11899152
  0.18015862  0.43100962 -0.32596649  0.23078109 -0.10869638 -0.62070962
  0.1038127   0.14445404 -0.46981292  0.20608968  0.2612699  -0.64403511
 -0.0170942   0.38352177  0.02407559  0.03921735 -0.55027672  0.53223642
  0.55539195  0.56307043  0.64160729  0.2331817  -0.17008612  0.57215163
 -0.17355878  0.41690648 -0.61589592  0.12141139  0.34344237 -0.62877543
 -0.00682712 -0.22892612  0.07218077 -0.296955    0.27604382 -0.49128944
 -0.29880573 -0.824253   -0.50157561 -0.2269795  -0.19705764]
2867,[ 0.2022855   0.10558852 -0.09640769  0.1327572   0.37054035  0.08834874
 -0.04330262  0.65022402  0.35071362 -0.53089059 -0.04526124 -0.11898793
  0.18015684  0.431013   -0.3259666   0.23078391 -0.10869459 -0.62070855
  0.1038108   0.14445605 -0.46981321  0.20608789  0.26126929 -0.64403793
 -0.0170971   0.38352037  0.02408081  0.03921561 -0.55027903  0.53224115
  0.5553874   0.56307166  0.64160938  0.23318178 -0.17008435  0.57215212
 -0.1735607   0.41690521 -0.61589511  0.12140933  0.34344284 -0.62877194
 -0.00683114 -0.22892647  0.07217839 -0.2969557   0.27604636 -0.49128377
 -0.29880897 -0.82425261 -0.50157693 -0.226979   -0.19705857]
2868,[ 0.20228885  0.10558987 -0.09641626  0.13275905  0.37054226  0.08834669
 -0.04329962  0.65022082  0.35071032 -0.5308892  -0.04526076 -0.11898433
  0.18015507  0.43101637 -0.3259667   0.23078673 -0.10869281 -0.62070749
  0.1038089   0.14445806 -0.4698135   0.20608609  0.26126869 -0.64404075
 -0.01710001  0.38351897  0.02408602  0.03921387 -0.55028133  0.53224588
  0.55538285  0.56307289  0.64161147  0.23318187 -0.17008259  0.57215262
 -0.17356262  0.41690394 -0.6158943   0.12140726  0.3434433  -0.62876845
 -0.00683516 -0.22892681  0.07217602 -0.2969564   0.2760489  -0.4912781
 -0.29881222 -0.82425222 -0.50157825 -0.22697851 -0.1970595 ]
2869,[ 0.20229219  0.10559121 -0.09642482  0.1327609   0.37054417  0.08834464
 -0.04329662  0.65021762  0.35070701 -0.53088781 -0.04526027 -0.11898075
  0.1801533   0.43101975 -0.3259668   0.23078954 -0.10869103 -0.62070642
  0.10380701  0.14446007 -0.46981379  0.2060843   0.26126808 -0.64404357
 -0.0171029   0.38351758  0.02409123  0.03921213 -0.55028363  0.5322506
  0.55537831  0.56307412  0.64161356  0.23318196 -0.17008082  0.57215311
 -0.17356454  0.41690266 -0.61589349  0.12140519  0.34344376 -0.62876497
 -0.00683918 -0.22892715  0.07217365 -0.2969571   0.27605144 -0.49127243
 -0.29881545 -0.82425183 -0.50157956 -0.22697802 -0.19706042]
2870,[ 0.20229552  0.10559255 -0.09643337  0.13276275  0.37054608  0.0883426
 -0.04329362  0.65021442  0.35070371 -0.53088642 -0.04525979 -0.11897716
  0.18015153  0.43102311 -0.32596691  0.23079235 -0.10868925 -0.62070535
  0.10380512  0.14446207 -0.46981409  0.20608251  0.26126748 -0.64404639
 -0.0171058   0.38351618  0.02409643  0.03921039 -0.55028593  0.53225531
  0.55537377  0.56307534  0.64161565  0.23318204 -0.17007906  0.57215361
 -0.17356646  0.4169014  -0.61589269  0.12140313  0.34344423 -0.62876149
 -0.00684319 -0.22892749  0.07217128 -0.2969578   0.27605397 -0.49126678
 -0.29881869 -0.82425143 -0.50158087 -0.22697753 -0.19706135]
2871,[ 0.20229886  0.10559389 -0.09644191  0.13276459  0.37054798  0.08834056
 -0.04329063  0.65021123  0.35070042 -0.53088503 -0.04525931 -0.11897358
  0.18014977  0.43102648 -0.32596701  0.23079515 -0.10868747 -0.62070429
  0.10380322  0.14446407 -0.46981438  0.20608073  0.26126688 -0.6440492
 -0.01710869  0.38351479  0.02410162  0.03920865 -0.55028822  0.53226002
  0.55536924  0.56307657  0.64161773  0.23318213 -0.17007731  0.5721541
 -0.17356837  0.41690013 -0.61589188  0.12140107  0.34344469 -0.62875801
 -0.00684719 -0.22892783  0.07216891 -0.2969585   0.2760565  -0.49126113
 -0.29882191 -0.82425104 -0.50158219 -0.22697704 -0.19706227]
2872,[ 0.20230219  0.10559523 -0.09645044  0.13276643  0.37054989  0.08833852
 -0.04328764  0.65020805  0.35069713 -0.53088364 -0.04525882 -0.11897001
  0.18014801  0.43102984 -0.32596711  0.23079795 -0.10868569 -0.62070322
  0.10380134  0.14446607 -0.46981467  0.20607894  0.26126628 -0.64405201
 -0.01711158  0.3835134   0.02410681  0.03920692 -0.55029051  0.53226473
  0.55536471  0.56307779  0.64161981  0.23318222 -0.17007555  0.57215459
 -0.17357029  0.41689886 -0.61589108  0.12139902  0.34344515 -0.62875454
 -0.00685119 -0.22892818  0.07216655 -0.29695919  0.27605903 -0.49125548
 -0.29882514 -0.82425065 -0.5015835  -0.22697655 -0.1970632 ]
2873,[ 0.20230551  0.10559657 -0.09645896  0.13276827  0.37055179  0.08833648
 -0.04328465  0.65020486  0.35069384 -0.53088226 -0.04525834 -0.11896644
  0.18014624  0.43103319 -0.32596722  0.23080075 -0.10868392 -0.62070216
  0.10379945  0.14446806 -0.46981496  0.20607716  0.26126568 -0.64405481
 -0.01711447  0.38351201  0.02411199  0.03920518 -0.5502928   0.53226943
  0.55536019  0.56307901  0.64162189  0.2331823  -0.1700738   0.57215509
 -0.1735722   0.4168976  -0.61589027  0.12139696  0.34344561 -0.62875107
 -0.00685519 -0.22892852  0.07216419 -0.29695989  0.27606156 -0.49124985
 -0.29882836 -0.82425026 -0.50158481 -0.22697607 -0.19706412]
2874,[ 0.20230883  0.10559791 -0.09646747  0.13277011  0.37055368  0.08833445
 -0.04328167  0.65020168  0.35069055 -0.53088088 -0.04525786 -0.11896287
  0.18014448  0.43103654 -0.32596732  0.23080355 -0.10868215 -0.6207011
  0.10379756  0.14447006 -0.46981525  0.20607538  0.26126508 -0.64405762
 -0.01711735  0.38351062  0.02411717  0.03920345 -0.55029509  0.53227412
  0.55535567  0.56308023  0.64162397  0.23318239 -0.17007204  0.57215558
 -0.17357411  0.41689633 -0.61588947  0.12139491  0.34344607 -0.6287476
 -0.00685918 -0.22892886  0.07216183 -0.29696059  0.27606408 -0.49124422
 -0.29883158 -0.82424987 -0.50158611 -0.22697558 -0.19706504]
2875,[ 0.20231215  0.10559924 -0.09647598  0.13277195  0.37055558  0.08833241
 -0.04327869  0.6501985   0.35068727 -0.53087949 -0.04525738 -0.1189593
  0.18014273  0.43103989 -0.32596742  0.23080634 -0.10868038 -0.62070004
  0.10379568  0.14447205 -0.46981554  0.2060736   0.26126448 -0.64406041
 -0.01712023  0.38350924  0.02412234  0.03920172 -0.55029737  0.53227881
  0.55535116  0.56308145  0.64162604  0.23318248 -0.17007029  0.57215607
 -0.17357601  0.41689507 -0.61588867  0.12139286  0.34344653 -0.62874414
 -0.00686317 -0.2289292   0.07215947 -0.29696128  0.2760666  -0.49123859
 -0.2988348  -0.82424948 -0.50158742 -0.22697509 -0.19706596]
2876,[ 0.20231546  0.10560058 -0.09648447  0.13277378  0.37055747  0.08833038
 -0.04327571  0.65019533  0.350684   -0.53087811 -0.0452569  -0.11895574
  0.18014097  0.43104324 -0.32596753  0.23080913 -0.10867861 -0.62069898
  0.1037938   0.14447404 -0.46981583  0.20607183  0.26126388 -0.64406321
 -0.01712311  0.38350785  0.02412751  0.0392     -0.55029965  0.5322835
  0.55534666  0.56308267  0.64162811  0.23318256 -0.17006855  0.57215656
 -0.17357792  0.41689381 -0.61588787  0.12139081  0.34344699 -0.62874069
 -0.00686715 -0.22892954  0.07215712 -0.29696198  0.27606912 -0.49123297
 -0.29883801 -0.82424909 -0.50158872 -0.22697461 -0.19706688]
2877,[ 0.20231877  0.10560191 -0.09649295  0.13277562  0.37055937  0.08832835
 -0.04327274  0.65019216  0.35068072 -0.53087674 -0.04525642 -0.11895219
  0.18013922  0.43104658 -0.32596763  0.23081192 -0.10867685 -0.62069792
  0.10379192  0.14447602 -0.46981612  0.20607005  0.26126328 -0.644066
 -0.01712598  0.38350647  0.02413267  0.03919827 -0.55030193  0.53228818
  0.55534215  0.56308388  0.64163018  0.23318265 -0.1700668   0.57215705
 -0.17357982  0.41689255 -0.61588706  0.12138876  0.34344745 -0.62873723
 -0.00687113 -0.22892988  0.07215477 -0.29696267  0.27607163 -0.49122736
 -0.29884122 -0.8242487  -0.50159003 -0.22697412 -0.1970678 ]
2878,[ 0.20232208  0.10560324 -0.09650143  0.13277745  0.37056126  0.08832633
 -0.04326977  0.650189    0.35067745 -0.53087536 -0.04525594 -0.11894864
  0.18013747  0.43104991 -0.32596773  0.2308147  -0.10867508 -0.62069687
  0.10379005  0.14447801 -0.46981641  0.20606828  0.26126268 -0.64406879
 -0.01712885  0.38350509  0.02413782  0.03919655 -0.55030421  0.53229285
  0.55533766  0.5630851   0.64163225  0.23318273 -0.17006505  0.57215754
 -0.17358172  0.41689129 -0.61588627  0.12138672  0.34344791 -0.62873378
 -0.0068751  -0.22893021  0.07215242 -0.29696336  0.27607415 -0.49122176
 -0.29884442 -0.82424831 -0.50159133 -0.22697363 -0.19706871]
2879,[ 0.20232538  0.10560457 -0.09650989  0.13277927  0.37056314  0.0883243
 -0.0432668   0.65018583  0.35067419 -0.53087398 -0.04525546 -0.11894509
  0.18013572  0.43105325 -0.32596783  0.23081748 -0.10867332 -0.62069581
  0.10378817  0.14447999 -0.4698167   0.20606651  0.26126208 -0.64407158
 -0.01713172  0.38350371  0.02414297  0.03919483 -0.55030648  0.53229752
  0.55533317  0.56308631  0.64163431  0.23318282 -0.17006331  0.57215803
 -0.17358362  0.41689003 -0.61588547  0.12138468  0.34344836 -0.62873034
 -0.00687907 -0.22893055  0.07215008 -0.29696405  0.27607665 -0.49121616
 -0.29884762 -0.82424793 -0.50159263 -0.22697315 -0.19706963]
2880,[ 0.20232868  0.1056059  -0.09651834  0.1327811   0.37056503  0.08832228
 -0.04326384  0.65018267  0.35067093 -0.53087261 -0.04525498 -0.11894155
  0.18013397  0.43105658 -0.32596794  0.23082026 -0.10867156 -0.62069476
  0.1037863   0.14448197 -0.46981699  0.20606474  0.26126149 -0.64407436
 -0.01713458  0.38350233  0.02414811  0.03919311 -0.55030875  0.53230218
  0.55532868  0.56308753  0.64163637  0.2331829  -0.17006157  0.57215852
 -0.17358551  0.41688878 -0.61588467  0.12138264  0.34344882 -0.6287269
 -0.00688304 -0.22893089  0.07214773 -0.29696475  0.27607916 -0.49121056
 -0.29885082 -0.82424754 -0.50159393 -0.22697266 -0.19707054]
2881,[ 0.20233198  0.10560722 -0.09652679  0.13278292  0.37056691  0.08832026
 -0.04326088  0.65017952  0.35066767 -0.53087124 -0.0452545  -0.11893801
  0.18013222  0.4310599  -0.32596804  0.23082303 -0.10866981 -0.6206937
  0.10378443  0.14448395 -0.46981728  0.20606297  0.26126089 -0.64407714
 -0.01713744  0.38350096  0.02415324  0.03919139 -0.55031102  0.53230684
  0.5553242   0.56308874  0.64163843  0.23318299 -0.17005983  0.57215901
 -0.17358741  0.41688753 -0.61588387  0.12138061  0.34344928 -0.62872346
 -0.006887   -0.22893123  0.07214539 -0.29696544  0.27608166 -0.49120498
 -0.29885401 -0.82424715 -0.50159522 -0.22697218 -0.19707146]
2882,[ 0.20233527  0.10560855 -0.09653522  0.13278475  0.37056879  0.08831825
 -0.04325792  0.65017637  0.35066441 -0.53086987 -0.04525403 -0.11893447
  0.18013048  0.43106323 -0.32596814  0.2308258  -0.10866805 -0.62069265
  0.10378256  0.14448593 -0.46981756  0.20606121  0.2612603  -0.64407992
 -0.0171403   0.38349958  0.02415838  0.03918968 -0.55031328  0.53231149
  0.55531972  0.56308995  0.64164049  0.23318308 -0.1700581   0.5721595
 -0.1735893   0.41688627 -0.61588308  0.12137857  0.34344973 -0.62872002
 -0.00689095 -0.22893157  0.07214306 -0.29696613  0.27608416 -0.4911994
 -0.2988572  -0.82424676 -0.50159652 -0.2269717  -0.19707237]
2883,[ 0.20233856  0.10560987 -0.09654365  0.13278657  0.37057067  0.08831623
 -0.04325497  0.65017322  0.35066116 -0.5308685  -0.04525355 -0.11893094
  0.18012874  0.43106654 -0.32596824  0.23082857 -0.1086663  -0.6206916
  0.1037807   0.1444879  -0.46981785  0.20605945  0.2612597  -0.6440827
 -0.01714315  0.38349821  0.0241635   0.03918796 -0.55031555  0.53231614
  0.55531525  0.56309115  0.64164255  0.23318316 -0.17005636  0.57215999
 -0.17359119  0.41688502 -0.61588228  0.12137654  0.34345019 -0.62871659
 -0.0068949  -0.2289319   0.07214072 -0.29696682  0.27608666 -0.49119382
 -0.29886039 -0.82424638 -0.50159781 -0.22697122 -0.19707328]
2884,[ 0.20234184  0.10561119 -0.09655207  0.13278838  0.37057255  0.08831422
 -0.04325202  0.65017007  0.35065791 -0.53086713 -0.04525307 -0.11892741
  0.180127    0.43106986 -0.32596834  0.23083133 -0.10866454 -0.62069055
  0.10377884  0.14448987 -0.46981814  0.20605769  0.26125911 -0.64408547
 -0.017146    0.38349684  0.02416862  0.03918625 -0.55031781  0.53232078
  0.55531079  0.56309236  0.6416446   0.23318325 -0.17005463  0.57216047
 -0.17359308  0.41688377 -0.61588149  0.12137451  0.34345064 -0.62871317
 -0.00689885 -0.22893224  0.07213839 -0.2969675   0.27608916 -0.49118826
 -0.29886357 -0.82424599 -0.50159911 -0.22697073 -0.19707419]
2885,[ 0.20234512  0.10561251 -0.09656047  0.1327902   0.37057442  0.08831221
 -0.04324907  0.65016693  0.35065467 -0.53086576 -0.0452526  -0.11892389
  0.18012526  0.43107317 -0.32596844  0.23083409 -0.1086628  -0.6206895
  0.10377697  0.14449184 -0.46981843  0.20605593  0.26125852 -0.64408824
 -0.01714885  0.38349547  0.02417373  0.03918454 -0.55032007  0.53232542
  0.55530632  0.56309357  0.64164665  0.23318333 -0.1700529   0.57216096
 -0.17359496  0.41688252 -0.61588069  0.12137248  0.3434511  -0.62870975
 -0.00690279 -0.22893258  0.07213606 -0.29696819  0.27609165 -0.49118269
 -0.29886675 -0.82424561 -0.5016004  -0.22697025 -0.1970751 ]
2886,[ 0.2023484   0.10561383 -0.09656887  0.13279201  0.3705763   0.0883102
 -0.04324613  0.6501638   0.35065143 -0.5308644  -0.04525212 -0.11892037
  0.18012352  0.43107648 -0.32596855  0.23083685 -0.10866105 -0.62068846
  0.10377512  0.14449381 -0.46981871  0.20605417  0.26125793 -0.644091
 -0.01715169  0.3834941   0.02417884  0.03918284 -0.55032232  0.53233005
  0.55530187  0.56309477  0.6416487   0.23318342 -0.17005117  0.57216144
 -0.17359684  0.41688128 -0.6158799   0.12137046  0.34345155 -0.62870633
 -0.00690673 -0.22893291  0.07213373 -0.29696888  0.27609414 -0.49117714
 -0.29886992 -0.82424522 -0.50160169 -0.22696977 -0.19707601]
2887,[ 0.20235167  0.10561515 -0.09657726  0.13279382  0.37057817  0.0883082
 -0.04324319  0.65016066  0.35064819 -0.53086304 -0.04525165 -0.11891685
  0.18012179  0.43107978 -0.32596865  0.23083961 -0.1086593  -0.62068741
  0.10377326  0.14449577 -0.469819    0.20605242  0.26125733 -0.64409376
 -0.01715453  0.38349273  0.02418394  0.03918113 -0.55032458  0.53233468
  0.55529742  0.56309597  0.64165075  0.2331835  -0.17004944  0.57216193
 -0.17359872  0.41688003 -0.61587911  0.12136843  0.34345201 -0.62870291
 -0.00691067 -0.22893325  0.07213141 -0.29696956  0.27609662 -0.49117159
 -0.2988731  -0.82424484 -0.50160298 -0.22696929 -0.19707692]
2888,[ 0.20235494  0.10561646 -0.09658564  0.13279563  0.37058003  0.08830619
 -0.04324026  0.65015753  0.35064496 -0.53086167 -0.04525117 -0.11891334
  0.18012006  0.43108308 -0.32596875  0.23084236 -0.10865756 -0.62068637
  0.1037714   0.14449773 -0.46981929  0.20605067  0.26125674 -0.64409652
 -0.01715737  0.38349136  0.02418904  0.03917943 -0.55032683  0.5323393
  0.55529297  0.56309718  0.64165279  0.23318359 -0.17004772  0.57216241
 -0.1736006   0.41687879 -0.61587832  0.12136641  0.34345246 -0.6286995
 -0.0069146  -0.22893358  0.07212909 -0.29697025  0.27609911 -0.49116605
 -0.29887626 -0.82424445 -0.50160426 -0.22696881 -0.19707782]
2889,[ 0.20235821  0.10561778 -0.096594    0.13279744  0.3705819   0.08830419
 -0.04323732  0.6501544   0.35064173 -0.53086031 -0.0452507  -0.11890983
  0.18011833  0.43108638 -0.32596885  0.23084511 -0.10865582 -0.62068532
  0.10376955  0.14449969 -0.46981957  0.20604892  0.26125615 -0.64409928
 -0.0171602   0.38349     0.02419413  0.03917773 -0.55032907  0.53234391
  0.55528853  0.56309838  0.64165483  0.23318367 -0.170046    0.5721629
 -0.17360248  0.41687755 -0.61587753  0.1213644   0.34345291 -0.6286961
 -0.00691852 -0.22893392  0.07212677 -0.29697093  0.27610159 -0.49116051
 -0.29887943 -0.82424407 -0.50160555 -0.22696833 -0.19707873]
2890,[ 0.20236147  0.10561909 -0.09660236  0.13279925  0.37058376  0.08830219
 -0.04323439  0.65015128  0.35063851 -0.53085896 -0.04525023 -0.11890633
  0.1801166   0.43108967 -0.32596895  0.23084785 -0.10865408 -0.62068428
  0.1037677   0.14450165 -0.46981986  0.20604717  0.26125556 -0.64410203
 -0.01716304  0.38348864  0.02419921  0.03917603 -0.55033132  0.53234852
  0.55528409  0.56309957  0.64165687  0.23318376 -0.17004428  0.57216338
 -0.17360435  0.4168763  -0.61587674  0.12136238  0.34345336 -0.62869269
 -0.00692244 -0.22893425  0.07212445 -0.29697162  0.27610407 -0.49115498
 -0.29888259 -0.82424369 -0.50160683 -0.22696785 -0.19707963]
2891,[ 0.20236473  0.1056204  -0.09661071  0.13280105  0.37058563  0.0883002
 -0.04323147  0.65014816  0.35063528 -0.5308576  -0.04524976 -0.11890283
  0.18011487  0.43109296 -0.32596905  0.23085059 -0.10865234 -0.62068324
  0.10376585  0.14450361 -0.46982014  0.20604542  0.26125497 -0.64410478
 -0.01716586  0.38348728  0.02420429  0.03917433 -0.55033356  0.53235313
  0.55527966  0.56310077  0.64165891  0.23318384 -0.17004256  0.57216386
 -0.17360623  0.41687506 -0.61587595  0.12136037  0.34345381 -0.62868929
 -0.00692636 -0.22893458  0.07212214 -0.2969723   0.27610654 -0.49114946
 -0.29888575 -0.8242433  -0.50160812 -0.22696737 -0.19708054]
2892,[ 0.20236798  0.10562171 -0.09661906  0.13280285  0.37058749  0.0882982
 -0.04322854  0.65014504  0.35063207 -0.53085624 -0.04524928 -0.11889933
  0.18011315  0.43109624 -0.32596915  0.23085333 -0.1086506  -0.6206822
  0.103764    0.14450556 -0.46982043  0.20604368  0.26125439 -0.64410752
 -0.01716869  0.38348592  0.02420936  0.03917263 -0.5503358   0.53235773
  0.55527524  0.56310197  0.64166094  0.23318393 -0.17004084  0.57216435
 -0.1736081   0.41687383 -0.61587517  0.12135836  0.34345427 -0.6286859
 -0.00693027 -0.22893492  0.07211983 -0.29697298  0.27610901 -0.49114394
 -0.2988889  -0.82424292 -0.5016094  -0.2269669  -0.19708144]
2893,[ 0.20237123  0.10562302 -0.09662739  0.13280465  0.37058935  0.08829621
 -0.04322562  0.65014193  0.35062885 -0.53085489 -0.04524881 -0.11889584
  0.18011143  0.43109952 -0.32596925  0.23085607 -0.10864887 -0.62068116
  0.10376216  0.14450751 -0.46982071  0.20604193  0.2612538  -0.64411027
 -0.01717151  0.38348456  0.02421443  0.03917094 -0.55033804  0.53236232
  0.55527082  0.56310316  0.64166297  0.23318401 -0.17003913  0.57216483
 -0.17360996  0.41687259 -0.61587438  0.12135635  0.34345472 -0.62868251
 -0.00693418 -0.22893525  0.07211752 -0.29697366  0.27611148 -0.49113843
 -0.29889205 -0.82424254 -0.50161068 -0.22696642 -0.19708234]
2894,[ 0.20237448  0.10562433 -0.09663571  0.13280645  0.3705912   0.08829422
 -0.04322271  0.65013882  0.35062564 -0.53085354 -0.04524834 -0.11889235
  0.18010971  0.4311028  -0.32596935  0.2308588  -0.10864714 -0.62068012
  0.10376032  0.14450946 -0.469821    0.20604019  0.26125321 -0.64411301
 -0.01717433  0.3834832   0.02421949  0.03916925 -0.55034028  0.53236691
  0.5552664   0.56310436  0.641665    0.23318409 -0.17003741  0.57216531
 -0.17361183  0.41687135 -0.6158736   0.12135434  0.34345517 -0.62867912
 -0.00693808 -0.22893558  0.07211521 -0.29697434  0.27611395 -0.49113292
 -0.2988952  -0.82424216 -0.50161196 -0.22696594 -0.19708324]
2895,[ 0.20237773  0.10562563 -0.09664402  0.13280824  0.37059305  0.08829223
 -0.04321979  0.65013572  0.35062243 -0.53085219 -0.04524787 -0.11888887
  0.18010799  0.43110607 -0.32596945  0.23086153 -0.10864541 -0.62067908
  0.10375848  0.14451141 -0.46982128  0.20603845  0.26125263 -0.64411574
 -0.01717714  0.38348185  0.02422455  0.03916756 -0.55034251  0.5323715
  0.55526199  0.56310555  0.64166703  0.23318418 -0.1700357   0.57216579
 -0.17361369  0.41687012 -0.61587281  0.12135234  0.34345562 -0.62867574
 -0.00694198 -0.22893592  0.07211291 -0.29697502  0.27611642 -0.49112742
 -0.29889834 -0.82424178 -0.50161323 -0.22696547 -0.19708414]
2896,[ 0.20238097  0.10562694 -0.09665232  0.13281004  0.37059491  0.08829025
 -0.04321688  0.65013261  0.35061923 -0.53085084 -0.0452474  -0.11888539
  0.18010627  0.43110934 -0.32596955  0.23086426 -0.10864368 -0.62067805
  0.10375664  0.14451335 -0.46982156  0.20603672  0.26125204 -0.64411848
 -0.01717996  0.38348049  0.0242296   0.03916587 -0.55034474  0.53237608
  0.55525758  0.56310674  0.64166906  0.23318426 -0.17003399  0.57216627
 -0.17361556  0.41686889 -0.61587203  0.12135033  0.34345606 -0.62867236
 -0.00694587 -0.22893625  0.07211061 -0.2969757   0.27611888 -0.49112193
 -0.29890148 -0.8242414  -0.50161451 -0.22696499 -0.19708504]
2897,[ 0.2023842   0.10562824 -0.09666062  0.13281183  0.37059676  0.08828827
 -0.04321398  0.65012951  0.35061603 -0.53084949 -0.04524693 -0.11888191
  0.18010456  0.43111261 -0.32596966  0.23086699 -0.10864195 -0.62067702
  0.1037548   0.1445153  -0.46982185  0.20603498  0.26125146 -0.64412121
 -0.01718277  0.38347914  0.02423464  0.03916418 -0.55034697  0.53238065
  0.55525318  0.56310793  0.64167108  0.23318435 -0.17003228  0.57216675
 -0.17361742  0.41686765 -0.61587125  0.12134833  0.34345651 -0.62866898
 -0.00694976 -0.22893658  0.07210831 -0.29697638  0.27612133 -0.49111644
 -0.29890462 -0.82424102 -0.50161578 -0.22696451 -0.19708593]
2898,[ 0.20238744  0.10562954 -0.0966689   0.13281362  0.3705986   0.08828628
 -0.04321107  0.65012642  0.35061283 -0.53084814 -0.04524646 -0.11887844
  0.18010284  0.43111587 -0.32596976  0.23086971 -0.10864023 -0.62067598
  0.10375297  0.14451724 -0.46982213  0.20603325  0.26125087 -0.64412394
 -0.01718557  0.38347779  0.02423968  0.0391625  -0.55034919  0.53238522
  0.55524879  0.56310912  0.6416731   0.23318443 -0.17003058  0.57216723
 -0.17361927  0.41686642 -0.61587047  0.12134633  0.34345696 -0.62866561
 -0.00695365 -0.22893691  0.07210602 -0.29697706  0.27612379 -0.49111096
 -0.29890775 -0.82424064 -0.50161706 -0.22696404 -0.19708683]
2899,[ 0.20239066  0.10563084 -0.09667718  0.13281541  0.37060045  0.08828431
 -0.04320817  0.65012333  0.35060964 -0.5308468  -0.045246   -0.11887497
  0.18010113  0.43111913 -0.32596986  0.23087242 -0.10863851 -0.62067495
  0.10375114  0.14451918 -0.46982241  0.20603152  0.26125029 -0.64412666
 -0.01718837  0.38347644  0.02424471  0.03916081 -0.55035142  0.53238979
  0.5552444   0.5631103   0.64167512  0.23318451 -0.17002888  0.57216771
 -0.17362113  0.4168652  -0.61586968  0.12134434  0.34345741 -0.62866224
 -0.00695753 -0.22893724  0.07210372 -0.29697773  0.27612624 -0.49110549
 -0.29891088 -0.82424026 -0.50161833 -0.22696357 -0.19708773]
2900,[ 0.20239389  0.10563214 -0.09668544  0.13281719  0.37060229  0.08828233
 -0.04320528  0.65012024  0.35060645 -0.53084545 -0.04524553 -0.1188715
  0.18009943  0.43112239 -0.32596996  0.23087514 -0.10863679 -0.62067392
  0.10374931  0.14452111 -0.46982269  0.20602979  0.26124971 -0.64412938
 -0.01719117  0.38347509  0.02424974  0.03915913 -0.55035364  0.53239435
  0.55524001  0.56311149  0.64167714  0.2331846  -0.17002717  0.57216819
 -0.17362298  0.41686397 -0.6158689   0.12134235  0.34345786 -0.62865887
 -0.0069614  -0.22893757  0.07210143 -0.29697841  0.27612869 -0.49110002
 -0.29891401 -0.82423988 -0.5016196  -0.22696309 -0.19708862]
2901,[ 0.20239711  0.10563343 -0.0966937   0.13281897  0.37060413  0.08828036
 -0.04320238  0.65011715  0.35060326 -0.53084411 -0.04524506 -0.11886804
  0.18009772  0.43112564 -0.32597006  0.23087785 -0.10863507 -0.62067289
  0.10374748  0.14452305 -0.46982298  0.20602806  0.26124912 -0.6441321
 -0.01719397  0.38347375  0.02425476  0.03915745 -0.55035585  0.5323989
  0.55523563  0.56311267  0.64167915  0.23318468 -0.17002547  0.57216866
 -0.17362483  0.41686274 -0.61586813  0.12134036  0.3434583  -0.62865551
 -0.00696528 -0.2289379   0.07209915 -0.29697909  0.27613114 -0.49109456
 -0.29891713 -0.8242395  -0.50162087 -0.22696262 -0.19708951]
2902,[ 0.20240033  0.10563473 -0.09670195  0.13282076  0.37060597  0.08827838
 -0.04319949  0.65011407  0.35060008 -0.53084277 -0.04524459 -0.11886459
  0.18009601  0.43112889 -0.32597015  0.23088056 -0.10863335 -0.62067186
  0.10374565  0.14452498 -0.46982326  0.20602634  0.26124854 -0.64413482
 -0.01719676  0.3834724   0.02425978  0.03915578 -0.55035807  0.53240345
  0.55523125  0.56311385  0.64168116  0.23318476 -0.17002378  0.57216914
 -0.17362668  0.41686152 -0.61586735  0.12133837  0.34345875 -0.62865216
 -0.00696914 -0.22893823  0.07209686 -0.29697976  0.27613359 -0.4910891
 -0.29892025 -0.82423912 -0.50162213 -0.22696215 -0.19709041]
2903,[ 0.20240355  0.10563602 -0.09671019  0.13282253  0.37060781  0.08827641
 -0.0431966   0.65011099  0.3505969  -0.53084143 -0.04524413 -0.11886113
  0.18009431  0.43113213 -0.32597025  0.23088327 -0.10863164 -0.62067083
  0.10374383  0.14452691 -0.46982354  0.20602461  0.26124796 -0.64413753
 -0.01719955  0.38347106  0.02426479  0.0391541  -0.55036028  0.53240799
  0.55522688  0.56311503  0.64168317  0.23318485 -0.17002208  0.57216962
 -0.17362853  0.4168603  -0.61586657  0.12133638  0.34345919 -0.6286488
 -0.00697301 -0.22893856  0.07209458 -0.29698043  0.27613603 -0.49108365
 -0.29892336 -0.82423874 -0.5016234  -0.22696167 -0.1970913 ]
2904,[ 0.20240676  0.10563731 -0.09671841  0.13282431  0.37060964  0.08827445
 -0.04319372  0.65010792  0.35059373 -0.5308401  -0.04524366 -0.11885768
  0.18009261  0.43113537 -0.32597035  0.23088597 -0.10862993 -0.62066981
  0.10374201  0.14452883 -0.46982382  0.20602289  0.26124738 -0.64414024
 -0.01720234  0.38346972  0.02426979  0.03915243 -0.55036249  0.53241253
  0.55522251  0.56311621  0.64168518  0.23318493 -0.17002039  0.57217009
 -0.17363038  0.41685907 -0.61586579  0.1213344   0.34345964 -0.62864545
 -0.00697687 -0.22893889  0.0720923  -0.29698111  0.27613847 -0.49107821
 -0.29892647 -0.82423837 -0.50162466 -0.2269612  -0.19709219]
2905,[ 0.20240996  0.1056386  -0.09672663  0.13282609  0.37061148  0.08827248
 -0.04319084  0.65010485  0.35059056 -0.53083876 -0.0452432  -0.11885424
  0.18009091  0.43113861 -0.32597045  0.23088867 -0.10862822 -0.62066878
  0.10374019  0.14453076 -0.4698241   0.20602117  0.2612468  -0.64414294
 -0.01720512  0.38346838  0.02427479  0.03915076 -0.5503647   0.53241706
  0.55521815  0.56311739  0.64168718  0.23318501 -0.17001869  0.57217057
 -0.17363222  0.41685785 -0.61586502  0.12133241  0.34346008 -0.62864211
 -0.00698072 -0.22893922  0.07209002 -0.29698178  0.2761409  -0.49107277
 -0.29892958 -0.82423799 -0.50162592 -0.22696073 -0.19709308]
2906,[ 0.20241317  0.10563989 -0.09673484  0.13282786  0.37061331  0.08827052
 -0.04318796  0.65010178  0.35058739 -0.53083743 -0.04524273 -0.1188508
  0.18008921  0.43114184 -0.32597055  0.23089137 -0.10862651 -0.62066776
  0.10373837  0.14453268 -0.46982438  0.20601946  0.26124622 -0.64414565
 -0.0172079   0.38346704  0.02427978  0.03914909 -0.55036691  0.53242159
  0.55521379  0.56311857  0.64168919  0.2331851  -0.170017    0.57217104
 -0.17363406  0.41685663 -0.61586424  0.12133043  0.34346053 -0.62863877
 -0.00698457 -0.22893955  0.07208774 -0.29698245  0.27614334 -0.49106734
 -0.29893269 -0.82423761 -0.50162719 -0.22696026 -0.19709397]
2907,[ 0.20241637  0.10564118 -0.09674305  0.13282963  0.37061514  0.08826856
 -0.04318509  0.65009872  0.35058422 -0.53083609 -0.04524227 -0.11884736
  0.18008752  0.43114507 -0.32597065  0.23089406 -0.1086248  -0.62066674
  0.10373655  0.1445346  -0.46982466  0.20601774  0.26124564 -0.64414835
 -0.01721068  0.3834657   0.02428477  0.03914742 -0.55036911  0.53242612
  0.55520944  0.56311975  0.64169119  0.23318518 -0.17001532  0.57217152
 -0.1736359   0.41685542 -0.61586347  0.12132846  0.34346097 -0.62863543
 -0.00698842 -0.22893988  0.07208547 -0.29698312  0.27614577 -0.49106191
 -0.29893579 -0.82423724 -0.50162845 -0.22695979 -0.19709485]
2908,[ 0.20241956  0.10564247 -0.09675124  0.1328314   0.37061696  0.0882666
 -0.04318222  0.65009566  0.35058106 -0.53083476 -0.04524181 -0.11884393
  0.18008582  0.4311483  -0.32597075  0.23089675 -0.1086231  -0.62066572
  0.10373474  0.14453652 -0.46982494  0.20601603  0.26124507 -0.64415104
 -0.01721346  0.38346437  0.02428975  0.03914575 -0.55037131  0.53243063
  0.5552051   0.56312092  0.64169319  0.23318526 -0.17001363  0.57217199
 -0.17363774  0.4168542  -0.6158627   0.12132648  0.34346141 -0.62863209
 -0.00699226 -0.2289402   0.0720832  -0.29698379  0.2761482  -0.4910565
 -0.29893889 -0.82423686 -0.5016297  -0.22695932 -0.19709574]
2909,[ 0.20242276  0.10564375 -0.09675942  0.13283317  0.37061879  0.08826464
 -0.04317935  0.6500926   0.35057791 -0.53083343 -0.04524134 -0.1188405
  0.18008413  0.43115152 -0.32597085  0.23089944 -0.10862139 -0.6206647
  0.10373293  0.14453844 -0.46982522  0.20601432  0.26124449 -0.64415374
 -0.01721623  0.38346304  0.02429473  0.03914409 -0.55037351  0.53243515
  0.55520075  0.56312209  0.64169518  0.23318535 -0.17001195  0.57217247
 -0.17363957  0.41685299 -0.61586193  0.12132451  0.34346186 -0.62862876
 -0.0069961  -0.22894053  0.07208094 -0.29698446  0.27615062 -0.49105108
 -0.29894198 -0.82423649 -0.50163096 -0.22695885 -0.19709662]
2910,[ 0.20242595  0.10564504 -0.09676759  0.13283493  0.37062061  0.08826269
 -0.04317649  0.65008954  0.35057475 -0.53083211 -0.04524088 -0.11883707
  0.18008244  0.43115474 -0.32597095  0.23090212 -0.10861969 -0.62066368
  0.10373112  0.14454035 -0.4698255   0.20601261  0.26124391 -0.64415643
 -0.017219    0.3834617   0.0242997   0.03914243 -0.5503757   0.53243966
  0.55519642  0.56312327  0.64169718  0.23318543 -0.17001026  0.57217294
 -0.1736414   0.41685177 -0.61586115  0.12132254  0.3434623  -0.62862543
 -0.00699993 -0.22894086  0.07207867 -0.29698513  0.27615305 -0.49104568
 -0.29894507 -0.82423611 -0.50163222 -0.22695839 -0.19709751]
2911,[ 0.20242913  0.10564632 -0.09677576  0.1328367   0.37062243  0.08826074
 -0.04317362  0.65008649  0.3505716  -0.53083078 -0.04524042 -0.11883365
  0.18008076  0.43115796 -0.32597105  0.2309048  -0.10861799 -0.62066266
  0.10372931  0.14454227 -0.46982578  0.2060109   0.26124334 -0.64415912
 -0.01722176  0.38346037  0.02430467  0.03914077 -0.5503779   0.53244416
  0.55519208  0.56312444  0.64169917  0.23318551 -0.17000858  0.57217341
 -0.17364323  0.41685056 -0.61586038  0.12132057  0.34346274 -0.62862211
 -0.00700376 -0.22894118  0.07207641 -0.2969858   0.27615547 -0.49104027
 -0.29894816 -0.82423574 -0.50163347 -0.22695792 -0.19709839]
2912,[ 0.20243232  0.1056476  -0.09678391  0.13283846  0.37062425  0.08825879
 -0.04317077  0.65008345  0.35056846 -0.53082945 -0.04523996 -0.11883023
  0.18007907  0.43116117 -0.32597115  0.23090748 -0.1086163  -0.62066164
  0.1037275   0.14454418 -0.46982606  0.20600919  0.26124276 -0.6441618
 -0.01722452  0.38345904  0.02430963  0.03913911 -0.55038009  0.53244866
  0.55518776  0.56312561  0.64170116  0.2331856  -0.1700069   0.57217388
 -0.17364506  0.41684935 -0.61585962  0.1213186   0.34346318 -0.62861879
 -0.00700758 -0.22894151  0.07207415 -0.29698646  0.27615788 -0.49103488
 -0.29895124 -0.82423536 -0.50163472 -0.22695745 -0.19709927]
2913,[ 0.20243549  0.10564888 -0.09679206  0.13284022  0.37062607  0.08825684
 -0.04316791  0.6500804   0.35056531 -0.53082813 -0.0452395  -0.11882682
  0.18007739  0.43116438 -0.32597124  0.23091016 -0.1086146  -0.62066063
  0.1037257   0.14454608 -0.46982633  0.20600749  0.26124219 -0.64416448
 -0.01722728  0.38345772  0.02431458  0.03913745 -0.55038227  0.53245315
  0.55518343  0.56312677  0.64170314  0.23318568 -0.17000523  0.57217435
 -0.17364689  0.41684814 -0.61585885  0.12131664  0.34346362 -0.62861548
 -0.0070114  -0.22894184  0.07207189 -0.29698713  0.2761603  -0.49102949
 -0.29895432 -0.82423499 -0.50163597 -0.22695698 -0.19710016]
2914,[ 0.20243867  0.10565016 -0.09680019  0.13284198  0.37062788  0.08825489
 -0.04316506  0.65007736  0.35056217 -0.53082681 -0.04523904 -0.11882341
  0.1800757   0.43116758 -0.32597134  0.23091283 -0.10861291 -0.62065961
  0.1037239   0.14454799 -0.46982661  0.20600579  0.26124161 -0.64416716
 -0.01723004  0.38345639  0.02431953  0.0391358  -0.55038446  0.53245764
  0.55517912  0.56312794  0.64170513  0.23318576 -0.17000355  0.57217482
 -0.17364871  0.41684693 -0.61585808  0.12131467  0.34346406 -0.62861216
 -0.00701522 -0.22894216  0.07206964 -0.29698779  0.27616271 -0.49102411
 -0.2989574  -0.82423462 -0.50163722 -0.22695652 -0.19710104]
2915,[ 0.20244184  0.10565143 -0.09680832  0.13284373  0.37062969  0.08825295
 -0.04316221  0.65007433  0.35055904 -0.53082549 -0.04523858 -0.11882
  0.18007402  0.43117078 -0.32597144  0.2309155  -0.10861122 -0.6206586
  0.1037221   0.14454989 -0.46982689  0.20600409  0.26124104 -0.64416984
 -0.01723279  0.38345506  0.02432447  0.03913415 -0.55038664  0.53246212
  0.5551748   0.56312911  0.64170711  0.23318584 -0.17000188  0.57217529
 -0.17365054  0.41684572 -0.61585731  0.12131271  0.3434645  -0.62860885
 -0.00701903 -0.22894249  0.07206739 -0.29698846  0.27616512 -0.49101873
 -0.29896047 -0.82423424 -0.50163847 -0.22695605 -0.19710191]
2916,[ 0.20244501  0.10565271 -0.09681644  0.13284548  0.3706315   0.08825101
 -0.04315937  0.65007129  0.35055591 -0.53082417 -0.04523812 -0.1188166
  0.18007235  0.43117398 -0.32597154  0.23091817 -0.10860953 -0.62065759
  0.1037203   0.14455179 -0.46982717  0.20600239  0.26124047 -0.64417251
 -0.01723554  0.38345374  0.02432941  0.0391325  -0.55038882  0.5324666
  0.5551705   0.56313027  0.64170909  0.23318592 -0.17000021  0.57217576
 -0.17365236  0.41684452 -0.61585655  0.12131076  0.34346494 -0.62860555
 -0.00702284 -0.22894281  0.07206514 -0.29698912  0.27616753 -0.49101336
 -0.29896354 -0.82423387 -0.50163972 -0.22695559 -0.19710279]
2917,[ 0.20244817  0.10565398 -0.09682455  0.13284724  0.37063331  0.08824907
 -0.04315652  0.65006826  0.35055278 -0.53082285 -0.04523766 -0.1188132
  0.18007067  0.43117717 -0.32597164  0.23092083 -0.10860784 -0.62065657
  0.10371851  0.14455369 -0.46982744  0.20600069  0.2612399  -0.64417518
 -0.01723829  0.38345242  0.02433434  0.03913085 -0.550391    0.53247107
  0.55516619  0.56313143  0.64171107  0.23318601 -0.16999854  0.57217623
 -0.17365418  0.41684332 -0.61585578  0.1213088   0.34346538 -0.62860225
 -0.00702664 -0.22894313  0.07206289 -0.29698979  0.27616993 -0.491008
 -0.29896661 -0.8242335  -0.50164097 -0.22695512 -0.19710367]
2918,[ 0.20245133  0.10565525 -0.09683265  0.13284898  0.37063512  0.08824713
 -0.04315369  0.65006524  0.35054965 -0.53082153 -0.0452372  -0.1188098
  0.18006899  0.43118036 -0.32597173  0.23092349 -0.10860615 -0.62065556
  0.10371671  0.14455559 -0.46982772  0.205999    0.26123932 -0.64417785
 -0.01724103  0.3834511   0.02433927  0.0391292  -0.55039318  0.53247554
  0.55516189  0.5631326   0.64171304  0.23318609 -0.16999687  0.5721767
 -0.17365599  0.41684211 -0.61585502  0.12130685  0.34346581 -0.62859895
 -0.00703044 -0.22894346  0.07206064 -0.29699045  0.27617233 -0.49100264
 -0.29896967 -0.82423313 -0.50164221 -0.22695466 -0.19710455]
2919,[ 0.20245449  0.10565652 -0.09684074  0.13285073  0.37063692  0.0882452
 -0.04315085  0.65006221  0.35054653 -0.53082022 -0.04523674 -0.11880641
  0.18006732  0.43118355 -0.32597183  0.23092615 -0.10860447 -0.62065455
  0.10371492  0.14455749 -0.469828    0.20599731  0.26123875 -0.64418051
 -0.01724377  0.38344978  0.02434419  0.03912756 -0.55039535  0.53248
  0.5551576   0.56313376  0.64171502  0.23318617 -0.16999521  0.57217717
 -0.17365781  0.41684091 -0.61585425  0.1213049   0.34346625 -0.62859566
 -0.00703423 -0.22894378  0.0720584  -0.29699111  0.27617473 -0.49099729
 -0.29897273 -0.82423276 -0.50164345 -0.2269542  -0.19710542]
2920,[ 0.20245765  0.10565779 -0.09684882  0.13285248  0.37063873  0.08824327
 -0.04314802  0.65005919  0.35054341 -0.53081891 -0.04523628 -0.11880302
  0.18006565  0.43118673 -0.32597193  0.2309288  -0.10860279 -0.62065355
  0.10371313  0.14455938 -0.46982827  0.20599562  0.26123818 -0.64418317
 -0.01724651  0.38344846  0.02434911  0.03912591 -0.55039752  0.53248446
  0.55515331  0.56313491  0.64171699  0.23318625 -0.16999354  0.57217764
 -0.17365962  0.41683971 -0.61585349  0.12130295  0.34346669 -0.62859237
 -0.00703802 -0.22894411  0.07205616 -0.29699177  0.27617712 -0.49099194
 -0.29897579 -0.82423239 -0.50164469 -0.22695373 -0.1971063 ]
2921,[ 0.2024608   0.10565906 -0.09685689  0.13285422  0.37064053  0.08824134
 -0.04314519  0.65005618  0.3505403  -0.53081759 -0.04523583 -0.11879964
  0.18006398  0.43118991 -0.32597203  0.23093145 -0.10860111 -0.62065254
  0.10371135  0.14456127 -0.46982855  0.20599393  0.26123762 -0.64418583
 -0.01724924  0.38344715  0.02435402  0.03912427 -0.55039969  0.53248891
  0.55514903  0.56313607  0.64171896  0.23318633 -0.16999188  0.5721781
 -0.17366143  0.41683851 -0.61585273  0.121301    0.34346713 -0.62858908
 -0.00704181 -0.22894443  0.07205393 -0.29699243  0.27617952 -0.4909866
 -0.29897884 -0.82423202 -0.50164593 -0.22695327 -0.19710717]
2922,[ 0.20246394  0.10566033 -0.09686496  0.13285596  0.37064232  0.08823941
 -0.04314236  0.65005317  0.35053718 -0.53081628 -0.04523537 -0.11879626
  0.18006232  0.43119309 -0.32597213  0.2309341  -0.10859943 -0.62065154
  0.10370956  0.14456316 -0.46982882  0.20599224  0.26123705 -0.64418849
 -0.01725197  0.38344583  0.02435892  0.03912263 -0.55040186  0.53249336
  0.55514475  0.56313723  0.64172093  0.23318642 -0.16999022  0.57217857
 -0.17366324  0.41683732 -0.61585197  0.12129906  0.34346756 -0.6285858
 -0.00704559 -0.22894475  0.07205169 -0.29699309  0.27618191 -0.49098126
 -0.29898189 -0.82423165 -0.50164717 -0.22695281 -0.19710804]
2923,[ 0.20246709  0.10566159 -0.09687301  0.1328577   0.37064412  0.08823748
 -0.04313954  0.65005016  0.35053408 -0.53081497 -0.04523492 -0.11879288
  0.18006065  0.43119626 -0.32597222  0.23093675 -0.10859775 -0.62065053
  0.10370778  0.14456505 -0.4698291   0.20599056  0.26123648 -0.64419114
 -0.0172547   0.38344452  0.02436382  0.03912099 -0.55040402  0.5324978
  0.55514048  0.56313838  0.64172289  0.2331865  -0.16998856  0.57217904
 -0.17366504  0.41683612 -0.61585121  0.12129711  0.343468   -0.62858252
 -0.00704937 -0.22894507  0.07204946 -0.29699375  0.27618429 -0.49097594
 -0.29898493 -0.82423128 -0.50164841 -0.22695235 -0.19710891]
2924,[ 0.20247022  0.10566285 -0.09688106  0.13285944  0.37064591  0.08823556
 -0.04313672  0.65004715  0.35053097 -0.53081367 -0.04523446 -0.11878951
  0.18005899  0.43119943 -0.32597232  0.23093939 -0.10859608 -0.62064953
  0.103706    0.14456693 -0.46982937  0.20598887  0.26123591 -0.64419379
 -0.01725742  0.38344321  0.02436871  0.03911936 -0.55040618  0.53250224
  0.55513621  0.56313954  0.64172485  0.23318658 -0.16998691  0.5721795
 -0.17366685  0.41683493 -0.61585045  0.12129517  0.34346843 -0.62857925
 -0.00705314 -0.22894539  0.07204723 -0.29699441  0.27618668 -0.49097061
 -0.29898798 -0.82423091 -0.50164965 -0.22695189 -0.19710978]
2925,[ 0.20247336  0.10566412 -0.09688909  0.13286118  0.37064771  0.08823364
 -0.0431339   0.65004415  0.35052787 -0.53081236 -0.04523401 -0.11878614
  0.18005733  0.43120259 -0.32597242  0.23094203 -0.10859441 -0.62064853
  0.10370422  0.14456881 -0.46982965  0.20598719  0.26123534 -0.64419643
 -0.01726015  0.3834419   0.0243736   0.03911772 -0.55040834  0.53250667
  0.55513194  0.56314069  0.64172681  0.23318666 -0.16998525  0.57217997
 -0.17366865  0.41683373 -0.61584969  0.12129324  0.34346887 -0.62857598
 -0.00705691 -0.22894572  0.072045   -0.29699506  0.27618906 -0.4909653
 -0.29899102 -0.82423054 -0.50165088 -0.22695143 -0.19711065]
2926,[ 0.20247649  0.10566538 -0.09689712  0.13286291  0.3706495   0.08823172
 -0.04313109  0.65004115  0.35052477 -0.53081106 -0.04523355 -0.11878278
  0.18005567  0.43120575 -0.32597251  0.23094466 -0.10859273 -0.62064752
  0.10370244  0.14457069 -0.46982992  0.20598551  0.26123478 -0.64419908
 -0.01726286  0.38344059  0.02437848  0.03911609 -0.5504105   0.5325111
  0.55512768  0.56314184  0.64172877  0.23318674 -0.1699836   0.57218043
 -0.17367045  0.41683254 -0.61584894  0.1212913   0.3434693  -0.62857271
 -0.00706067 -0.22894604  0.07204278 -0.29699572  0.27619144 -0.49095999
 -0.29899405 -0.82423017 -0.50165211 -0.22695097 -0.19711152]
2927,[ 0.20247962  0.10566664 -0.09690514  0.13286464  0.37065129  0.0882298
 -0.04312828  0.65003815  0.35052168 -0.53080975 -0.0452331  -0.11877942
  0.18005401  0.43120891 -0.32597261  0.2309473  -0.10859107 -0.62064652
  0.10370067  0.14457257 -0.4698302   0.20598384  0.26123421 -0.64420172
 -0.01726558  0.38343928  0.02438336  0.03911446 -0.55041265  0.53251552
  0.55512343  0.56314299  0.64173073  0.23318682 -0.16998195  0.57218089
 -0.17367225  0.41683135 -0.61584818  0.12128937  0.34346973 -0.62856944
 -0.00706443 -0.22894636  0.07204056 -0.29699638  0.27619382 -0.49095468
 -0.29899708 -0.82422981 -0.50165335 -0.22695051 -0.19711239]
2928,[ 0.20248275  0.10566789 -0.09691315  0.13286637  0.37065307  0.08822789
 -0.04312547  0.65003516  0.35051859 -0.53080845 -0.04523264 -0.11877606
  0.18005235  0.43121207 -0.32597271  0.23094993 -0.1085894  -0.62064553
  0.10369889  0.14457445 -0.46983047  0.20598216  0.26123365 -0.64420435
 -0.01726829  0.38343798  0.02438823  0.03911283 -0.5504148   0.53251994
  0.55511918  0.56314414  0.64173268  0.2331869  -0.1699803   0.57218136
 -0.17367404  0.41683016 -0.61584742  0.12128744  0.34347017 -0.62856618
 -0.00706819 -0.22894668  0.07203834 -0.29699703  0.27619619 -0.49094938
 -0.29900011 -0.82422944 -0.50165458 -0.22695005 -0.19711326]
2929,[ 0.20248587  0.10566915 -0.09692115  0.1328681   0.37065486  0.08822597
 -0.04312267  0.65003217  0.3505155  -0.53080715 -0.04523219 -0.11877271
  0.1800507   0.43121522 -0.3259728   0.23095256 -0.10858773 -0.62064453
  0.10369712  0.14457632 -0.46983074  0.20598049  0.26123308 -0.64420699
 -0.017271    0.38343667  0.0243931   0.03911121 -0.55041695  0.53252435
  0.55511493  0.56314529  0.64173463  0.23318699 -0.16997865  0.57218182
 -0.17367584  0.41682897 -0.61584667  0.12128551  0.3434706  -0.62856293
 -0.00707194 -0.228947    0.07203612 -0.29699768  0.27619856 -0.49094409
 -0.29900314 -0.82422907 -0.5016558  -0.22694959 -0.19711412]
2930,[ 0.20248899  0.10567041 -0.09692914  0.13286983  0.37065664  0.08822406
 -0.04311987  0.65002918  0.35051242 -0.53080585 -0.04523174 -0.11876936
  0.18004905  0.43121836 -0.3259729   0.23095518 -0.10858607 -0.62064353
  0.10369535  0.14457819 -0.46983102  0.20597882  0.26123252 -0.64420962
 -0.01727371  0.38343537  0.02439796  0.03910958 -0.5504191   0.53252876
  0.55511069  0.56314643  0.64173658  0.23318707 -0.16997701  0.57218228
 -0.17367763  0.41682779 -0.61584591  0.12128358  0.34347103 -0.62855967
 -0.00707569 -0.22894732  0.07203391 -0.29699834  0.27620093 -0.4909388
 -0.29900616 -0.82422871 -0.50165703 -0.22694913 -0.19711499]
2931,[ 0.2024921   0.10567166 -0.09693712  0.13287155  0.37065842  0.08822215
 -0.04311707  0.6500262   0.35050934 -0.53080456 -0.04523129 -0.11876601
  0.1800474   0.43122151 -0.325973    0.2309578  -0.10858441 -0.62064254
  0.10369358  0.14458006 -0.46983129  0.20597715  0.26123196 -0.64421225
 -0.01727641  0.38343407  0.02440281  0.03910796 -0.55042124  0.53253316
  0.55510646  0.56314758  0.64173853  0.23318715 -0.16997537  0.57218274
 -0.17367942  0.4168266  -0.61584516  0.12128165  0.34347146 -0.62855642
 -0.00707943 -0.22894764  0.0720317  -0.29699899  0.2762033  -0.49093352
 -0.29900918 -0.82422834 -0.50165826 -0.22694867 -0.19711585]
2932,[ 0.20249521  0.10567291 -0.09694509  0.13287327  0.3706602   0.08822025
 -0.04311428  0.65002322  0.35050626 -0.53080326 -0.04523084 -0.11876267
  0.18004575  0.43122465 -0.32597309  0.23096042 -0.10858275 -0.62064154
  0.10369182  0.14458193 -0.46983156  0.20597548  0.2612314  -0.64421487
 -0.01727911  0.38343277  0.02440766  0.03910634 -0.55042338  0.53253756
  0.55510223  0.56314872  0.64174047  0.23318723 -0.16997372  0.57218321
 -0.17368121  0.41682542 -0.61584441  0.12127973  0.34347189 -0.62855318
 -0.00708317 -0.22894796  0.07202949 -0.29699964  0.27620566 -0.49092825
 -0.29901219 -0.82422797 -0.50165948 -0.22694822 -0.19711671]
2933,[ 0.20249832  0.10567416 -0.09695306  0.13287499  0.37066197  0.08821834
 -0.04311149  0.65002025  0.35050319 -0.53080197 -0.04523039 -0.11875933
  0.1800441   0.43122778 -0.32597319  0.23096304 -0.10858109 -0.62064055
  0.10369006  0.14458379 -0.46983183  0.20597381  0.26123083 -0.64421749
 -0.01728181  0.38343147  0.0244125   0.03910472 -0.55042552  0.53254195
  0.555098    0.56314986  0.64174242  0.23318731 -0.16997208  0.57218367
 -0.17368299  0.41682423 -0.61584366  0.12127781  0.34347233 -0.62854994
 -0.00708691 -0.22894827  0.07202728 -0.29700029  0.27620802 -0.49092298
 -0.2990152  -0.82422761 -0.50166071 -0.22694776 -0.19711757]
2934,[ 0.20250143  0.10567541 -0.09696101  0.13287671  0.37066375  0.08821644
 -0.0431087   0.65001727  0.35050012 -0.53080067 -0.04522994 -0.118756
  0.18004246  0.43123092 -0.32597329  0.23096565 -0.10857944 -0.62063956
  0.10368829  0.14458566 -0.4698321   0.20597215  0.26123027 -0.64422011
 -0.0172845   0.38343017  0.02441734  0.0391031  -0.55042766  0.53254634
  0.55509378  0.563151    0.64174436  0.23318739 -0.16997045  0.57218413
 -0.17368478  0.41682305 -0.61584291  0.12127589  0.34347276 -0.6285467
 -0.00709064 -0.22894859  0.07202508 -0.29700094  0.27621038 -0.49091772
 -0.29901821 -0.82422724 -0.50166193 -0.22694731 -0.19711843]
2935,[ 0.20250453  0.10567666 -0.09696896  0.13287843  0.37066552  0.08821454
 -0.04310591  0.65001431  0.35049705 -0.53079938 -0.04522949 -0.11875267
  0.18004082  0.43123405 -0.32597338  0.23096826 -0.10857778 -0.62063857
  0.10368653  0.14458752 -0.46983237  0.20597049  0.26122971 -0.64422273
 -0.01728719  0.38342888  0.02442217  0.03910148 -0.55042979  0.53255072
  0.55508956  0.56315214  0.6417463   0.23318747 -0.16996881  0.57218459
 -0.17368656  0.41682187 -0.61584216  0.12127398  0.34347319 -0.62854346
 -0.00709437 -0.22894891  0.07202287 -0.29700159  0.27621274 -0.49091246
 -0.29902122 -0.82422688 -0.50166315 -0.22694685 -0.19711929]
2936,[ 0.20250762  0.10567791 -0.0969769   0.13288014  0.37066729  0.08821264
 -0.04310313  0.65001134  0.35049399 -0.53079809 -0.04522904 -0.11874934
  0.18003917  0.43123717 -0.32597348  0.23097087 -0.10857613 -0.62063758
  0.10368478  0.14458938 -0.46983265  0.20596883  0.26122915 -0.64422534
 -0.01728988  0.38342759  0.024427    0.03909987 -0.55043192  0.5325551
  0.55508535  0.56315328  0.64174823  0.23318755 -0.16996718  0.57218505
 -0.17368834  0.4168207  -0.61584141  0.12127206  0.34347361 -0.62854023
 -0.00709809 -0.22894923  0.07202068 -0.29700224  0.27621509 -0.49090721
 -0.29902422 -0.82422652 -0.50166437 -0.2269464  -0.19712015]
2937,[ 0.20251072  0.10567915 -0.09698483  0.13288185  0.37066906  0.08821075
 -0.04310035  0.65000838  0.35049093 -0.5307968  -0.04522859 -0.11874602
  0.18003754  0.43124029 -0.32597357  0.23097347 -0.10857448 -0.62063659
  0.10368302  0.14459124 -0.46983292  0.20596717  0.26122859 -0.64422795
 -0.01729257  0.38342629  0.02443182  0.03909826 -0.55043405  0.53255947
  0.55508114  0.56315442  0.64175017  0.23318763 -0.16996555  0.5721855
 -0.17369012  0.41681952 -0.61584066  0.12127015  0.34347404 -0.62853701
 -0.00710181 -0.22894954  0.07201848 -0.29700289  0.27621744 -0.49090197
 -0.29902722 -0.82422615 -0.50166559 -0.22694594 -0.19712101]
2938,[ 0.20251381  0.10568039 -0.09699275  0.13288356  0.37067082  0.08820885
 -0.04309758  0.65000542  0.35048788 -0.53079552 -0.04522814 -0.1187427
  0.1800359   0.43124341 -0.32597367  0.23097607 -0.10857283 -0.6206356
  0.10368127  0.14459309 -0.46983319  0.20596551  0.26122804 -0.64423056
 -0.01729525  0.383425    0.02443664  0.03909665 -0.55043618  0.53256384
  0.55507694  0.56315555  0.6417521   0.23318771 -0.16996391  0.57218596
 -0.17369189  0.41681834 -0.61583991  0.12126824  0.34347447 -0.62853378
 -0.00710552 -0.22894986  0.07201628 -0.29700354  0.27621979 -0.49089673
 -0.29903021 -0.82422579 -0.5016668  -0.22694549 -0.19712187]
2939,[ 0.2025169   0.10568164 -0.09700066  0.13288527  0.37067259  0.08820696
 -0.0430948   0.65000246  0.35048482 -0.53079423 -0.04522769 -0.11873938
  0.18003426  0.43124653 -0.32597377  0.23097867 -0.10857119 -0.62063461
  0.10367952  0.14459494 -0.46983346  0.20596386  0.26122748 -0.64423317
 -0.01729793  0.38342371  0.02444145  0.03909504 -0.55043831  0.5325682
  0.55507274  0.56315669  0.64175403  0.23318779 -0.16996229  0.57218642
 -0.17369367  0.41681717 -0.61583917  0.12126633  0.3434749  -0.62853056
 -0.00710923 -0.22895018  0.07201409 -0.29700419  0.27622213 -0.49089149
 -0.2990332  -0.82422543 -0.50166802 -0.22694503 -0.19712272]
2940,[ 0.20251998  0.10568288 -0.09700856  0.13288698  0.37067435  0.08820507
 -0.04309204  0.64999951  0.35048178 -0.53079295 -0.04522725 -0.11873607
  0.18003263  0.43124964 -0.32597386  0.23098127 -0.10856954 -0.62063363
  0.10367777  0.14459679 -0.46983373  0.20596221  0.26122692 -0.64423577
 -0.01730061  0.38342243  0.02444626  0.03909343 -0.55044043  0.53257256
  0.55506855  0.56315782  0.64175596  0.23318787 -0.16996066  0.57218688
 -0.17369544  0.41681599 -0.61583842  0.12126443  0.34347533 -0.62852734
 -0.00711294 -0.22895049  0.0720119  -0.29700483  0.27622447 -0.49088627
 -0.29903619 -0.82422506 -0.50166923 -0.22694458 -0.19712358]
2941,[ 0.20252306  0.10568412 -0.09701645  0.13288868  0.37067611  0.08820319
 -0.04308927  0.64999656  0.35047873 -0.53079166 -0.0452268  -0.11873276
  0.180031    0.43125275 -0.32597396  0.23098386 -0.1085679  -0.62063264
  0.10367602  0.14459864 -0.469834    0.20596055  0.26122636 -0.64423837
 -0.01730328  0.38342114  0.02445106  0.03909183 -0.55044255  0.53257691
  0.55506436  0.56315895  0.64175788  0.23318795 -0.16995904  0.57218733
 -0.17369721  0.41681482 -0.61583768  0.12126253  0.34347575 -0.62852413
 -0.00711664 -0.22895081  0.07200972 -0.29700548  0.27622681 -0.49088104
 -0.29903918 -0.8242247  -0.50167044 -0.22694413 -0.19712443]
2942,[ 0.20252614  0.10568535 -0.09702433  0.13289039  0.37067787  0.0882013
 -0.04308651  0.64999362  0.35047569 -0.53079038 -0.04522635 -0.11872946
  0.18002937  0.43125585 -0.32597405  0.23098645 -0.10856626 -0.62063166
  0.10367428  0.14460049 -0.46983427  0.20595891  0.26122581 -0.64424096
 -0.01730595  0.38341985  0.02445585  0.03909023 -0.55044467  0.53258126
  0.55506018  0.56316008  0.6417598   0.23318803 -0.16995741  0.57218779
 -0.17369897  0.41681365 -0.61583693  0.12126062  0.34347618 -0.62852092
 -0.00712033 -0.22895112  0.07200753 -0.29700612  0.27622915 -0.49087583
 -0.29904216 -0.82422434 -0.50167166 -0.22694368 -0.19712528]
2943,[ 0.20252921  0.10568659 -0.09703221  0.13289209  0.37067962  0.08819942
 -0.04308375  0.64999067  0.35047265 -0.5307891  -0.04522591 -0.11872616
  0.18002774  0.43125896 -0.32597415  0.23098903 -0.10856462 -0.62063068
  0.10367253  0.14460233 -0.46983453  0.20595726  0.26122525 -0.64424355
 -0.01730862  0.38341857  0.02446064  0.03908862 -0.55044678  0.53258561
  0.555056    0.56316121  0.64176172  0.23318811 -0.16995579  0.57218824
 -0.17370074  0.41681248 -0.61583619  0.12125872  0.34347661 -0.62851772
 -0.00712403 -0.22895144  0.07200535 -0.29700677  0.27623149 -0.49087062
 -0.29904513 -0.82422398 -0.50167287 -0.22694323 -0.19712614]
2944,[ 0.20253228  0.10568783 -0.09704008  0.13289379  0.37068138  0.08819754
 -0.04308099  0.64998773  0.35046961 -0.53078783 -0.04522546 -0.11872286
  0.18002611  0.43126205 -0.32597424  0.23099162 -0.10856298 -0.6206297
  0.10367079  0.14460418 -0.4698348   0.20595561  0.2612247  -0.64424614
 -0.01731128  0.38341729  0.02446543  0.03908702 -0.5504489   0.53258994
  0.55505182  0.56316234  0.64176364  0.23318819 -0.16995417  0.5721887
 -0.1737025   0.41681131 -0.61583545  0.12125683  0.34347703 -0.62851451
 -0.00712772 -0.22895175  0.07200317 -0.29700741  0.27623382 -0.49086542
 -0.29904811 -0.82422362 -0.50167407 -0.22694278 -0.19712699]
2945,[ 0.20253534  0.10568906 -0.09704793  0.13289548  0.37068313  0.08819566
 -0.04307824  0.6499848   0.35046658 -0.53078655 -0.04522502 -0.11871957
  0.18002449  0.43126515 -0.32597434  0.2309942  -0.10856135 -0.62062872
  0.10366905  0.14460602 -0.46983507  0.20595397  0.26122414 -0.64424873
 -0.01731394  0.38341601  0.02447021  0.03908543 -0.55045101  0.53259428
  0.55504765  0.56316347  0.64176556  0.23318827 -0.16995255  0.57218915
 -0.17370427  0.41681015 -0.61583471  0.12125493  0.34347746 -0.62851132
 -0.0071314  -0.22895207  0.07200099 -0.29700805  0.27623615 -0.49086022
 -0.29905108 -0.82422326 -0.50167528 -0.22694233 -0.19712784]
2946,[ 0.20253841  0.10569029 -0.09705578  0.13289718  0.37068488  0.08819378
 -0.04307549  0.64998187  0.35046355 -0.53078527 -0.04522458 -0.11871628
  0.18002287  0.43126824 -0.32597443  0.23099678 -0.10855972 -0.62062774
  0.10366731  0.14460786 -0.46983534  0.20595233  0.26122359 -0.64425132
 -0.0173166   0.38341473  0.02447498  0.03908383 -0.55045311  0.53259861
  0.55504349  0.56316459  0.64176748  0.23318835 -0.16995094  0.57218961
 -0.17370603  0.41680898 -0.61583397  0.12125304  0.34347788 -0.62850812
 -0.00713508 -0.22895238  0.07199882 -0.29700869  0.27623847 -0.49085503
 -0.29905405 -0.8242229  -0.50167649 -0.22694188 -0.19712869]
2947,[ 0.20254147  0.10569152 -0.09706362  0.13289887  0.37068663  0.08819191
 -0.04307274  0.64997894  0.35046053 -0.530784   -0.04522413 -0.11871299
  0.18002125  0.43127133 -0.32597453  0.23099935 -0.10855808 -0.62062676
  0.10366558  0.14460969 -0.46983561  0.20595069  0.26122304 -0.6442539
 -0.01731925  0.38341345  0.02447975  0.03908224 -0.55045522  0.53260293
  0.55503933  0.56316572  0.64176939  0.23318843 -0.16994933  0.57219006
 -0.17370778  0.41680782 -0.61583323  0.12125115  0.3434783  -0.62850493
 -0.00713876 -0.22895269  0.07199665 -0.29700934  0.2762408  -0.49084984
 -0.29905701 -0.82422254 -0.50167769 -0.22694143 -0.19712954]
2948,[ 0.20254452  0.10569275 -0.09707145  0.13290056  0.37068837  0.08819004
 -0.04306999  0.64997601  0.35045751 -0.53078273 -0.04522369 -0.11870971
  0.18001963  0.43127441 -0.32597462  0.23100192 -0.10855645 -0.62062579
  0.10366384  0.14461153 -0.46983587  0.20594905  0.26122249 -0.64425648
 -0.01732191  0.38341217  0.02448451  0.03908064 -0.55045732  0.53260725
  0.55503517  0.56316684  0.6417713   0.23318851 -0.16994771  0.57219051
 -0.17370954  0.41680666 -0.61583249  0.12124926  0.34347873 -0.62850174
 -0.00714243 -0.22895301  0.07199448 -0.29700998  0.27624312 -0.49084466
 -0.29905997 -0.82422218 -0.50167889 -0.22694098 -0.19713038]
2949,[ 0.20254757  0.10569398 -0.09707927  0.13290225  0.37069012  0.08818817
 -0.04306725  0.64997309  0.35045449 -0.53078146 -0.04522325 -0.11870643
  0.18001801  0.43127749 -0.32597472  0.23100449 -0.10855483 -0.62062481
  0.10366211  0.14461336 -0.46983614  0.20594741  0.26122193 -0.64425905
 -0.01732456  0.3834109   0.02448927  0.03907905 -0.55045942  0.53261156
  0.55503102  0.56316796  0.64177321  0.23318859 -0.1699461   0.57219097
 -0.17371129  0.41680549 -0.61583175  0.12124738  0.34347915 -0.62849856
 -0.0071461  -0.22895332  0.07199231 -0.29701062  0.27624544 -0.49083948
 -0.29906293 -0.82422182 -0.50168009 -0.22694053 -0.19713123]
2950,[ 0.20255062  0.10569521 -0.09708709  0.13290394  0.37069186  0.0881863
 -0.04306451  0.64997017  0.35045148 -0.53078019 -0.0452228  -0.11870315
  0.1800164   0.43128057 -0.32597481  0.23100706 -0.1085532  -0.62062384
  0.10366038  0.14461519 -0.46983641  0.20594578  0.26122138 -0.64426162
 -0.0173272   0.38340962  0.02449402  0.03907747 -0.55046152  0.53261587
  0.55502688  0.56316908  0.64177511  0.23318867 -0.16994449  0.57219142
 -0.17371305  0.41680433 -0.61583101  0.12124549  0.34347957 -0.62849538
 -0.00714976 -0.22895363  0.07199014 -0.29701125  0.27624775 -0.49083432
 -0.29906589 -0.82422146 -0.5016813  -0.22694008 -0.19713207]
2951,[ 0.20255367  0.10569643 -0.09709489  0.13290563  0.3706936   0.08818443
 -0.04306178  0.64996725  0.35044846 -0.53077892 -0.04522236 -0.11869988
  0.18001478  0.43128364 -0.32597491  0.23100962 -0.10855158 -0.62062286
  0.10365865  0.14461702 -0.46983668  0.20594415  0.26122083 -0.64426419
 -0.01732984  0.38340835  0.02449877  0.03907588 -0.55046362  0.53262018
  0.55502274  0.5631702   0.64177702  0.23318875 -0.16994289  0.57219187
 -0.1737148   0.41680318 -0.61583028  0.12124361  0.34347999 -0.6284922
 -0.00715342 -0.22895394  0.07198798 -0.29701189  0.27625007 -0.49082915
 -0.29906884 -0.82422111 -0.50168249 -0.22693964 -0.19713292]
2952,[ 0.20255671  0.10569766 -0.09710269  0.13290731  0.37069534  0.08818257
 -0.04305905  0.64996434  0.35044546 -0.53077765 -0.04522192 -0.11869662
  0.18001317  0.43128671 -0.325975    0.23101218 -0.10854995 -0.62062189
  0.10365693  0.14461884 -0.46983694  0.20594252  0.26122028 -0.64426676
 -0.01733248  0.38340708  0.02450351  0.03907429 -0.55046571  0.53262448
  0.5550186   0.56317132  0.64177892  0.23318882 -0.16994128  0.57219232
 -0.17371654  0.41680202 -0.61582954  0.12124173  0.34348042 -0.62848903
 -0.00715708 -0.22895426  0.07198582 -0.29701253  0.27625238 -0.490824
 -0.29907179 -0.82422075 -0.50168369 -0.22693919 -0.19713376]
2953,[ 0.20255975  0.10569888 -0.09711047  0.13290899  0.37069708  0.08818071
 -0.04305632  0.64996143  0.35044245 -0.53077639 -0.04522148 -0.11869335
  0.18001156  0.43128978 -0.32597509  0.23101474 -0.10854833 -0.62062092
  0.1036552   0.14462067 -0.46983721  0.20594089  0.26121973 -0.64426932
 -0.01733512  0.38340581  0.02450824  0.03907271 -0.5504678   0.53262877
  0.55501447  0.56317243  0.64178082  0.2331889  -0.16993968  0.57219277
 -0.17371829  0.41680086 -0.61582881  0.12123985  0.34348084 -0.62848586
 -0.00716073 -0.22895457  0.07198366 -0.29701317  0.27625469 -0.49081884
 -0.29907473 -0.82422039 -0.50168489 -0.22693874 -0.1971346 ]
2954,[ 0.20256278  0.1057001  -0.09711825  0.13291067  0.37069881  0.08817885
 -0.04305359  0.64995852  0.35043945 -0.53077512 -0.04522104 -0.11869009
  0.18000995  0.43129284 -0.32597519  0.23101729 -0.10854672 -0.62061995
  0.10365348  0.14462249 -0.46983747  0.20593926  0.26121919 -0.64427188
 -0.01733776  0.38340454  0.02451297  0.03907113 -0.55046989  0.53263306
  0.55501034  0.56317355  0.64178271  0.23318898 -0.16993808  0.57219322
 -0.17372003  0.41679971 -0.61582807  0.12123798  0.34348126 -0.62848269
 -0.00716438 -0.22895488  0.07198151 -0.2970138   0.27625699 -0.4908137
 -0.29907767 -0.82422004 -0.50168608 -0.2269383  -0.19713545]
2955,[ 0.20256582  0.10570132 -0.09712602  0.13291235  0.37070054  0.08817699
 -0.04305087  0.64995562  0.35043645 -0.53077386 -0.0452206  -0.11868683
  0.18000835  0.4312959  -0.32597528  0.23101985 -0.1085451  -0.62061898
  0.10365176  0.14462431 -0.46983774  0.20593764  0.26121864 -0.64427444
 -0.01734039  0.38340328  0.0245177   0.03906955 -0.55047198  0.53263735
  0.55500622  0.56317466  0.64178461  0.23318906 -0.16993648  0.57219367
 -0.17372178  0.41679855 -0.61582734  0.1212361   0.34348168 -0.62847953
 -0.00716802 -0.22895519  0.07197936 -0.29701444  0.27625929 -0.49080856
 -0.29908061 -0.82421968 -0.50168728 -0.22693785 -0.19713629]
2956,[ 0.20256884  0.10570254 -0.09713378  0.13291402  0.37070227  0.08817513
 -0.04304815  0.64995272  0.35043346 -0.5307726  -0.04522016 -0.11868358
  0.18000674  0.43129896 -0.32597538  0.2310224  -0.10854348 -0.62061801
  0.10365004  0.14462612 -0.469838    0.20593601  0.26121809 -0.644277
 -0.01734302  0.38340201  0.02452242  0.03906797 -0.55047407  0.53264163
  0.5550021   0.56317578  0.6417865   0.23318914 -0.16993488  0.57219412
 -0.17372352  0.4167974  -0.61582661  0.12123423  0.3434821  -0.62847637
 -0.00717166 -0.2289555   0.07197721 -0.29701507  0.27626159 -0.49080343
 -0.29908354 -0.82421932 -0.50168847 -0.22693741 -0.19713713]
2957,[ 0.20257187  0.10570376 -0.09714153  0.1329157   0.370704    0.08817328
 -0.04304543  0.64994983  0.35043047 -0.53077134 -0.04521972 -0.11868033
  0.18000514  0.43130201 -0.32597547  0.23102494 -0.10854187 -0.62061705
  0.10364833  0.14462794 -0.46983827  0.20593439  0.26121754 -0.64427955
 -0.01734564  0.38340075  0.02452713  0.0390664  -0.55047615  0.5326459
  0.55499799  0.56317689  0.64178839  0.23318922 -0.16993329  0.57219457
 -0.17372525  0.41679625 -0.61582588  0.12123236  0.34348252 -0.62847321
 -0.0071753  -0.22895581  0.07197506 -0.29701571  0.27626389 -0.4907983
 -0.29908647 -0.82421897 -0.50168966 -0.22693696 -0.19713796]
2958,[ 0.20257489  0.10570497 -0.09714927  0.13291737  0.37070573  0.08817143
 -0.04304272  0.64994693  0.35042748 -0.53077008 -0.04521929 -0.11867709
  0.18000354  0.43130506 -0.32597556  0.23102748 -0.10854026 -0.62061608
  0.10364661  0.14462975 -0.46983853  0.20593277  0.261217   -0.6442821
 -0.01734826  0.38339949  0.02453184  0.03906482 -0.55047823  0.53265017
  0.55499388  0.563178    0.64179028  0.2331893  -0.16993169  0.57219502
 -0.17372699  0.4167951  -0.61582515  0.12123049  0.34348294 -0.62847006
 -0.00717893 -0.22895612  0.07197291 -0.29701634  0.27626619 -0.49079318
 -0.2990894  -0.82421861 -0.50169085 -0.22693652 -0.1971388 ]
2959,[ 0.20257791  0.10570619 -0.09715701  0.13291904  0.37070745  0.08816958
 -0.04304001  0.64994404  0.35042449 -0.53076882 -0.04521885 -0.11867385
  0.18000194  0.43130811 -0.32597566  0.23103003 -0.10853865 -0.62061512
  0.1036449   0.14463157 -0.4698388   0.20593115  0.26121645 -0.64428465
 -0.01735088  0.38339823  0.02453655  0.03906325 -0.55048031  0.53265444
  0.55498977  0.56317911  0.64179217  0.23318938 -0.1699301   0.57219546
 -0.17372873  0.41679395 -0.61582442  0.12122863  0.34348335 -0.62846691
 -0.00718256 -0.22895643  0.07197077 -0.29701697  0.27626848 -0.49078806
 -0.29909233 -0.82421826 -0.50169204 -0.22693608 -0.19713964]
2960,[ 0.20258092  0.1057074  -0.09716473  0.13292071  0.37070918  0.08816773
 -0.0430373   0.64994116  0.35042151 -0.53076757 -0.04521841 -0.11867061
  0.18000034  0.43131115 -0.32597575  0.23103256 -0.10853704 -0.62061415
  0.10364319  0.14463338 -0.46983906  0.20592954  0.26121591 -0.64428719
 -0.0173535   0.38339697  0.02454125  0.03906168 -0.55048238  0.5326587
  0.55498567  0.56318021  0.64179405  0.23318945 -0.16992851  0.57219591
 -0.17373046  0.41679281 -0.61582369  0.12122677  0.34348377 -0.62846377
 -0.00718618 -0.22895674  0.07196863 -0.2970176   0.27627077 -0.49078295
 -0.29909525 -0.8242179  -0.50169322 -0.22693564 -0.19714047]
2961,[ 0.20258394  0.10570861 -0.09717245  0.13292238  0.3707109   0.08816589
 -0.0430346   0.64993827  0.35041854 -0.53076631 -0.04521797 -0.11866737
  0.17999875  0.43131419 -0.32597584  0.2310351  -0.10853544 -0.62061319
  0.10364148  0.14463518 -0.46983932  0.20592792  0.26121536 -0.64428973
 -0.01735611  0.38339571  0.02454594  0.03906011 -0.55048445  0.53266296
  0.55498158  0.56318132  0.64179594  0.23318953 -0.16992692  0.57219636
 -0.17373219  0.41679166 -0.61582296  0.12122491  0.34348419 -0.62846063
 -0.0071898  -0.22895705  0.07196649 -0.29701823  0.27627306 -0.49077784
 -0.29909817 -0.82421755 -0.50169441 -0.22693519 -0.19714131]
2962,[ 0.20258694  0.10570982 -0.09718016  0.13292404  0.37071262  0.08816404
 -0.04303189  0.64993539  0.35041556 -0.53076506 -0.04521754 -0.11866414
  0.17999716  0.43131722 -0.32597594  0.23103763 -0.10853383 -0.62061223
  0.10363978  0.14463699 -0.46983959  0.20592631  0.26121482 -0.64429227
 -0.01735872  0.38339445  0.02455063  0.03905854 -0.55048652  0.53266721
  0.55497749  0.56318243  0.64179782  0.23318961 -0.16992534  0.5721968
 -0.17373392  0.41679052 -0.61582223  0.12122305  0.34348461 -0.62845749
 -0.00719341 -0.22895735  0.07196435 -0.29701886  0.27627534 -0.49077274
 -0.29910108 -0.8242172  -0.50169559 -0.22693475 -0.19714214]
2963,[ 0.20258995  0.10571103 -0.09718786  0.1329257   0.37071433  0.0881622
 -0.0430292   0.64993252  0.35041259 -0.53076381 -0.0452171  -0.11866091
  0.17999556  0.43132026 -0.32597603  0.23104016 -0.10853223 -0.62061127
  0.10363807  0.14463879 -0.46983985  0.2059247   0.26121428 -0.6442948
 -0.01736133  0.3833932   0.02455531  0.03905698 -0.55048859  0.53267145
  0.5549734   0.56318353  0.64179969  0.23318969 -0.16992375  0.57219725
 -0.17373564  0.41678937 -0.61582151  0.12122119  0.34348502 -0.62845436
 -0.00719702 -0.22895766  0.07196222 -0.29701949  0.27627763 -0.49076765
 -0.29910399 -0.82421684 -0.50169678 -0.22693431 -0.19714298]
2964,[ 0.20259295  0.10571224 -0.09719555  0.13292737  0.37071605  0.08816036
 -0.0430265   0.64992964  0.35040962 -0.53076256 -0.04521667 -0.11865769
  0.17999397  0.43132328 -0.32597612  0.23104268 -0.10853063 -0.62061031
  0.10363637  0.14464059 -0.46984011  0.20592309  0.26121373 -0.64429734
 -0.01736394  0.38339194  0.02455999  0.03905541 -0.55049066  0.5326757
  0.55496932  0.56318463  0.64180157  0.23318977 -0.16992217  0.57219769
 -0.17373737  0.41678823 -0.61582078  0.12121934  0.34348544 -0.62845123
 -0.00720063 -0.22895797  0.07196009 -0.29702012  0.2762799  -0.49076256
 -0.2991069  -0.82421649 -0.50169796 -0.22693387 -0.19714381]
2965,[ 0.20259595  0.10571345 -0.09720323  0.13292903  0.37071776  0.08815853
 -0.04302381  0.64992677  0.35040666 -0.53076131 -0.04521623 -0.11865447
  0.17999239  0.43132631 -0.32597621  0.23104521 -0.10852903 -0.62060935
  0.10363467  0.14464239 -0.46984037  0.20592149  0.26121319 -0.64429986
 -0.01736654  0.38339069  0.02456466  0.03905385 -0.55049272  0.53267993
  0.55496525  0.56318573  0.64180344  0.23318984 -0.16992059  0.57219814
 -0.17373909  0.41678709 -0.61582006  0.12121748  0.34348585 -0.6284481
 -0.00720423 -0.22895828  0.07195796 -0.29702075  0.27628218 -0.49075748
 -0.29910981 -0.82421614 -0.50169914 -0.22693343 -0.19714464]
2966,[ 0.20259894  0.10571465 -0.09721091  0.13293068  0.37071947  0.08815669
 -0.04302112  0.6499239   0.3504037  -0.53076006 -0.0452158  -0.11865125
  0.1799908   0.43132933 -0.32597631  0.23104773 -0.10852743 -0.6206084
  0.10363297  0.14464419 -0.46984064  0.20591988  0.26121265 -0.64430239
 -0.01736914  0.38338944  0.02456933  0.03905229 -0.55049478  0.53268417
  0.55496117  0.56318684  0.64180532  0.23318992 -0.16991901  0.57219858
 -0.17374081  0.41678595 -0.61581933  0.12121563  0.34348627 -0.62844497
 -0.00720783 -0.22895858  0.07195584 -0.29702138  0.27628446 -0.4907524
 -0.29911271 -0.82421579 -0.50170032 -0.22693299 -0.19714547]
2967,[ 0.20260193  0.10571586 -0.09721857  0.13293234  0.37072118  0.08815486
 -0.04301843  0.64992104  0.35040074 -0.53075882 -0.04521537 -0.11864804
  0.17998921  0.43133235 -0.3259764   0.23105025 -0.10852584 -0.62060744
  0.10363127  0.14464599 -0.4698409   0.20591828  0.26121211 -0.64430491
 -0.01737173  0.38338819  0.02457399  0.03905073 -0.55049684  0.53268839
  0.55495711  0.56318793  0.64180719  0.23319    -0.16991743  0.57219902
 -0.17374253  0.41678481 -0.61581861  0.12121378  0.34348668 -0.62844185
 -0.00721143 -0.22895889  0.07195371 -0.29702201  0.27628673 -0.49074733
 -0.29911561 -0.82421544 -0.50170149 -0.22693255 -0.1971463 ]
2968,[ 0.20260492  0.10571706 -0.09722623  0.13293399  0.37072289  0.08815303
 -0.04301575  0.64991818  0.35039779 -0.53075757 -0.04521493 -0.11864483
  0.17998763  0.43133537 -0.32597649  0.23105276 -0.10852424 -0.62060649
  0.10362958  0.14464778 -0.46984116  0.20591668  0.26121157 -0.64430744
 -0.01737433  0.38338694  0.02457865  0.03904917 -0.5504989   0.53269262
  0.55495304  0.56318903  0.64180905  0.23319008 -0.16991585  0.57219947
 -0.17374425  0.41678368 -0.61581789  0.12121194  0.3434871  -0.62843874
 -0.00721502 -0.2289592   0.07195159 -0.29702263  0.276289   -0.49074227
 -0.2991185  -0.82421509 -0.50170267 -0.22693211 -0.19714713]
2969,[ 0.2026079   0.10571826 -0.09723387  0.13293564  0.37072459  0.0881512
 -0.04301307  0.64991532  0.35039484 -0.53075633 -0.0452145  -0.11864163
  0.17998605  0.43133838 -0.32597659  0.23105527 -0.10852265 -0.62060553
  0.10362788  0.14464957 -0.46984142  0.20591508  0.26121103 -0.64430995
 -0.01737692  0.3833857   0.0245833   0.03904762 -0.55050095  0.53269683
  0.55494899  0.56319013  0.64181092  0.23319015 -0.16991428  0.57219991
 -0.17374596  0.41678254 -0.61581717  0.12121009  0.34348751 -0.62843562
 -0.0072186  -0.2289595   0.07194947 -0.29702326  0.27629127 -0.49073721
 -0.29912139 -0.82421473 -0.50170384 -0.22693167 -0.19714795]
2970,[ 0.20261089  0.10571946 -0.09724151  0.13293729  0.3707263   0.08814937
 -0.04301039  0.64991247  0.35039189 -0.53075509 -0.04521407 -0.11863842
  0.17998447  0.43134139 -0.32597668  0.23105778 -0.10852106 -0.62060458
  0.10362619  0.14465136 -0.46984168  0.20591348  0.26121049 -0.64431247
 -0.0173795   0.38338445  0.02458794  0.03904607 -0.550503    0.53270105
  0.55494493  0.56319122  0.64181278  0.23319023 -0.16991271  0.57220035
 -0.17374767  0.41678141 -0.61581644  0.12120825  0.34348792 -0.62843252
 -0.00722219 -0.22895981  0.07194735 -0.29702388  0.27629353 -0.49073216
 -0.29912428 -0.82421438 -0.50170502 -0.22693124 -0.19714878]
2971,[ 0.20261386  0.10572066 -0.09724914  0.13293894  0.370728    0.08814755
 -0.04300772  0.64990962  0.35038894 -0.53075385 -0.04521364 -0.11863523
  0.17998289  0.43134439 -0.32597677  0.23106029 -0.10851947 -0.62060363
  0.1036245   0.14465315 -0.46984194  0.20591188  0.26120995 -0.64431498
 -0.01738209  0.38338321  0.02459258  0.03904451 -0.55050505  0.53270526
  0.55494088  0.56319232  0.64181464  0.23319031 -0.16991113  0.57220079
 -0.17374939  0.41678027 -0.61581572  0.12120641  0.34348834 -0.62842941
 -0.00722577 -0.22896011  0.07194524 -0.29702451  0.27629579 -0.49072711
 -0.29912717 -0.82421403 -0.50170619 -0.2269308  -0.19714961]
2972,[ 0.20261684  0.10572185 -0.09725677  0.13294059  0.3707297   0.08814573
 -0.04300505  0.64990677  0.350386   -0.53075261 -0.0452132  -0.11863203
  0.17998132  0.43134739 -0.32597686  0.23106279 -0.10851789 -0.62060268
  0.10362281  0.14465493 -0.4698422   0.20591029  0.26120942 -0.64431749
 -0.01738467  0.38338197  0.02459722  0.03904296 -0.5505071   0.53270946
  0.55493684  0.56319341  0.6418165   0.23319039 -0.16990957  0.57220123
 -0.17375109  0.41677914 -0.61581501  0.12120457  0.34348875 -0.62842631
 -0.00722934 -0.22896042  0.07194313 -0.29702513  0.27629805 -0.49072207
 -0.29913005 -0.82421369 -0.50170736 -0.22693036 -0.19715043]
2973,[ 0.20261981  0.10572305 -0.09726438  0.13294223  0.3707314   0.08814391
 -0.04300238  0.64990392  0.35038307 -0.53075137 -0.04521277 -0.11862884
  0.17997975  0.43135039 -0.32597695  0.23106529 -0.1085163  -0.62060173
  0.10362113  0.14465671 -0.46984246  0.2059087   0.26120888 -0.64432
 -0.01738725  0.38338073  0.02460185  0.03904142 -0.55050915  0.53271366
  0.5549328   0.5631945   0.64181836  0.23319046 -0.169908    0.57220167
 -0.1737528   0.41677801 -0.61581429  0.12120274  0.34348916 -0.62842321
 -0.00723291 -0.22896072  0.07194102 -0.29702575  0.27630031 -0.49071703
 -0.29913293 -0.82421334 -0.50170853 -0.22692993 -0.19715125]
2974,[ 0.20262278  0.10572424 -0.09727198  0.13294387  0.37073309  0.08814209
 -0.04299971  0.64990108  0.35038013 -0.53075014 -0.04521234 -0.11862565
  0.17997817  0.43135339 -0.32597705  0.23106779 -0.10851472 -0.62060078
  0.10361945  0.1446585  -0.46984272  0.20590711  0.26120834 -0.6443225
 -0.01738982  0.38337949  0.02460647  0.03903987 -0.55051119  0.53271785
  0.55492876  0.56319559  0.64182021  0.23319054 -0.16990643  0.57220211
 -0.17375451  0.41677688 -0.61581357  0.1212009   0.34348957 -0.62842011
 -0.00723648 -0.22896103  0.07193891 -0.29702637  0.27630256 -0.490712
 -0.2991358  -0.82421299 -0.5017097  -0.22692949 -0.19715208]
2975,[ 0.20262574  0.10572544 -0.09727958  0.13294552  0.37073479  0.08814027
 -0.04299705  0.64989825  0.3503772  -0.5307489  -0.04521191 -0.11862247
  0.1799766   0.43135638 -0.32597714  0.23107028 -0.10851314 -0.62059983
  0.10361776  0.14466028 -0.46984298  0.20590552  0.26120781 -0.644325
 -0.0173924   0.38337825  0.02461109  0.03903833 -0.55051323  0.53272204
  0.55492473  0.56319668  0.64182207  0.23319062 -0.16990487  0.57220255
 -0.17375621  0.41677575 -0.61581285  0.12119907  0.34348998 -0.62841702
 -0.00724004 -0.22896133  0.07193681 -0.29702699  0.27630481 -0.49070697
 -0.29913868 -0.82421264 -0.50171087 -0.22692906 -0.1971529 ]
2976,[ 0.2026287   0.10572663 -0.09728717  0.13294715  0.37073648  0.08813846
 -0.04299439  0.64989541  0.35037427 -0.53074767 -0.04521148 -0.11861929
  0.17997503  0.43135937 -0.32597723  0.23107278 -0.10851156 -0.62059889
  0.10361608  0.14466205 -0.46984324  0.20590393  0.26120727 -0.6443275
 -0.01739497  0.38337701  0.02461571  0.03903678 -0.55051527  0.53272623
  0.55492071  0.56319777  0.64182392  0.23319069 -0.16990331  0.57220299
 -0.17375791  0.41677463 -0.61581214  0.12119724  0.34349039 -0.62841393
 -0.0072436  -0.22896163  0.0719347  -0.29702762  0.27630706 -0.49070195
 -0.29914155 -0.82421229 -0.50171203 -0.22692862 -0.19715372]
2977,[ 0.20263166  0.10572782 -0.09729475  0.13294879  0.37073817  0.08813665
 -0.04299174  0.64989258  0.35037135 -0.53074644 -0.04521106 -0.11861611
  0.17997347  0.43136235 -0.32597732  0.23107526 -0.10850998 -0.62059794
  0.10361441  0.14466383 -0.4698435   0.20590234  0.26120674 -0.64433
 -0.01739753  0.38337578  0.02462032  0.03903524 -0.5505173   0.53273041
  0.55491668  0.56319886  0.64182577  0.23319077 -0.16990175  0.57220343
 -0.17375961  0.4167735  -0.61581142  0.12119542  0.3434908  -0.62841085
 -0.00724715 -0.22896194  0.0719326  -0.29702824  0.27630931 -0.49069694
 -0.29914441 -0.82421194 -0.5017132  -0.22692819 -0.19715454]
2978,[ 0.20263461  0.10572901 -0.09730232  0.13295043  0.37073986  0.08813484
 -0.04298908  0.64988975  0.35036843 -0.53074521 -0.04521063 -0.11861294
  0.1799719   0.43136533 -0.32597741  0.23107775 -0.10850841 -0.620597
  0.10361273  0.1446656  -0.46984376  0.20590076  0.26120621 -0.64433249
 -0.0174001   0.38337454  0.02462492  0.0390337  -0.55051934  0.53273458
  0.55491267  0.56319994  0.64182761  0.23319085 -0.16990019  0.57220387
 -0.17376131  0.41677238 -0.61581071  0.12119359  0.34349121 -0.62840776
 -0.0072507  -0.22896224  0.07193051 -0.29702885  0.27631155 -0.49069193
 -0.29914728 -0.8242116  -0.50171436 -0.22692775 -0.19715536]
2979,[ 0.20263756  0.1057302  -0.09730988  0.13295206  0.37074154  0.08813303
 -0.04298643  0.64988692  0.35036551 -0.53074398 -0.0452102  -0.11860977
  0.17997034  0.43136831 -0.3259775   0.23108024 -0.10850684 -0.62059606
  0.10361106  0.14466737 -0.46984402  0.20589918  0.26120567 -0.64433498
 -0.01740266  0.38337331  0.02462952  0.03903216 -0.55052137  0.53273875
  0.55490865  0.56320103  0.64182946  0.23319092 -0.16989863  0.57220431
 -0.173763    0.41677126 -0.61580999  0.12119177  0.34349162 -0.62840469
 -0.00725425 -0.22896254  0.07192841 -0.29702947  0.2763138  -0.49068693
 -0.29915013 -0.82421125 -0.50171552 -0.22692732 -0.19715618]
2980,[ 0.20264051  0.10573138 -0.09731743  0.13295369  0.37074323  0.08813122
 -0.04298379  0.6498841   0.3503626  -0.53074275 -0.04520977 -0.1186066
  0.17996878  0.43137129 -0.3259776   0.23108272 -0.10850526 -0.62059511
  0.10360938  0.14466914 -0.46984427  0.2058976   0.26120514 -0.64433746
 -0.01740522  0.38337208  0.02463412  0.03903063 -0.5505234   0.53274292
  0.55490465  0.56320211  0.6418313   0.233191   -0.16989708  0.57220474
 -0.1737647   0.41677013 -0.61580928  0.12118994  0.34349203 -0.62840161
 -0.00725779 -0.22896284  0.07192632 -0.29703009  0.27631603 -0.49068193
 -0.29915299 -0.8242109  -0.50171668 -0.22692689 -0.19715699]
2981,[ 0.20264346  0.10573257 -0.09732498  0.13295532  0.37074491  0.08812942
 -0.04298114  0.64988128  0.35035968 -0.53074153 -0.04520934 -0.11860344
  0.17996722  0.43137426 -0.32597769  0.23108519 -0.10850369 -0.62059417
  0.10360771  0.14467091 -0.46984453  0.20589602  0.26120461 -0.64433995
 -0.01740777  0.38337085  0.02463871  0.03902909 -0.55052542  0.53274708
  0.55490064  0.56320319  0.64183314  0.23319108 -0.16989552  0.57220518
 -0.17376639  0.41676901 -0.61580857  0.12118812  0.34349244 -0.62839854
 -0.00726133 -0.22896315  0.07192423 -0.29703071  0.27631827 -0.49067694
 -0.29915584 -0.82421056 -0.50171784 -0.22692646 -0.19715781]
2982,[ 0.2026464   0.10573375 -0.09733251  0.13295695  0.37074659  0.08812762
 -0.0429785   0.64987847  0.35035678 -0.5307403  -0.04520892 -0.11860028
  0.17996566  0.43137723 -0.32597778  0.23108767 -0.10850212 -0.62059323
  0.10360604  0.14467267 -0.46984479  0.20589444  0.26120408 -0.64434243
 -0.01741032  0.38336962  0.02464329  0.03902756 -0.55052745  0.53275124
  0.55489664  0.56320427  0.64183498  0.23319115 -0.16989397  0.57220561
 -0.17376808  0.41676789 -0.61580786  0.12118631  0.34349284 -0.62839547
 -0.00726486 -0.22896345  0.07192214 -0.29703132  0.27632051 -0.49067195
 -0.29915869 -0.82421021 -0.501719   -0.22692602 -0.19715863]
2983,[ 0.20264933  0.10573493 -0.09734004  0.13295857  0.37074827  0.08812582
 -0.04297586  0.64987565  0.35035387 -0.53073908 -0.04520849 -0.11859713
  0.1799641   0.43138019 -0.32597787  0.23109014 -0.10850056 -0.62059229
  0.10360438  0.14467444 -0.46984505  0.20589287  0.26120355 -0.64434491
 -0.01741287  0.38336839  0.02464787  0.03902603 -0.55052947  0.53275539
  0.55489265  0.56320535  0.64183682  0.23319123 -0.16989242  0.57220605
 -0.17376977  0.41676678 -0.61580715  0.12118449  0.34349325 -0.62839241
 -0.00726839 -0.22896375  0.07192005 -0.29703194  0.27632274 -0.49066697
 -0.29916154 -0.82420987 -0.50172015 -0.22692559 -0.19715944]
2984,[ 0.20265227  0.10573611 -0.09734756  0.1329602   0.37074995  0.08812402
 -0.04297323  0.64987284  0.35035097 -0.53073786 -0.04520807 -0.11859397
  0.17996255  0.43138315 -0.32597796  0.23109261 -0.10849899 -0.62059136
  0.10360271  0.1446762  -0.4698453   0.2058913   0.26120301 -0.64434738
 -0.01741542  0.38336717  0.02465244  0.0390245  -0.55053149  0.53275954
  0.55488866  0.56320643  0.64183865  0.23319131 -0.16989088  0.57220649
 -0.17377145  0.41676566 -0.61580644  0.12118268  0.34349366 -0.62838935
 -0.00727192 -0.22896405  0.07191797 -0.29703255  0.27632497 -0.490662
 -0.29916438 -0.82420952 -0.50172131 -0.22692516 -0.19716025]
2985,[ 0.2026552   0.10573729 -0.09735507  0.13296182  0.37075162  0.08812222
 -0.04297059  0.64987004  0.35034807 -0.53073664 -0.04520764 -0.11859083
  0.179961    0.43138611 -0.32597805  0.23109508 -0.10849743 -0.62059042
  0.10360105  0.14467796 -0.46984556  0.20588973  0.26120249 -0.64434986
 -0.01741796  0.38336594  0.02465701  0.03902298 -0.55053351  0.53276368
  0.55488467  0.56320751  0.64184048  0.23319138 -0.16988933  0.57220692
 -0.17377314  0.41676455 -0.61580573  0.12118087  0.34349406 -0.62838629
 -0.00727544 -0.22896435  0.07191589 -0.29703317  0.27632719 -0.49065703
 -0.29916722 -0.82420918 -0.50172246 -0.22692473 -0.19716107]
2986,[ 0.20265813  0.10573847 -0.09736257  0.13296344  0.3707533   0.08812043
 -0.04296797  0.64986724  0.35034518 -0.53073542 -0.04520722 -0.11858768
  0.17995945  0.43138906 -0.32597814  0.23109754 -0.10849587 -0.62058948
  0.10359939  0.14467972 -0.46984582  0.20588816  0.26120196 -0.64435233
 -0.0174205   0.38336472  0.02466157  0.03902145 -0.55053552  0.53276782
  0.55488069  0.56320858  0.64184231  0.23319146 -0.16988778  0.57220735
 -0.17377482  0.41676343 -0.61580502  0.12117906  0.34349447 -0.62838324
 -0.00727896 -0.22896465  0.07191381 -0.29703378  0.27632942 -0.49065207
 -0.29917006 -0.82420883 -0.50172361 -0.2269243  -0.19716188]
2987,[ 0.20266105  0.10573965 -0.09737007  0.13296506  0.37075497  0.08811864
 -0.04296534  0.64986443  0.35034229 -0.5307342  -0.04520679 -0.11858454
  0.1799579   0.43139202 -0.32597823  0.2311     -0.10849431 -0.62058855
  0.10359773  0.14468147 -0.46984607  0.20588659  0.26120143 -0.6443548
 -0.01742304  0.3833635   0.02466613  0.03901993 -0.55053754  0.53277195
  0.55487671  0.56320966  0.64184414  0.23319153 -0.16988624  0.57220779
 -0.1737765   0.41676232 -0.61580432  0.12117725  0.34349487 -0.62838018
 -0.00728248 -0.22896495  0.07191173 -0.29703439  0.27633164 -0.49064711
 -0.2991729  -0.82420849 -0.50172477 -0.22692387 -0.19716269]
2988,[ 0.20266397  0.10574082 -0.09737755  0.13296668  0.37075664  0.08811685
 -0.04296272  0.64986164  0.3503394  -0.53073298 -0.04520637 -0.1185814
  0.17995635  0.43139496 -0.32597832  0.23110246 -0.10849275 -0.62058762
  0.10359607  0.14468322 -0.46984633  0.20588502  0.2612009  -0.64435726
 -0.01742558  0.38336228  0.02467068  0.0390184  -0.55053955  0.53277608
  0.55487274  0.56321073  0.64184597  0.23319161 -0.1698847   0.57220822
 -0.17377818  0.41676121 -0.61580361  0.12117545  0.34349528 -0.62837714
 -0.00728599 -0.22896525  0.07190966 -0.29703501  0.27633386 -0.49064216
 -0.29917573 -0.82420815 -0.50172592 -0.22692344 -0.1971635 ]
2989,[ 0.20266689  0.105742   -0.09738503  0.13296829  0.3707583   0.08811506
 -0.04296009  0.64985884  0.35033651 -0.53073177 -0.04520595 -0.11857827
  0.1799548   0.43139791 -0.32597841  0.23110492 -0.1084912  -0.62058668
  0.10359442  0.14468498 -0.46984658  0.20588346  0.26120037 -0.64435972
 -0.01742811  0.38336106  0.02467523  0.03901688 -0.55054156  0.53278021
  0.55486877  0.5632118   0.64184779  0.23319169 -0.16988316  0.57220865
 -0.17377986  0.4167601  -0.6158029   0.12117364  0.34349568 -0.62837409
 -0.00728949 -0.22896555  0.07190759 -0.29703562  0.27633607 -0.49063721
 -0.29917855 -0.82420781 -0.50172706 -0.22692302 -0.19716431]
2990,[ 0.20266981  0.10574317 -0.0973925   0.1329699   0.37075997  0.08811327
 -0.04295748  0.64985605  0.35033363 -0.53073055 -0.04520552 -0.11857514
  0.17995326  0.43140085 -0.3259785   0.23110737 -0.10848964 -0.62058575
  0.10359276  0.14468672 -0.46984684  0.2058819   0.26119985 -0.64436218
 -0.01743064  0.38335984  0.02467977  0.03901537 -0.55054356  0.53278432
  0.55486481  0.56321287  0.64184961  0.23319176 -0.16988162  0.57220908
 -0.17378153  0.41675899 -0.6158022   0.12117184  0.34349609 -0.62837105
 -0.007293   -0.22896585  0.07190552 -0.29703623  0.27633829 -0.49063227
 -0.29918138 -0.82420746 -0.50172821 -0.22692259 -0.19716512]
2991,[ 0.20267272  0.10574434 -0.09739996  0.13297152  0.37076163  0.08811149
 -0.04295486  0.64985327  0.35033075 -0.53072934 -0.0452051  -0.11857201
  0.17995172  0.43140379 -0.32597859  0.23110982 -0.10848809 -0.62058482
  0.10359111  0.14468847 -0.46984709  0.20588034  0.26119932 -0.64436464
 -0.01743317  0.38335862  0.02468431  0.03901385 -0.55054557  0.53278844
  0.55486085  0.56321394  0.64185143  0.23319184 -0.16988009  0.57220952
 -0.1737832   0.41675788 -0.6158015   0.12117004  0.34349649 -0.62836802
 -0.0072965  -0.22896614  0.07190345 -0.29703684  0.2763405  -0.49062734
 -0.2991842  -0.82420712 -0.50172936 -0.22692216 -0.19716592]
2992,[ 0.20267562  0.10574551 -0.09740741  0.13297313  0.37076329  0.08810971
 -0.04295225  0.64985048  0.35032788 -0.53072813 -0.04520468 -0.11856889
  0.17995018  0.43140672 -0.32597868  0.23111227 -0.10848654 -0.62058389
  0.10358946  0.14469022 -0.46984735  0.20587878  0.26119879 -0.64436709
 -0.01743569  0.38335741  0.02468884  0.03901233 -0.55054757  0.53279255
  0.5548569   0.56321501  0.64185325  0.23319191 -0.16987855  0.57220995
 -0.17378487  0.41675677 -0.61580079  0.12116825  0.34349689 -0.62836498
 -0.00729999 -0.22896644  0.07190139 -0.29703745  0.27634271 -0.49062241
 -0.29918702 -0.82420678 -0.5017305  -0.22692173 -0.19716673]
2993,[ 0.20267853  0.10574668 -0.09741486  0.13297473  0.37076495  0.08810793
 -0.04294964  0.6498477   0.350325   -0.53072692 -0.04520426 -0.11856577
  0.17994864  0.43140965 -0.32597877  0.23111472 -0.10848499 -0.62058297
  0.10358781  0.14469196 -0.4698476   0.20587722  0.26119827 -0.64436954
 -0.01743821  0.3833562   0.02469337  0.03901082 -0.55054957  0.53279666
  0.55485295  0.56321608  0.64185507  0.23319199 -0.16987702  0.57221038
 -0.17378654  0.41675567 -0.61580009  0.12116645  0.3434973  -0.62836195
 -0.00730348 -0.22896674  0.07189932 -0.29703806  0.27634491 -0.49061748
 -0.29918983 -0.82420644 -0.50173165 -0.22692131 -0.19716753]
2994,[ 0.20268143  0.10574785 -0.09742229  0.13297634  0.37076661  0.08810615
 -0.04294704  0.64984492  0.35032214 -0.53072571 -0.04520384 -0.11856265
  0.1799471   0.43141258 -0.32597886  0.23111716 -0.10848344 -0.62058204
  0.10358617  0.1446937  -0.46984786  0.20587567  0.26119775 -0.64437199
 -0.01744073  0.38335498  0.02469789  0.03900931 -0.55055156  0.53280076
  0.554849    0.56321715  0.64185688  0.23319206 -0.16987549  0.57221081
 -0.17378821  0.41675457 -0.61579939  0.12116466  0.3434977  -0.62835893
 -0.00730697 -0.22896704  0.07189726 -0.29703866  0.27634712 -0.49061256
 -0.29919264 -0.8242061  -0.50173279 -0.22692088 -0.19716834]
2995,[ 0.20268433  0.10574901 -0.09742972  0.13297794  0.37076827  0.08810437
 -0.04294443  0.64984215  0.35031927 -0.53072451 -0.04520342 -0.11855954
  0.17994557  0.43141551 -0.32597895  0.2311196  -0.1084819  -0.62058111
  0.10358452  0.14469544 -0.46984811  0.20587411  0.26119722 -0.64437443
 -0.01744324  0.38335377  0.02470241  0.0390078  -0.55055356  0.53280485
  0.55484506  0.56321821  0.64185869  0.23319214 -0.16987396  0.57221124
 -0.17378988  0.41675346 -0.61579869  0.12116287  0.3434981  -0.6283559
 -0.00731045 -0.22896733  0.07189521 -0.29703927  0.27634932 -0.49060765
 -0.29919545 -0.82420576 -0.50173393 -0.22692046 -0.19716914]
2996,[ 0.20268722  0.10575018 -0.09743714  0.13297955  0.37076992  0.0881026
 -0.04294183  0.64983938  0.35031641 -0.5307233  -0.045203   -0.11855643
  0.17994403  0.43141843 -0.32597904  0.23112203 -0.10848035 -0.62058019
  0.10358288  0.14469718 -0.46984836  0.20587256  0.2611967  -0.64437688
 -0.01744576  0.38335256  0.02470692  0.03900629 -0.55055555  0.53280894
  0.55484112  0.56321928  0.6418605   0.23319221 -0.16987244  0.57221167
 -0.17379154  0.41675236 -0.61579799  0.12116108  0.3434985  -0.62835288
 -0.00731393 -0.22896763  0.07189315 -0.29703988  0.27635152 -0.49060274
 -0.29919826 -0.82420542 -0.50173507 -0.22692003 -0.19716995]
2997,[ 0.20269012  0.10575134 -0.09744455  0.13298115  0.37077158  0.08810083
 -0.04293924  0.64983661  0.35031355 -0.5307221  -0.04520258 -0.11855332
  0.1799425   0.43142135 -0.32597913  0.23112447 -0.10847881 -0.62057926
  0.10358124  0.14469892 -0.46984862  0.20587101  0.26119618 -0.64437932
 -0.01744827  0.38335136  0.02471143  0.03900478 -0.55055754  0.53281303
  0.55483719  0.56322034  0.64186231  0.23319229 -0.16987091  0.5722121
 -0.1737932   0.41675126 -0.61579729  0.12115929  0.3434989  -0.62834987
 -0.00731741 -0.22896793  0.0718911  -0.29704048  0.27635372 -0.49059784
 -0.29920106 -0.82420508 -0.50173621 -0.22691961 -0.19717075]
2998,[ 0.202693    0.10575251 -0.09745195  0.13298274  0.37077323  0.08809906
 -0.04293664  0.64983384  0.35031069 -0.53072089 -0.04520216 -0.11855022
  0.17994097  0.43142426 -0.32597922  0.2311269  -0.10847727 -0.62057834
  0.1035796   0.14470065 -0.46984887  0.20586946  0.26119565 -0.64438175
 -0.01745077  0.38335015  0.02471593  0.03900328 -0.55055953  0.53281711
  0.55483326  0.5632214   0.64186412  0.23319236 -0.16986939  0.57221252
 -0.17379486  0.41675016 -0.61579659  0.12115751  0.3434993  -0.62834685
 -0.00732088 -0.22896822  0.07188905 -0.29704109  0.27635591 -0.49059294
 -0.29920386 -0.82420474 -0.50173734 -0.22691918 -0.19717155]
2999,[ 0.20269589  0.10575367 -0.09745934  0.13298434  0.37077488  0.08809729
 -0.04293405  0.64983108  0.35030784 -0.53071969 -0.04520174 -0.11854712
  0.17993944  0.43142717 -0.32597931  0.23112933 -0.10847573 -0.62057742
  0.10357796  0.14470238 -0.46984912  0.20586792  0.26119513 -0.64438419
 -0.01745328  0.38334895  0.02472043  0.03900177 -0.55056152  0.53282119
  0.55482934  0.56322246  0.64186592  0.23319244 -0.16986786  0.57221295
 -0.17379652  0.41674906 -0.61579589  0.12115572  0.3434997  -0.62834384
 -0.00732434 -0.22896852  0.071887   -0.29704169  0.2763581  -0.49058805
 -0.29920665 -0.8242044  -0.50173848 -0.22691876 -0.19717235]
3000,[ 0.20269877  0.10575483 -0.09746673  0.13298594  0.37077652  0.08809553
 -0.04293146  0.64982832  0.35030499 -0.53071849 -0.04520133 -0.11854403
  0.17993792  0.43143008 -0.3259794   0.23113175 -0.10847419 -0.6205765
  0.10357633  0.14470411 -0.46984937  0.20586637  0.26119461 -0.64438662
 -0.01745578  0.38334774  0.02472492  0.03900027 -0.5505635   0.53282526
  0.55482542  0.56322352  0.64186772  0.23319251 -0.16986634  0.57221338
 -0.17379817  0.41674797 -0.6157952   0.12115394  0.3435001  -0.62834084
 -0.00732781 -0.22896881  0.07188495 -0.2970423   0.27636029 -0.49058317
 -0.29920945 -0.82420406 -0.50173961 -0.22691833 -0.19717315]
3001,[ 0.20270165  0.10575598 -0.0974741   0.13298753  0.37077817  0.08809376
 -0.04292888  0.64982556  0.35030214 -0.53071729 -0.04520091 -0.11854093
  0.17993639  0.43143299 -0.32597949  0.23113417 -0.10847266 -0.62057558
  0.1035747   0.14470584 -0.46984962  0.20586483  0.26119409 -0.64438905
 -0.01745828  0.38334654  0.0247294   0.03899877 -0.55056548  0.53282933
  0.55482151  0.56322458  0.64186952  0.23319259 -0.16986483  0.5722138
 -0.17379983  0.41674687 -0.6157945   0.12115216  0.3435005  -0.62833783
 -0.00733127 -0.22896911  0.07188291 -0.2970429   0.27636248 -0.49057829
 -0.29921224 -0.82420372 -0.50174075 -0.22691791 -0.19717394]
3002,[ 0.20270452  0.10575714 -0.09748147  0.13298912  0.37077981  0.088092
 -0.0429263   0.64982281  0.3502993  -0.5307161  -0.04520049 -0.11853784
  0.17993487  0.43143589 -0.32597958  0.2311366  -0.10847112 -0.62057466
  0.10357306  0.14470756 -0.46984988  0.20586329  0.26119357 -0.64439148
 -0.01746077  0.38334534  0.02473389  0.03899727 -0.55056746  0.5328334
  0.5548176   0.56322563  0.64187132  0.23319266 -0.16986331  0.57221423
 -0.17380148  0.41674578 -0.61579381  0.12115039  0.3435009  -0.62833484
 -0.00733472 -0.2289694   0.07188087 -0.2970435   0.27636466 -0.49057341
 -0.29921502 -0.82420338 -0.50174188 -0.22691749 -0.19717474]
3003,[ 0.2027074   0.1057583  -0.09748883  0.13299071  0.37078145  0.08809024
 -0.04292372  0.64982006  0.35029646 -0.5307149  -0.04520007 -0.11853476
  0.17993335  0.43143879 -0.32597967  0.23113901 -0.10846959 -0.62057374
  0.10357143  0.14470929 -0.46985013  0.20586175  0.26119305 -0.6443939
 -0.01746327  0.38334414  0.02473836  0.03899578 -0.55056944  0.53283746
  0.55481369  0.56322669  0.64187311  0.23319274 -0.16986179  0.57221466
 -0.17380313  0.41674469 -0.61579311  0.12114861  0.3435013  -0.62833184
 -0.00733817 -0.2289697   0.07187883 -0.29704411  0.27636684 -0.49056854
 -0.29921781 -0.82420305 -0.50174301 -0.22691707 -0.19717554]
3004,[ 0.20271027  0.10575945 -0.09749618  0.1329923   0.37078309  0.08808848
 -0.04292114  0.64981731  0.35029362 -0.5307137  -0.04519966 -0.11853168
  0.17993183  0.43144168 -0.32597976  0.23114143 -0.10846806 -0.62057282
  0.10356981  0.14471101 -0.46985038  0.20586021  0.26119253 -0.64439632
 -0.01746576  0.38334294  0.02474283  0.03899428 -0.55057141  0.53284151
  0.55480979  0.56322774  0.64187491  0.23319281 -0.16986028  0.57221508
 -0.17380478  0.41674359 -0.61579242  0.12114684  0.34350169 -0.62832885
 -0.00734162 -0.22896999  0.07187679 -0.29704471  0.27636902 -0.49056368
 -0.29922059 -0.82420271 -0.50174414 -0.22691665 -0.19717633]
3005,[ 0.20271313  0.10576061 -0.09750353  0.13299388  0.37078473  0.08808673
 -0.04291857  0.64981457  0.35029079 -0.53071251 -0.04519924 -0.1185286
  0.17993031  0.43144458 -0.32597985  0.23114384 -0.10846653 -0.62057191
  0.10356818  0.14471273 -0.46985063  0.20585867  0.26119202 -0.64439874
 -0.01746824  0.38334174  0.0247473   0.03899279 -0.55057339  0.53284556
  0.55480589  0.5632288   0.6418767   0.23319289 -0.16985877  0.57221551
 -0.17380643  0.4167425  -0.61579173  0.12114507  0.34350209 -0.62832586
 -0.00734507 -0.22897028  0.07187475 -0.29704531  0.2763712  -0.49055882
 -0.29922336 -0.82420237 -0.50174527 -0.22691623 -0.19717713]
3006,[ 0.20271599  0.10576176 -0.09751086  0.13299547  0.37078636  0.08808497
 -0.04291599  0.64981183  0.35028796 -0.53071132 -0.04519883 -0.11852553
  0.17992879  0.43144747 -0.32597993  0.23114625 -0.10846501 -0.62057099
  0.10356656  0.14471445 -0.46985088  0.20585714  0.2611915  -0.64440115
 -0.01747073  0.38334055  0.02475176  0.0389913  -0.55057536  0.53284961
  0.554802    0.56322985  0.64187849  0.23319296 -0.16985726  0.57221593
 -0.17380807  0.41674141 -0.61579103  0.1211433   0.34350249 -0.62832287
 -0.00734851 -0.22897058  0.07187272 -0.29704591  0.27637337 -0.49055397
 -0.29922614 -0.82420204 -0.50174639 -0.22691581 -0.19717792]
3007,[ 0.20271885  0.10576291 -0.09751819  0.13299705  0.370788    0.08808322
 -0.04291343  0.64980909  0.35028513 -0.53071013 -0.04519841 -0.11852245
  0.17992728  0.43145035 -0.32598002  0.23114866 -0.10846348 -0.62057008
  0.10356493  0.14471616 -0.46985113  0.20585561  0.26119098 -0.64440356
 -0.01747321  0.38333935  0.02475622  0.03898981 -0.55057732  0.53285365
  0.55479811  0.5632309   0.64188027  0.23319303 -0.16985575  0.57221635
 -0.17380971  0.41674033 -0.61579034  0.12114153  0.34350288 -0.62831989
 -0.00735194 -0.22897087  0.07187069 -0.29704651  0.27637555 -0.49054912
 -0.29922891 -0.8242017  -0.50174752 -0.22691539 -0.19717871]
3008,[ 0.20272171  0.10576406 -0.09752551  0.13299863  0.37078963  0.08808147
 -0.04291086  0.64980636  0.35028231 -0.53070894 -0.045198   -0.11851939
  0.17992576  0.43145323 -0.32598011  0.23115106 -0.10846196 -0.62056917
  0.10356331  0.14471788 -0.46985138  0.20585408  0.26119047 -0.64440597
 -0.01747569  0.38333816  0.02476067  0.03898832 -0.55057929  0.53285769
  0.55479423  0.56323195  0.64188206  0.23319311 -0.16985424  0.57221678
 -0.17381136  0.41673924 -0.61578965  0.12113977  0.34350328 -0.62831691
 -0.00735537 -0.22897116  0.07186866 -0.29704711  0.27637771 -0.49054428
 -0.29923168 -0.82420136 -0.50174864 -0.22691497 -0.19717951]
3009,[ 0.20272456  0.10576521 -0.09753282  0.13300021  0.37079126  0.08807972
 -0.0429083   0.64980362  0.35027949 -0.53070775 -0.04519759 -0.11851632
  0.17992425  0.43145611 -0.3259802   0.23115346 -0.10846044 -0.62056826
  0.1035617   0.14471959 -0.46985163  0.20585255  0.26118995 -0.64440838
 -0.01747816  0.38333697  0.02476512  0.03898683 -0.55058125  0.53286172
  0.55479035  0.563233    0.64188384  0.23319318 -0.16985274  0.5722172
 -0.173813    0.41673815 -0.61578896  0.121138    0.34350367 -0.62831393
 -0.0073588  -0.22897146  0.07186664 -0.2970477   0.27637988 -0.49053944
 -0.29923444 -0.82420103 -0.50174977 -0.22691455 -0.1971803 ]
3010,[ 0.20272741  0.10576635 -0.09754012  0.13300179  0.37079289  0.08807798
 -0.04290574  0.6498009   0.35027667 -0.53070656 -0.04519717 -0.11851326
  0.17992274  0.43145899 -0.32598029  0.23115586 -0.10845892 -0.62056734
  0.10356008  0.1447213  -0.46985188  0.20585102  0.26118944 -0.64441079
 -0.01748064  0.38333578  0.02476956  0.03898535 -0.55058321  0.53286575
  0.55478648  0.56323404  0.64188562  0.23319326 -0.16985124  0.57221762
 -0.17381463  0.41673707 -0.61578827  0.12113624  0.34350407 -0.62831096
 -0.00736223 -0.22897175  0.07186461 -0.2970483   0.27638205 -0.49053461
 -0.2992372  -0.82420069 -0.50175089 -0.22691413 -0.19718109]
3011,[ 0.20273026  0.1057675  -0.09754742  0.13300336  0.37079452  0.08807623
 -0.04290318  0.64979817  0.35027386 -0.53070538 -0.04519676 -0.1185102
  0.17992123  0.43146186 -0.32598038  0.23115825 -0.1084574  -0.62056644
  0.10355846  0.14472301 -0.46985213  0.20584949  0.26118892 -0.64441319
 -0.01748311  0.38333459  0.02477399  0.03898387 -0.55058517  0.53286977
  0.5547826   0.56323509  0.6418874   0.23319333 -0.16984973  0.57221805
 -0.17381627  0.41673599 -0.61578759  0.12113448  0.34350446 -0.62830799
 -0.00736565 -0.22897204  0.07186259 -0.2970489   0.27638421 -0.49052979
 -0.29923996 -0.82420036 -0.50175201 -0.22691371 -0.19718188]
3012,[ 0.2027331   0.10576864 -0.0975547   0.13300494  0.37079614  0.08807449
 -0.04290063  0.64979545  0.35027104 -0.5307042  -0.04519635 -0.11850715
  0.17991973  0.43146473 -0.32598046  0.23116065 -0.10845588 -0.62056553
  0.10355685  0.14472472 -0.46985238  0.20584797  0.26118841 -0.64441559
 -0.01748557  0.3833334   0.02477842  0.03898238 -0.55058713  0.53287379
  0.55477874  0.56323613  0.64188918  0.2331934  -0.16984823  0.57221847
 -0.1738179   0.41673491 -0.6157869   0.12113273  0.34350486 -0.62830503
 -0.00736907 -0.22897233  0.07186058 -0.29704949  0.27638637 -0.49052497
 -0.29924271 -0.82420003 -0.50175313 -0.2269133  -0.19718266]
3013,[ 0.20273594  0.10576978 -0.09756198  0.13300651  0.37079776  0.08807275
 -0.04289808  0.64979273  0.35026824 -0.53070301 -0.04519594 -0.1185041
  0.17991822  0.4314676  -0.32598055  0.23116304 -0.10845437 -0.62056462
  0.10355524  0.14472642 -0.46985263  0.20584645  0.26118789 -0.64441798
 -0.01748804  0.38333221  0.02478285  0.0389809  -0.55058909  0.5328778
  0.55477488  0.56323718  0.64189096  0.23319348 -0.16984674  0.57221889
 -0.17381953  0.41673382 -0.61578621  0.12113097  0.34350525 -0.62830206
 -0.00737248 -0.22897262  0.07185856 -0.29705009  0.27638853 -0.49052015
 -0.29924547 -0.82419969 -0.50175425 -0.22691288 -0.19718345]
3014,[ 0.20273878  0.10577093 -0.09756925  0.13300808  0.37079938  0.08807101
 -0.04289553  0.64979001  0.35026543 -0.53070183 -0.04519552 -0.11850105
  0.17991672  0.43147046 -0.32598064  0.23116543 -0.10845286 -0.62056371
  0.10355363  0.14472812 -0.46985287  0.20584493  0.26118738 -0.64442038
 -0.0174905   0.38333103  0.02478727  0.03897943 -0.55059104  0.53288181
  0.55477102  0.56323822  0.64189273  0.23319355 -0.16984524  0.57221931
 -0.17382116  0.41673275 -0.61578553  0.12112922  0.34350564 -0.6282991
 -0.00737589 -0.22897291  0.07185654 -0.29705068  0.27639068 -0.49051534
 -0.29924822 -0.82419936 -0.50175536 -0.22691246 -0.19718424]
3015,[ 0.20274161  0.10577207 -0.09757651  0.13300965  0.370801    0.08806928
 -0.04289299  0.6497873   0.35026263 -0.53070065 -0.04519511 -0.11849801
  0.17991522  0.43147332 -0.32598073  0.23116781 -0.10845135 -0.62056281
  0.10355202  0.14472983 -0.46985312  0.20584341  0.26118687 -0.64442277
 -0.01749296  0.38332985  0.02479169  0.03897795 -0.55059299  0.53288582
  0.55476717  0.56323926  0.6418945   0.23319363 -0.16984375  0.57221973
 -0.17382279  0.41673167 -0.61578484  0.12112747  0.34350604 -0.62829615
 -0.00737929 -0.2289732   0.07185453 -0.29705128  0.27639283 -0.49051054
 -0.29925096 -0.82419903 -0.50175648 -0.22691205 -0.19718502]
3016,[ 0.20274444  0.10577321 -0.09758376  0.13301121  0.37080262  0.08806754
 -0.04289045  0.64978459  0.35025983 -0.53069947 -0.0451947  -0.11849497
  0.17991372  0.43147618 -0.32598082  0.23117019 -0.10844984 -0.6205619
  0.10355042  0.14473152 -0.46985337  0.20584189  0.26118636 -0.64442515
 -0.01749542  0.38332866  0.0247961   0.03897647 -0.55059494  0.53288982
  0.55476332  0.5632403   0.64189627  0.2331937  -0.16984225  0.57222015
 -0.17382442  0.41673059 -0.61578416  0.12112572  0.34350643 -0.6282932
 -0.0073827  -0.22897349  0.07185252 -0.29705187  0.27639498 -0.49050574
 -0.2992537  -0.82419869 -0.50175759 -0.22691163 -0.19718581]
3017,[ 0.20274727  0.10577434 -0.09759101  0.13301278  0.37080424  0.08806581
 -0.04288791  0.64978188  0.35025703 -0.5306983  -0.04519429 -0.11849193
  0.17991222  0.43147903 -0.3259809   0.23117257 -0.10844833 -0.620561
  0.10354881  0.14473322 -0.46985362  0.20584038  0.26118585 -0.64442754
 -0.01749787  0.38332748  0.02480051  0.038975   -0.55059688  0.53289381
  0.55475947  0.56324134  0.64189804  0.23319377 -0.16984076  0.57222057
 -0.17382604  0.41672951 -0.61578347  0.12112397  0.34350682 -0.62829025
 -0.00738609 -0.22897378  0.07185052 -0.29705246  0.27639713 -0.49050095
 -0.29925644 -0.82419836 -0.50175871 -0.22691122 -0.19718659]
3018,[ 0.20275009  0.10577548 -0.09759825  0.13301434  0.37080585  0.08806408
 -0.04288537  0.64977918  0.35025424 -0.53069712 -0.04519388 -0.1184889
  0.17991073  0.43148188 -0.32598099  0.23117495 -0.10844682 -0.6205601
  0.10354721  0.14473492 -0.46985386  0.20583886  0.26118534 -0.64442992
 -0.01750032  0.3833263   0.02480491  0.03897353 -0.55059883  0.5328978
  0.55475563  0.56324238  0.6418998   0.23319385 -0.16983927  0.57222099
 -0.17382767  0.41672844 -0.61578279  0.12112223  0.34350721 -0.6282873
 -0.00738949 -0.22897407  0.07184851 -0.29705305  0.27639928 -0.49049616
 -0.29925918 -0.82419803 -0.50175982 -0.2269108  -0.19718738]
3019,[ 0.20275291  0.10577661 -0.09760547  0.1330159   0.37080746  0.08806235
 -0.04288284  0.64977648  0.35025145 -0.53069594 -0.04519348 -0.11848587
  0.17990923  0.43148473 -0.32598108  0.23117732 -0.10844532 -0.6205592
  0.10354561  0.14473661 -0.46985411  0.20583735  0.26118483 -0.6444323
 -0.01750277  0.38332512  0.0248093   0.03897206 -0.55060077  0.53290179
  0.5547518   0.56324341  0.64190157  0.23319392 -0.16983778  0.5722214
 -0.17382929  0.41672737 -0.61578211  0.12112048  0.3435076  -0.62828436
 -0.00739288 -0.22897436  0.07184651 -0.29705364  0.27640142 -0.49049138
 -0.29926191 -0.8241977  -0.50176093 -0.22691039 -0.19718816]
3020,[ 0.20275573  0.10577775 -0.09761269  0.13301746  0.37080907  0.08806062
 -0.04288031  0.64977378  0.35024867 -0.53069477 -0.04519307 -0.11848284
  0.17990774  0.43148757 -0.32598117  0.2311797  -0.10844382 -0.6205583
  0.10354401  0.1447383  -0.46985436  0.20583584  0.26118432 -0.64443468
 -0.01750522  0.38332395  0.0248137   0.03897059 -0.55060271  0.53290577
  0.55474796  0.56324445  0.64190333  0.23319399 -0.1698363   0.57222182
 -0.17383091  0.41672629 -0.61578143  0.12111874  0.34350799 -0.62828142
 -0.00739626 -0.22897465  0.07184451 -0.29705423  0.27640356 -0.4904866
 -0.29926464 -0.82419737 -0.50176204 -0.22690997 -0.19718894]
3021,[ 0.20275855  0.10577888 -0.09761991  0.13301902  0.37081068  0.0880589
 -0.04287778  0.64977108  0.35024588 -0.5306936  -0.04519266 -0.11847982
  0.17990625  0.43149041 -0.32598125  0.23118206 -0.10844231 -0.6205574
  0.10354241  0.14473999 -0.4698546   0.20583433  0.26118381 -0.64443705
 -0.01750766  0.38332277  0.02481808  0.03896913 -0.55060465  0.53290975
  0.55474414  0.56324548  0.64190509  0.23319406 -0.16983481  0.57222224
 -0.17383252  0.41672522 -0.61578075  0.121117    0.34350838 -0.62827848
 -0.00739965 -0.22897494  0.07184251 -0.29705482  0.2764057  -0.49048183
 -0.29926737 -0.82419704 -0.50176314 -0.22690956 -0.19718972]
3022,[ 0.20276136  0.10578001 -0.09762711  0.13302058  0.37081229  0.08805718
 -0.04287525  0.64976839  0.3502431  -0.53069243 -0.04519225 -0.1184768
  0.17990476  0.43149325 -0.32598134  0.23118443 -0.10844082 -0.6205565
  0.10354082  0.14474168 -0.46985485  0.20583282  0.2611833  -0.64443943
 -0.0175101   0.3833216   0.02482246  0.03896766 -0.55060658  0.53291373
  0.55474031  0.56324652  0.64190684  0.23319414 -0.16983333  0.57222266
 -0.17383414  0.41672415 -0.61578007  0.12111527  0.34350877 -0.62827555
 -0.00740302 -0.22897523  0.07184051 -0.29705541  0.27640783 -0.49047706
 -0.2992701  -0.82419671 -0.50176425 -0.22690915 -0.1971905 ]
3023,[ 0.20276417  0.10578114 -0.09763431  0.13302213  0.37081389  0.08805546
 -0.04287273  0.6497657   0.35024033 -0.53069126 -0.04519184 -0.11847378
  0.17990327  0.43149608 -0.32598143  0.23118679 -0.10843932 -0.6205556
  0.10353923  0.14474336 -0.4698551   0.20583132  0.26118279 -0.6444418
 -0.01751254  0.38332042  0.02482684  0.0389662  -0.55060851  0.53291769
  0.5547365   0.56324755  0.6419086   0.23319421 -0.16983185  0.57222307
 -0.17383575  0.41672309 -0.61577939  0.12111353  0.34350916 -0.62827262
 -0.0074064  -0.22897551  0.07183852 -0.297056    0.27640997 -0.4904723
 -0.29927282 -0.82419638 -0.50176536 -0.22690873 -0.19719128]
3024,[ 0.20276697  0.10578227 -0.0976415   0.13302368  0.3708155   0.08805374
 -0.04287021  0.64976302  0.35023755 -0.53069009 -0.04519144 -0.11847077
  0.17990179  0.43149891 -0.32598151  0.23118915 -0.10843782 -0.6205547
  0.10353764  0.14474505 -0.46985534  0.20582982  0.26118229 -0.64444416
 -0.01751497  0.38331925  0.02483121  0.03896474 -0.55061045  0.53292166
  0.55473268  0.56324858  0.64191035  0.23319428 -0.16983037  0.57222349
 -0.17383736  0.41672202 -0.61577871  0.1211118   0.34350955 -0.62826969
 -0.00740977 -0.2289758   0.07183653 -0.29705659  0.2764121  -0.49046755
 -0.29927554 -0.82419605 -0.50176646 -0.22690832 -0.19719205]
3025,[ 0.20276977  0.1057834  -0.09764868  0.13302523  0.3708171   0.08805202
 -0.0428677   0.64976034  0.35023478 -0.53068892 -0.04519103 -0.11846776
  0.1799003   0.43150174 -0.3259816   0.23119151 -0.10843633 -0.62055381
  0.10353605  0.14474673 -0.46985559  0.20582831  0.26118178 -0.64444653
 -0.0175174   0.38331808  0.02483558  0.03896328 -0.55061237  0.53292562
  0.55472887  0.56324961  0.6419121   0.23319436 -0.16982889  0.5722239
 -0.17383897  0.41672095 -0.61577803  0.12111007  0.34350994 -0.62826677
 -0.00741314 -0.22897609  0.07183454 -0.29705718  0.27641423 -0.4904628
 -0.29927825 -0.82419572 -0.50176756 -0.22690791 -0.19719283]
3026,[ 0.20277257  0.10578453 -0.09765585  0.13302678  0.3708187   0.08805031
 -0.04286518  0.64975766  0.35023202 -0.53068776 -0.04519063 -0.11846475
  0.17989882  0.43150457 -0.32598169  0.23119387 -0.10843483 -0.62055291
  0.10353446  0.14474841 -0.46985583  0.20582681  0.26118128 -0.64444889
 -0.01751983  0.38331691  0.02483994  0.03896182 -0.5506143   0.53292957
  0.55472507  0.56325064  0.64191385  0.23319443 -0.16982741  0.57222432
 -0.17384058  0.41671989 -0.61577736  0.12110834  0.34351033 -0.62826385
 -0.0074165  -0.22897638  0.07183255 -0.29705776  0.27641635 -0.49045805
 -0.29928096 -0.82419539 -0.50176867 -0.2269075  -0.19719361]
3027,[ 0.20277537  0.10578565 -0.09766301  0.13302833  0.37082029  0.08804859
 -0.04286267  0.64975498  0.35022925 -0.53068659 -0.04519022 -0.11846175
  0.17989734  0.43150739 -0.32598177  0.23119622 -0.10843334 -0.62055202
  0.10353287  0.14475009 -0.46985608  0.20582532  0.26118077 -0.64445125
 -0.01752226  0.38331575  0.0248443   0.03896036 -0.55061622  0.53293353
  0.55472126  0.56325166  0.6419156   0.2331945  -0.16982594  0.57222473
 -0.17384219  0.41671882 -0.61577668  0.12110661  0.34351071 -0.62826094
 -0.00741986 -0.22897666  0.07183056 -0.29705835  0.27641847 -0.49045332
 -0.29928367 -0.82419506 -0.50176977 -0.22690709 -0.19719438]
3028,[ 0.20277816  0.10578677 -0.09767017  0.13302988  0.37082189  0.08804688
 -0.04286016  0.64975231  0.35022649 -0.53068543 -0.04518982 -0.11845875
  0.17989586  0.43151021 -0.32598186  0.23119857 -0.10843185 -0.62055113
  0.10353129  0.14475176 -0.46985632  0.20582382  0.26118027 -0.6444536
 -0.01752468  0.38331458  0.02484865  0.03895891 -0.55061815  0.53293747
  0.55471747  0.56325269  0.64191735  0.23319457 -0.16982447  0.57222515
 -0.17384379  0.41671776 -0.615776    0.12110488  0.3435111  -0.62825802
 -0.00742322 -0.22897695  0.07182858 -0.29705893  0.2764206  -0.49044858
 -0.29928638 -0.82419473 -0.50177087 -0.22690668 -0.19719516]
3029,[ 0.20278095  0.1057879  -0.09767731  0.13303142  0.37082348  0.08804517
 -0.04285766  0.64974963  0.35022373 -0.53068427 -0.04518941 -0.11845576
  0.17989438  0.43151302 -0.32598195  0.23120092 -0.10843037 -0.62055024
  0.1035297   0.14475344 -0.46985656  0.20582232  0.26117976 -0.64445596
 -0.0175271   0.38331341  0.024853    0.03895745 -0.55062007  0.53294142
  0.55471367  0.56325372  0.64191909  0.23319465 -0.16982299  0.57222556
 -0.1738454   0.4167167  -0.61577533  0.12110316  0.34351149 -0.62825511
 -0.00742657 -0.22897723  0.0718266  -0.29705952  0.27642271 -0.49044385
 -0.29928908 -0.82419441 -0.50177196 -0.22690627 -0.19719593]
3030,[ 0.20278373  0.10578902 -0.09768445  0.13303296  0.37082508  0.08804347
 -0.04285516  0.64974697  0.35022098 -0.53068311 -0.04518901 -0.11845276
  0.17989291  0.43151583 -0.32598203  0.23120326 -0.10842888 -0.62054935
  0.10352812  0.14475511 -0.46985681  0.20582083  0.26117926 -0.64445831
 -0.01752952  0.38331225  0.02485734  0.038956   -0.55062198  0.53294535
  0.55470989  0.56325474  0.64192083  0.23319472 -0.16982152  0.57222597
 -0.173847    0.41671564 -0.61577466  0.12110144  0.34351187 -0.62825221
 -0.00742992 -0.22897752  0.07182462 -0.2970601   0.27642483 -0.49043913
 -0.29929178 -0.82419408 -0.50177306 -0.22690586 -0.1971967 ]
3031,[ 0.20278652  0.10579014 -0.09769159  0.1330345   0.37082667  0.08804176
 -0.04285266  0.6497443   0.35021823 -0.53068195 -0.0451886  -0.11844977
  0.17989143  0.43151864 -0.32598212  0.23120561 -0.1084274  -0.62054846
  0.10352654  0.14475678 -0.46985705  0.20581934  0.26117876 -0.64446066
 -0.01753193  0.38331109  0.02486168  0.03895455 -0.5506239   0.53294929
  0.5547061   0.56325576  0.64192257  0.23319479 -0.16982006  0.57222638
 -0.1738486   0.41671458 -0.61577398  0.12109972  0.34351226 -0.6282493
 -0.00743326 -0.2289778   0.07182265 -0.29706069  0.27642695 -0.49043441
 -0.29929448 -0.82419375 -0.50177416 -0.22690545 -0.19719747]
3032,[ 0.2027893   0.10579126 -0.09769871  0.13303604  0.37082826  0.08804006
 -0.04285016  0.64974164  0.35021548 -0.53068079 -0.0451882  -0.11844679
  0.17988996  0.43152145 -0.32598221  0.23120795 -0.10842591 -0.62054757
  0.10352497  0.14475845 -0.46985729  0.20581785  0.26117825 -0.644463
 -0.01753435  0.38330993  0.02486601  0.0389531  -0.55062581  0.53295322
  0.55470232  0.56325678  0.64192431  0.23319486 -0.16981859  0.5722268
 -0.17385019  0.41671352 -0.61577331  0.121098    0.34351264 -0.6282464
 -0.0074366  -0.22897809  0.07182067 -0.29706127  0.27642906 -0.4904297
 -0.29929717 -0.82419342 -0.50177525 -0.22690505 -0.19719824]
3033,[ 0.20279207  0.10579237 -0.09770583  0.13303758  0.37082984  0.08803836
 -0.04284767  0.64973898  0.35021273 -0.53067964 -0.0451878  -0.11844381
  0.17988849  0.43152425 -0.32598229  0.23121028 -0.10842443 -0.62054668
  0.10352339  0.14476011 -0.46985754  0.20581636  0.26117775 -0.64446534
 -0.01753676  0.38330877  0.02487034  0.03895166 -0.55062773  0.53295714
  0.55469855  0.5632578   0.64192605  0.23319494 -0.16981713  0.57222721
 -0.17385179  0.41671247 -0.61577264  0.12109628  0.34351303 -0.62824351
 -0.00743994 -0.22897837  0.0718187  -0.29706185  0.27643117 -0.49042499
 -0.29929986 -0.8241931  -0.50177634 -0.22690464 -0.19719901]
3034,[ 0.20279485  0.10579349 -0.09771293  0.13303911  0.37083143  0.08803666
 -0.04284518  0.64973633  0.35020999 -0.53067848 -0.0451874  -0.11844083
  0.17988702  0.43152705 -0.32598238  0.23121262 -0.10842295 -0.6205458
  0.10352182  0.14476178 -0.46985778  0.20581487  0.26117725 -0.64446768
 -0.01753916  0.38330761  0.02487466  0.03895021 -0.55062963  0.53296106
  0.55469477  0.56325882  0.64192778  0.23319501 -0.16981566  0.57222762
 -0.17385338  0.41671141 -0.61577197  0.12109457  0.34351341 -0.62824061
 -0.00744327 -0.22897866  0.07181673 -0.29706243  0.27643327 -0.49042029
 -0.29930255 -0.82419277 -0.50177743 -0.22690423 -0.19719978]
3035,[ 0.20279762  0.1057946  -0.09772003  0.13304065  0.37083301  0.08803496
 -0.04284269  0.64973367  0.35020725 -0.53067733 -0.04518699 -0.11843785
  0.17988555  0.43152984 -0.32598246  0.23121495 -0.10842148 -0.62054491
  0.10352025  0.14476344 -0.46985802  0.20581339  0.26117675 -0.64447002
 -0.01754157  0.38330645  0.02487898  0.03894877 -0.55063154  0.53296498
  0.55469101  0.56325984  0.64192951  0.23319508 -0.1698142   0.57222803
 -0.17385498  0.41671036 -0.6157713   0.12109286  0.3435138  -0.62823772
 -0.0074466  -0.22897894  0.07181476 -0.29706301  0.27643538 -0.49041559
 -0.29930523 -0.82419245 -0.50177853 -0.22690382 -0.19720055]
3036,[ 0.20280039  0.10579572 -0.09772712  0.13304218  0.37083459  0.08803326
 -0.0428402   0.64973102  0.35020451 -0.53067618 -0.04518659 -0.11843488
  0.17988408  0.43153264 -0.32598255  0.23121728 -0.10842    -0.62054403
  0.10351868  0.1447651  -0.46985826  0.20581191  0.26117625 -0.64447236
 -0.01754397  0.3833053   0.02488329  0.03894733 -0.55063345  0.53296889
  0.55468724  0.56326086  0.64193124  0.23319515 -0.16981274  0.57222844
 -0.17385657  0.41670931 -0.61577063  0.12109115  0.34351418 -0.62823484
 -0.00744993 -0.22897923  0.0718128  -0.29706359  0.27643748 -0.4904109
 -0.29930792 -0.82419212 -0.50177961 -0.22690342 -0.19720132]
3037,[ 0.20280315  0.10579683 -0.09773421  0.13304371  0.37083617  0.08803157
 -0.04283772  0.64972838  0.35020178 -0.53067502 -0.04518619 -0.11843191
  0.17988262  0.43153543 -0.32598263  0.23121961 -0.10841853 -0.62054314
  0.10351711  0.14476676 -0.46985851  0.20581042  0.26117575 -0.64447469
 -0.01754637  0.38330414  0.0248876   0.03894588 -0.55063535  0.53297279
  0.55468348  0.56326187  0.64193297  0.23319522 -0.16981128  0.57222885
 -0.17385815  0.41670825 -0.61576996  0.12108944  0.34351456 -0.62823195
 -0.00745325 -0.22897951  0.07181084 -0.29706417  0.27643958 -0.49040622
 -0.29931059 -0.8241918  -0.5017807  -0.22690301 -0.19720208]
3038,[ 0.20280591  0.10579794 -0.09774128  0.13304524  0.37083775  0.08802988
 -0.04283524  0.64972573  0.35019905 -0.53067387 -0.04518579 -0.11842894
  0.17988116  0.43153821 -0.32598272  0.23122193 -0.10841705 -0.62054226
  0.10351554  0.14476842 -0.46985875  0.20580894  0.26117525 -0.64447702
 -0.01754877  0.38330299  0.0248919   0.03894445 -0.55063725  0.5329767
  0.55467973  0.56326289  0.64193469  0.23319529 -0.16980983  0.57222926
 -0.17385974  0.4167072  -0.6157693   0.12108773  0.34351495 -0.62822907
 -0.00745657 -0.22897979  0.07180888 -0.29706475  0.27644168 -0.49040154
 -0.29931327 -0.82419147 -0.50178179 -0.22690261 -0.19720285]
3039,[ 0.20280867  0.10579905 -0.09774835  0.13304676  0.37083933  0.08802819
 -0.04283276  0.64972309  0.35019632 -0.53067273 -0.04518539 -0.11842598
  0.1798797   0.431541   -0.32598281  0.23122425 -0.10841558 -0.62054138
  0.10351398  0.14477008 -0.46985899  0.20580747  0.26117475 -0.64447935
 -0.01755116  0.38330184  0.0248962   0.03894301 -0.55063915  0.5329806
  0.55467598  0.5632639   0.64193642  0.23319537 -0.16980837  0.57222967
 -0.17386133  0.41670615 -0.61576863  0.12108603  0.34351533 -0.6282262
 -0.00745988 -0.22898007  0.07180692 -0.29706533  0.27644377 -0.49039686
 -0.29931594 -0.82419115 -0.50178288 -0.2269022  -0.19720362]
3040,[ 0.20281142  0.10580016 -0.09775541  0.13304829  0.3708409   0.0880265
 -0.04283029  0.64972046  0.3501936  -0.53067158 -0.04518499 -0.11842302
  0.17987824  0.43154378 -0.32598289  0.23122657 -0.10841411 -0.6205405
  0.10351241  0.14477173 -0.46985923  0.20580599  0.26117425 -0.64448167
 -0.01755355  0.38330068  0.0249005   0.03894157 -0.55064104  0.53298449
  0.55467223  0.56326491  0.64193814  0.23319544 -0.16980692  0.57223008
 -0.17386291  0.41670511 -0.61576796  0.12108433  0.34351571 -0.62822332
 -0.00746319 -0.22898036  0.07180496 -0.29706591  0.27644586 -0.49039219
 -0.29931861 -0.82419082 -0.50178396 -0.2269018  -0.19720438]
3041,[ 0.20281418  0.10580127 -0.09776246  0.13304981  0.37084247  0.08802481
 -0.04282782  0.64971782  0.35019088 -0.53067043 -0.04518459 -0.11842007
  0.17987678  0.43154655 -0.32598298  0.23122889 -0.10841265 -0.62053962
  0.10351085  0.14477338 -0.46985947  0.20580451  0.26117376 -0.64448399
 -0.01755594  0.38329954  0.02490478  0.03894014 -0.55064294  0.53298838
  0.55466849  0.56326592  0.64193986  0.23319551 -0.16980547  0.57223048
 -0.17386449  0.41670406 -0.6157673   0.12108263  0.34351609 -0.62822045
 -0.0074665  -0.22898064  0.07180301 -0.29706648  0.27644795 -0.49038752
 -0.29932128 -0.8241905  -0.50178504 -0.22690139 -0.19720514]
3042,[ 0.20281692  0.10580237 -0.09776951  0.13305133  0.37084404  0.08802313
 -0.04282535  0.64971519  0.35018816 -0.53066929 -0.04518419 -0.11841711
  0.17987532  0.43154933 -0.32598306  0.2312312  -0.10841118 -0.62053874
  0.10350929  0.14477503 -0.46985971  0.20580304  0.26117326 -0.64448631
 -0.01755832  0.38329839  0.02490907  0.03893871 -0.55064483  0.53299226
  0.55466475  0.56326693  0.64194158  0.23319558 -0.16980402  0.57223089
 -0.17386607  0.41670301 -0.61576663  0.12108093  0.34351647 -0.62821759
 -0.0074698  -0.22898092  0.07180106 -0.29706706  0.27645004 -0.49038286
 -0.29932394 -0.82419018 -0.50178613 -0.22690099 -0.1972059 ]
3043,[ 0.20281967  0.10580348 -0.09777654  0.13305285  0.37084561  0.08802145
 -0.04282288  0.64971256  0.35018545 -0.53066814 -0.0451838  -0.11841416
  0.17987387  0.4315521  -0.32598315  0.23123351 -0.10840972 -0.62053786
  0.10350774  0.14477668 -0.46985995  0.20580157  0.26117276 -0.64448863
 -0.01756071  0.38329724  0.02491335  0.03893728 -0.55064672  0.53299614
  0.55466102  0.56326794  0.6419433   0.23319565 -0.16980257  0.5722313
 -0.17386765  0.41670197 -0.61576597  0.12107923  0.34351685 -0.62821472
 -0.0074731  -0.2289812   0.07179911 -0.29706763  0.27645213 -0.49037821
 -0.2993266  -0.82418986 -0.50178721 -0.22690059 -0.19720667]
3044,[ 0.20282241  0.10580458 -0.09778357  0.13305437  0.37084718  0.08801977
 -0.04282042  0.64970993  0.35018273 -0.530667   -0.0451834  -0.11841122
  0.17987242  0.43155487 -0.32598323  0.23123582 -0.10840825 -0.62053699
  0.10350618  0.14477832 -0.46986019  0.2058001   0.26117227 -0.64449094
 -0.01756309  0.38329609  0.02491762  0.03893585 -0.55064861  0.53300002
  0.55465729  0.56326895  0.64194501  0.23319572 -0.16980112  0.5722317
 -0.17386922  0.41670092 -0.61576531  0.12107754  0.34351723 -0.62821186
 -0.0074764  -0.22898148  0.07179716 -0.29706821  0.27645421 -0.49037356
 -0.29932926 -0.82418953 -0.50178829 -0.22690018 -0.19720743]
3045,[ 0.20282515  0.10580568 -0.09779059  0.13305589  0.37084874  0.08801809
 -0.04281796  0.64970731  0.35018003 -0.53066586 -0.045183   -0.11840828
  0.17987096  0.43155763 -0.32598332  0.23123812 -0.10840679 -0.62053611
  0.10350463  0.14477997 -0.46986043  0.20579863  0.26117177 -0.64449325
 -0.01756546  0.38329495  0.02492189  0.03893442 -0.55065049  0.53300389
  0.55465357  0.56326996  0.64194672  0.23319579 -0.16979968  0.57223211
 -0.1738708   0.41669988 -0.61576464  0.12107584  0.34351761 -0.628209
 -0.00747969 -0.22898176  0.07179521 -0.29706878  0.27645629 -0.49036892
 -0.29933191 -0.82418921 -0.50178936 -0.22689978 -0.19720818]
3046,[ 0.20282789  0.10580679 -0.0977976   0.1330574   0.37085031  0.08801641
 -0.0428155   0.64970469  0.35017732 -0.53066472 -0.04518261 -0.11840534
  0.17986952  0.43156039 -0.3259834   0.23124043 -0.10840533 -0.62053524
  0.10350307  0.14478161 -0.46986067  0.20579716  0.26117128 -0.64449556
 -0.01756784  0.38329381  0.02492616  0.03893299 -0.55065238  0.53300776
  0.55464984  0.56327096  0.64194843  0.23319587 -0.16979823  0.57223252
 -0.17387237  0.41669884 -0.61576398  0.12107415  0.34351799 -0.62820615
 -0.00748298 -0.22898204  0.07179327 -0.29706936  0.27645837 -0.49036428
 -0.29933457 -0.82418889 -0.50179044 -0.22689938 -0.19720894]
3047,[ 0.20283062  0.10580789 -0.09780461  0.13305891  0.37085187  0.08801474
 -0.04281305  0.64970207  0.35017462 -0.53066358 -0.04518221 -0.1184024
  0.17986807  0.43156315 -0.32598349  0.23124273 -0.10840388 -0.62053436
  0.10350152  0.14478325 -0.46986091  0.2057957   0.26117079 -0.64449787
 -0.01757021  0.38329267  0.02493042  0.03893157 -0.55065426  0.53301162
  0.55464613  0.56327197  0.64195014  0.23319594 -0.16979679  0.57223292
 -0.17387394  0.4166978  -0.61576332  0.12107246  0.34351837 -0.6282033
 -0.00748627 -0.22898232  0.07179133 -0.29706993  0.27646045 -0.49035964
 -0.29933721 -0.82418857 -0.50179152 -0.22689898 -0.1972097 ]
3048,[ 0.20283335  0.10580898 -0.0978116   0.13306042  0.37085343  0.08801307
 -0.0428106   0.64969946  0.35017192 -0.53066245 -0.04518181 -0.11839947
  0.17986662  0.43156591 -0.32598357  0.23124503 -0.10840242 -0.62053349
  0.10349997  0.14478489 -0.46986115  0.20579424  0.26117029 -0.64450017
 -0.01757258  0.38329152  0.02493467  0.03893015 -0.55065614  0.53301548
  0.55464241  0.56327297  0.64195185  0.23319601 -0.16979535  0.57223333
 -0.17387551  0.41669676 -0.61576266  0.12107078  0.34351875 -0.62820045
 -0.00748955 -0.2289826   0.07178939 -0.2970705   0.27646252 -0.49035502
 -0.29933986 -0.82418825 -0.50179259 -0.22689858 -0.19721046]
3049,[ 0.20283608  0.10581008 -0.09781859  0.13306193  0.37085499  0.08801139
 -0.04280815  0.64969685  0.35016922 -0.53066131 -0.04518142 -0.11839654
  0.17986518  0.43156866 -0.32598365  0.23124732 -0.10840097 -0.62053262
  0.10349843  0.14478653 -0.46986139  0.20579277  0.2611698  -0.64450247
 -0.01757495  0.38329039  0.02493892  0.03892873 -0.55065802  0.53301934
  0.55463871  0.56327397  0.64195355  0.23319608 -0.16979391  0.57223373
 -0.17387708  0.41669572 -0.615762    0.12106909  0.34351913 -0.6281976
 -0.00749282 -0.22898288  0.07178746 -0.29707107  0.27646459 -0.49035039
 -0.2993425  -0.82418793 -0.50179367 -0.22689818 -0.19721121]
3050,[ 0.2028388   0.10581118 -0.09782557  0.13306344  0.37085655  0.08800973
 -0.0428057   0.64969424  0.35016653 -0.53066018 -0.04518102 -0.11839361
  0.17986373  0.43157141 -0.32598374  0.23124961 -0.10839951 -0.62053175
  0.10349688  0.14478816 -0.46986163  0.20579131  0.26116931 -0.64450477
 -0.01757731  0.38328925  0.02494317  0.03892731 -0.55065989  0.53302319
  0.554635    0.56327497  0.64195526  0.23319615 -0.16979248  0.57223413
 -0.17387864  0.41669469 -0.61576134  0.12106741  0.3435195  -0.62819476
 -0.0074961  -0.22898316  0.07178552 -0.29707164  0.27646666 -0.49034577
 -0.29934514 -0.82418761 -0.50179474 -0.22689778 -0.19721197]
3051,[ 0.20284152  0.10581227 -0.09783254  0.13306495  0.3708581   0.08800806
 -0.04280326  0.64969163  0.35016384 -0.53065904 -0.04518063 -0.11839069
  0.17986229  0.43157415 -0.32598382  0.2312519  -0.10839806 -0.62053088
  0.10349534  0.1447898  -0.46986186  0.20578986  0.26116882 -0.64450707
 -0.01757967  0.38328811  0.02494741  0.03892589 -0.55066176  0.53302703
  0.5546313   0.56327597  0.64195696  0.23319622 -0.16979104  0.57223454
 -0.1738802   0.41669365 -0.61576069  0.12106573  0.34351988 -0.62819192
 -0.00749937 -0.22898344  0.07178359 -0.29707221  0.27646873 -0.49034116
 -0.29934778 -0.82418729 -0.50179581 -0.22689738 -0.19721272]
3052,[ 0.20284424  0.10581337 -0.09783951  0.13306645  0.37085965  0.08800639
 -0.04280082  0.64968903  0.35016115 -0.53065791 -0.04518023 -0.11838777
  0.17986085  0.4315769  -0.32598391  0.23125419 -0.10839661 -0.62053001
  0.10349379  0.14479143 -0.4698621   0.2057884   0.26116832 -0.64450936
 -0.01758203  0.38328698  0.02495164  0.03892447 -0.55066363  0.53303087
  0.55462761  0.56327697  0.64195866  0.23319629 -0.16978961  0.57223494
 -0.17388177  0.41669262 -0.61576003  0.12106405  0.34352026 -0.62818909
 -0.00750263 -0.22898372  0.07178166 -0.29707278  0.27647079 -0.49033655
 -0.29935041 -0.82418697 -0.50179688 -0.22689698 -0.19721348]
3053,[ 0.20284696  0.10581446 -0.09784647  0.13306795  0.37086121  0.08800473
 -0.04279838  0.64968643  0.35015847 -0.53065678 -0.04517984 -0.11838486
  0.17985941  0.43157964 -0.32598399  0.23125648 -0.10839517 -0.62052915
  0.10349225  0.14479306 -0.46986234  0.20578694  0.26116783 -0.64451165
 -0.01758439  0.38328584  0.02495588  0.03892306 -0.5506655   0.53303471
  0.55462391  0.56327797  0.64196035  0.23319636 -0.16978817  0.57223534
 -0.17388333  0.41669159 -0.61575937  0.12106237  0.34352063 -0.62818626
 -0.0075059  -0.228984    0.07177973 -0.29707335  0.27647286 -0.49033195
 -0.29935304 -0.82418665 -0.50179795 -0.22689658 -0.19721423]
3054,[ 0.20284967  0.10581555 -0.09785341  0.13306946  0.37086276  0.08800307
 -0.04279594  0.64968384  0.35015578 -0.53065565 -0.04517945 -0.11838194
  0.17985798  0.43158237 -0.32598408  0.23125876 -0.10839372 -0.62052828
  0.10349072  0.14479468 -0.46986258  0.20578549  0.26116734 -0.64451394
 -0.01758674  0.38328471  0.0249601   0.03892165 -0.55066737  0.53303854
  0.55462023  0.56327897  0.64196205  0.23319643 -0.16978674  0.57223574
 -0.17388488  0.41669055 -0.61575872  0.12106069  0.34352101 -0.62818343
 -0.00750916 -0.22898428  0.07177781 -0.29707392  0.27647492 -0.49032735
 -0.29935567 -0.82418633 -0.50179902 -0.22689618 -0.19721498]
3055,[ 0.20285238  0.10581664 -0.09786036  0.13307095  0.3708643   0.08800141
 -0.04279351  0.64968124  0.35015311 -0.53065452 -0.04517905 -0.11837903
  0.17985654  0.43158511 -0.32598416  0.23126104 -0.10839227 -0.62052741
  0.10348918  0.14479631 -0.46986281  0.20578404  0.26116685 -0.64451622
 -0.01758909  0.38328358  0.02496432  0.03892023 -0.55066923  0.53304237
  0.55461654  0.56327996  0.64196374  0.2331965  -0.16978531  0.57223615
 -0.17388644  0.41668952 -0.61575806  0.12105902  0.34352138 -0.6281806
 -0.00751241 -0.22898455  0.07177588 -0.29707449  0.27647697 -0.49032276
 -0.2993583  -0.82418601 -0.50180008 -0.22689579 -0.19721573]
3056,[ 0.20285508  0.10581773 -0.09786729  0.13307245  0.37086585  0.08799975
 -0.04279108  0.64967865  0.35015043 -0.5306534  -0.04517866 -0.11837613
  0.17985511  0.43158784 -0.32598424  0.23126332 -0.10839083 -0.62052655
  0.10348764  0.14479793 -0.46986305  0.20578259  0.26116637 -0.64451851
 -0.01759144  0.38328245  0.02496854  0.03891882 -0.5506711   0.5330462
  0.55461286  0.56328096  0.64196543  0.23319657 -0.16978389  0.57223655
 -0.173888    0.41668849 -0.61575741  0.12105735  0.34352176 -0.62817778
 -0.00751566 -0.22898483  0.07177396 -0.29707505  0.27647903 -0.49031818
 -0.29936092 -0.8241857  -0.50180115 -0.22689539 -0.19721648]
3057,[ 0.20285778  0.10581882 -0.09787422  0.13307395  0.37086739  0.08799809
 -0.04278865  0.64967606  0.35014776 -0.53065227 -0.04517827 -0.11837322
  0.17985368  0.43159057 -0.32598433  0.23126559 -0.10838939 -0.62052568
  0.10348611  0.14479956 -0.46986329  0.20578114  0.26116588 -0.64452079
 -0.01759379  0.38328132  0.02497275  0.03891742 -0.55067296  0.53305002
  0.55460919  0.56328195  0.64196712  0.23319664 -0.16978246  0.57223695
 -0.17388955  0.41668747 -0.61575675  0.12105568  0.34352213 -0.62817496
 -0.00751891 -0.22898511  0.07177204 -0.29707562  0.27648108 -0.49031359
 -0.29936354 -0.82418538 -0.50180221 -0.22689499 -0.19721723]
3058,[ 0.20286048  0.1058199  -0.09788113  0.13307544  0.37086894  0.08799644
 -0.04278623  0.64967348  0.35014509 -0.53065115 -0.04517788 -0.11837032
  0.17985225  0.43159329 -0.32598441  0.23126786 -0.10838795 -0.62052482
  0.10348458  0.14480118 -0.46986352  0.20577969  0.26116539 -0.64452306
 -0.01759613  0.38328019  0.02497696  0.03891601 -0.55067482  0.53305383
  0.55460552  0.56328294  0.64196881  0.23319671 -0.16978104  0.57223735
 -0.1738911   0.41668644 -0.6157561   0.12105401  0.34352251 -0.62817215
 -0.00752215 -0.22898538  0.07177013 -0.29707619  0.27648313 -0.49030902
 -0.29936615 -0.82418506 -0.50180327 -0.22689459 -0.19721798]
3059,[ 0.20286318  0.10582099 -0.09788804  0.13307693  0.37087048  0.08799479
 -0.04278381  0.6496709   0.35014242 -0.53065003 -0.04517749 -0.11836743
  0.17985082  0.43159601 -0.32598449  0.23127013 -0.10838651 -0.62052396
  0.10348305  0.1448028  -0.46986376  0.20577825  0.2611649  -0.64452534
 -0.01759847  0.38327906  0.02498116  0.0389146  -0.55067667  0.53305764
  0.55460185  0.56328393  0.6419705   0.23319678 -0.16977961  0.57223775
 -0.17389265  0.41668541 -0.61575545  0.12105234  0.34352288 -0.62816933
 -0.0075254  -0.22898566  0.07176821 -0.29707675  0.27648518 -0.49030445
 -0.29936877 -0.82418474 -0.50180433 -0.2268942  -0.19721873]
3060,[ 0.20286587  0.10582207 -0.09789495  0.13307843  0.37087202  0.08799314
 -0.04278139  0.64966832  0.35013976 -0.5306489  -0.0451771  -0.11836454
  0.17984939  0.43159873 -0.32598458  0.2312724  -0.10838508 -0.6205231
  0.10348152  0.14480441 -0.469864    0.2057768   0.26116442 -0.64452761
 -0.01760081  0.38327794  0.02498536  0.0389132  -0.55067853  0.53306145
  0.55459819  0.56328492  0.64197218  0.23319685 -0.16977819  0.57223815
 -0.1738942   0.41668439 -0.6157548   0.12105068  0.34352326 -0.62816652
 -0.00752863 -0.22898594  0.0717663  -0.29707732  0.27648723 -0.49029988
 -0.29937138 -0.82418443 -0.5018054  -0.2268938  -0.19721948]
3061,[ 0.20286857  0.10582315 -0.09790184  0.13307991  0.37087355  0.08799149
 -0.04277897  0.64966574  0.3501371  -0.53064778 -0.04517671 -0.11836165
  0.17984797  0.43160145 -0.32598466  0.23127467 -0.10838364 -0.62052224
  0.10347999  0.14480603 -0.46986423  0.20577536  0.26116393 -0.64452988
 -0.01760314  0.38327682  0.02498955  0.0389118  -0.55068038  0.53306525
  0.55459453  0.56328591  0.64197386  0.23319692 -0.16977677  0.57223855
 -0.17389574  0.41668336 -0.61575415  0.12104902  0.34352363 -0.62816372
 -0.00753187 -0.22898621  0.07176439 -0.29707788  0.27648927 -0.49029532
 -0.29937398 -0.82418411 -0.50180645 -0.22689341 -0.19722022]
3062,[ 0.20287125  0.10582424 -0.09790873  0.1330814   0.37087509  0.08798984
 -0.04277656  0.64966317  0.35013444 -0.53064666 -0.04517632 -0.11835876
  0.17984654  0.43160416 -0.32598474  0.23127693 -0.10838221 -0.62052138
  0.10347847  0.14480764 -0.46986447  0.20577392  0.26116344 -0.64453215
 -0.01760548  0.38327569  0.02499374  0.0389104  -0.55068223  0.53306905
  0.55459088  0.5632869   0.64197554  0.23319699 -0.16977536  0.57223894
 -0.17389729  0.41668234 -0.6157535   0.12104736  0.343524   -0.62816091
 -0.0075351  -0.22898649  0.07176248 -0.29707844  0.27649131 -0.49029076
 -0.29937659 -0.8241838  -0.50180751 -0.22689301 -0.19722097]
3063,[ 0.20287394  0.10582532 -0.09791561  0.13308289  0.37087662  0.0879882
 -0.04277415  0.6496606   0.35013179 -0.53064555 -0.04517593 -0.11835588
  0.17984512  0.43160687 -0.32598483  0.23127919 -0.10838078 -0.62052052
  0.10347695  0.14480925 -0.4698647   0.20577248  0.26116296 -0.64453441
 -0.01760781  0.38327457  0.02499793  0.038909   -0.55068408  0.53307285
  0.55458723  0.56328788  0.64197722  0.23319706 -0.16977394  0.57223934
 -0.17389883  0.41668132 -0.61575285  0.1210457   0.34352437 -0.62815811
 -0.00753832 -0.22898676  0.07176057 -0.297079    0.27649335 -0.49028621
 -0.29937919 -0.82418348 -0.50180857 -0.22689262 -0.19722171]
3064,[ 0.20287662  0.1058264  -0.09792248  0.13308437  0.37087816  0.08798656
 -0.04277174  0.64965803  0.35012914 -0.53064443 -0.04517554 -0.118353
  0.1798437   0.43160957 -0.32598491  0.23128144 -0.10837935 -0.62051967
  0.10347543  0.14481086 -0.46986494  0.20577104  0.26116247 -0.64453668
 -0.01761013  0.38327345  0.02500211  0.0389076  -0.55068592  0.53307664
  0.55458358  0.56328887  0.64197889  0.23319713 -0.16977253  0.57223974
 -0.17390037  0.4166803  -0.6157522   0.12104404  0.34352474 -0.62815532
 -0.00754154 -0.22898704  0.07175867 -0.29707957  0.27649539 -0.49028167
 -0.29938179 -0.82418317 -0.50180962 -0.22689223 -0.19722245]
3065,[ 0.2028793   0.10582747 -0.09792934  0.13308585  0.37087969  0.08798491
 -0.04276933  0.64965547  0.35012649 -0.53064331 -0.04517515 -0.11835012
  0.17984228  0.43161228 -0.32598499  0.2312837  -0.10837792 -0.62051881
  0.10347391  0.14481247 -0.46986517  0.20576961  0.26116199 -0.64453894
 -0.01761246  0.38327233  0.02500628  0.03890621 -0.55068776  0.53308042
  0.55457994  0.56328985  0.64198057  0.2331972  -0.16977111  0.57224014
 -0.17390191  0.41667928 -0.61575155  0.12104238  0.34352511 -0.62815252
 -0.00754476 -0.22898731  0.07175677 -0.29708013  0.27649742 -0.49027713
 -0.29938438 -0.82418285 -0.50181068 -0.22689183 -0.1972232 ]
3066,[ 0.20288197  0.10582855 -0.0979362   0.13308733  0.37088122  0.08798327
 -0.04276693  0.64965291  0.35012384 -0.5306422  -0.04517476 -0.11834724
  0.17984086  0.43161498 -0.32598508  0.23128595 -0.10837649 -0.62051796
  0.10347239  0.14481407 -0.4698654   0.20576817  0.26116151 -0.64454119
 -0.01761478  0.38327122  0.02501045  0.03890481 -0.55068961  0.5330842
  0.5545763   0.56329084  0.64198224  0.23319727 -0.1697697   0.57224053
 -0.17390345  0.41667826 -0.61575091  0.12104073  0.34352549 -0.62814973
 -0.00754798 -0.22898759  0.07175487 -0.29708069  0.27649946 -0.49027259
 -0.29938698 -0.82418254 -0.50181173 -0.22689144 -0.19722394]
3067,[ 0.20288464  0.10582963 -0.09794305  0.13308881  0.37088274  0.08798164
 -0.04276453  0.64965035  0.3501212  -0.53064109 -0.04517438 -0.11834437
  0.17983945  0.43161767 -0.32598516  0.2312882  -0.10837507 -0.6205171
  0.10347087  0.14481568 -0.46986564  0.20576674  0.26116102 -0.64454345
 -0.0176171   0.3832701   0.02501462  0.03890342 -0.55069145  0.53308798
  0.55457266  0.56329182  0.64198391  0.23319734 -0.16976829  0.57224093
 -0.17390498  0.41667725 -0.61575026  0.12103908  0.34352586 -0.62814694
 -0.00755119 -0.22898786  0.07175297 -0.29708125  0.27650149 -0.49026806
 -0.29938957 -0.82418222 -0.50181278 -0.22689105 -0.19722468]
3068,[ 0.20288731  0.1058307  -0.09794989  0.13309029  0.37088427  0.08798
 -0.04276213  0.64964779  0.35011856 -0.53063998 -0.04517399 -0.11834151
  0.17983803  0.43162037 -0.32598524  0.23129045 -0.10837364 -0.62051625
  0.10346936  0.14481728 -0.46986587  0.20576531  0.26116054 -0.6445457
 -0.01761942  0.38326898  0.02501878  0.03890203 -0.55069328  0.53309175
  0.55456904  0.5632928   0.64198558  0.23319741 -0.16976688  0.57224133
 -0.17390652  0.41667623 -0.61574962  0.12103743  0.34352623 -0.62814416
 -0.0075544  -0.22898813  0.07175108 -0.29708181  0.27650351 -0.49026354
 -0.29939215 -0.82418191 -0.50181383 -0.22689066 -0.19722542]
3069,[ 0.20288998  0.10583177 -0.09795672  0.13309177  0.37088579  0.08797837
 -0.04275974  0.64964524  0.35011592 -0.53063886 -0.0451736  -0.11833864
  0.17983662  0.43162306 -0.32598532  0.23129269 -0.10837222 -0.6205154
  0.10346784  0.14481888 -0.4698661   0.20576388  0.26116006 -0.64454795
 -0.01762173  0.38326787  0.02502293  0.03890064 -0.55069512  0.53309552
  0.55456541  0.56329378  0.64198725  0.23319748 -0.16976548  0.57224172
 -0.17390805  0.41667522 -0.61574897  0.12103578  0.3435266  -0.62814138
 -0.0075576  -0.22898841  0.07174918 -0.29708237  0.27650554 -0.49025902
 -0.29939474 -0.8241816  -0.50181488 -0.22689026 -0.19722616]
3070,[ 0.20289264  0.10583284 -0.09796354  0.13309324  0.37088731  0.08797674
 -0.04275735  0.64964269  0.35011329 -0.53063776 -0.04517322 -0.11833578
  0.17983521  0.43162575 -0.32598541  0.23129493 -0.1083708  -0.62051455
  0.10346633  0.14482048 -0.46986634  0.20576245  0.26115958 -0.6445502
 -0.01762404  0.38326676  0.02502708  0.03889925 -0.55069695  0.53309929
  0.55456179  0.56329476  0.64198891  0.23319755 -0.16976407  0.57224212
 -0.17390958  0.4166742  -0.61574833  0.12103414  0.34352696 -0.6281386
 -0.0075608  -0.22898868  0.07174729 -0.29708292  0.27650756 -0.4902545
 -0.29939732 -0.82418128 -0.50181593 -0.22688987 -0.1972269 ]
3071,[ 0.2028953   0.10583392 -0.09797036  0.13309471  0.37088883  0.08797511
 -0.04275496  0.64964014  0.35011066 -0.53063665 -0.04517283 -0.11833292
  0.1798338   0.43162843 -0.32598549  0.23129717 -0.10836938 -0.6205137
  0.10346482  0.14482208 -0.46986657  0.20576103  0.2611591  -0.64455244
 -0.01762635  0.38326565  0.02503123  0.03889787 -0.55069878  0.53310305
  0.55455817  0.56329574  0.64199058  0.23319762 -0.16976267  0.57224251
 -0.17391111  0.41667319 -0.61574768  0.12103249  0.34352733 -0.62813582
 -0.007564   -0.22898895  0.0717454  -0.29708348  0.27650958 -0.49024999
 -0.29939989 -0.82418097 -0.50181698 -0.22688948 -0.19722763]
3072,[ 0.20289796  0.10583498 -0.09797717  0.13309618  0.37089035  0.08797348
 -0.04275257  0.6496376   0.35010803 -0.53063554 -0.04517245 -0.11833007
  0.17983239  0.43163111 -0.32598557  0.23129941 -0.10836796 -0.62051285
  0.10346332  0.14482367 -0.4698668   0.2057596   0.26115862 -0.64455468
 -0.01762866  0.38326454  0.02503537  0.03889648 -0.55070061  0.5331068
  0.55455456  0.56329671  0.64199224  0.23319768 -0.16976127  0.5722429
 -0.17391263  0.41667218 -0.61574704  0.12103085  0.3435277  -0.62813305
 -0.00756719 -0.22898922  0.07174352 -0.29708404  0.2765116  -0.49024549
 -0.29940247 -0.82418066 -0.50181803 -0.22688909 -0.19722837]
3073,[ 0.20290062  0.10583605 -0.09798397  0.13309765  0.37089187  0.08797185
 -0.04275019  0.64963506  0.35010541 -0.53063444 -0.04517206 -0.11832722
  0.17983099  0.43163379 -0.32598565  0.23130164 -0.10836655 -0.620512
  0.10346181  0.14482526 -0.46986704  0.20575818  0.26115814 -0.64455692
 -0.01763096  0.38326343  0.02503951  0.0388951  -0.55070244  0.53311055
  0.55455095  0.56329769  0.6419939   0.23319775 -0.16975987  0.5722433
 -0.17391416  0.41667117 -0.6157464   0.12102921  0.34352807 -0.62813028
 -0.00757038 -0.2289895   0.07174163 -0.2970846   0.27651362 -0.49024099
 -0.29940504 -0.82418035 -0.50181907 -0.2268887  -0.19722911]
3074,[ 0.20290327  0.10583712 -0.09799077  0.13309912  0.37089339  0.08797023
 -0.04274781  0.64963252  0.35010279 -0.53063333 -0.04517168 -0.11832437
  0.17982958  0.43163647 -0.32598574  0.23130387 -0.10836513 -0.62051115
  0.10346031  0.14482686 -0.46986727  0.20575676  0.26115766 -0.64455916
 -0.01763326  0.38326232  0.02504364  0.03889372 -0.55070426  0.5331143
  0.55454734  0.56329866  0.64199555  0.23319782 -0.16975847  0.57224369
 -0.17391568  0.41667016 -0.61574576  0.12102757  0.34352844 -0.62812752
 -0.00757357 -0.22898977  0.07173975 -0.29708515  0.27651563 -0.49023649
 -0.29940761 -0.82418003 -0.50182011 -0.22688831 -0.19722984]
3075,[ 0.20290592  0.10583819 -0.09799755  0.13310059  0.3708949   0.0879686
 -0.04274543  0.64962998  0.35010017 -0.53063223 -0.04517129 -0.11832153
  0.17982818  0.43163914 -0.32598582  0.2313061  -0.10836372 -0.62051031
  0.1034588   0.14482845 -0.4698675   0.20575534  0.26115718 -0.6445614
 -0.01763556  0.38326121  0.02504777  0.03889234 -0.55070609  0.53311804
  0.55454374  0.56329964  0.64199721  0.23319789 -0.16975707  0.57224408
 -0.17391721  0.41666915 -0.61574512  0.12102594  0.3435288  -0.62812475
 -0.00757675 -0.22899004  0.07173787 -0.29708571  0.27651764 -0.490232
 -0.29941018 -0.82417972 -0.50182116 -0.22688793 -0.19723058]
3076,[ 0.20290856  0.10583925 -0.09800433  0.13310205  0.37089641  0.08796698
 -0.04274305  0.64962745  0.35009755 -0.53063113 -0.04517091 -0.11831869
  0.17982678  0.43164181 -0.3259859   0.23130833 -0.10836231 -0.62050946
  0.1034573   0.14483003 -0.46986773  0.20575392  0.2611567  -0.64456363
 -0.01763786  0.38326011  0.02505189  0.03889096 -0.55070791  0.53312178
  0.55454014  0.56330061  0.64199886  0.23319796 -0.16975568  0.57224447
 -0.17391873  0.41666815 -0.61574448  0.1210243   0.34352917 -0.62812199
 -0.00757993 -0.22899031  0.07173599 -0.29708626  0.27651965 -0.49022752
 -0.29941274 -0.82417941 -0.5018222  -0.22688754 -0.19723131]
3077,[ 0.2029112   0.10584031 -0.0980111   0.13310351  0.37089792  0.08796536
 -0.04274068  0.64962492  0.35009494 -0.53063003 -0.04517053 -0.11831585
  0.17982538  0.43164448 -0.32598598  0.23131055 -0.1083609  -0.62050862
  0.1034558   0.14483162 -0.46986796  0.20575251  0.26115622 -0.64456586
 -0.01764015  0.38325901  0.02505601  0.03888958 -0.55070973  0.53312552
  0.55453655  0.56330158  0.64200051  0.23319803 -0.16975428  0.57224487
 -0.17392024  0.41666714 -0.61574384  0.12102267  0.34352954 -0.62811924
 -0.00758311 -0.22899058  0.07173411 -0.29708681  0.27652166 -0.49022304
 -0.2994153  -0.8241791  -0.50182324 -0.22688715 -0.19723204]
3078,[ 0.20291384  0.10584138 -0.09801787  0.13310497  0.37089943  0.08796375
 -0.04273831  0.64962239  0.35009233 -0.53062893 -0.04517014 -0.11831301
  0.17982398  0.43164714 -0.32598606  0.23131277 -0.10835949 -0.62050777
  0.10345431  0.1448332  -0.46986819  0.20575109  0.26115575 -0.64456808
 -0.01764244  0.3832579   0.02506012  0.03888821 -0.55071154  0.53312925
  0.55453296  0.56330255  0.64200216  0.2331981  -0.16975289  0.57224526
 -0.17392176  0.41666614 -0.6157432   0.12102104  0.3435299  -0.62811648
 -0.00758628 -0.22899085  0.07173224 -0.29708737  0.27652366 -0.49021856
 -0.29941786 -0.82417879 -0.50182428 -0.22688676 -0.19723277]
3079,[ 0.20291648  0.10584244 -0.09802462  0.13310643  0.37090094  0.08796213
 -0.04273594  0.64961987  0.35008972 -0.53062783 -0.04516976 -0.11831018
  0.17982258  0.4316498  -0.32598615  0.23131499 -0.10835809 -0.62050693
  0.10345281  0.14483479 -0.46986842  0.20574968  0.26115527 -0.64457031
 -0.01764473  0.3832568   0.02506423  0.03888683 -0.55071336  0.53313297
  0.55452938  0.56330352  0.64200381  0.23319817 -0.1697515   0.57224565
 -0.17392328  0.41666513 -0.61574256  0.12101941  0.34353027 -0.62811373
 -0.00758945 -0.22899112  0.07173037 -0.29708792  0.27652567 -0.49021409
 -0.29942041 -0.82417848 -0.50182532 -0.22688637 -0.1972335 ]
3080,[ 0.20291911  0.1058435  -0.09803137  0.13310789  0.37090244  0.08796052
 -0.04273357  0.64961734  0.35008712 -0.53062673 -0.04516938 -0.11830735
  0.17982119  0.43165246 -0.32598623  0.23131721 -0.10835668 -0.62050609
  0.10345132  0.14483637 -0.46986865  0.20574827  0.2611548  -0.64457253
 -0.01764701  0.3832557   0.02506834  0.03888546 -0.55071517  0.5331367
  0.55452579  0.56330448  0.64200546  0.23319823 -0.16975011  0.57224604
 -0.17392479  0.41666413 -0.61574193  0.12101778  0.34353063 -0.62811099
 -0.00759261 -0.22899139  0.0717285  -0.29708847  0.27652767 -0.49020963
 -0.29942297 -0.82417817 -0.50182635 -0.22688599 -0.19723423]
3081,[ 0.20292174  0.10584455 -0.09803811  0.13310935  0.37090394  0.08795891
 -0.04273121  0.64961483  0.35008452 -0.53062564 -0.045169   -0.11830453
  0.1798198   0.43165511 -0.32598631  0.23131942 -0.10835528 -0.62050525
  0.10344982  0.14483795 -0.46986888  0.20574686  0.26115432 -0.64457475
 -0.0176493   0.3832546   0.02507244  0.03888409 -0.55071698  0.53314041
  0.55452222  0.56330545  0.6420071   0.2331983  -0.16974872  0.57224643
 -0.1739263   0.41666313 -0.61574129  0.12101615  0.343531   -0.62810824
 -0.00759577 -0.22899166  0.07172663 -0.29708902  0.27652967 -0.49020517
 -0.29942552 -0.82417786 -0.50182739 -0.2268856  -0.19723496]
3082,[ 0.20292437  0.10584561 -0.09804485  0.1331108   0.37090545  0.0879573
 -0.04272885  0.64961231  0.35008192 -0.53062454 -0.04516862 -0.1183017
  0.1798184   0.43165777 -0.32598639  0.23132164 -0.10835388 -0.62050441
  0.10344833  0.14483952 -0.46986911  0.20574545  0.26115384 -0.64457697
 -0.01765158  0.38325351  0.02507653  0.03888272 -0.55071879  0.53314413
  0.55451864  0.56330642  0.64200875  0.23319837 -0.16974734  0.57224682
 -0.17392781  0.41666213 -0.61574066  0.12101453  0.34353136 -0.6281055
 -0.00759893 -0.22899193  0.07172476 -0.29708957  0.27653166 -0.49020071
 -0.29942806 -0.82417756 -0.50182842 -0.22688522 -0.19723569]
3083,[ 0.20292699  0.10584667 -0.09805157  0.13311225  0.37090695  0.08795569
 -0.0427265   0.6496098   0.35007932 -0.53062345 -0.04516824 -0.11829888
  0.17981701  0.43166042 -0.32598647  0.23132384 -0.10835248 -0.62050357
  0.10344684  0.1448411  -0.46986934  0.20574404  0.26115337 -0.64457918
 -0.01765385  0.38325241  0.02508062  0.03888135 -0.5507206   0.53314784
  0.55451508  0.56330738  0.64201039  0.23319844 -0.16974595  0.57224721
 -0.17392932  0.41666113 -0.61574002  0.12101291  0.34353172 -0.62810276
 -0.00760209 -0.2289922   0.0717229  -0.29709012  0.27653366 -0.49019626
 -0.2994306  -0.82417725 -0.50182946 -0.22688483 -0.19723642]
3084,[ 0.20292962  0.10584772 -0.09805829  0.13311371  0.37090844  0.08795408
 -0.04272414  0.64960729  0.35007673 -0.53062236 -0.04516786 -0.11829607
  0.17981562  0.43166306 -0.32598655  0.23132605 -0.10835108 -0.62050273
  0.10344536  0.14484267 -0.46986957  0.20574264  0.2611529  -0.64458139
 -0.01765613  0.38325131  0.02508471  0.03887999 -0.5507224   0.53315154
  0.55451151  0.56330834  0.64201202  0.23319851 -0.16974457  0.5722476
 -0.17393082  0.41666013 -0.61573939  0.12101129  0.34353209 -0.62810003
 -0.00760524 -0.22899247  0.07172104 -0.29709067  0.27653565 -0.49019182
 -0.29943315 -0.82417694 -0.50183049 -0.22688445 -0.19723715]
3085,[ 0.20293224  0.10584878 -0.098065    0.13311515  0.37090994  0.08795248
 -0.04272179  0.64960478  0.35007414 -0.53062127 -0.04516748 -0.11829326
  0.17981424  0.4316657  -0.32598663  0.23132826 -0.10834969 -0.62050189
  0.10344387  0.14484424 -0.4698698   0.20574123  0.26115242 -0.6445836
 -0.0176584   0.38325022  0.02508879  0.03887862 -0.5507242   0.53315524
  0.55450795  0.56330931  0.64201366  0.23319857 -0.16974319  0.57224798
 -0.17393233  0.41665914 -0.61573876  0.12100967  0.34353245 -0.6280973
 -0.00760838 -0.22899274  0.07171918 -0.29709122  0.27653764 -0.49018738
 -0.29943568 -0.82417663 -0.50183152 -0.22688406 -0.19723787]
3086,[ 0.20293485  0.10584983 -0.0980717   0.1331166   0.37091143  0.08795088
 -0.04271944  0.64960227  0.35007156 -0.53062018 -0.0451671  -0.11829045
  0.17981285  0.43166834 -0.32598671  0.23133046 -0.10834829 -0.62050106
  0.10344239  0.14484581 -0.46987003  0.20573983  0.26115195 -0.64458581
 -0.01766067  0.38324913  0.02509287  0.03887726 -0.55072601  0.53315894
  0.55450439  0.56331027  0.6420153   0.23319864 -0.16974181  0.57224837
 -0.17393383  0.41665814 -0.61573812  0.12100805  0.34353281 -0.62809457
 -0.00761153 -0.228993    0.07171732 -0.29709177  0.27653962 -0.49018295
 -0.29943822 -0.82417632 -0.50183255 -0.22688368 -0.1972386 ]
3087,[ 0.20293746  0.10585088 -0.0980784   0.13311805  0.37091293  0.08794927
 -0.04271709  0.64959977  0.35006897 -0.53061909 -0.04516672 -0.11828764
  0.17981147  0.43167098 -0.3259868   0.23133266 -0.1083469  -0.62050022
  0.1034409   0.14484738 -0.46987026  0.20573843  0.26115148 -0.64458801
 -0.01766294  0.38324804  0.02509694  0.0388759  -0.5507278   0.53316263
  0.55450084  0.56331123  0.64201693  0.23319871 -0.16974043  0.57224876
 -0.17393533  0.41665715 -0.61573749  0.12100644  0.34353317 -0.62809184
 -0.00761467 -0.22899327  0.07171547 -0.29709232  0.27654161 -0.49017852
 -0.29944075 -0.82417602 -0.50183358 -0.22688329 -0.19723932]
3088,[ 0.20294007  0.10585193 -0.09808509  0.13311949  0.37091442  0.08794768
 -0.04271475  0.64959727  0.35006639 -0.530618   -0.04516634 -0.11828484
  0.17981008  0.43167361 -0.32598688  0.23133485 -0.10834551 -0.62049939
  0.10343942  0.14484895 -0.46987049  0.20573703  0.26115101 -0.64459022
 -0.01766521  0.38324695  0.02510101  0.03887454 -0.5507296   0.53316632
  0.55449729  0.56331219  0.64201856  0.23319878 -0.16973905  0.57224915
 -0.17393683  0.41665616 -0.61573686  0.12100483  0.34353354 -0.62808912
 -0.0076178  -0.22899354  0.07171361 -0.29709286  0.27654359 -0.49017409
 -0.29944328 -0.82417571 -0.5018346  -0.22688291 -0.19724005]
3089,[ 0.20294268  0.10585298 -0.09809177  0.13312094  0.37091591  0.08794608
 -0.04271241  0.64959478  0.35006381 -0.53061692 -0.04516596 -0.11828204
  0.1798087   0.43167625 -0.32598696  0.23133705 -0.10834411 -0.62049856
  0.10343794  0.14485051 -0.46987072  0.20573563  0.26115054 -0.64459242
 -0.01766747  0.38324586  0.02510507  0.03887318 -0.55073139  0.53317001
  0.55449375  0.56331315  0.64202019  0.23319885 -0.16973768  0.57224953
 -0.17393833  0.41665516 -0.61573623  0.12100322  0.3435339  -0.6280864
 -0.00762094 -0.22899381  0.07171176 -0.29709341  0.27654557 -0.49016967
 -0.2994458  -0.8241754  -0.50183563 -0.22688253 -0.19724077]
3090,[ 0.20294528  0.10585403 -0.09809844  0.13312238  0.3709174   0.08794448
 -0.04271007  0.64959228  0.35006124 -0.53061583 -0.04516558 -0.11827924
  0.17980732  0.43167887 -0.32598704  0.23133924 -0.10834273 -0.62049772
  0.10343647  0.14485208 -0.46987094  0.20573424  0.26115007 -0.64459461
 -0.01766973  0.38324477  0.02510913  0.03887182 -0.55073319  0.53317369
  0.5544902   0.5633141   0.64202182  0.23319891 -0.1697363   0.57224992
 -0.17393983  0.41665417 -0.6157356   0.12100161  0.34353426 -0.62808369
 -0.00762407 -0.22899407  0.07170991 -0.29709396  0.27654755 -0.49016526
 -0.29944833 -0.8241751  -0.50183666 -0.22688215 -0.19724149]
3091,[ 0.20294789  0.10585508 -0.09810511  0.13312382  0.37091888  0.08794289
 -0.04270773  0.64958979  0.35005867 -0.53061475 -0.04516521 -0.11827645
  0.17980595  0.4316815  -0.32598712  0.23134143 -0.10834134 -0.62049689
  0.10343499  0.14485364 -0.46987117  0.20573284  0.2611496  -0.64459681
 -0.01767199  0.38324368  0.02511318  0.03887047 -0.55073498  0.53317736
  0.55448667  0.56331506  0.64202344  0.23319898 -0.16973493  0.5722503
 -0.17394132  0.41665318 -0.61573497  0.121       0.34353462 -0.62808097
 -0.00762719 -0.22899434  0.07170807 -0.2970945   0.27654953 -0.49016085
 -0.29945085 -0.82417479 -0.50183768 -0.22688176 -0.19724221]
3092,[ 0.20295048  0.10585612 -0.09811176  0.13312525  0.37092037  0.0879413
 -0.0427054   0.64958731  0.3500561  -0.53061367 -0.04516483 -0.11827365
  0.17980457  0.43168412 -0.3259872   0.23134361 -0.10833995 -0.62049606
  0.10343352  0.1448552  -0.4698714   0.20573145  0.26114913 -0.644599
 -0.01767424  0.3832426   0.02511723  0.03886912 -0.55073677  0.53318104
  0.55448313  0.56331601  0.64202507  0.23319905 -0.16973356  0.57225069
 -0.17394282  0.4166522  -0.61573434  0.12099839  0.34353498 -0.62807826
 -0.00763032 -0.22899461  0.07170622 -0.29709505  0.2765515  -0.49015645
 -0.29945337 -0.82417449 -0.5018387  -0.22688138 -0.19724293]
3093,[ 0.20295308  0.10585716 -0.09811841  0.13312669  0.37092185  0.08793971
 -0.04270307  0.64958482  0.35005353 -0.53061259 -0.04516445 -0.11827087
  0.1798032   0.43168674 -0.32598728  0.2313458  -0.10833857 -0.62049523
  0.10343204  0.14485675 -0.46987163  0.20573006  0.26114866 -0.64460119
 -0.01767649  0.38324151  0.02512128  0.03886776 -0.55073855  0.5331847
  0.55447961  0.56331697  0.64202669  0.23319912 -0.16973219  0.57225107
 -0.17394431  0.41665121 -0.61573372  0.12099679  0.34353534 -0.62807556
 -0.00763343 -0.22899487  0.07170438 -0.29709559  0.27655347 -0.49015205
 -0.29945588 -0.82417418 -0.50183972 -0.226881   -0.19724365]
3094,[ 0.20295567  0.10585821 -0.09812506  0.13312813  0.37092333  0.08793812
 -0.04270074  0.64958234  0.35005097 -0.53061151 -0.04516408 -0.11826808
  0.17980182  0.43168936 -0.32598736  0.23134798 -0.10833719 -0.62049441
  0.10343057  0.14485831 -0.46987185  0.20572867  0.26114819 -0.64460338
 -0.01767874  0.38324043  0.02512532  0.03886641 -0.55074034  0.53318837
  0.55447608  0.56331792  0.64202831  0.23319918 -0.16973082  0.57225146
 -0.1739458   0.41665022 -0.61573309  0.12099519  0.3435357  -0.62807285
 -0.00763655 -0.22899514  0.07170254 -0.29709613  0.27655544 -0.49014765
 -0.29945839 -0.82417388 -0.50184074 -0.22688062 -0.19724437]
3095,[ 0.20295826  0.10585925 -0.09813169  0.13312956  0.37092481  0.08793653
 -0.04269842  0.64957986  0.35004841 -0.53061043 -0.0451637  -0.1182653
  0.17980045  0.43169197 -0.32598744  0.23135016 -0.10833581 -0.62049358
  0.1034291   0.14485987 -0.46987208  0.20572728  0.26114772 -0.64460556
 -0.01768099  0.38323935  0.02512935  0.03886506 -0.55074212  0.53319203
  0.55447256  0.56331887  0.64202993  0.23319925 -0.16972946  0.57225184
 -0.17394728  0.41664924 -0.61573246  0.12099359  0.34353606 -0.62807015
 -0.00763966 -0.2289954   0.0717007  -0.29709668  0.27655741 -0.49014326
 -0.2994609  -0.82417357 -0.50184176 -0.22688024 -0.19724509]
3096,[ 0.20296085  0.10586029 -0.09813832  0.13313099  0.37092629  0.08793495
 -0.04269609  0.64957738  0.35004585 -0.53060935 -0.04516333 -0.11826252
  0.17979908  0.43169458 -0.32598752  0.23135234 -0.10833443 -0.62049275
  0.10342764  0.14486142 -0.46987231  0.2057259   0.26114725 -0.64460774
 -0.01768324  0.38323827  0.02513338  0.03886372 -0.5507439   0.53319568
  0.55446904  0.56331982  0.64203155  0.23319932 -0.16972809  0.57225222
 -0.17394877  0.41664825 -0.61573184  0.12099199  0.34353641 -0.62806745
 -0.00764277 -0.22899567  0.07169886 -0.29709722  0.27655937 -0.49013888
 -0.29946341 -0.82417327 -0.50184278 -0.22687986 -0.19724581]
3097,[ 0.20296343  0.10586133 -0.09814494  0.13313242  0.37092777  0.08793336
 -0.04269377  0.64957491  0.3500433  -0.53060828 -0.04516295 -0.11825975
  0.17979771  0.43169719 -0.3259876   0.23135451 -0.10833305 -0.62049193
  0.10342617  0.14486297 -0.46987253  0.20572451  0.26114679 -0.64460992
 -0.01768548  0.38323719  0.02513741  0.03886237 -0.55074568  0.53319934
  0.55446553  0.56332077  0.64203316  0.23319938 -0.16972673  0.57225261
 -0.17395026  0.41664727 -0.61573121  0.12099039  0.34353677 -0.62806476
 -0.00764587 -0.22899593  0.07169703 -0.29709776  0.27656133 -0.4901345
 -0.29946591 -0.82417297 -0.5018438  -0.22687948 -0.19724652]
3098,[ 0.20296601  0.10586237 -0.09815155  0.13313385  0.37092924  0.08793178
 -0.04269145  0.64957244  0.35004075 -0.5306072  -0.04516258 -0.11825698
  0.17979634  0.43169979 -0.32598768  0.23135668 -0.10833167 -0.6204911
  0.10342471  0.14486452 -0.46987276  0.20572313  0.26114632 -0.6446121
 -0.01768772  0.38323611  0.02514143  0.03886102 -0.55074745  0.53320298
  0.55446202  0.56332172  0.64203478  0.23319945 -0.16972537  0.57225299
 -0.17395174  0.41664629 -0.61573059  0.1209888   0.34353713 -0.62806206
 -0.00764898 -0.2289962   0.0716952  -0.2970983   0.27656329 -0.49013012
 -0.29946841 -0.82417266 -0.50184481 -0.2268791  -0.19724724]
3099,[ 0.20296859  0.10586341 -0.09815816  0.13313528  0.37093071  0.0879302
 -0.04268914  0.64956997  0.3500382  -0.53060613 -0.04516221 -0.11825421
  0.17979498  0.43170239 -0.32598776  0.23135885 -0.1083303  -0.62049028
  0.10342325  0.14486606 -0.46987298  0.20572175  0.26114585 -0.64461428
 -0.01768995  0.38323503  0.02514545  0.03885968 -0.55074923  0.53320663
  0.55445851  0.56332267  0.64203639  0.23319952 -0.16972401  0.57225337
 -0.17395322  0.41664531 -0.61572997  0.12098721  0.34353749 -0.62805938
 -0.00765207 -0.22899646  0.07169337 -0.29709884  0.27656525 -0.49012575
 -0.29947091 -0.82417236 -0.50184583 -0.22687872 -0.19724795]
3100,[ 0.20297116  0.10586444 -0.09816476  0.1331367   0.37093219  0.08792863
 -0.04268683  0.64956751  0.35003565 -0.53060506 -0.04516183 -0.11825144
  0.17979362  0.43170499 -0.32598784  0.23136102 -0.10832892 -0.62048946
  0.10342178  0.14486761 -0.46987321  0.20572037  0.26114539 -0.64461645
 -0.01769219  0.38323396  0.02514946  0.03885834 -0.550751    0.53321027
  0.55445501  0.56332361  0.642038    0.23319958 -0.16972265  0.57225375
 -0.1739547   0.41664433 -0.61572934  0.12098561  0.34353784 -0.62805669
 -0.00765517 -0.22899673  0.07169154 -0.29709938  0.27656721 -0.49012139
 -0.29947341 -0.82417206 -0.50184684 -0.22687835 -0.19724867]
3101,[ 0.20297374  0.10586548 -0.09817135  0.13313812  0.37093366  0.08792705
 -0.04268452  0.64956504  0.35003311 -0.53060399 -0.04516146 -0.11824868
  0.17979225  0.43170759 -0.32598792  0.23136319 -0.10832755 -0.62048863
  0.10342033  0.14486915 -0.46987343  0.20571899  0.26114492 -0.64461862
 -0.01769442  0.38323288  0.02515347  0.038857   -0.55075277  0.5332139
  0.55445152  0.56332456  0.6420396   0.23319965 -0.1697213   0.57225413
 -0.17395618  0.41664335 -0.61572872  0.12098403  0.3435382  -0.62805401
 -0.00765826 -0.22899699  0.07168971 -0.29709992  0.27656916 -0.49011703
 -0.2994759  -0.82417176 -0.50184785 -0.22687797 -0.19724938]
3102,[ 0.2029763   0.10586651 -0.09817793  0.13313955  0.37093512  0.08792548
 -0.04268221  0.64956258  0.35003057 -0.53060292 -0.04516109 -0.11824592
  0.17979089  0.43171018 -0.325988    0.23136535 -0.10832618 -0.62048781
  0.10341887  0.1448707  -0.46987366  0.20571761  0.26114446 -0.64462079
 -0.01769665  0.38323181  0.02515747  0.03885566 -0.55075454  0.53321753
  0.55444802  0.5633255   0.64204121  0.23319972 -0.16971994  0.57225452
 -0.17395765  0.41664237 -0.6157281   0.12098244  0.34353856 -0.62805133
 -0.00766135 -0.22899725  0.07168789 -0.29710046  0.27657111 -0.49011267
 -0.29947839 -0.82417145 -0.50184887 -0.22687759 -0.19725009]
3103,[ 0.20297887  0.10586754 -0.09818451  0.13314097  0.37093659  0.0879239
 -0.04267991  0.64956013  0.35002803 -0.53060185 -0.04516072 -0.11824316
  0.17978953  0.43171277 -0.32598808  0.23136751 -0.10832481 -0.62048699
  0.10341741  0.14487224 -0.46987388  0.20571624  0.261144   -0.64462295
 -0.01769888  0.38323074  0.02516147  0.03885432 -0.55075631  0.53322116
  0.55444453  0.56332644  0.64204281  0.23319978 -0.16971859  0.5722549
 -0.17395913  0.41664139 -0.61572748  0.12098085  0.34353891 -0.62804865
 -0.00766443 -0.22899751  0.07168607 -0.29710099  0.27657306 -0.49010832
 -0.29948087 -0.82417115 -0.50184988 -0.22687722 -0.1972508 ]
3104,[ 0.20298143  0.10586858 -0.09819108  0.13314239  0.37093806  0.08792233
 -0.0426776   0.64955767  0.3500255  -0.53060078 -0.04516034 -0.11824041
  0.17978817  0.43171536 -0.32598816  0.23136966 -0.10832345 -0.62048617
  0.10341596  0.14487377 -0.46987411  0.20571486  0.26114353 -0.64462511
 -0.0177011   0.38322967  0.02516547  0.03885299 -0.55075807  0.53322478
  0.55444105  0.56332739  0.64204442  0.23319985 -0.16971723  0.57225528
 -0.1739606   0.41664042 -0.61572686  0.12097927  0.34353927 -0.62804598
 -0.00766751 -0.22899778  0.07168425 -0.29710153  0.27657501 -0.49010398
 -0.29948336 -0.82417085 -0.50185089 -0.22687684 -0.19725151]
3105,[ 0.20298399  0.10586961 -0.09819764  0.1331438   0.37093952  0.08792076
 -0.0426753   0.64955522  0.35002296 -0.53059971 -0.04515997 -0.11823766
  0.17978682  0.43171794 -0.32598824  0.23137182 -0.10832208 -0.62048536
  0.1034145   0.14487531 -0.46987433  0.20571349  0.26114307 -0.64462727
 -0.01770332  0.3832286   0.02516946  0.03885165 -0.55075983  0.5332284
  0.55443757  0.56332833  0.64204602  0.23319992 -0.16971588  0.57225566
 -0.17396207  0.41663945 -0.61572624  0.12097769  0.34353962 -0.62804331
 -0.00767059 -0.22899804  0.07168243 -0.29710207  0.27657695 -0.49009964
 -0.29948584 -0.82417055 -0.50185189 -0.22687646 -0.19725222]
3106,[ 0.20298655  0.10587064 -0.09820419  0.13314522  0.37094098  0.0879192
 -0.04267301  0.64955277  0.35002044 -0.53059865 -0.0451596  -0.11823491
  0.17978546  0.43172052 -0.32598832  0.23137397 -0.10832072 -0.62048454
  0.10341305  0.14487685 -0.46987456  0.20571212  0.26114261 -0.64462943
 -0.01770554  0.38322753  0.02517345  0.03885032 -0.55076159  0.53323202
  0.55443409  0.56332927  0.64204762  0.23319998 -0.16971453  0.57225603
 -0.17396354  0.41663847 -0.61572562  0.12097611  0.34353998 -0.62804064
 -0.00767366 -0.2289983   0.07168061 -0.2971026   0.2765789  -0.4900953
 -0.29948832 -0.82417025 -0.5018529  -0.22687609 -0.19725293]
3107,[ 0.20298911  0.10587166 -0.09821074  0.13314663  0.37094244  0.08791763
 -0.04267071  0.64955033  0.35001791 -0.53059759 -0.04515923 -0.11823217
  0.17978411  0.4317231  -0.3259884   0.23137612 -0.10831936 -0.62048372
  0.1034116   0.14487838 -0.46987478  0.20571075  0.26114215 -0.64463159
 -0.01770776  0.38322646  0.02517743  0.03884899 -0.55076335  0.53323563
  0.55443061  0.5633302   0.64204921  0.23320005 -0.16971319  0.57225641
 -0.17396501  0.4166375  -0.61572501  0.12097453  0.34354033 -0.62803797
 -0.00767673 -0.22899856  0.0716788  -0.29710314  0.27658084 -0.49009097
 -0.29949079 -0.82416995 -0.50185391 -0.22687571 -0.19725364]
3108,[ 0.20299166  0.10587269 -0.09821728  0.13314804  0.3709439   0.08791607
 -0.04266842  0.64954788  0.35001539 -0.53059652 -0.04515886 -0.11822943
  0.17978276  0.43172568 -0.32598847  0.23137827 -0.108318   -0.62048291
  0.10341016  0.14487991 -0.469875    0.20570938  0.26114169 -0.64463374
 -0.01770998  0.3832254   0.0251814   0.03884766 -0.55076511  0.53323923
  0.55442714  0.56333114  0.64205081  0.23320012 -0.16971184  0.57225679
 -0.17396648  0.41663653 -0.61572439  0.12097295  0.34354068 -0.62803531
 -0.0076798  -0.22899883  0.07167699 -0.29710367  0.27658278 -0.49008664
 -0.29949327 -0.82416965 -0.50185491 -0.22687534 -0.19725435]
3109,[ 0.20299421  0.10587372 -0.09822381  0.13314945  0.37094535  0.08791451
 -0.04266613  0.64954544  0.35001287 -0.53059546 -0.04515849 -0.11822669
  0.17978141  0.43172825 -0.32598855  0.23138042 -0.10831664 -0.62048209
  0.10340871  0.14488144 -0.46987523  0.20570802  0.26114123 -0.64463589
 -0.01771219  0.38322433  0.02518538  0.03884633 -0.55076686  0.53324284
  0.55442368  0.56333208  0.6420524   0.23320018 -0.1697105   0.57225717
 -0.17396794  0.41663556 -0.61572377  0.12097137  0.34354104 -0.62803265
 -0.00768286 -0.22899909  0.07167518 -0.29710421  0.27658471 -0.49008232
 -0.29949574 -0.82416935 -0.50185591 -0.22687496 -0.19725505]
3110,[ 0.20299675  0.10587474 -0.09823033  0.13315086  0.37094681  0.08791295
 -0.04266385  0.649543    0.35001035 -0.5305944  -0.04515812 -0.11822396
  0.17978006  0.43173082 -0.32598863  0.23138256 -0.10831528 -0.62048128
  0.10340727  0.14488297 -0.46987545  0.20570665  0.26114077 -0.64463804
 -0.0177144   0.38322327  0.02518934  0.03884501 -0.55076862  0.53324643
  0.55442022  0.56333301  0.64205399  0.23320025 -0.16970915  0.57225755
 -0.1739694   0.41663459 -0.61572316  0.1209698   0.34354139 -0.62803
 -0.00768592 -0.22899935  0.07167337 -0.29710474  0.27658665 -0.49007801
 -0.2994982  -0.82416905 -0.50185692 -0.22687459 -0.19725576]
3111,[ 0.2029993   0.10587576 -0.09823685  0.13315227  0.37094826  0.08791139
 -0.04266156  0.64954057  0.35000783 -0.53059334 -0.04515775 -0.11822122
  0.17977871  0.43173338 -0.32598871  0.2313847  -0.10831392 -0.62048047
  0.10340582  0.1448845  -0.46987567  0.20570529  0.26114031 -0.64464018
 -0.0177166   0.38322221  0.02519331  0.03884368 -0.55077037  0.53325003
  0.55441676  0.56333395  0.64205558  0.23320032 -0.16970781  0.57225792
 -0.17397086  0.41663362 -0.61572254  0.12096823  0.34354174 -0.62802734
 -0.00768898 -0.22899961  0.07167156 -0.29710527  0.27658858 -0.4900737
 -0.29950067 -0.82416875 -0.50185792 -0.22687422 -0.19725647]
3112,[ 0.20300184  0.10587679 -0.09824336  0.13315368  0.37094971  0.08790983
 -0.04265928  0.64953814  0.35000532 -0.53059228 -0.04515739 -0.1182185
  0.17977737  0.43173595 -0.32598879  0.23138684 -0.10831257 -0.62047965
  0.10340438  0.14488602 -0.46987589  0.20570393  0.26113985 -0.64464233
 -0.01771881  0.38322115  0.02519727  0.03884236 -0.55077211  0.53325362
  0.5544133   0.56333488  0.64205717  0.23320038 -0.16970647  0.5722583
 -0.17397232  0.41663266 -0.61572193  0.12096666  0.34354209 -0.62802469
 -0.00769203 -0.22899987  0.07166976 -0.29710581  0.27659051 -0.49006939
 -0.29950313 -0.82416845 -0.50185892 -0.22687384 -0.19725717]
3113,[ 0.20300437  0.10587781 -0.09824986  0.13315508  0.37095116  0.08790828
 -0.042657    0.64953571  0.35000281 -0.53059123 -0.04515702 -0.11821577
  0.17977602  0.43173851 -0.32598887  0.23138897 -0.10831121 -0.62047884
  0.10340294  0.14488754 -0.46987611  0.20570257  0.26113939 -0.64464447
 -0.01772101  0.38322009  0.02520122  0.03884104 -0.55077386  0.5332572
  0.55440985  0.56333581  0.64205876  0.23320045 -0.16970513  0.57225868
 -0.17397378  0.41663169 -0.61572132  0.12096509  0.34354245 -0.62802205
 -0.00769508 -0.22900013  0.07166796 -0.29710634  0.27659243 -0.49006509
 -0.29950559 -0.82416816 -0.50185992 -0.22687347 -0.19725787]
3114,[ 0.20300691  0.10587883 -0.09825636  0.13315648  0.37095261  0.08790672
 -0.04265473  0.64953328  0.35000031 -0.53059017 -0.04515665 -0.11821305
  0.17977468  0.43174107 -0.32598895  0.23139111 -0.10830986 -0.62047803
  0.1034015   0.14488906 -0.46987634  0.20570121  0.26113893 -0.64464661
 -0.01772321  0.38321903  0.02520517  0.03883971 -0.55077561  0.53326079
  0.55440641  0.56333675  0.64206034  0.23320051 -0.1697038   0.57225905
 -0.17397524  0.41663073 -0.6157207   0.12096353  0.3435428  -0.6280194
 -0.00769813 -0.22900039  0.07166616 -0.29710687  0.27659436 -0.49006079
 -0.29950804 -0.82416786 -0.50186091 -0.2268731  -0.19725858]
3115,[ 0.20300944  0.10587985 -0.09826284  0.13315789  0.37095406  0.08790517
 -0.04265245  0.64953086  0.3499978  -0.53058912 -0.04515628 -0.11821033
  0.17977334  0.43174362 -0.32598903  0.23139324 -0.10830851 -0.62047722
  0.10340007  0.14489058 -0.46987656  0.20569985  0.26113847 -0.64464874
 -0.01772541  0.38321797  0.02520912  0.0388384  -0.55077735  0.53326437
  0.55440296  0.56333768  0.64206192  0.23320058 -0.16970246  0.57225943
 -0.17397669  0.41662976 -0.61572009  0.12096196  0.34354315 -0.62801676
 -0.00770117 -0.22900065  0.07166436 -0.2971074   0.27659628 -0.4900565
 -0.2995105  -0.82416756 -0.50186191 -0.22687273 -0.19725928]
3116,[ 0.20301197  0.10588086 -0.09826932  0.13315929  0.37095551  0.08790362
 -0.04265018  0.64952844  0.3499953  -0.53058806 -0.04515592 -0.11820761
  0.179772    0.43174617 -0.3259891   0.23139537 -0.10830716 -0.62047642
  0.10339863  0.1448921  -0.46987678  0.2056985   0.26113802 -0.64465088
 -0.0177276   0.38321691  0.02521306  0.03883708 -0.55077909  0.53326794
  0.55439953  0.56333861  0.6420635   0.23320064 -0.16970113  0.5722598
 -0.17397815  0.4166288  -0.61571948  0.1209604   0.3435435  -0.62801412
 -0.00770421 -0.22900091  0.07166256 -0.29710793  0.2765982  -0.49005221
 -0.29951295 -0.82416726 -0.50186291 -0.22687236 -0.19725998]
3117,[ 0.20301449  0.10588188 -0.0982758   0.13316068  0.37095695  0.08790208
 -0.04264791  0.64952602  0.34999281 -0.53058701 -0.04515555 -0.1182049
  0.17977066  0.43174872 -0.32598918  0.23139749 -0.10830582 -0.62047561
  0.1033972   0.14489362 -0.469877    0.20569714  0.26113756 -0.64465301
 -0.0177298   0.38321586  0.025217    0.03883576 -0.55078083  0.53327151
  0.55439609  0.56333953  0.64206508  0.23320071 -0.16969979  0.57226018
 -0.1739796   0.41662784 -0.61571887  0.12095884  0.34354385 -0.62801149
 -0.00770724 -0.22900117  0.07166077 -0.29710846  0.27660012 -0.49004793
 -0.2995154  -0.82416697 -0.5018639  -0.22687199 -0.19726068]
3118,[ 0.20301702  0.1058829  -0.09828226  0.13316208  0.37095839  0.08790053
 -0.04264565  0.6495236   0.34999031 -0.53058596 -0.04515518 -0.11820219
  0.17976932  0.43175127 -0.32598926  0.23139962 -0.10830447 -0.6204748
  0.10339577  0.14489513 -0.46987722  0.20569579  0.2611371  -0.64465514
 -0.01773199  0.3832148   0.02522093  0.03883445 -0.55078256  0.53327508
  0.55439266  0.56334046  0.64206666  0.23320078 -0.16969846  0.57226055
 -0.17398105  0.41662688 -0.61571826  0.12095728  0.3435442  -0.62800886
 -0.00771028 -0.22900142  0.07165898 -0.29710899  0.27660204 -0.49004365
 -0.29951784 -0.82416667 -0.50186489 -0.22687162 -0.19726138]
3119,[ 0.20301954  0.10588391 -0.09828872  0.13316347  0.37095983  0.08789899
 -0.04264338  0.64952119  0.34998782 -0.53058491 -0.04515482 -0.11819948
  0.17976799  0.43175381 -0.32598934  0.23140174 -0.10830313 -0.620474
  0.10339434  0.14489665 -0.46987744  0.20569444  0.26113665 -0.64465726
 -0.01773417  0.38321375  0.02522486  0.03883313 -0.5507843   0.53327864
  0.55438923  0.56334139  0.64206824  0.23320084 -0.16969713  0.57226092
 -0.1739825   0.41662592 -0.61571765  0.12095572  0.34354455 -0.62800623
 -0.0077133  -0.22900168  0.07165719 -0.29710952  0.27660395 -0.49003938
 -0.29952028 -0.82416638 -0.50186589 -0.22687125 -0.19726208]
3120,[ 0.20302206  0.10588492 -0.09829517  0.13316487  0.37096127  0.08789744
 -0.04264112  0.64951878  0.34998533 -0.53058386 -0.04515445 -0.11819678
  0.17976666  0.43175635 -0.32598942  0.23140386 -0.10830178 -0.62047319
  0.10339291  0.14489816 -0.46987766  0.20569309  0.26113619 -0.64465939
 -0.01773636  0.3832127   0.02522878  0.03883182 -0.55078603  0.5332822
  0.55438581  0.56334231  0.64206981  0.23320091 -0.16969581  0.5722613
 -0.17398394  0.41662496 -0.61571704  0.12095417  0.3435449  -0.6280036
 -0.00771633 -0.22900194  0.0716554  -0.29711004  0.27660587 -0.49003511
 -0.29952272 -0.82416608 -0.50186688 -0.22687088 -0.19726278]
3121,[ 0.20302457  0.10588593 -0.09830162  0.13316626  0.37096271  0.0878959
 -0.04263886  0.64951637  0.34998284 -0.53058282 -0.04515409 -0.11819408
  0.17976532  0.43175889 -0.32598949  0.23140597 -0.10830044 -0.62047239
  0.10339148  0.14489967 -0.46987788  0.20569174  0.26113574 -0.64466151
 -0.01773854  0.38321165  0.0252327   0.03883051 -0.55078776  0.53328575
  0.55438239  0.56334324  0.64207138  0.23320097 -0.16969448  0.57226167
 -0.17398539  0.41662401 -0.61571643  0.12095261  0.34354524 -0.62800098
 -0.00771935 -0.2290022   0.07165362 -0.29711057  0.27660778 -0.49003085
 -0.29952516 -0.82416578 -0.50186787 -0.22687051 -0.19726347]
3122,[ 0.20302708  0.10588695 -0.09830805  0.13316765  0.37096414  0.08789436
 -0.04263661  0.64951397  0.34998036 -0.53058177 -0.04515373 -0.11819138
  0.17976399  0.43176143 -0.32598957  0.23140809 -0.1082991  -0.62047159
  0.10339006  0.14490117 -0.4698781   0.20569039  0.26113528 -0.64466363
 -0.01774072  0.3832106   0.02523661  0.0388292  -0.55078949  0.5332893
  0.55437897  0.56334416  0.64207295  0.23320104 -0.16969315  0.57226204
 -0.17398683  0.41662305 -0.61571583  0.12095106  0.34354559 -0.62799836
 -0.00772237 -0.22900246  0.07165183 -0.2971111   0.27660968 -0.49002659
 -0.29952759 -0.82416549 -0.50186885 -0.22687014 -0.19726417]
3123,[ 0.20302959  0.10588795 -0.09831448  0.13316904  0.37096558  0.08789283
 -0.04263435  0.64951156  0.34997788 -0.53058073 -0.04515336 -0.11818868
  0.17976266  0.43176396 -0.32598965  0.2314102  -0.10829777 -0.62047079
  0.10338864  0.14490268 -0.46987832  0.20568905  0.26113483 -0.64466574
 -0.0177429   0.38320955  0.02524052  0.0388279  -0.55079122  0.53329285
  0.55437556  0.56334508  0.64207452  0.2332011  -0.16969183  0.57226241
 -0.17398827  0.4166221  -0.61571522  0.12094951  0.34354594 -0.62799574
 -0.00772539 -0.22900271  0.07165005 -0.29711162  0.27661159 -0.49002234
 -0.29953002 -0.82416519 -0.50186984 -0.22686977 -0.19726486]
3124,[ 0.2030321   0.10588896 -0.0983209   0.13317043  0.37096701  0.08789129
 -0.0426321   0.64950916  0.3499754  -0.53057968 -0.045153   -0.11818599
  0.17976134  0.43176649 -0.32598973  0.23141231 -0.10829643 -0.62046998
  0.10338721  0.14490418 -0.46987854  0.20568771  0.26113438 -0.64466786
 -0.01774507  0.38320851  0.02524443  0.03882659 -0.55079294  0.53329639
  0.55437215  0.563346    0.64207609  0.23320117 -0.16969051  0.57226279
 -0.17398971  0.41662114 -0.61571461  0.12094796  0.34354629 -0.62799313
 -0.0077284  -0.22900297  0.07164827 -0.29711215  0.27661349 -0.49001809
 -0.29953245 -0.8241649  -0.50187083 -0.2268694  -0.19726556]
3125,[ 0.2030346   0.10588997 -0.09832732  0.13317181  0.37096844  0.08788976
 -0.04262986  0.64950677  0.34997293 -0.53057864 -0.04515264 -0.1181833
  0.17976001  0.43176901 -0.3259898   0.23141441 -0.10829509 -0.62046918
  0.10338579  0.14490569 -0.46987876  0.20568637  0.26113393 -0.64466997
 -0.01774725  0.38320746  0.02524833  0.03882529 -0.55079467  0.53329993
  0.55436875  0.56334692  0.64207765  0.23320123 -0.16968919  0.57226316
 -0.17399115  0.41662019 -0.61571401  0.12094641  0.34354663 -0.62799052
 -0.00773141 -0.22900323  0.07164649 -0.29711267  0.2766154  -0.49001385
 -0.29953488 -0.82416461 -0.50187181 -0.22686903 -0.19726625]
3126,[ 0.2030371   0.10589098 -0.09833373  0.1331732   0.37096987  0.08788823
 -0.04262761  0.64950437  0.34997045 -0.5305776  -0.04515227 -0.11818062
  0.17975869  0.43177154 -0.32598988  0.23141652 -0.10829376 -0.62046839
  0.10338437  0.14490719 -0.46987898  0.20568502  0.26113347 -0.64467208
 -0.01774942  0.38320642  0.02525223  0.03882398 -0.55079639  0.53330346
  0.55436535  0.56334784  0.64207921  0.2332013  -0.16968787  0.57226353
 -0.17399259  0.41661924 -0.6157134   0.12094487  0.34354698 -0.62798791
 -0.00773441 -0.22900348  0.07164472 -0.2971132   0.2766173  -0.49000961
 -0.2995373  -0.82416431 -0.5018728  -0.22686867 -0.19726695]
3127,[ 0.2030396   0.10589198 -0.09834013  0.13317458  0.37097129  0.0878867
 -0.04262537  0.64950198  0.34996798 -0.53057656 -0.04515191 -0.11817793
  0.17975736  0.43177406 -0.32598996  0.23141862 -0.10829243 -0.62046759
  0.10338296  0.14490869 -0.4698792   0.20568369  0.26113302 -0.64467419
 -0.01775158  0.38320537  0.02525612  0.03882268 -0.55079811  0.53330699
  0.55436195  0.56334876  0.64208078  0.23320136 -0.16968655  0.5722639
 -0.17399402  0.41661829 -0.6157128   0.12094332  0.34354733 -0.6279853
 -0.00773741 -0.22900374  0.07164295 -0.29711372  0.27661919 -0.49000537
 -0.29953972 -0.82416402 -0.50187378 -0.2268683  -0.19726764]
3128,[ 0.20304209  0.10589299 -0.09834652  0.13317596  0.37097272  0.08788517
 -0.04262313  0.64949959  0.34996552 -0.53057552 -0.04515155 -0.11817526
  0.17975604  0.43177658 -0.32599004  0.23142072 -0.1082911  -0.62046679
  0.10338154  0.14491018 -0.46987942  0.20568235  0.26113257 -0.64467629
 -0.01775375  0.38320433  0.02526001  0.03882138 -0.55079982  0.53331052
  0.55435856  0.56334968  0.64208234  0.23320143 -0.16968524  0.57226427
 -0.17399546  0.41661734 -0.6157122   0.12094178  0.34354767 -0.6279827
 -0.00774041 -0.22900399  0.07164117 -0.29711424  0.27662109 -0.49000114
 -0.29954214 -0.82416373 -0.50187476 -0.22686793 -0.19726833]
3129,[ 0.20304458  0.10589399 -0.09835291  0.13317734  0.37097414  0.08788364
 -0.04262089  0.64949721  0.34996305 -0.53057448 -0.04515119 -0.11817258
  0.17975472  0.43177909 -0.32599011  0.23142282 -0.10828977 -0.62046599
  0.10338013  0.14491168 -0.46987963  0.20568101  0.26113212 -0.6446784
 -0.01775591  0.38320329  0.02526389  0.03882008 -0.55080154  0.53331404
  0.55435517  0.56335059  0.64208389  0.23320149 -0.16968392  0.57226464
 -0.17399689  0.41661639 -0.61571159  0.12094024  0.34354802 -0.6279801
 -0.00774341 -0.22900425  0.0716394  -0.29711476  0.27662298 -0.48999692
 -0.29954455 -0.82416343 -0.50187574 -0.22686757 -0.19726902]
3130,[ 0.20304707  0.10589499 -0.09835929  0.13317872  0.37097557  0.08788211
 -0.04261865  0.64949482  0.34996059 -0.53057345 -0.04515083 -0.1181699
  0.1797534   0.4317816  -0.32599019  0.23142491 -0.10828844 -0.6204652
  0.10337872  0.14491317 -0.46987985  0.20567968  0.26113167 -0.6446805
 -0.01775807  0.38320225  0.02526777  0.03881879 -0.55080325  0.53331756
  0.55435179  0.56335151  0.64208545  0.23320156 -0.16968261  0.57226501
 -0.17399832  0.41661544 -0.61571099  0.12093871  0.34354836 -0.6279775
 -0.0077464  -0.2290045   0.07163764 -0.29711529  0.27662487 -0.4899927
 -0.29954697 -0.82416314 -0.50187672 -0.2268672  -0.19726971]
3131,[ 0.20304956  0.10589599 -0.09836566  0.13318009  0.37097699  0.08788059
 -0.04261642  0.64949244  0.34995813 -0.53057241 -0.04515047 -0.11816723
  0.17975208  0.43178411 -0.32599027  0.23142701 -0.10828712 -0.6204644
  0.1033773   0.14491467 -0.46988007  0.20567835  0.26113122 -0.64468259
 -0.01776023  0.38320121  0.02527165  0.03881749 -0.55080497  0.53332107
  0.55434841  0.56335242  0.642087    0.23320162 -0.1696813   0.57226537
 -0.17399975  0.4166145  -0.61571039  0.12093717  0.34354871 -0.62797491
 -0.00774939 -0.22900476  0.07163587 -0.29711581  0.27662676 -0.48998848
 -0.29954938 -0.82416285 -0.5018777  -0.22686684 -0.1972704 ]
3132,[ 0.20305204  0.10589699 -0.09837202  0.13318147  0.37097841  0.08787907
 -0.04261419  0.64949006  0.34995568 -0.53057138 -0.04515011 -0.11816457
  0.17975077  0.43178662 -0.32599034  0.2314291  -0.10828579 -0.62046361
  0.1033759   0.14491616 -0.46988029  0.20567701  0.26113077 -0.64468469
 -0.01776239  0.38320017  0.02527552  0.0388162  -0.55080667  0.53332458
  0.55434503  0.56335333  0.64208856  0.23320168 -0.16967999  0.57226574
 -0.17400117  0.41661355 -0.61570979  0.12093563  0.34354905 -0.62797232
 -0.00775237 -0.22900501  0.07163411 -0.29711633  0.27662865 -0.48998427
 -0.29955178 -0.82416256 -0.50187868 -0.22686647 -0.19727109]
3133,[ 0.20305452  0.10589799 -0.09837838  0.13318284  0.37097982  0.08787755
 -0.04261196  0.64948769  0.34995322 -0.53057034 -0.04514975 -0.1181619
  0.17974945  0.43178912 -0.32599042  0.23143118 -0.10828447 -0.62046282
  0.10337449  0.14491765 -0.4698805   0.20567569  0.26113033 -0.64468678
 -0.01776454  0.38319914  0.02527939  0.0388149  -0.55080838  0.53332809
  0.55434166  0.56335424  0.64209011  0.23320175 -0.16967868  0.57226611
 -0.1740026   0.41661261 -0.61570919  0.1209341   0.3435494  -0.62796973
 -0.00775535 -0.22900527  0.07163235 -0.29711685  0.27663053 -0.48998007
 -0.29955419 -0.82416226 -0.50187966 -0.22686611 -0.19727178]
3134,[ 0.203057    0.10589899 -0.09838473  0.13318421  0.37098124  0.08787603
 -0.04260974  0.64948532  0.34995077 -0.53056931 -0.04514939 -0.11815924
  0.17974814  0.43179162 -0.3259905   0.23143327 -0.10828315 -0.62046203
  0.10337308  0.14491913 -0.46988072  0.20567436  0.26112988 -0.64468887
 -0.01776669  0.3831981   0.02528325  0.03881361 -0.55081009  0.53333159
  0.55433829  0.56335515  0.64209166  0.23320181 -0.16967737  0.57226648
 -0.17400402  0.41661167 -0.61570859  0.12093257  0.34354974 -0.62796715
 -0.00775833 -0.22900552  0.07163059 -0.29711737  0.27663241 -0.48997587
 -0.29955659 -0.82416197 -0.50188063 -0.22686575 -0.19727246]
3135,[ 0.20305948  0.10589998 -0.09839107  0.13318558  0.37098266  0.08787451
 -0.04260751  0.64948295  0.34994833 -0.53056828 -0.04514903 -0.11815658
  0.17974683  0.43179412 -0.32599058  0.23143535 -0.10828183 -0.62046124
  0.10337168  0.14492062 -0.46988094  0.20567303  0.26112943 -0.64469096
 -0.01776884  0.38319707  0.02528711  0.03881232 -0.55081179  0.53333509
  0.55433492  0.56335606  0.6420932   0.23320188 -0.16967606  0.57226684
 -0.17400545  0.41661073 -0.61570799  0.12093104  0.34355008 -0.62796456
 -0.0077613  -0.22900577  0.07162883 -0.29711789  0.27663429 -0.48997167
 -0.29955899 -0.82416168 -0.50188161 -0.22686538 -0.19727315]
3136,[ 0.20306195  0.10590098 -0.09839741  0.13318695  0.37098407  0.087873
 -0.04260529  0.64948058  0.34994588 -0.53056725 -0.04514867 -0.11815393
  0.17974552  0.43179662 -0.32599065  0.23143743 -0.10828051 -0.62046045
  0.10337028  0.1449221  -0.46988115  0.2056717   0.26112898 -0.64469305
 -0.01777098  0.38319604  0.02529096  0.03881103 -0.55081349  0.53333858
  0.55433156  0.56335697  0.64209475  0.23320194 -0.16967476  0.57226721
 -0.17400687  0.41660978 -0.6157074   0.12092951  0.34355042 -0.62796199
 -0.00776428 -0.22900603  0.07162707 -0.2971184   0.27663617 -0.48996748
 -0.29956138 -0.82416139 -0.50188258 -0.22686502 -0.19727384]
3137,[ 0.20306442  0.10590197 -0.09840374  0.13318832  0.37098548  0.08787149
 -0.04260307  0.64947821  0.34994344 -0.53056622 -0.04514831 -0.11815127
  0.17974421  0.43179911 -0.32599073  0.23143951 -0.10827919 -0.62045966
  0.10336887  0.14492359 -0.46988137  0.20567038  0.26112854 -0.64469513
 -0.01777313  0.383195    0.02529481  0.03880975 -0.55081519  0.53334208
  0.5543282   0.56335788  0.64209629  0.23320201 -0.16967346  0.57226758
 -0.17400829  0.41660884 -0.6157068   0.12092799  0.34355077 -0.62795941
 -0.00776724 -0.22900628  0.07162532 -0.29711892  0.27663805 -0.48996329
 -0.29956378 -0.8241611  -0.50188355 -0.22686466 -0.19727452]
3138,[ 0.20306689  0.10590296 -0.09841006  0.13318968  0.37098689  0.08786997
 -0.04260086  0.64947585  0.349941   -0.53056519 -0.04514795 -0.11814862
  0.17974291  0.4318016  -0.3259908   0.23144159 -0.10827787 -0.62045887
  0.10336747  0.14492507 -0.46988159  0.20566906  0.26112809 -0.64469721
 -0.01777527  0.38319397  0.02529865  0.03880846 -0.55081689  0.53334556
  0.55432484  0.56335879  0.64209783  0.23320207 -0.16967216  0.57226794
 -0.1740097   0.41660791 -0.6157062   0.12092646  0.34355111 -0.62795684
 -0.00777021 -0.22900653  0.07162357 -0.29711944  0.27663992 -0.48995911
 -0.29956617 -0.82416081 -0.50188452 -0.22686429 -0.1972752 ]
3139,[ 0.20306935  0.10590396 -0.09841637  0.13319105  0.3709883   0.08786846
 -0.04259865  0.64947349  0.34993856 -0.53056417 -0.0451476  -0.11814598
  0.1797416   0.43180409 -0.32599088  0.23144366 -0.10827656 -0.62045808
  0.10336608  0.14492655 -0.4698818   0.20566774  0.26112765 -0.64469929
 -0.01777741  0.38319294  0.02530249  0.03880718 -0.55081859  0.53334904
  0.55432149  0.56335969  0.64209937  0.23320213 -0.16967086  0.57226831
 -0.17401112  0.41660697 -0.61570561  0.12092494  0.34355145 -0.62795426
 -0.00777317 -0.22900679  0.07162182 -0.29711995  0.27664179 -0.48995493
 -0.29956855 -0.82416052 -0.50188549 -0.22686393 -0.19727589]
3140,[ 0.20307181  0.10590495 -0.09842268  0.13319241  0.3709897   0.08786696
 -0.04259643  0.64947114  0.34993613 -0.53056314 -0.04514724 -0.11814333
  0.1797403   0.43180657 -0.32599096  0.23144574 -0.10827525 -0.62045729
  0.10336468  0.14492802 -0.46988202  0.20566642  0.2611272  -0.64470137
 -0.01777954  0.38319192  0.02530633  0.0388059  -0.55082028  0.53335252
  0.55431815  0.5633606   0.64210091  0.2332022  -0.16966956  0.57226867
 -0.17401253  0.41660603 -0.61570501  0.12092342  0.34355179 -0.6279517
 -0.00777613 -0.22900704  0.07162007 -0.29712047  0.27664366 -0.48995076
 -0.29957094 -0.82416023 -0.50188646 -0.22686357 -0.19727657]
3141,[ 0.20307427  0.10590594 -0.09842898  0.13319377  0.37099111  0.08786545
 -0.04259423  0.64946878  0.3499337  -0.53056212 -0.04514688 -0.11814069
  0.17973899  0.43180905 -0.32599103  0.2314478  -0.10827394 -0.62045651
  0.10336329  0.1449295  -0.46988223  0.2056651   0.26112676 -0.64470344
 -0.01778168  0.38319089  0.02531016  0.03880461 -0.55082197  0.533356
  0.5543148   0.5633615   0.64210245  0.23320226 -0.16966826  0.57226904
 -0.17401395  0.4166051  -0.61570442  0.1209219   0.34355213 -0.62794913
 -0.00777908 -0.22900729  0.07161833 -0.29712099  0.27664553 -0.48994659
 -0.29957332 -0.82415994 -0.50188743 -0.22686321 -0.19727725]
3142,[ 0.20307673  0.10590692 -0.09843527  0.13319513  0.37099251  0.08786395
 -0.04259202  0.64946643  0.34993127 -0.5305611  -0.04514653 -0.11813805
  0.17973769  0.43181153 -0.32599111  0.23144987 -0.10827263 -0.62045572
  0.10336189  0.14493097 -0.46988245  0.20566378  0.26112631 -0.64470552
 -0.01778381  0.38318986  0.02531399  0.03880334 -0.55082367  0.53335947
  0.55431146  0.5633624   0.64210399  0.23320233 -0.16966697  0.5722694
 -0.17401536  0.41660416 -0.61570382  0.12092038  0.34355247 -0.62794657
 -0.00778203 -0.22900754  0.07161658 -0.2971215   0.2766474  -0.48994243
 -0.2995757  -0.82415966 -0.5018884  -0.22686285 -0.19727793]
3143,[ 0.20307918  0.10590791 -0.09844156  0.13319649  0.37099391  0.08786244
 -0.04258982  0.64946408  0.34992885 -0.53056008 -0.04514617 -0.11813542
  0.17973639  0.43181401 -0.32599119  0.23145194 -0.10827132 -0.62045494
  0.1033605   0.14493245 -0.46988266  0.20566247  0.26112587 -0.64470758
 -0.01778594  0.38318884  0.02531781  0.03880206 -0.55082535  0.53336294
  0.55430813  0.5633633   0.64210552  0.23320239 -0.16966567  0.57226976
 -0.17401677  0.41660323 -0.61570323  0.12091886  0.34355281 -0.62794401
 -0.00778498 -0.22900779  0.07161484 -0.29712201  0.27664926 -0.48993827
 -0.29957808 -0.82415937 -0.50188936 -0.22686249 -0.19727861]
3144,[ 0.20308163  0.1059089  -0.09844784  0.13319784  0.37099531  0.08786094
 -0.04258762  0.64946174  0.34992642 -0.53055905 -0.04514582 -0.11813279
  0.1797351   0.43181648 -0.32599126  0.231454   -0.10827001 -0.62045416
  0.10335911  0.14493392 -0.46988288  0.20566116  0.26112543 -0.64470965
 -0.01778806  0.38318782  0.02532163  0.03880078 -0.55082704  0.5333664
  0.5543048   0.5633642   0.64210705  0.23320245 -0.16966438  0.57227013
 -0.17401818  0.4166023  -0.61570264  0.12091735  0.34355315 -0.62794146
 -0.00778793 -0.22900804  0.0716131  -0.29712253  0.27665112 -0.48993412
 -0.29958045 -0.82415908 -0.50189033 -0.22686213 -0.19727929]
3145,[ 0.20308408  0.10590988 -0.09845411  0.1331992   0.37099671  0.08785944
 -0.04258542  0.64945939  0.349924   -0.53055804 -0.04514546 -0.11813016
  0.1797338   0.43181895 -0.32599134  0.23145606 -0.10826871 -0.62045337
  0.10335772  0.14493538 -0.46988309  0.20565984  0.26112499 -0.64471172
 -0.01779019  0.38318679  0.02532545  0.03879951 -0.55082873  0.53336986
  0.55430147  0.5633651   0.64210858  0.23320252 -0.16966309  0.57227049
 -0.17401958  0.41660137 -0.61570205  0.12091584  0.34355349 -0.6279389
 -0.00779087 -0.2290083   0.07161136 -0.29712304  0.27665298 -0.48992997
 -0.29958282 -0.82415879 -0.50189129 -0.22686177 -0.19727997]
3146,[ 0.20308652  0.10591087 -0.09846038  0.13320055  0.37099811  0.08785794
 -0.04258322  0.64945705  0.34992159 -0.53055702 -0.04514511 -0.11812753
  0.1797325   0.43182142 -0.32599141  0.23145812 -0.1082674  -0.62045259
  0.10335633  0.14493685 -0.4698833   0.20565853  0.26112454 -0.64471378
 -0.01779231  0.38318577  0.02532926  0.03879823 -0.55083041  0.53337331
  0.55429814  0.563366    0.64211011  0.23320258 -0.1696618   0.57227085
 -0.17402099  0.41660044 -0.61570146  0.12091433  0.34355383 -0.62793635
 -0.00779381 -0.22900855  0.07160963 -0.29712355  0.27665484 -0.48992582
 -0.29958519 -0.82415851 -0.50189225 -0.22686141 -0.19728065]
3147,[ 0.20308896  0.10591185 -0.09846663  0.1332019   0.37099951  0.08785645
 -0.04258103  0.64945471  0.34991917 -0.530556   -0.04514475 -0.11812491
  0.17973121  0.43182388 -0.32599149  0.23146017 -0.1082661  -0.62045181
  0.10335495  0.14493832 -0.46988352  0.20565723  0.2611241  -0.64471584
 -0.01779443  0.38318475  0.02533306  0.03879696 -0.55083209  0.53337677
  0.55429482  0.5633669   0.64211164  0.23320264 -0.16966051  0.57227121
 -0.17402239  0.41659951 -0.61570086  0.12091282  0.34355417 -0.62793381
 -0.00779674 -0.2290088   0.07160789 -0.29712406  0.27665669 -0.48992168
 -0.29958756 -0.82415822 -0.50189322 -0.22686105 -0.19728133]
3148,[ 0.2030914   0.10591283 -0.09847288  0.13320325  0.3710009   0.08785495
 -0.04257884  0.64945238  0.34991676 -0.53055498 -0.0451444  -0.11812229
  0.17972992  0.43182634 -0.32599156  0.23146222 -0.1082648  -0.62045103
  0.10335356  0.14493978 -0.46988373  0.20565592  0.26112366 -0.6447179
 -0.01779655  0.38318373  0.02533687  0.03879569 -0.55083377  0.53338021
  0.55429151  0.5633678   0.64211316  0.23320271 -0.16965922  0.57227158
 -0.17402379  0.41659858 -0.61570028  0.12091131  0.34355451 -0.62793126
 -0.00779967 -0.22900905  0.07160616 -0.29712458  0.27665855 -0.48991755
 -0.29958992 -0.82415793 -0.50189418 -0.2268607  -0.197282  ]
3149,[ 0.20309384  0.10591381 -0.09847913  0.1332046   0.37100229  0.08785346
 -0.04257665  0.64945004  0.34991435 -0.53055397 -0.04514405 -0.11811967
  0.17972863  0.4318288  -0.32599164  0.23146428 -0.1082635  -0.62045025
  0.10335218  0.14494124 -0.46988394  0.20565461  0.26112322 -0.64471995
 -0.01779866  0.38318271  0.02534066  0.03879442 -0.55083545  0.53338366
  0.55428819  0.56336869  0.64211468  0.23320277 -0.16965794  0.57227194
 -0.17402519  0.41659765 -0.61569969  0.12090981  0.34355484 -0.62792872
 -0.0078026  -0.2290093   0.07160443 -0.29712509  0.2766604  -0.48991342
 -0.29959228 -0.82415765 -0.50189513 -0.22686034 -0.19728268]
3150,[ 0.20309627  0.10591479 -0.09848537  0.13320595  0.37100368  0.08785197
 -0.04257447  0.64944771  0.34991194 -0.53055296 -0.04514369 -0.11811706
  0.17972734  0.43183126 -0.32599172  0.23146632 -0.1082622  -0.62044948
  0.1033508   0.14494271 -0.46988416  0.20565331  0.26112278 -0.64472201
 -0.01780077  0.3831817   0.02534446  0.03879315 -0.55083712  0.5333871
  0.55428488  0.56336958  0.6421162   0.23320283 -0.16965665  0.5722723
 -0.17402659  0.41659672 -0.6156991   0.1209083   0.34355518 -0.62792618
 -0.00780553 -0.22900955  0.0716027  -0.2971256   0.27666225 -0.48990929
 -0.29959464 -0.82415736 -0.50189609 -0.22685998 -0.19728335]
3151,[ 0.20309871  0.10591577 -0.09849159  0.13320729  0.37100507  0.08785048
 -0.04257228  0.64944539  0.34990954 -0.53055194 -0.04514334 -0.11811445
  0.17972605  0.43183371 -0.32599179  0.23146837 -0.10826091 -0.6204487
  0.10334942  0.14494416 -0.46988437  0.205652    0.26112234 -0.64472406
 -0.01780288  0.38318068  0.02534824  0.03879188 -0.55083879  0.53339053
  0.55428158  0.56337048  0.64211772  0.2332029  -0.16965537  0.57227266
 -0.17402799  0.4165958  -0.61569851  0.1209068   0.34355552 -0.62792364
 -0.00780845 -0.22900979  0.07160098 -0.29712611  0.27666409 -0.48990517
 -0.299597   -0.82415707 -0.50189705 -0.22685962 -0.19728403]
3152,[ 0.20310113  0.10591674 -0.09849782  0.13320864  0.37100646  0.08784899
 -0.0425701   0.64944306  0.34990714 -0.53055093 -0.04514299 -0.11811184
  0.17972476  0.43183616 -0.32599187  0.23147041 -0.10825961 -0.62044792
  0.10334804  0.14494562 -0.46988458  0.2056507   0.2611219  -0.64472611
 -0.01780499  0.38317967  0.02535203  0.03879062 -0.55084047  0.53339397
  0.55427828  0.56337137  0.64211924  0.23320296 -0.16965409  0.57227302
 -0.17402938  0.41659488 -0.61569792  0.1209053   0.34355585 -0.62792111
 -0.00781137 -0.22901004  0.07159925 -0.29712661  0.27666594 -0.48990105
 -0.29959935 -0.82415679 -0.50189801 -0.22685927 -0.1972847 ]
3153,[ 0.20310356  0.10591772 -0.09850403  0.13320998  0.37100785  0.08784751
 -0.04256792  0.64944074  0.34990474 -0.53054992 -0.04514264 -0.11810923
  0.17972348  0.43183861 -0.32599194  0.23147246 -0.10825832 -0.62044715
  0.10334667  0.14494708 -0.46988479  0.2056494   0.26112146 -0.64472815
 -0.01780709  0.38317866  0.02535581  0.03878935 -0.55084214  0.53339739
  0.55427498  0.56337226  0.64212076  0.23320302 -0.16965281  0.57227338
 -0.17403078  0.41659395 -0.61569734  0.1209038   0.34355619 -0.62791858
 -0.00781428 -0.22901029  0.07159753 -0.29712712  0.27666778 -0.48989694
 -0.2996017  -0.8241565  -0.50189896 -0.22685891 -0.19728537]
3154,[ 0.20310598  0.1059187  -0.09851024  0.13321132  0.37100923  0.08784602
 -0.04256575  0.64943842  0.34990235 -0.53054891 -0.04514229 -0.11810663
  0.1797222   0.43184106 -0.32599202  0.23147449 -0.10825703 -0.62044638
  0.10334529  0.14494853 -0.46988501  0.2056481   0.26112103 -0.6447302
 -0.0178092   0.38317764  0.02535959  0.03878809 -0.5508438   0.53340082
  0.55427168  0.56337315  0.64212227  0.23320308 -0.16965153  0.57227374
 -0.17403217  0.41659303 -0.61569675  0.1209023   0.34355653 -0.62791605
 -0.00781719 -0.22901054  0.07159581 -0.29712763  0.27666962 -0.48989283
 -0.29960405 -0.82415622 -0.50189991 -0.22685856 -0.19728604]
3155,[ 0.2031084   0.10591967 -0.09851644  0.13321266  0.37101061  0.08784454
 -0.04256357  0.6494361   0.34989995 -0.53054791 -0.04514194 -0.11810403
  0.17972091  0.4318435  -0.32599209  0.23147653 -0.10825573 -0.6204456
  0.10334392  0.14494998 -0.46988522  0.20564681  0.26112059 -0.64473224
 -0.0178113   0.38317663  0.02536336  0.03878683 -0.55084547  0.53340424
  0.55426839  0.56337404  0.64212379  0.23320315 -0.16965026  0.5722741
 -0.17403356  0.41659211 -0.61569617  0.12090081  0.34355686 -0.62791353
 -0.0078201  -0.22901079  0.07159409 -0.29712814  0.27667146 -0.48988873
 -0.2996064  -0.82415594 -0.50190087 -0.2268582  -0.19728671]
3156,[ 0.20311082  0.10592064 -0.09852264  0.133214    0.371012    0.08784306
 -0.0425614   0.64943379  0.34989756 -0.5305469  -0.04514159 -0.11810143
  0.17971963  0.43184594 -0.32599217  0.23147857 -0.10825445 -0.62044483
  0.10334255  0.14495144 -0.46988543  0.20564551  0.26112015 -0.64473428
 -0.0178134   0.38317562  0.02536713  0.03878557 -0.55084713  0.53340766
  0.5542651   0.56337493  0.6421253   0.23320321 -0.16964898  0.57227445
 -0.17403495  0.41659119 -0.61569558  0.12089931  0.3435572  -0.62791101
 -0.00782301 -0.22901104  0.07159237 -0.29712864  0.27667329 -0.48988463
 -0.29960874 -0.82415565 -0.50190182 -0.22685785 -0.19728738]
3157,[ 0.20311323  0.10592161 -0.09852883  0.13321533  0.37101338  0.08784158
 -0.04255923  0.64943148  0.34989517 -0.53054589 -0.04514123 -0.11809884
  0.17971835  0.43184837 -0.32599224  0.2314806  -0.10825316 -0.62044406
  0.10334118  0.14495289 -0.46988564  0.20564422  0.26111972 -0.64473632
 -0.01781549  0.38317461  0.02537089  0.03878431 -0.55084879  0.53341107
  0.55426182  0.56337582  0.64212681  0.23320327 -0.16964771  0.57227481
 -0.17403634  0.41659027 -0.615695    0.12089782  0.34355753 -0.62790849
 -0.00782591 -0.22901128  0.07159066 -0.29712915  0.27667513 -0.48988054
 -0.29961108 -0.82415537 -0.50190277 -0.22685749 -0.19728805]
3158,[ 0.20311565  0.10592258 -0.09853501  0.13321667  0.37101475  0.0878401
 -0.04255707  0.64942917  0.34989279 -0.53054489 -0.04514089 -0.11809625
  0.17971708  0.43185081 -0.32599232  0.23148263 -0.10825187 -0.62044329
  0.10333981  0.14495433 -0.46988585  0.20564292  0.26111928 -0.64473835
 -0.01781759  0.38317361  0.02537465  0.03878306 -0.55085045  0.53341448
  0.55425854  0.5633767   0.64212831  0.23320334 -0.16964644  0.57227517
 -0.17403772  0.41658935 -0.61569441  0.12089633  0.34355786 -0.62790597
 -0.00782881 -0.22901153  0.07158895 -0.29712966  0.27667696 -0.48987645
 -0.29961341 -0.82415508 -0.50190372 -0.22685714 -0.19728872]
3159,[ 0.20311806  0.10592355 -0.09854118  0.133218    0.37101613  0.08783862
 -0.0425549   0.64942686  0.34989041 -0.53054389 -0.04514054 -0.11809366
  0.1797158   0.43185324 -0.32599239  0.23148466 -0.10825059 -0.62044252
  0.10333844  0.14495578 -0.46988606  0.20564163  0.26111885 -0.64474039
 -0.01781968  0.3831726   0.0253784   0.0387818  -0.55085211  0.53341788
  0.55425527  0.56337759  0.64212982  0.2332034  -0.16964516  0.57227553
 -0.17403911  0.41658844 -0.61569383  0.12089484  0.3435582  -0.62790346
 -0.0078317  -0.22901178  0.07158724 -0.29713016  0.27667879 -0.48987237
 -0.29961575 -0.8241548  -0.50190467 -0.22685678 -0.19728939]
3160,[ 0.20312046  0.10592452 -0.09854735  0.13321933  0.37101751  0.08783715
 -0.04255274  0.64942455  0.34988803 -0.53054288 -0.04514019 -0.11809108
  0.17971452  0.43185567 -0.32599246  0.23148668 -0.1082493  -0.62044175
  0.10333708  0.14495722 -0.46988627  0.20564034  0.26111841 -0.64474242
 -0.01782176  0.38317159  0.02538215  0.03878055 -0.55085377  0.53342128
  0.55425199  0.56337847  0.64213132  0.23320346 -0.1696439   0.57227588
 -0.17404049  0.41658752 -0.61569325  0.12089335  0.34355853 -0.62790095
 -0.00783459 -0.22901202  0.07158553 -0.29713066  0.27668062 -0.48986829
 -0.29961808 -0.82415452 -0.50190561 -0.22685643 -0.19729006]
3161,[ 0.20312287  0.10592549 -0.09855351  0.13322066  0.37101888  0.08783568
 -0.04255058  0.64942225  0.34988565 -0.53054188 -0.04513984 -0.1180885
  0.17971325  0.43185809 -0.32599254  0.23148871 -0.10824802 -0.62044098
  0.10333571  0.14495867 -0.46988648  0.20563905  0.26111798 -0.64474444
 -0.01782385  0.38317059  0.0253859   0.03877929 -0.55085542  0.53342468
  0.55424872  0.56337936  0.64213283  0.23320352 -0.16964263  0.57227624
 -0.17404187  0.41658661 -0.61569267  0.12089187  0.34355886 -0.62789844
 -0.00783748 -0.22901227  0.07158382 -0.29713117  0.27668244 -0.48986421
 -0.29962041 -0.82415424 -0.50190656 -0.22685608 -0.19729072]
3162,[ 0.20312527  0.10592646 -0.09855966  0.13322199  0.37102025  0.0878342
 -0.04254843  0.64941995  0.34988328 -0.53054088 -0.04513949 -0.11808592
  0.17971198  0.43186052 -0.32599261  0.23149073 -0.10824674 -0.62044021
  0.10333435  0.14496011 -0.46988669  0.20563777  0.26111754 -0.64474647
 -0.01782593  0.38316959  0.02538964  0.03877804 -0.55085708  0.53342808
  0.55424546  0.56338024  0.64213433  0.23320359 -0.16964136  0.5722766
 -0.17404325  0.41658569 -0.61569209  0.12089039  0.3435592  -0.62789594
 -0.00784037 -0.22901252  0.07158212 -0.29713167  0.27668427 -0.48986014
 -0.29962274 -0.82415395 -0.50190751 -0.22685572 -0.19729139]
3163,[ 0.20312766  0.10592742 -0.09856581  0.13322332  0.37102162  0.08783274
 -0.04254627  0.64941766  0.34988091 -0.53053988 -0.04513914 -0.11808334
  0.17971071  0.43186294 -0.32599269  0.23149275 -0.10824546 -0.62043945
  0.10333299  0.14496155 -0.4698869   0.20563648  0.26111711 -0.64474849
 -0.01782802  0.38316859  0.02539338  0.03877679 -0.55085873  0.53343147
  0.5542422   0.56338112  0.64213583  0.23320365 -0.1696401   0.57227695
 -0.17404463  0.41658478 -0.61569151  0.1208889   0.34355953 -0.62789344
 -0.00784325 -0.22901276  0.07158041 -0.29713217  0.27668609 -0.48985608
 -0.29962506 -0.82415367 -0.50190845 -0.22685537 -0.19729205]
3164,[ 0.20313006  0.10592839 -0.09857195  0.13322465  0.37102299  0.08783127
 -0.04254412  0.64941536  0.34987854 -0.53053889 -0.0451388  -0.11808077
  0.17970944  0.43186536 -0.32599276  0.23149476 -0.10824418 -0.62043868
  0.10333163  0.14496299 -0.46988711  0.2056352   0.26111668 -0.64475051
 -0.0178301   0.38316759  0.02539711  0.03877555 -0.55086038  0.53343485
  0.55423894  0.563382    0.64213732  0.23320371 -0.16963883  0.57227731
 -0.174046    0.41658387 -0.61569093  0.12088742  0.34355986 -0.62789094
 -0.00784613 -0.22901301  0.07157871 -0.29713268  0.27668791 -0.48985201
 -0.29962738 -0.82415339 -0.50190939 -0.22685502 -0.19729272]
3165,[ 0.20313245  0.10592935 -0.09857808  0.13322597  0.37102436  0.0878298
 -0.04254197  0.64941307  0.34987617 -0.53053789 -0.04513845 -0.1180782
  0.17970817  0.43186777 -0.32599284  0.23149678 -0.10824291 -0.62043792
  0.10333027  0.14496442 -0.46988732  0.20563391  0.26111624 -0.64475253
 -0.01783217  0.38316659  0.02540084  0.0387743  -0.55086202  0.53343823
  0.55423569  0.56338288  0.64213882  0.23320377 -0.16963757  0.57227766
 -0.17404738  0.41658296 -0.61569035  0.12088594  0.34356019 -0.62788844
 -0.00784901 -0.22901325  0.07157701 -0.29713318  0.27668973 -0.48984796
 -0.2996297  -0.82415311 -0.50191033 -0.22685467 -0.19729338]
3166,[ 0.20313484  0.10593031 -0.0985842   0.13322729  0.37102572  0.08782834
 -0.04253983  0.64941078  0.34987381 -0.53053689 -0.0451381  -0.11807563
  0.17970691  0.43187018 -0.32599291  0.23149879 -0.10824163 -0.62043715
  0.10332892  0.14496586 -0.46988753  0.20563263  0.26111581 -0.64475455
 -0.01783425  0.38316559  0.02540457  0.03877305 -0.55086367  0.53344161
  0.55423244  0.56338376  0.64214031  0.23320383 -0.16963631  0.57227802
 -0.17404875  0.41658205 -0.61568977  0.12088447  0.34356052 -0.62788595
 -0.00785188 -0.2290135   0.07157532 -0.29713368  0.27669154 -0.48984391
 -0.29963202 -0.82415283 -0.50191128 -0.22685432 -0.19729404]
3167,[ 0.20313723  0.10593127 -0.09859032  0.13322862  0.37102709  0.08782687
 -0.04253768  0.6494085   0.34987145 -0.5305359  -0.04513776 -0.11807306
  0.17970564  0.43187259 -0.32599298  0.2315008  -0.10824036 -0.62043639
  0.10332756  0.14496729 -0.46988774  0.20563135  0.26111538 -0.64475656
 -0.01783632  0.38316459  0.02540829  0.03877181 -0.55086531  0.53344499
  0.55422919  0.56338463  0.64214181  0.2332039  -0.16963505  0.57227837
 -0.17405013  0.41658114 -0.6156892   0.12088299  0.34356086 -0.62788346
 -0.00785475 -0.22901374  0.07157362 -0.29713418  0.27669336 -0.48983986
 -0.29963433 -0.82415255 -0.50191222 -0.22685397 -0.19729471]
3168,[ 0.20313962  0.10593223 -0.09859643  0.13322994  0.37102845  0.08782541
 -0.04253554  0.64940621  0.34986909 -0.53053491 -0.04513741 -0.1180705
  0.17970438  0.431875   -0.32599306  0.2315028  -0.10823909 -0.62043563
  0.10332621  0.14496872 -0.46988795  0.20563008  0.26111495 -0.64475858
 -0.01783839  0.38316359  0.02541201  0.03877057 -0.55086695  0.53344836
  0.55422595  0.56338551  0.6421433   0.23320396 -0.16963379  0.57227872
 -0.1740515   0.41658023 -0.61568862  0.12088152  0.34356119 -0.62788097
 -0.00785761 -0.22901399  0.07157193 -0.29713468  0.27669517 -0.48983581
 -0.29963664 -0.82415227 -0.50191315 -0.22685362 -0.19729537]
3169,[ 0.203142    0.10593319 -0.09860254  0.13323125  0.37102981  0.08782395
 -0.0425334   0.64940393  0.34986673 -0.53053392 -0.04513706 -0.11806794
  0.17970312  0.4318774  -0.32599313  0.23150481 -0.10823782 -0.62043487
  0.10332486  0.14497015 -0.46988816  0.2056288   0.26111452 -0.64476059
 -0.01784046  0.3831626   0.02541572  0.03876933 -0.55086859  0.53345172
  0.55422271  0.56338639  0.64214479  0.23320402 -0.16963253  0.57227908
 -0.17405286  0.41657933 -0.61568804  0.12088005  0.34356152 -0.62787848
 -0.00786048 -0.22901423  0.07157024 -0.29713518  0.27669698 -0.48983178
 -0.29963895 -0.82415199 -0.50191409 -0.22685327 -0.19729603]
3170,[ 0.20314438  0.10593415 -0.09860864  0.13323257  0.37103117  0.08782249
 -0.04253126  0.64940166  0.34986438 -0.53053292 -0.04513672 -0.11806539
  0.17970185  0.43187981 -0.32599321  0.23150681 -0.10823655 -0.62043411
  0.10332351  0.14497158 -0.46988837  0.20562752  0.26111409 -0.64476259
 -0.01784252  0.3831616   0.02541943  0.03876809 -0.55087023  0.53345509
  0.55421947  0.56338726  0.64214627  0.23320408 -0.16963128  0.57227943
 -0.17405423  0.41657842 -0.61568747  0.12087858  0.34356185 -0.627876
 -0.00786334 -0.22901447  0.07156855 -0.29713568  0.27669879 -0.48982774
 -0.29964126 -0.82415171 -0.50191503 -0.22685292 -0.19729669]
3171,[ 0.20314675  0.1059351  -0.09861473  0.13323389  0.37103253  0.08782104
 -0.04252913  0.64939938  0.34986203 -0.53053193 -0.04513638 -0.11806284
  0.1797006   0.4318822  -0.32599328  0.23150881 -0.10823528 -0.62043335
  0.10332216  0.14497301 -0.46988857  0.20562625  0.26111366 -0.6447646
 -0.01784458  0.38316061  0.02542313  0.03876685 -0.55087187  0.53345845
  0.55421624  0.56338813  0.64214776  0.23320414 -0.16963002  0.57227978
 -0.1740556   0.41657752 -0.61568689  0.12087711  0.34356217 -0.62787352
 -0.00786619 -0.22901472  0.07156686 -0.29713617  0.27670059 -0.48982371
 -0.29964356 -0.82415143 -0.50191596 -0.22685257 -0.19729735]
3172,[ 0.20314913  0.10593606 -0.09862081  0.1332352   0.37103389  0.08781958
 -0.042527    0.64939711  0.34985968 -0.53053095 -0.04513603 -0.11806029
  0.17969934  0.4318846  -0.32599335  0.23151081 -0.10823402 -0.62043259
  0.10332081  0.14497443 -0.46988878  0.20562498  0.26111323 -0.6447666
 -0.01784665  0.38315962  0.02542683  0.03876561 -0.5508735   0.5334618
  0.55421301  0.56338901  0.64214924  0.23320421 -0.16962877  0.57228013
 -0.17405696  0.41657661 -0.61568632  0.12087564  0.3435625  -0.62787104
 -0.00786905 -0.22901496  0.07156517 -0.29713667  0.2767024  -0.48981969
 -0.29964586 -0.82415115 -0.5019169  -0.22685222 -0.19729801]
3173,[ 0.2031515   0.10593701 -0.09862689  0.13323651  0.37103524  0.08781813
 -0.04252487  0.64939484  0.34985734 -0.53052996 -0.04513569 -0.11805774
  0.17969808  0.43188699 -0.32599343  0.23151281 -0.10823275 -0.62043183
  0.10331947  0.14497585 -0.46988899  0.20562371  0.2611128  -0.6447686
 -0.0178487   0.38315863  0.02543053  0.03876437 -0.55087514  0.53346515
  0.55420979  0.56338988  0.64215073  0.23320427 -0.16962752  0.57228048
 -0.17405832  0.41657571 -0.61568575  0.12087417  0.34356283 -0.62786857
 -0.0078719  -0.2290152   0.07156349 -0.29713717  0.2767042  -0.48981567
 -0.29964816 -0.82415087 -0.50191783 -0.22685187 -0.19729866]
3174,[ 0.20315387  0.10593797 -0.09863296  0.13323782  0.3710366   0.08781668
 -0.04252274  0.64939257  0.34985499 -0.53052897 -0.04513534 -0.11805519
  0.17969683  0.43188938 -0.3259935   0.2315148  -0.10823149 -0.62043107
  0.10331812  0.14497728 -0.4698892   0.20562244  0.26111237 -0.6447706
 -0.01785076  0.38315764  0.02543422  0.03876314 -0.55087677  0.5334685
  0.55420656  0.56339075  0.64215221  0.23320433 -0.16962627  0.57228084
 -0.17405969  0.41657481 -0.61568517  0.12087271  0.34356316 -0.6278661
 -0.00787474 -0.22901545  0.07156181 -0.29713767  0.276706   -0.48981165
 -0.29965045 -0.82415059 -0.50191877 -0.22685153 -0.19729932]
3175,[ 0.20315624  0.10593892 -0.09863902  0.13323913  0.37103795  0.08781523
 -0.04252061  0.6493903   0.34985266 -0.53052799 -0.045135   -0.11805265
  0.17969557  0.43189177 -0.32599357  0.23151679 -0.10823023 -0.62043032
  0.10331678  0.1449787  -0.4698894   0.20562117  0.26111195 -0.6447726
 -0.01785281  0.38315665  0.02543791  0.03876191 -0.55087839  0.53347185
  0.55420335  0.56339162  0.64215369  0.23320439 -0.16962502  0.57228119
 -0.17406105  0.41657391 -0.6156846   0.12087125  0.34356349 -0.62786363
 -0.00787759 -0.22901569  0.07156013 -0.29713816  0.27670779 -0.48980764
 -0.29965275 -0.82415032 -0.5019197  -0.22685118 -0.19729998]
3176,[ 0.2031586   0.10593987 -0.09864508  0.13324044  0.3710393   0.08781378
 -0.04251849  0.64938804  0.34985032 -0.530527   -0.04513466 -0.11805011
  0.17969432  0.43189416 -0.32599365  0.23151878 -0.10822896 -0.62042956
  0.10331544  0.14498011 -0.46988961  0.2056199   0.26111152 -0.64477459
 -0.01785486  0.38315566  0.02544159  0.03876068 -0.55088002  0.53347519
  0.55420013  0.56339249  0.64215516  0.23320445 -0.16962378  0.57228154
 -0.1740624   0.41657301 -0.61568403  0.12086979  0.34356382 -0.62786117
 -0.00788043 -0.22901593  0.07155845 -0.29713866  0.27670959 -0.48980363
 -0.29965504 -0.82415004 -0.50192063 -0.22685083 -0.19730063]
3177,[ 0.20316096  0.10594082 -0.09865113  0.13324175  0.37104065  0.08781234
 -0.04251637  0.64938578  0.34984798 -0.53052602 -0.04513432 -0.11804758
  0.17969307  0.43189654 -0.32599372  0.23152077 -0.10822771 -0.62042881
  0.1033141   0.14498153 -0.46988982  0.20561864  0.26111109 -0.64477659
 -0.01785691  0.38315468  0.02544527  0.03875945 -0.55088165  0.53347852
  0.55419692  0.56339335  0.64215664  0.23320451 -0.16962253  0.57228189
 -0.17406376  0.41657211 -0.61568346  0.12086833  0.34356414 -0.6278587
 -0.00788327 -0.22901617  0.07155677 -0.29713915  0.27671138 -0.48979963
 -0.29965733 -0.82414976 -0.50192156 -0.22685048 -0.19730129]
3178,[ 0.20316332  0.10594177 -0.09865717  0.13324305  0.371042    0.08781089
 -0.04251425  0.64938352  0.34984565 -0.53052504 -0.04513397 -0.11804504
  0.17969182  0.43189892 -0.32599379  0.23152275 -0.10822645 -0.62042805
  0.10331276  0.14498295 -0.46989002  0.20561737  0.26111067 -0.64477857
 -0.01785896  0.38315369  0.02544895  0.03875822 -0.55088327  0.53348186
  0.55419372  0.56339422  0.64215811  0.23320457 -0.16962129  0.57228224
 -0.17406512  0.41657122 -0.61568289  0.12086687  0.34356447 -0.62785624
 -0.0078861  -0.22901642  0.0715551  -0.29713965  0.27671317 -0.48979563
 -0.29965961 -0.82414948 -0.50192248 -0.22685014 -0.19730194]
3179,[ 0.20316567  0.10594272 -0.09866321  0.13324436  0.37104334  0.08780945
 -0.04251214  0.64938126  0.34984332 -0.53052406 -0.04513363 -0.11804251
  0.17969057  0.4319013  -0.32599387  0.23152474 -0.10822519 -0.6204273
  0.10331143  0.14498436 -0.46989023  0.20561611  0.26111024 -0.64478056
 -0.017861    0.38315271  0.02545262  0.03875699 -0.55088489  0.53348519
  0.55419051  0.56339509  0.64215959  0.23320463 -0.16962004  0.57228259
 -0.17406647  0.41657032 -0.61568232  0.12086542  0.3435648  -0.62785379
 -0.00788893 -0.22901666  0.07155343 -0.29714014  0.27671496 -0.48979164
 -0.29966189 -0.82414921 -0.50192341 -0.22684979 -0.19730259]
3180,[ 0.20316803  0.10594366 -0.09866924  0.13324566  0.37104469  0.08780801
 -0.04251003  0.64937901  0.349841   -0.53052308 -0.04513329 -0.11803999
  0.17968933  0.43190367 -0.32599394  0.23152672 -0.10822394 -0.62042655
  0.10331009  0.14498577 -0.46989044  0.20561485  0.26110982 -0.64478255
 -0.01786305  0.38315173  0.02545629  0.03875576 -0.55088651  0.53348851
  0.55418731  0.56339595  0.64216106  0.2332047  -0.1696188   0.57228293
 -0.17406782  0.41656942 -0.61568175  0.12086396  0.34356512 -0.62785133
 -0.00789176 -0.2290169   0.07155175 -0.29714063  0.27671675 -0.48978765
 -0.29966417 -0.82414893 -0.50192434 -0.22684945 -0.19730324]
3181,[ 0.20317038  0.10594461 -0.09867526  0.13324696  0.37104603  0.08780657
 -0.04250791  0.64937676  0.34983867 -0.5305221  -0.04513295 -0.11803746
  0.17968808  0.43190604 -0.32599401  0.23152869 -0.10822268 -0.6204258
  0.10330876  0.14498718 -0.46989064  0.20561359  0.26110939 -0.64478453
 -0.01786509  0.38315074  0.02545995  0.03875454 -0.55088813  0.53349183
  0.55418412  0.56339681  0.64216253  0.23320476 -0.16961756  0.57228328
 -0.17406917  0.41656853 -0.61568118  0.12086251  0.34356545 -0.62784888
 -0.00789458 -0.22901714  0.07155009 -0.29714112  0.27671854 -0.48978367
 -0.29966645 -0.82414865 -0.50192526 -0.2268491  -0.1973039 ]
3182,[ 0.20317272  0.10594555 -0.09868128  0.13324826  0.37104737  0.08780513
 -0.04250581  0.64937451  0.34983635 -0.53052112 -0.04513261 -0.11803494
  0.17968684  0.43190841 -0.32599408  0.23153067 -0.10822143 -0.62042505
  0.10330743  0.14498859 -0.46989085  0.20561233  0.26110897 -0.64478651
 -0.01786712  0.38314976  0.02546361  0.03875332 -0.55088974  0.53349515
  0.55418092  0.56339768  0.64216399  0.23320482 -0.16961633  0.57228363
 -0.17407052  0.41656764 -0.61568062  0.12086106  0.34356577 -0.62784643
 -0.0078974  -0.22901738  0.07154842 -0.29714162  0.27672032 -0.48977969
 -0.29966873 -0.82414838 -0.50192619 -0.22684876 -0.19730455]
3183,[ 0.20317507  0.1059465  -0.09868728  0.13324956  0.37104871  0.08780369
 -0.0425037   0.64937227  0.34983403 -0.53052014 -0.04513227 -0.11803242
  0.1796856   0.43191078 -0.32599416  0.23153264 -0.10822018 -0.6204243
  0.1033061   0.14499    -0.46989105  0.20561107  0.26110854 -0.64478849
 -0.01786916  0.38314878  0.02546726  0.03875209 -0.55089136  0.53349847
  0.55417774  0.56339854  0.64216546  0.23320488 -0.16961509  0.57228398
 -0.17407187  0.41656674 -0.61568005  0.12085961  0.3435661  -0.62784399
 -0.00790022 -0.22901762  0.07154675 -0.29714211  0.2767221  -0.48977571
 -0.299671   -0.8241481  -0.50192711 -0.22684841 -0.1973052 ]
3184,[ 0.20317741  0.10594744 -0.09869329  0.13325085  0.37105005  0.08780225
 -0.0425016   0.64937003  0.34983172 -0.53051917 -0.04513193 -0.11802991
  0.17968436  0.43191314 -0.32599423  0.23153462 -0.10821893 -0.62042355
  0.10330477  0.14499141 -0.46989126  0.20560982  0.26110812 -0.64479047
 -0.01787119  0.38314781  0.02547091  0.03875087 -0.55089297  0.53350178
  0.55417455  0.5633994   0.64216692  0.23320494 -0.16961385  0.57228432
 -0.17407321  0.41656585 -0.61567948  0.12085816  0.34356642 -0.62784154
 -0.00790304 -0.22901786  0.07154509 -0.2971426   0.27672388 -0.48977174
 -0.29967327 -0.82414783 -0.50192803 -0.22684807 -0.19730585]
3185,[ 0.20317975  0.10594838 -0.09869928  0.13325215  0.37105139  0.08780082
 -0.0424995   0.64936779  0.3498294  -0.53051819 -0.04513159 -0.11802739
  0.17968312  0.43191551 -0.3259943   0.23153659 -0.10821768 -0.6204228
  0.10330344  0.14499281 -0.46989146  0.20560856  0.2611077  -0.64479244
 -0.01787322  0.38314683  0.02547456  0.03874965 -0.55089458  0.53350508
  0.55417137  0.56340026  0.64216839  0.233205   -0.16961262  0.57228467
 -0.17407456  0.41656496 -0.61567892  0.12085672  0.34356675 -0.6278391
 -0.00790585 -0.2290181   0.07154343 -0.29714309  0.27672566 -0.48976778
 -0.29967554 -0.82414755 -0.50192895 -0.22684773 -0.1973065 ]
3186,[ 0.20318209  0.10594932 -0.09870527  0.13325344  0.37105272  0.08779939
 -0.0424974   0.64936555  0.34982709 -0.53051722 -0.04513125 -0.11802488
  0.17968188  0.43191786 -0.32599437  0.23153855 -0.10821644 -0.62042206
  0.10330211  0.14499421 -0.46989167  0.20560731  0.26110727 -0.64479441
 -0.01787525  0.38314585  0.0254782   0.03874844 -0.55089619  0.53350839
  0.55416819  0.56340112  0.64216985  0.23320506 -0.16961139  0.57228502
 -0.1740759   0.41656407 -0.61567835  0.12085527  0.34356707 -0.62783666
 -0.00790866 -0.22901834  0.07154177 -0.29714358  0.27672743 -0.48976381
 -0.2996778  -0.82414728 -0.50192987 -0.22684738 -0.19730714]
3187,[ 0.20318442  0.10595026 -0.09871125  0.13325474  0.37105406  0.08779796
 -0.0424953   0.64936331  0.34982478 -0.53051625 -0.04513091 -0.11802238
  0.17968064  0.43192022 -0.32599445  0.23154052 -0.10821519 -0.62042131
  0.10330079  0.14499561 -0.46989187  0.20560606  0.26110685 -0.64479638
 -0.01787728  0.38314488  0.02548184  0.03874722 -0.5508978   0.53351169
  0.55416502  0.56340198  0.64217131  0.23320512 -0.16961015  0.57228536
 -0.17407724  0.41656319 -0.61567779  0.12085383  0.34356739 -0.62783423
 -0.00791146 -0.22901858  0.07154011 -0.29714407  0.27672921 -0.48975986
 -0.29968006 -0.824147   -0.50193079 -0.22684704 -0.19730779]
3188,[ 0.20318675  0.1059512  -0.09871723  0.13325603  0.37105539  0.08779653
 -0.04249321  0.64936108  0.34982248 -0.53051528 -0.04513058 -0.11801987
  0.17967941  0.43192257 -0.32599452  0.23154248 -0.10821395 -0.62042056
  0.10329947  0.14499701 -0.46989207  0.20560481  0.26110643 -0.64479835
 -0.0178793   0.3831439   0.02548548  0.038746   -0.5508994   0.53351498
  0.55416185  0.56340283  0.64217276  0.23320518 -0.16960892  0.57228571
 -0.17407858  0.4165623  -0.61567722  0.12085239  0.34356772 -0.6278318
 -0.00791426 -0.22901882  0.07153846 -0.29714456  0.27673098 -0.4897559
 -0.29968232 -0.82414673 -0.50193171 -0.2268467  -0.19730844]
3189,[ 0.20318908  0.10595214 -0.0987232   0.13325732  0.37105672  0.0877951
 -0.04249111  0.64935885  0.34982018 -0.53051431 -0.04513024 -0.11801737
  0.17967817  0.43192492 -0.32599459  0.23154444 -0.10821271 -0.62041982
  0.10329815  0.14499841 -0.46989228  0.20560356  0.26110601 -0.64480031
 -0.01788132  0.38314293  0.02548911  0.03874479 -0.55090101  0.53351827
  0.55415868  0.56340369  0.64217422  0.23320524 -0.1696077   0.57228605
 -0.17407992  0.41656141 -0.61567666  0.12085095  0.34356804 -0.62782937
 -0.00791706 -0.22901906  0.0715368  -0.29714504  0.27673275 -0.48975195
 -0.29968458 -0.82414646 -0.50193263 -0.22684636 -0.19730908]
3190,[ 0.20319141  0.10595307 -0.09872916  0.1332586   0.37105805  0.08779368
 -0.04248902  0.64935662  0.34981788 -0.53051334 -0.0451299  -0.11801487
  0.17967694  0.43192727 -0.32599466  0.2315464  -0.10821147 -0.62041908
  0.10329683  0.14499981 -0.46989248  0.20560231  0.26110559 -0.64480228
 -0.01788334  0.38314196  0.02549273  0.03874358 -0.55090261  0.53352156
  0.55415551  0.56340454  0.64217567  0.2332053  -0.16960647  0.5722864
 -0.17408126  0.41656053 -0.6156761   0.12084951  0.34356836 -0.62782694
 -0.00791986 -0.22901929  0.07153515 -0.29714553  0.27673451 -0.48974801
 -0.29968683 -0.82414618 -0.50193354 -0.22684601 -0.19730973]
3191,[ 0.20319373  0.10595401 -0.09873511  0.13325989  0.37105938  0.08779225
 -0.04248694  0.6493544   0.34981558 -0.53051237 -0.04512956 -0.11801237
  0.17967571  0.43192962 -0.32599473  0.23154835 -0.10821023 -0.62041833
  0.10329551  0.1450012  -0.46989269  0.20560107  0.26110517 -0.64480424
 -0.01788536  0.38314099  0.02549635  0.03874237 -0.55090421  0.53352485
  0.55415235  0.5634054   0.64217713  0.23320536 -0.16960524  0.57228674
 -0.17408259  0.41655964 -0.61567554  0.12084808  0.34356868 -0.62782452
 -0.00792265 -0.22901953  0.0715335  -0.29714602  0.27673628 -0.48974407
 -0.29968908 -0.82414591 -0.50193446 -0.22684567 -0.19731037]
3192,[ 0.20319605  0.10595494 -0.09874106  0.13326117  0.3710607   0.08779083
 -0.04248485  0.64935217  0.34981328 -0.5305114  -0.04512923 -0.11800988
  0.17967448  0.43193196 -0.32599481  0.23155031 -0.10820899 -0.62041759
  0.10329419  0.1450026  -0.46989289  0.20559982  0.26110475 -0.6448062
 -0.01788737  0.38314002  0.02549997  0.03874116 -0.5509058   0.53352813
  0.5541492   0.56340625  0.64217858  0.23320542 -0.16960402  0.57228709
 -0.17408393  0.41655876 -0.61567497  0.12084664  0.34356901 -0.62782209
 -0.00792544 -0.22901977  0.07153185 -0.29714651  0.27673804 -0.48974014
 -0.29969133 -0.82414564 -0.50193537 -0.22684533 -0.19731102]
3193,[ 0.20319837  0.10595588 -0.098747    0.13326246  0.37106203  0.08778941
 -0.04248277  0.64934995  0.34981099 -0.53051044 -0.04512889 -0.11800739
  0.17967325  0.4319343  -0.32599488  0.23155226 -0.10820775 -0.62041685
  0.10329287  0.14500399 -0.46989309  0.20559858  0.26110433 -0.64480815
 -0.01788938  0.38313905  0.02550359  0.03873995 -0.5509074   0.53353141
  0.55414605  0.5634071   0.64218003  0.23320548 -0.1696028   0.57228743
 -0.17408526  0.41655788 -0.61567441  0.12084521  0.34356933 -0.62781967
 -0.00792823 -0.22902001  0.07153021 -0.29714699  0.2767398  -0.48973621
 -0.29969358 -0.82414536 -0.50193628 -0.22684499 -0.19731166]
3194,[ 0.20320069  0.10595681 -0.09875294  0.13326374  0.37106335  0.08778799
 -0.04248069  0.64934774  0.3498087  -0.53050947 -0.04512856 -0.1180049
  0.17967202  0.43193664 -0.32599495  0.23155421 -0.10820652 -0.62041611
  0.10329156  0.14500538 -0.46989329  0.20559734  0.26110391 -0.64481011
 -0.01789139  0.38313808  0.0255072   0.03873874 -0.55090899  0.53353468
  0.5541429   0.56340795  0.64218148  0.23320554 -0.16960157  0.57228778
 -0.17408659  0.416557   -0.61567385  0.12084378  0.34356965 -0.62781726
 -0.00793101 -0.22902024  0.07152856 -0.29714748  0.27674156 -0.48973228
 -0.29969583 -0.82414509 -0.5019372  -0.22684465 -0.1973123 ]
3195,[ 0.203203    0.10595774 -0.09875887  0.13326502  0.37106468  0.08778657
 -0.04247861  0.64934552  0.34980641 -0.53050851 -0.04512822 -0.11800242
  0.1796708   0.43193897 -0.32599502  0.23155616 -0.10820528 -0.62041537
  0.10329025  0.14500677 -0.4698935   0.2055961   0.26110349 -0.64481206
 -0.0178934   0.38313712  0.0255108   0.03873754 -0.55091059  0.53353795
  0.55413975  0.5634088   0.64218292  0.2332056  -0.16960035  0.57228812
 -0.17408792  0.41655612 -0.6156733   0.12084235  0.34356997 -0.62781485
 -0.00793379 -0.22902048  0.07152692 -0.29714796  0.27674332 -0.48972836
 -0.29969807 -0.82414482 -0.50193811 -0.22684431 -0.19731294]
3196,[ 0.20320531  0.10595867 -0.09876479  0.1332663   0.371066    0.08778516
 -0.04247654  0.64934331  0.34980413 -0.53050755 -0.04512788 -0.11799994
  0.17966957  0.4319413  -0.32599509  0.2315581  -0.10820405 -0.62041463
  0.10328894  0.14500815 -0.4698937   0.20559486  0.26110308 -0.64481401
 -0.01789541  0.38313615  0.0255144   0.03873633 -0.55091218  0.53354121
  0.55413661  0.56340965  0.64218437  0.23320566 -0.16959913  0.57228846
 -0.17408925  0.41655524 -0.61567274  0.12084092  0.34357029 -0.62781244
 -0.00793657 -0.22902072  0.07152528 -0.29714845  0.27674508 -0.48972444
 -0.29970031 -0.82414455 -0.50193902 -0.22684397 -0.19731358]
3197,[ 0.20320762  0.1059596  -0.0987707   0.13326758  0.37106732  0.08778374
 -0.04247446  0.6493411   0.34980184 -0.53050659 -0.04512755 -0.11799746
  0.17966835  0.43194363 -0.32599516  0.23156004 -0.10820282 -0.6204139
  0.10328763  0.14500954 -0.4698939   0.20559362  0.26110266 -0.64481596
 -0.01789741  0.38313519  0.025518    0.03873513 -0.55091377  0.53354448
  0.55413347  0.5634105   0.64218581  0.23320572 -0.16959792  0.5722888
 -0.17409057  0.41655436 -0.61567218  0.12083949  0.34357061 -0.62781003
 -0.00793934 -0.22902095  0.07152364 -0.29714893  0.27674683 -0.48972053
 -0.29970254 -0.82414428 -0.50193993 -0.22684363 -0.19731422]
3198,[ 0.20320993  0.10596053 -0.09877661  0.13326885  0.37106863  0.08778233
 -0.04247239  0.64933889  0.34979957 -0.53050563 -0.04512722 -0.11799498
  0.17966713  0.43194596 -0.32599524  0.23156198 -0.10820159 -0.62041316
  0.10328632  0.14501092 -0.4698941   0.20559239  0.26110224 -0.6448179
 -0.01789941  0.38313422  0.02552159  0.03873393 -0.55091535  0.53354774
  0.55413033  0.56341135  0.64218725  0.23320578 -0.1695967   0.57228914
 -0.1740919   0.41655348 -0.61567162  0.12083807  0.34357093 -0.62780762
 -0.00794211 -0.22902119  0.071522   -0.29714941  0.27674858 -0.48971662
 -0.29970478 -0.82414401 -0.50194083 -0.2268433  -0.19731486]
3199,[ 0.20321223  0.10596145 -0.09878251  0.13327013  0.37106995  0.08778092
 -0.04247033  0.64933669  0.34979729 -0.53050467 -0.04512688 -0.11799251
  0.17966591  0.43194829 -0.32599531  0.23156392 -0.10820036 -0.62041242
  0.10328501  0.14501231 -0.4698943   0.20559115  0.26110183 -0.64481984
 -0.01790141  0.38313326  0.02552518  0.03873273 -0.55091694  0.53355099
  0.5541272   0.56341219  0.64218869  0.23320584 -0.16959549  0.57228949
 -0.17409322  0.41655261 -0.61567106  0.12083664  0.34357125 -0.62780522
 -0.00794488 -0.22902143  0.07152037 -0.29714989  0.27675033 -0.48971271
 -0.29970701 -0.82414374 -0.50194174 -0.22684296 -0.1973155 ]
3200,[ 0.20321453  0.10596238 -0.09878841  0.1332714   0.37107126  0.08777951
 -0.04246826  0.64933448  0.34979501 -0.53050371 -0.04512655 -0.11799004
  0.17966469  0.43195061 -0.32599538  0.23156586 -0.10819914 -0.62041169
  0.10328371  0.14501369 -0.46989451  0.20558992  0.26110141 -0.64482179
 -0.01790341  0.3831323   0.02552877  0.03873153 -0.55091852  0.53355424
  0.55412407  0.56341304  0.64219013  0.2332059  -0.16959427  0.57228983
 -0.17409454  0.41655173 -0.61567051  0.12083522  0.34357157 -0.62780282
 -0.00794765 -0.22902166  0.07151873 -0.29715038  0.27675208 -0.48970881
 -0.29970924 -0.82414347 -0.50194264 -0.22684262 -0.19731614]
3201,[ 0.20321683  0.1059633  -0.0987943   0.13327267  0.37107258  0.0877781
 -0.0424662   0.64933228  0.34979274 -0.53050275 -0.04512622 -0.11798757
  0.17966347  0.43195293 -0.32599545  0.23156779 -0.10819791 -0.62041095
  0.1032824   0.14501507 -0.46989471  0.20558869  0.261101   -0.64482372
 -0.0179054   0.38313134  0.02553235  0.03873033 -0.5509201   0.53355749
  0.55412095  0.56341388  0.64219156  0.23320596 -0.16959306  0.57229017
 -0.17409586  0.41655086 -0.61566995  0.1208338   0.34357188 -0.62780042
 -0.00795041 -0.2290219   0.0715171  -0.29715086  0.27675382 -0.48970492
 -0.29971147 -0.8241432  -0.50194355 -0.22684228 -0.19731677]
3202,[ 0.20321912  0.10596423 -0.09880018  0.13327394  0.37107389  0.0877767
 -0.04246413  0.64933009  0.34979047 -0.5305018  -0.04512588 -0.1179851
  0.17966226  0.43195524 -0.32599552  0.23156973 -0.10819669 -0.62041022
  0.1032811   0.14501644 -0.46989491  0.20558746  0.26110058 -0.64482566
 -0.01790739  0.38313038  0.02553593  0.03872914 -0.55092168  0.53356073
  0.55411783  0.56341473  0.642193    0.23320602 -0.16959185  0.57229051
 -0.17409718  0.41654998 -0.6156694   0.12083238  0.3435722  -0.62779803
 -0.00795317 -0.22902213  0.07151547 -0.29715134  0.27675557 -0.48970103
 -0.29971369 -0.82414293 -0.50194445 -0.22684195 -0.19731741]
3203,[ 0.20322142  0.10596515 -0.09880606  0.13327521  0.3710752   0.08777529
 -0.04246208  0.64932789  0.3497882  -0.53050084 -0.04512555 -0.11798264
  0.17966104  0.43195756 -0.32599559  0.23157165 -0.10819546 -0.62040949
  0.1032798   0.14501782 -0.46989511  0.20558623  0.26110017 -0.6448276
 -0.01790938  0.38312942  0.0255395   0.03872794 -0.55092326  0.53356397
  0.55411471  0.56341557  0.64219443  0.23320608 -0.16959064  0.57229085
 -0.1740985   0.41654911 -0.61566884  0.12083097  0.34357252 -0.62779564
 -0.00795592 -0.22902237  0.07151384 -0.29715182  0.27675731 -0.48969714
 -0.29971591 -0.82414266 -0.50194536 -0.22684161 -0.19731805]
3204,[ 0.20322371  0.10596607 -0.09881192  0.13327648  0.37107651  0.08777389
 -0.04246002  0.6493257   0.34978594 -0.53049989 -0.04512522 -0.11798018
  0.17965983  0.43195987 -0.32599566  0.23157358 -0.10819424 -0.62040876
  0.1032785   0.14501919 -0.46989531  0.205585    0.26109975 -0.64482953
 -0.01791137  0.38312847  0.02554307  0.03872675 -0.55092484  0.53356721
  0.5541116   0.56341641  0.64219586  0.23320614 -0.16958943  0.57229119
 -0.17409982  0.41654824 -0.61566829  0.12082955  0.34357284 -0.62779325
 -0.00795867 -0.2290226   0.07151222 -0.2971523   0.27675905 -0.48969326
 -0.29971813 -0.82414239 -0.50194626 -0.22684127 -0.19731868]
3205,[ 0.20322599  0.10596699 -0.09881779  0.13327774  0.37107781  0.08777249
 -0.04245796  0.64932351  0.34978368 -0.53049894 -0.04512489 -0.11797772
  0.17965862  0.43196218 -0.32599573  0.23157551 -0.10819302 -0.62040803
  0.1032772   0.14502057 -0.46989551  0.20558378  0.26109934 -0.64483146
 -0.01791336  0.38312751  0.02554663  0.03872556 -0.55092641  0.53357044
  0.55410849  0.56341725  0.64219729  0.2332062  -0.16958822  0.57229153
 -0.17410113  0.41654737 -0.61566774  0.12082814  0.34357315 -0.62779086
 -0.00796142 -0.22902284  0.07151059 -0.29715278  0.27676078 -0.48968938
 -0.29972035 -0.82414212 -0.50194716 -0.22684094 -0.19731932]
3206,[ 0.20322828  0.10596791 -0.09882364  0.13327901  0.37107912  0.08777109
 -0.04245591  0.64932132  0.34978142 -0.53049798 -0.04512456 -0.11797527
  0.17965741  0.43196448 -0.3259958   0.23157743 -0.1081918  -0.6204073
  0.10327591  0.14502194 -0.46989571  0.20558255  0.26109893 -0.64483339
 -0.01791534  0.38312656  0.0255502   0.03872437 -0.55092799  0.53357367
  0.55410538  0.56341809  0.64219872  0.23320626 -0.16958702  0.57229186
 -0.17410244  0.4165465  -0.61566718  0.12082673  0.34357347 -0.62778848
 -0.00796417 -0.22902307  0.07150897 -0.29715326  0.27676252 -0.48968551
 -0.29972256 -0.82414185 -0.50194806 -0.2268406  -0.19731995]
3207,[ 0.20323056  0.10596883 -0.09882949  0.13328027  0.37108042  0.08776969
 -0.04245386  0.64931913  0.34977916 -0.53049703 -0.04512422 -0.11797282
  0.1796562   0.43196679 -0.32599588  0.23157935 -0.10819059 -0.62040657
  0.10327461  0.14502331 -0.46989591  0.20558133  0.26109851 -0.64483531
 -0.01791732  0.3831256   0.02555375  0.03872318 -0.55092956  0.5335769
  0.55410227  0.56341893  0.64220015  0.23320632 -0.16958582  0.5722922
 -0.17410376  0.41654563 -0.61566663  0.12082532  0.34357379 -0.6277861
 -0.00796691 -0.22902331  0.07150735 -0.29715374  0.27676425 -0.48968164
 -0.29972477 -0.82414158 -0.50194896 -0.22684027 -0.19732058]
3208,[ 0.20323284  0.10596975 -0.09883533  0.13328153  0.37108173  0.08776829
 -0.04245181  0.64931695  0.34977691 -0.53049608 -0.04512389 -0.11797037
  0.17965499  0.43196909 -0.32599595  0.23158127 -0.10818937 -0.62040584
  0.10327332  0.14502468 -0.46989611  0.20558011  0.2610981  -0.64483723
 -0.0179193   0.38312465  0.02555731  0.03872199 -0.55093113  0.53358012
  0.55409917  0.56341977  0.64220157  0.23320638 -0.16958461  0.57229254
 -0.17410507  0.41654476 -0.61566608  0.12082391  0.3435741  -0.62778372
 -0.00796965 -0.22902354  0.07150573 -0.29715421  0.27676599 -0.48967777
 -0.29972698 -0.82414132 -0.50194985 -0.22683993 -0.19732121]
3209,[ 0.20323512  0.10597066 -0.09884117  0.13328279  0.37108303  0.0877669
 -0.04244977  0.64931477  0.34977466 -0.53049514 -0.04512356 -0.11796792
  0.17965378  0.43197139 -0.32599602  0.23158319 -0.10818816 -0.62040511
  0.10327203  0.14502604 -0.46989631  0.20557889  0.26109769 -0.64483916
 -0.01792128  0.3831237   0.02556086  0.0387208  -0.55093269  0.53358334
  0.55409608  0.5634206   0.642203    0.23320644 -0.16958341  0.57229288
 -0.17410637  0.4165439  -0.61566553  0.1208225   0.34357442 -0.62778134
 -0.00797239 -0.22902377  0.07150412 -0.29715469  0.27676772 -0.48967391
 -0.29972919 -0.82414105 -0.50195075 -0.2268396  -0.19732185]
3210,[ 0.20323739  0.10597158 -0.098847    0.13328405  0.37108433  0.0877655
 -0.04244773  0.64931259  0.34977241 -0.53049419 -0.04512323 -0.11796548
  0.17965258  0.43197368 -0.32599609  0.2315851  -0.10818694 -0.62040438
  0.10327074  0.14502741 -0.46989651  0.20557767  0.26109728 -0.64484108
 -0.01792325  0.38312275  0.0255644   0.03871962 -0.55093426  0.53358656
  0.55409298  0.56342144  0.64220442  0.2332065  -0.16958221  0.57229322
 -0.17410768  0.41654303 -0.61566498  0.1208211   0.34357473 -0.62777897
 -0.00797512 -0.22902401  0.0715025  -0.29715517  0.27676944 -0.48967006
 -0.29973139 -0.82414078 -0.50195164 -0.22683926 -0.19732248]
3211,[ 0.20323967  0.10597249 -0.09885282  0.13328531  0.37108563  0.08776411
 -0.04244569  0.64931042  0.34977016 -0.53049324 -0.0451229  -0.11796304
  0.17965138  0.43197597 -0.32599616  0.23158701 -0.10818573 -0.62040366
  0.10326945  0.14502877 -0.4698967   0.20557645  0.26109687 -0.64484299
 -0.01792522  0.3831218   0.02556794  0.03871843 -0.55093582  0.53358977
  0.55408989  0.56342228  0.64220584  0.23320656 -0.16958101  0.57229355
 -0.17410899  0.41654217 -0.61566443  0.12081969  0.34357505 -0.6277766
 -0.00797785 -0.22902424  0.07150089 -0.29715564  0.27677117 -0.4896662
 -0.29973359 -0.82414051 -0.50195254 -0.22683893 -0.19732311]
3212,[ 0.20324194  0.10597341 -0.09885864  0.13328657  0.37108692  0.08776272
 -0.04244365  0.64930824  0.34976792 -0.5304923  -0.04512258 -0.1179606
  0.17965017  0.43197826 -0.32599623  0.23158892 -0.10818452 -0.62040293
  0.10326816  0.14503014 -0.4698969   0.20557523  0.26109646 -0.64484491
 -0.01792719  0.38312085  0.02557148  0.03871725 -0.55093739  0.53359298
  0.55408681  0.56342311  0.64220726  0.23320661 -0.16957982  0.57229389
 -0.17411029  0.4165413  -0.61566388  0.12081829  0.34357536 -0.62777423
 -0.00798058 -0.22902447  0.07149928 -0.29715612  0.27677289 -0.48966236
 -0.29973579 -0.82414025 -0.50195343 -0.2268386  -0.19732374]
3213,[ 0.2032442   0.10597432 -0.09886444  0.13328782  0.37108822  0.08776133
 -0.04244161  0.64930607  0.34976567 -0.53049135 -0.04512225 -0.11795816
  0.17964897  0.43198055 -0.3259963   0.23159083 -0.10818331 -0.62040221
  0.10326687  0.1450315  -0.4698971   0.20557402  0.26109605 -0.64484682
 -0.01792916  0.38311991  0.02557501  0.03871607 -0.55093895  0.53359618
  0.55408373  0.56342394  0.64220868  0.23320667 -0.16957862  0.57229423
 -0.17411159  0.41654044 -0.61566333  0.12081689  0.34357568 -0.62777187
 -0.00798331 -0.2290247   0.07149767 -0.29715659  0.27677462 -0.48965851
 -0.29973799 -0.82413998 -0.50195433 -0.22683826 -0.19732436]
3214,[ 0.20324647  0.10597523 -0.09887025  0.13328908  0.37108951  0.08775994
 -0.04243958  0.64930391  0.34976344 -0.53049041 -0.04512192 -0.11795573
  0.17964777  0.43198284 -0.32599637  0.23159274 -0.1081821  -0.62040148
  0.10326559  0.14503286 -0.4698973   0.2055728   0.26109564 -0.64484873
 -0.01793112  0.38311896  0.02557854  0.03871489 -0.55094051  0.53359938
  0.55408065  0.56342477  0.64221009  0.23320673 -0.16957743  0.57229456
 -0.17411289  0.41653958 -0.61566279  0.12081549  0.34357599 -0.62776951
 -0.00798603 -0.22902494  0.07149606 -0.29715707  0.27677634 -0.48965467
 -0.29974019 -0.82413971 -0.50195522 -0.22683793 -0.19732499]
3215,[ 0.20324873  0.10597614 -0.09887604  0.13329033  0.37109081  0.08775856
 -0.04243755  0.64930174  0.3497612  -0.53048947 -0.04512159 -0.1179533
  0.17964658  0.43198512 -0.32599644  0.23159464 -0.1081809  -0.62040076
  0.10326431  0.14503421 -0.4698975   0.20557159  0.26109523 -0.64485064
 -0.01793309  0.38311802  0.02558207  0.03871371 -0.55094206  0.53360258
  0.55407757  0.56342561  0.64221151  0.23320679 -0.16957623  0.5722949
 -0.17411419  0.41653872 -0.61566224  0.12081409  0.3435763  -0.62776715
 -0.00798875 -0.22902517  0.07149445 -0.29715754  0.27677805 -0.48965084
 -0.29974238 -0.82413945 -0.50195611 -0.2268376  -0.19732562]
3216,[ 0.20325099  0.10597705 -0.09888183  0.13329158  0.3710921   0.08775717
 -0.04243552  0.64929958  0.34975897 -0.53048853 -0.04512126 -0.11795088
  0.17964538  0.4319874  -0.32599651  0.23159654 -0.10817969 -0.62040004
  0.10326302  0.14503557 -0.4698977   0.20557038  0.26109482 -0.64485255
 -0.01793505  0.38311707  0.02558559  0.03871254 -0.55094362  0.53360577
  0.5540745   0.56342644  0.64221292  0.23320685 -0.16957504  0.57229523
 -0.17411549  0.41653786 -0.61566169  0.12081269  0.34357662 -0.62776479
 -0.00799146 -0.2290254   0.07149285 -0.29715802  0.27677977 -0.48964701
 -0.29974457 -0.82413918 -0.501957   -0.22683727 -0.19732625]
3217,[ 0.20325324  0.10597796 -0.09888762  0.13329283  0.37109339  0.08775579
 -0.04243349  0.64929742  0.34975673 -0.53048759 -0.04512094 -0.11794845
  0.17964418  0.43198968 -0.32599658  0.23159844 -0.10817849 -0.62039932
  0.10326174  0.14503692 -0.46989789  0.20556917  0.26109442 -0.64485445
 -0.01793701  0.38311613  0.02558911  0.03871136 -0.55094517  0.53360896
  0.55407143  0.56342727  0.64221433  0.23320691 -0.16957385  0.57229557
 -0.17411679  0.416537   -0.61566115  0.1208113   0.34357693 -0.62776244
 -0.00799417 -0.22902563  0.07149125 -0.29715849  0.27678148 -0.48964318
 -0.29974675 -0.82413892 -0.50195788 -0.22683694 -0.19732687]
3218,[ 0.2032555   0.10597886 -0.09889339  0.13329407  0.37109468  0.08775441
 -0.04243147  0.64929526  0.3497545  -0.53048665 -0.04512061 -0.11794603
  0.17964299  0.43199195 -0.32599665  0.23160034 -0.10817729 -0.6203986
  0.10326046  0.14503828 -0.46989809  0.20556796  0.26109401 -0.64485635
 -0.01793896  0.38311519  0.02559262  0.03871018 -0.55094672  0.53361215
  0.55406836  0.56342809  0.64221574  0.23320697 -0.16957266  0.5722959
 -0.17411808  0.41653614 -0.6156606   0.12080991  0.34357724 -0.62776008
 -0.00799688 -0.22902586  0.07148964 -0.29715896  0.2767832  -0.48963936
 -0.29974894 -0.82413865 -0.50195877 -0.22683661 -0.1973275 ]
3219,[ 0.20325775  0.10597977 -0.09889916  0.13329532  0.37109596  0.08775303
 -0.04242944  0.6492931   0.34975228 -0.53048571 -0.04512028 -0.11794361
  0.1796418   0.43199423 -0.32599672  0.23160224 -0.10817609 -0.62039788
  0.10325919  0.14503963 -0.46989829  0.20556675  0.2610936  -0.64485825
 -0.01794092  0.38311425  0.02559613  0.03870901 -0.55094827  0.53361533
  0.5540653   0.56342892  0.64221715  0.23320703 -0.16957147  0.57229623
 -0.17411938  0.41653529 -0.61566006  0.12080852  0.34357755 -0.62775774
 -0.00799959 -0.22902609  0.07148805 -0.29715943  0.27678491 -0.48963555
 -0.29975112 -0.82413839 -0.50195966 -0.22683628 -0.19732812]
3220,[ 0.20326     0.10598068 -0.09890493  0.13329657  0.37109725  0.08775165
 -0.04242742  0.64929095  0.34975005 -0.53048478 -0.04511996 -0.1179412
  0.1796406   0.4319965  -0.32599679  0.23160413 -0.10817489 -0.62039716
  0.10325791  0.14504098 -0.46989848  0.20556555  0.2610932  -0.64486015
 -0.01794287  0.38311331  0.02559963  0.03870784 -0.55094982  0.53361851
  0.55406224  0.56342975  0.64221855  0.23320708 -0.16957029  0.57229657
 -0.17412067  0.41653443 -0.61565952  0.12080713  0.34357787 -0.62775539
 -0.00800229 -0.22902632  0.07148645 -0.2971599   0.27678662 -0.48963173
 -0.2997533  -0.82413812 -0.50196054 -0.22683595 -0.19732874]
3221,[ 0.20326225  0.10598158 -0.09891068  0.13329781  0.37109853  0.08775028
 -0.04242541  0.6492888   0.34974783 -0.53048384 -0.04511963 -0.11793878
  0.17963941  0.43199876 -0.32599686  0.23160602 -0.10817369 -0.62039644
  0.10325664  0.14504233 -0.46989868  0.20556434  0.26109279 -0.64486204
 -0.01794482  0.38311237  0.02560314  0.03870667 -0.55095137  0.53362168
  0.55405919  0.56343057  0.64221996  0.23320714 -0.1695691   0.5722969
 -0.17412196  0.41653358 -0.61565897  0.12080574  0.34357818 -0.62775305
 -0.00800499 -0.22902655  0.07148485 -0.29716038  0.27678832 -0.48962792
 -0.29975548 -0.82413786 -0.50196143 -0.22683562 -0.19732937]
3222,[ 0.20326449  0.10598248 -0.09891644  0.13329905  0.37109981  0.0877489
 -0.04242339  0.64928665  0.34974561 -0.5304829  -0.04511931 -0.11793637
  0.17963823  0.43200103 -0.32599693  0.23160791 -0.10817249 -0.62039572
  0.10325536  0.14504367 -0.46989888  0.20556314  0.26109238 -0.64486394
 -0.01794677  0.38311143  0.02560663  0.0387055  -0.55095291  0.53362486
  0.55405614  0.5634314   0.64222136  0.2332072  -0.16956792  0.57229723
 -0.17412325  0.41653272 -0.61565843  0.12080435  0.34357849 -0.6277507
 -0.00800769 -0.22902678  0.07148326 -0.29716085  0.27679003 -0.48962412
 -0.29975765 -0.8241376  -0.50196231 -0.22683529 -0.19732999]
3223,[ 0.20326673  0.10598339 -0.09892218  0.13330029  0.37110109  0.08774753
 -0.04242138  0.6492845   0.3497434  -0.53048197 -0.04511898 -0.11793396
  0.17963704  0.43200329 -0.325997    0.2316098  -0.1081713  -0.62039501
  0.10325409  0.14504502 -0.46989907  0.20556194  0.26109198 -0.64486583
 -0.01794871  0.3831105   0.02561013  0.03870433 -0.55095445  0.53362802
  0.55405309  0.56343222  0.64222276  0.23320726 -0.16956673  0.57229756
 -0.17412454  0.41653187 -0.61565789  0.12080297  0.3435788  -0.62774837
 -0.00801038 -0.22902701  0.07148167 -0.29716132  0.27679173 -0.48962032
 -0.29975982 -0.82413733 -0.50196319 -0.22683496 -0.19733061]
3224,[ 0.20326897  0.10598429 -0.09892792  0.13330153  0.37110237  0.08774615
 -0.04241937  0.64928236  0.34974118 -0.53048104 -0.04511866 -0.11793156
  0.17963585  0.43200555 -0.32599707  0.23161168 -0.1081701  -0.62039429
  0.10325282  0.14504636 -0.46989927  0.20556074  0.26109157 -0.64486772
 -0.01795066  0.38310956  0.02561362  0.03870316 -0.550956    0.53363119
  0.55405004  0.56343304  0.64222416  0.23320732 -0.16956555  0.5722979
 -0.17412583  0.41653102 -0.61565735  0.12080158  0.34357911 -0.62774603
 -0.00801307 -0.22902724  0.07148008 -0.29716178  0.27679343 -0.48961652
 -0.29976199 -0.82413707 -0.50196408 -0.22683463 -0.19733123]
3225,[ 0.20327121  0.10598519 -0.09893365  0.13330277  0.37110365  0.08774478
 -0.04241736  0.64928022  0.34973897 -0.53048011 -0.04511833 -0.11792916
  0.17963467  0.43200781 -0.32599713  0.23161356 -0.10816891 -0.62039358
  0.10325155  0.14504771 -0.46989946  0.20555954  0.26109117 -0.64486961
 -0.0179526   0.38310863  0.0256171   0.038702   -0.55095754  0.53363435
  0.554047    0.56343387  0.64222556  0.23320737 -0.16956437  0.57229823
 -0.17412711  0.41653017 -0.61565681  0.1208002   0.34357942 -0.6277437
 -0.00801576 -0.22902747  0.07147849 -0.29716225  0.27679513 -0.48961273
 -0.29976416 -0.82413681 -0.50196496 -0.2268343  -0.19733185]
3226,[ 0.20327344  0.10598609 -0.09893937  0.13330401  0.37110493  0.08774342
 -0.04241535  0.64927808  0.34973676 -0.53047918 -0.04511801 -0.11792676
  0.17963348  0.43201006 -0.3259972   0.23161544 -0.10816772 -0.62039286
  0.10325028  0.14504905 -0.46989966  0.20555834  0.26109077 -0.64487149
 -0.01795454  0.38310769  0.02562058  0.03870084 -0.55095907  0.53363751
  0.55404396  0.56343469  0.64222695  0.23320743 -0.1695632   0.57229856
 -0.1741284   0.41652932 -0.61565627  0.12079882  0.34357973 -0.62774137
 -0.00801845 -0.2290277   0.0714769  -0.29716272  0.27679683 -0.48960894
 -0.29976633 -0.82413655 -0.50196584 -0.22683397 -0.19733247]
3227,[ 0.20327567  0.10598698 -0.09894509  0.13330524  0.3711062   0.08774205
 -0.04241335  0.64927594  0.34973456 -0.53047825 -0.04511768 -0.11792436
  0.1796323   0.43201231 -0.32599727  0.23161732 -0.10816653 -0.62039215
  0.10324902  0.14505039 -0.46989986  0.20555715  0.26109036 -0.64487337
 -0.01795647  0.38310676  0.02562406  0.03869967 -0.55096061  0.53364066
  0.55404093  0.56343551  0.64222835  0.23320749 -0.16956202  0.57229889
 -0.17412968  0.41652847 -0.61565573  0.12079744  0.34358004 -0.62773904
 -0.00802113 -0.22902793  0.07147532 -0.29716319  0.27679852 -0.48960516
 -0.29976849 -0.82413628 -0.50196671 -0.22683364 -0.19733309]
3228,[ 0.2032779   0.10598788 -0.0989508   0.13330647  0.37110748  0.08774068
 -0.04241135  0.64927381  0.34973235 -0.53047732 -0.04511736 -0.11792197
  0.17963112  0.43201456 -0.32599734  0.2316192  -0.10816534 -0.62039144
  0.10324775  0.14505172 -0.46990005  0.20555595  0.26108996 -0.64487525
 -0.01795841  0.38310583  0.02562754  0.03869851 -0.55096214  0.53364381
  0.5540379   0.56343633  0.64222974  0.23320755 -0.16956084  0.57229922
 -0.17413096  0.41652762 -0.61565519  0.12079606  0.34358035 -0.62773671
 -0.00802381 -0.22902816  0.07147374 -0.29716366  0.27680022 -0.48960138
 -0.29977065 -0.82413602 -0.50196759 -0.22683332 -0.19733371]
3229,[ 0.20328013  0.10598878 -0.09895651  0.13330771  0.37110875  0.08773932
 -0.04240935  0.64927167  0.34973015 -0.53047639 -0.04511704 -0.11791958
  0.17962994  0.43201681 -0.32599741  0.23162107 -0.10816415 -0.62039073
  0.10324649  0.14505306 -0.46990025  0.20555476  0.26108956 -0.64487713
 -0.01796034  0.3831049   0.02563101  0.03869735 -0.55096368  0.53364696
  0.55403487  0.56343714  0.64223113  0.23320761 -0.16955967  0.57229955
 -0.17413224  0.41652677 -0.61565465  0.12079469  0.34358066 -0.62773439
 -0.00802648 -0.22902838  0.07147216 -0.29716412  0.27680191 -0.48959761
 -0.29977281 -0.82413576 -0.50196847 -0.22683299 -0.19733432]
3230,[ 0.20328235  0.10598967 -0.09896221  0.13330894  0.37111002  0.08773796
 -0.04240735  0.64926955  0.34972795 -0.53047547 -0.04511672 -0.11791719
  0.17962876  0.43201906 -0.32599748  0.23162294 -0.10816297 -0.62039002
  0.10324523  0.1450544  -0.46990044  0.20555357  0.26108916 -0.64487901
 -0.01796227  0.38310397  0.02563447  0.03869619 -0.55096521  0.5336501
  0.55403185  0.56343796  0.64223252  0.23320766 -0.16955849  0.57229988
 -0.17413352  0.41652593 -0.61565411  0.12079331  0.34358096 -0.62773207
 -0.00802916 -0.22902861  0.07147058 -0.29716459  0.2768036  -0.48959384
 -0.29977496 -0.8241355  -0.50196934 -0.22683266 -0.19733494]
3231,[ 0.20328457  0.10599057 -0.0989679   0.13331017  0.37111129  0.08773659
 -0.04240535  0.64926742  0.34972576 -0.53047454 -0.04511639 -0.1179148
  0.17962759  0.4320213  -0.32599755  0.23162481 -0.10816178 -0.62038931
  0.10324397  0.14505573 -0.46990063  0.20555238  0.26108875 -0.64488088
 -0.0179642   0.38310304  0.02563794  0.03869503 -0.55096674  0.53365324
  0.55402883  0.56343878  0.64223391  0.23320772 -0.16955732  0.57230021
 -0.17413479  0.41652508 -0.61565357  0.12079194  0.34358127 -0.62772975
 -0.00803183 -0.22902884  0.071469   -0.29716505  0.27680528 -0.48959007
 -0.29977711 -0.82413524 -0.50197022 -0.22683234 -0.19733556]
3232,[ 0.20328679  0.10599146 -0.09897359  0.1333114   0.37111256  0.08773523
 -0.04240336  0.64926529  0.34972356 -0.53047362 -0.04511607 -0.11791242
  0.17962641  0.43202354 -0.32599762  0.23162668 -0.1081606  -0.6203886
  0.10324271  0.14505706 -0.46990083  0.20555119  0.26108835 -0.64488276
 -0.01796612  0.38310212  0.02564139  0.03869388 -0.55096826  0.53365638
  0.55402581  0.56343959  0.6422353   0.23320778 -0.16955615  0.57230054
 -0.17413607  0.41652424 -0.61565304  0.12079057  0.34358158 -0.62772744
 -0.00803449 -0.22902907  0.07146742 -0.29716552  0.27680697 -0.48958631
 -0.29977926 -0.82413498 -0.50197109 -0.22683201 -0.19733617]
3233,[ 0.20328901  0.10599235 -0.09897927  0.13331262  0.37111383  0.08773388
 -0.04240137  0.64926317  0.34972137 -0.53047269 -0.04511575 -0.11791004
  0.17962524  0.43202577 -0.32599769  0.23162855 -0.10815942 -0.62038789
  0.10324145  0.14505839 -0.46990102  0.20555     0.26108795 -0.64488463
 -0.01796805  0.38310119  0.02564485  0.03869272 -0.55096979  0.53365951
  0.5540228   0.56344041  0.64223669  0.23320784 -0.16955498  0.57230087
 -0.17413734  0.41652339 -0.6156525   0.1207892   0.34358189 -0.62772513
 -0.00803716 -0.22902929  0.07146585 -0.29716598  0.27680865 -0.48958255
 -0.29978141 -0.82413472 -0.50197196 -0.22683169 -0.19733679]
3234,[ 0.20329122  0.10599324 -0.09898494  0.13331385  0.37111509  0.08773252
 -0.04239938  0.64926105  0.34971918 -0.53047177 -0.04511543 -0.11790766
  0.17962406  0.43202801 -0.32599775  0.23163041 -0.10815824 -0.62038718
  0.10324019  0.14505972 -0.46990122  0.20554881  0.26108755 -0.64488649
 -0.01796997  0.38310026  0.0256483   0.03869157 -0.55097131  0.53366264
  0.55401978  0.56344122  0.64223807  0.23320789 -0.16955381  0.57230119
 -0.17413861  0.41652255 -0.61565197  0.12078783  0.34358219 -0.62772282
 -0.00803982 -0.22902952  0.07146428 -0.29716645  0.27681033 -0.4895788
 -0.29978356 -0.82413446 -0.50197284 -0.22683136 -0.1973374 ]
3235,[ 0.20329344  0.10599413 -0.09899061  0.13331507  0.37111635  0.08773117
 -0.0423974   0.64925893  0.34971699 -0.53047085 -0.04511511 -0.11790528
  0.17962289  0.43203024 -0.32599782  0.23163227 -0.10815706 -0.62038648
  0.10323894  0.14506105 -0.46990141  0.20554763  0.26108715 -0.64488836
 -0.01797189  0.38309934  0.02565175  0.03869042 -0.55097284  0.53366577
  0.55401678  0.56344203  0.64223945  0.23320795 -0.16955265  0.57230152
 -0.17413988  0.41652171 -0.61565143  0.12078646  0.3435825  -0.62772051
 -0.00804247 -0.22902975  0.07146271 -0.29716691  0.27681201 -0.48957505
 -0.2997857  -0.8241342  -0.50197371 -0.22683104 -0.19733801]
3236,[ 0.20329564  0.10599502 -0.09899627  0.13331629  0.37111762  0.08772981
 -0.04239541  0.64925682  0.34971481 -0.53046993 -0.04511479 -0.11790291
  0.17962172  0.43203247 -0.32599789  0.23163413 -0.10815588 -0.62038577
  0.10323769  0.14506237 -0.4699016   0.20554644  0.26108675 -0.64489022
 -0.01797381  0.38309842  0.02565519  0.03868927 -0.55097436  0.53366889
  0.55401377  0.56344285  0.64224083  0.23320801 -0.16955148  0.57230185
 -0.17414115  0.41652087 -0.6156509   0.1207851   0.34358281 -0.62771821
 -0.00804513 -0.22902997  0.07146114 -0.29716737  0.27681369 -0.48957131
 -0.29978784 -0.82413394 -0.50197458 -0.22683071 -0.19733863]
3237,[ 0.20329785  0.10599591 -0.09900192  0.13331752  0.37111888  0.08772846
 -0.04239343  0.64925471  0.34971263 -0.53046901 -0.04511447 -0.11790054
  0.17962055  0.4320347  -0.32599796  0.23163599 -0.1081547  -0.62038506
  0.10323644  0.1450637  -0.4699018   0.20554526  0.26108636 -0.64489208
 -0.01797572  0.3830975   0.02565863  0.03868812 -0.55097588  0.53367201
  0.55401077  0.56344366  0.64224221  0.23320807 -0.16955032  0.57230218
 -0.17414242  0.41652003 -0.61565036  0.12078374  0.34358311 -0.6277159
 -0.00804778 -0.2290302   0.07145957 -0.29716784  0.27681537 -0.48956756
 -0.29978998 -0.82413368 -0.50197544 -0.22683039 -0.19733924]
3238,[ 0.20330005  0.10599679 -0.09900757  0.13331874  0.37112014  0.08772711
 -0.04239145  0.6492526   0.34971045 -0.53046809 -0.04511415 -0.11789817
  0.17961939  0.43203692 -0.32599803  0.23163784 -0.10815353 -0.62038436
  0.10323518  0.14506502 -0.46990199  0.20554408  0.26108596 -0.64489394
 -0.01797763  0.38309658  0.02566206  0.03868697 -0.55097739  0.53367512
  0.55400778  0.56344447  0.64224359  0.23320812 -0.16954916  0.5723025
 -0.17414369  0.41651919 -0.61564983  0.12078237  0.34358342 -0.62771361
 -0.00805043 -0.22903043  0.07145801 -0.2971683   0.27681704 -0.48956383
 -0.29979211 -0.82413342 -0.50197631 -0.22683006 -0.19733985]
3239,[ 0.20330226  0.10599768 -0.09901321  0.13331995  0.3711214   0.08772576
 -0.04238947  0.64925049  0.34970827 -0.53046718 -0.04511383 -0.11789581
  0.17961822  0.43203914 -0.3259981   0.2316397  -0.10815235 -0.62038366
  0.10323394  0.14506634 -0.46990218  0.2055429   0.26108556 -0.6448958
 -0.01797954  0.38309566  0.02566549  0.03868582 -0.55097891  0.53367823
  0.55400478  0.56344527  0.64224497  0.23320818 -0.169548    0.57230283
 -0.17414495  0.41651835 -0.6156493   0.12078101  0.34358372 -0.62771131
 -0.00805308 -0.22903065  0.07145644 -0.29716876  0.27681872 -0.4895601
 -0.29979425 -0.82413316 -0.50197718 -0.22682974 -0.19734046]
3240,[ 0.20330446  0.10599857 -0.09901885  0.13332117  0.37112265  0.08772441
 -0.0423875   0.64924838  0.3497061  -0.53046626 -0.04511351 -0.11789345
  0.17961705  0.43204136 -0.32599816  0.23164155 -0.10815118 -0.62038295
  0.10323269  0.14506766 -0.46990237  0.20554172  0.26108516 -0.64489766
 -0.01798145  0.38309474  0.02566892  0.03868468 -0.55098042  0.53368134
  0.55400179  0.56344608  0.64224634  0.23320824 -0.16954684  0.57230316
 -0.17414622  0.41651752 -0.61564877  0.12077965  0.34358403 -0.62770902
 -0.00805572 -0.22903088  0.07145488 -0.29716922  0.27682039 -0.48955637
 -0.29979638 -0.8241329  -0.50197804 -0.22682942 -0.19734107]
3241,[ 0.20330665  0.10599945 -0.09902448  0.13332239  0.37112391  0.08772307
 -0.04238553  0.64924628  0.34970393 -0.53046535 -0.04511319 -0.11789109
  0.17961589  0.43204358 -0.32599823  0.2316434  -0.10815001 -0.62038225
  0.10323144  0.14506898 -0.46990257  0.20554054  0.26108476 -0.64489951
 -0.01798336  0.38309382  0.02567235  0.03868353 -0.55098193  0.53368445
  0.5539988   0.56344689  0.64224771  0.23320829 -0.16954568  0.57230348
 -0.17414748  0.41651668 -0.61564824  0.1207783   0.34358433 -0.62770672
 -0.00805836 -0.2290311   0.07145332 -0.29716968  0.27682205 -0.48955264
 -0.29979851 -0.82413264 -0.50197891 -0.2268291  -0.19734168]
3242,[ 0.20330885  0.10600033 -0.0990301   0.1333236   0.37112516  0.08772172
 -0.04238356  0.64924418  0.34970176 -0.53046443 -0.04511287 -0.11788873
  0.17961473  0.43204579 -0.3259983   0.23164524 -0.10814884 -0.62038155
  0.1032302   0.1450703  -0.46990276  0.20553937  0.26108437 -0.64490136
 -0.01798526  0.3830929   0.02567577  0.03868239 -0.55098344  0.53368755
  0.55399582  0.5634477   0.64224909  0.23320835 -0.16954452  0.57230381
 -0.17414874  0.41651585 -0.61564771  0.12077694  0.34358463 -0.62770444
 -0.00806099 -0.22903133  0.07145177 -0.29717014  0.27682372 -0.48954892
 -0.29980063 -0.82413239 -0.50197977 -0.22682877 -0.19734229]
3243,[ 0.20331104  0.10600121 -0.09903572  0.13332481  0.37112641  0.08772038
 -0.04238159  0.64924208  0.34969959 -0.53046352 -0.04511256 -0.11788638
  0.17961357  0.43204801 -0.32599837  0.23164709 -0.10814767 -0.62038085
  0.10322895  0.14507161 -0.46990295  0.20553819  0.26108397 -0.64490321
 -0.01798717  0.38309199  0.02567918  0.03868125 -0.55098495  0.53369065
  0.55399284  0.5634485   0.64225046  0.23320841 -0.16954336  0.57230413
 -0.17415     0.41651501 -0.61564718  0.12077559  0.34358494 -0.62770215
 -0.00806363 -0.22903155  0.07145021 -0.2971706   0.27682539 -0.48954521
 -0.29980276 -0.82413213 -0.50198064 -0.22682845 -0.19734289]
3244,[ 0.20331323  0.1060021  -0.09904133  0.13332603  0.37112767  0.08771904
 -0.04237962  0.64923998  0.34969742 -0.53046261 -0.04511224 -0.11788402
  0.17961241  0.43205021 -0.32599844  0.23164893 -0.1081465  -0.62038015
  0.10322771  0.14507293 -0.46990314  0.20553702  0.26108358 -0.64490506
 -0.01798907  0.38309107  0.02568259  0.03868011 -0.55098646  0.53369374
  0.55398986  0.56344931  0.64225182  0.23320847 -0.16954221  0.57230446
 -0.17415126  0.41651418 -0.61564665  0.12077423  0.34358524 -0.62769987
 -0.00806626 -0.22903178  0.07144865 -0.29717106  0.27682705 -0.4895415
 -0.29980488 -0.82413187 -0.5019815  -0.22682813 -0.1973435 ]
3245,[ 0.20331541  0.10600298 -0.09904693  0.13332724  0.37112891  0.0877177
 -0.04237766  0.64923789  0.34969526 -0.5304617  -0.04511192 -0.11788167
  0.17961125  0.43205242 -0.3259985   0.23165077 -0.10814533 -0.62037945
  0.10322647  0.14507424 -0.46990333  0.20553585  0.26108318 -0.6449069
 -0.01799096  0.38309016  0.025686    0.03867897 -0.55098796  0.53369683
  0.55398689  0.56345011  0.64225319  0.23320852 -0.16954105  0.57230478
 -0.17415251  0.41651335 -0.61564612  0.12077288  0.34358554 -0.62769758
 -0.00806889 -0.229032    0.0714471  -0.29717152  0.27682871 -0.48953779
 -0.299807   -0.82413161 -0.50198236 -0.22682781 -0.19734411]
3246,[ 0.2033176   0.10600385 -0.09905253  0.13332845  0.37113016  0.08771636
 -0.0423757   0.6492358   0.3496931  -0.53046079 -0.04511161 -0.11787933
  0.17961009  0.43205463 -0.32599857  0.23165261 -0.10814417 -0.62037875
  0.10322523  0.14507555 -0.46990352  0.20553468  0.26108279 -0.64490875
 -0.01799286  0.38308925  0.02568941  0.03867783 -0.55098947  0.53369992
  0.55398392  0.56345091  0.64225456  0.23320858 -0.1695399   0.5723051
 -0.17415377  0.41651252 -0.61564559  0.12077153  0.34358585 -0.62769531
 -0.00807151 -0.22903222  0.07144555 -0.29717197  0.27683037 -0.48953409
 -0.29980911 -0.82413136 -0.50198322 -0.22682749 -0.19734471]
3247,[ 0.20331978  0.10600473 -0.09905812  0.13332965  0.37113141  0.08771502
 -0.04237374  0.64923371  0.34969095 -0.53045988 -0.04511129 -0.11787699
  0.17960894  0.43205683 -0.32599864  0.23165445 -0.10814301 -0.62037806
  0.10322399  0.14507686 -0.46990371  0.20553351  0.26108239 -0.64491059
 -0.01799475  0.38308834  0.02569281  0.03867669 -0.55099097  0.533703
  0.55398095  0.56345171  0.64225592  0.23320864 -0.16953875  0.57230543
 -0.17415502  0.41651169 -0.61564506  0.12077018  0.34358615 -0.62769303
 -0.00807413 -0.22903245  0.071444   -0.29717243  0.27683203 -0.48953039
 -0.29981123 -0.8241311  -0.50198408 -0.22682717 -0.19734532]
3248,[ 0.20332196  0.10600561 -0.0990637   0.13333086  0.37113266  0.08771369
 -0.04237178  0.64923162  0.34968879 -0.53045897 -0.04511097 -0.11787464
  0.17960778  0.43205903 -0.32599871  0.23165628 -0.10814184 -0.62037736
  0.10322276  0.14507817 -0.46990391  0.20553234  0.261082   -0.64491243
 -0.01799664  0.38308743  0.0256962   0.03867556 -0.55099247  0.53370608
  0.55397799  0.56345251  0.64225728  0.23320869 -0.1695376   0.57230575
 -0.17415627  0.41651086 -0.61564454  0.12076884  0.34358645 -0.62769076
 -0.00807675 -0.22903267  0.07144245 -0.29717289  0.27683368 -0.48952669
 -0.29981334 -0.82413085 -0.50198493 -0.22682685 -0.19734592]
3249,[ 0.20332414  0.10600649 -0.09906928  0.13333206  0.3711339   0.08771235
 -0.04236982  0.64922954  0.34968664 -0.53045807 -0.04511066 -0.11787231
  0.17960663  0.43206122 -0.32599877  0.23165811 -0.10814068 -0.62037667
  0.10322152  0.14507948 -0.4699041   0.20553117  0.26108161 -0.64491426
 -0.01799853  0.38308652  0.0256996   0.03867442 -0.55099397  0.53370916
  0.55397503  0.56345331  0.64225864  0.23320875 -0.16953645  0.57230607
 -0.17415753  0.41651003 -0.61564401  0.12076749  0.34358675 -0.62768849
 -0.00807937 -0.22903289  0.07144091 -0.29717334  0.27683534 -0.489523
 -0.29981545 -0.82413059 -0.50198579 -0.22682653 -0.19734652]
3250,[ 0.20332631  0.10600736 -0.09907485  0.13333327  0.37113514  0.08771102
 -0.04236787  0.64922746  0.34968449 -0.53045716 -0.04511034 -0.11786997
  0.17960548  0.43206342 -0.32599884  0.23165994 -0.10813952 -0.62037597
  0.10322029  0.14508078 -0.46990429  0.20553001  0.26108121 -0.6449161
 -0.01800042  0.38308561  0.02570298  0.03867329 -0.55099547  0.53371223
  0.55397207  0.56345411  0.64226     0.23320881 -0.16953531  0.5723064
 -0.17415877  0.4165092  -0.61564348  0.12076615  0.34358705 -0.62768622
 -0.00808198 -0.22903312  0.07143936 -0.2971738   0.27683699 -0.48951932
 -0.29981756 -0.82413033 -0.50198665 -0.22682621 -0.19734713]
3251,[ 0.20332848  0.10600823 -0.09908042  0.13333447  0.37113638  0.08770969
 -0.04236592  0.64922538  0.34968234 -0.53045626 -0.04511003 -0.11786764
  0.17960433  0.43206561 -0.32599891  0.23166177 -0.10813836 -0.62037528
  0.10321906  0.14508208 -0.46990448  0.20552884  0.26108082 -0.64491793
 -0.01800231  0.3830847   0.02570637  0.03867216 -0.55099696  0.5337153
  0.55396912  0.56345491  0.64226136  0.23320886 -0.16953416  0.57230672
 -0.17416002  0.41650837 -0.61564296  0.12076481  0.34358736 -0.62768395
 -0.00808459 -0.22903334  0.07143782 -0.29717426  0.27683864 -0.48951564
 -0.29981966 -0.82413008 -0.5019875  -0.22682589 -0.19734773]
3252,[ 0.20333065  0.10600911 -0.09908598  0.13333567  0.37113762  0.08770836
 -0.04236397  0.6492233   0.34968019 -0.53045535 -0.04510971 -0.11786531
  0.17960318  0.4320678  -0.32599898  0.2316636  -0.10813721 -0.62037458
  0.10321783  0.14508339 -0.46990467  0.20552768  0.26108043 -0.64491976
 -0.01800419  0.3830838   0.02570975  0.03867103 -0.55099845  0.53371837
  0.55396617  0.56345571  0.64226272  0.23320892 -0.16953302  0.57230704
 -0.17416127  0.41650755 -0.61564244  0.12076347  0.34358766 -0.62768169
 -0.0080872  -0.22903356  0.07143628 -0.29717471  0.27684029 -0.48951196
 -0.29982176 -0.82412982 -0.50198836 -0.22682557 -0.19734833]
3253,[ 0.20333282  0.10600998 -0.09909153  0.13333687  0.37113886  0.08770703
 -0.04236203  0.64922122  0.34967805 -0.53045445 -0.0451094  -0.11786298
  0.17960203  0.43206999 -0.32599904  0.23166542 -0.10813605 -0.62037389
  0.1032166   0.14508469 -0.46990486  0.20552652  0.26108004 -0.64492159
 -0.01800607  0.38308289  0.02571313  0.0386699  -0.55099995  0.53372143
  0.55396322  0.56345651  0.64226407  0.23320897 -0.16953187  0.57230736
 -0.17416251  0.41650672 -0.61564191  0.12076213  0.34358796 -0.62767943
 -0.00808981 -0.22903378  0.07143474 -0.29717516  0.27684193 -0.48950828
 -0.29982386 -0.82412957 -0.50198921 -0.22682526 -0.19734893]
3254,[ 0.20333498  0.10601085 -0.09909708  0.13333807  0.3711401   0.08770571
 -0.04236008  0.64921915  0.34967591 -0.53045355 -0.04510909 -0.11786065
  0.17960088  0.43207217 -0.32599911  0.23166724 -0.1081349  -0.6203732
  0.10321537  0.14508599 -0.46990505  0.20552536  0.26107965 -0.64492342
 -0.01800795  0.38308199  0.0257165   0.03866877 -0.55100144  0.53372449
  0.55396028  0.5634573   0.64226542  0.23320903 -0.16953073  0.57230768
 -0.17416376  0.4165059  -0.61564139  0.12076079  0.34358826 -0.62767717
 -0.00809241 -0.22903401  0.07143321 -0.29717562  0.27684358 -0.48950461
 -0.29982596 -0.82412932 -0.50199006 -0.22682494 -0.19734953]
3255,[ 0.20333715  0.10601172 -0.09910262  0.13333926  0.37114133  0.08770438
 -0.04235814  0.64921708  0.34967377 -0.53045265 -0.04510877 -0.11785833
  0.17959974  0.43207435 -0.32599918  0.23166906 -0.10813374 -0.62037251
  0.10321414  0.14508728 -0.46990523  0.2055242   0.26107925 -0.64492524
 -0.01800983  0.38308108  0.02571987  0.03866764 -0.55100292  0.53372755
  0.55395734  0.5634581   0.64226678  0.23320909 -0.16952959  0.572308
 -0.174165    0.41650508 -0.61564087  0.12075945  0.34358856 -0.62767491
 -0.00809501 -0.22903423  0.07143167 -0.29717607  0.27684522 -0.48950095
 -0.29982806 -0.82412906 -0.50199091 -0.22682462 -0.19735013]
3256,[ 0.20333931  0.10601259 -0.09910816  0.13334046  0.37114257  0.08770306
 -0.0423562   0.64921501  0.34967164 -0.53045175 -0.04510846 -0.11785601
  0.17959859  0.43207653 -0.32599924  0.23167088 -0.10813259 -0.62037182
  0.10321292  0.14508858 -0.46990542  0.20552304  0.26107886 -0.64492706
 -0.0180117   0.38308018  0.02572324  0.03866652 -0.55100441  0.5337306
  0.5539544   0.56345889  0.64226813  0.23320914 -0.16952845  0.57230832
 -0.17416624  0.41650426 -0.61564034  0.12075812  0.34358886 -0.62767266
 -0.0080976  -0.22903445  0.07143014 -0.29717652  0.27684686 -0.48949729
 -0.29983015 -0.82412881 -0.50199176 -0.2268243  -0.19735073]
3257,[ 0.20334146  0.10601346 -0.09911368  0.13334165  0.3711438   0.08770174
 -0.04235426  0.64921295  0.34966951 -0.53045085 -0.04510815 -0.11785369
  0.17959745  0.43207871 -0.32599931  0.2316727  -0.10813144 -0.62037113
  0.10321169  0.14508988 -0.46990561  0.20552188  0.26107847 -0.64492888
 -0.01801357  0.38307928  0.0257266   0.03866539 -0.5510059   0.53373365
  0.55395147  0.56345968  0.64226947  0.2332092  -0.16952731  0.57230864
 -0.17416748  0.41650344 -0.61563982  0.12075678  0.34358915 -0.62767041
 -0.00810019 -0.22903467  0.07142861 -0.29717698  0.2768485  -0.48949363
 -0.29983224 -0.82412855 -0.50199261 -0.22682399 -0.19735133]
3258,[ 0.20334362  0.10601433 -0.09911921  0.13334285  0.37114503  0.08770042
 -0.04235233  0.64921089  0.34966737 -0.53044995 -0.04510783 -0.11785138
  0.17959631  0.43208089 -0.32599938  0.23167451 -0.10813029 -0.62037044
  0.10321047  0.14509117 -0.4699058   0.20552073  0.26107808 -0.6449307
 -0.01801544  0.38307838  0.02572996  0.03866427 -0.55100738  0.53373669
  0.55394854  0.56346047  0.64227082  0.23320925 -0.16952618  0.57230896
 -0.17416872  0.41650262 -0.6156393   0.12075545  0.34358945 -0.62766816
 -0.00810278 -0.22903489  0.07142708 -0.29717743  0.27685013 -0.48948998
 -0.29983433 -0.8241283  -0.50199346 -0.22682367 -0.19735193]
3259,[ 0.20334577  0.10601519 -0.09912472  0.13334404  0.37114626  0.0876991
 -0.04235039  0.64920882  0.34966525 -0.53044906 -0.04510752 -0.11784907
  0.17959517  0.43208306 -0.32599944  0.23167632 -0.10812915 -0.62036975
  0.10320925  0.14509246 -0.46990599  0.20551958  0.2610777  -0.64493252
 -0.01801731  0.38307748  0.02573331  0.03866315 -0.55100886  0.53373974
  0.55394561  0.56346126  0.64227217  0.23320931 -0.16952504  0.57230928
 -0.17416996  0.4165018  -0.61563878  0.12075412  0.34358975 -0.62766592
 -0.00810537 -0.22903511  0.07142555 -0.29717788  0.27685177 -0.48948633
 -0.29983641 -0.82412805 -0.50199431 -0.22682335 -0.19735252]
3260,[ 0.20334792  0.10601606 -0.09913023  0.13334523  0.37114749  0.08769778
 -0.04234846  0.64920677  0.34966312 -0.53044816 -0.04510721 -0.11784676
  0.17959403  0.43208523 -0.32599951  0.23167813 -0.108128   -0.62036907
  0.10320803  0.14509375 -0.46990618  0.20551842  0.26107731 -0.64493433
 -0.01801918  0.38307658  0.02573667  0.03866203 -0.55101034  0.53374278
  0.55394269  0.56346205  0.64227351  0.23320937 -0.16952391  0.5723096
 -0.17417119  0.41650098 -0.61563826  0.12075279  0.34359005 -0.62766367
 -0.00810795 -0.22903533  0.07142402 -0.29717833  0.2768534  -0.48948268
 -0.2998385  -0.8241278  -0.50199515 -0.22682304 -0.19735312]
3261,[ 0.20335007  0.10601692 -0.09913573  0.13334642  0.37114872  0.08769647
 -0.04234653  0.64920471  0.349661   -0.53044727 -0.0451069  -0.11784445
  0.17959289  0.4320874  -0.32599958  0.23167994 -0.10812685 -0.62036838
  0.10320681  0.14509504 -0.46990637  0.20551727  0.26107692 -0.64493614
 -0.01802104  0.38307568  0.02574001  0.03866091 -0.55101182  0.53374581
  0.55393977  0.56346284  0.64227485  0.23320942 -0.16952277  0.57230992
 -0.17417243  0.41650016 -0.61563774  0.12075147  0.34359035 -0.62766143
 -0.00811054 -0.22903555  0.0714225  -0.29717878  0.27685503 -0.48947904
 -0.29984058 -0.82412754 -0.501996   -0.22682272 -0.19735371]
3262,[ 0.20335221  0.10601778 -0.09914123  0.1333476   0.37114994  0.08769515
 -0.04234461  0.64920266  0.34965888 -0.53044637 -0.04510659 -0.11784215
  0.17959175  0.43208956 -0.32599964  0.23168174 -0.10812571 -0.62036769
  0.10320559  0.14509633 -0.46990655  0.20551612  0.26107653 -0.64493795
 -0.0180229   0.38307479  0.02574336  0.03865979 -0.5510133   0.53374884
  0.55393685  0.56346363  0.6422762   0.23320948 -0.16952164  0.57231024
 -0.17417366  0.41649934 -0.61563722  0.12075014  0.34359064 -0.6276592
 -0.00811311 -0.22903577  0.07142097 -0.29717923  0.27685666 -0.48947541
 -0.29984266 -0.82412729 -0.50199684 -0.22682241 -0.19735431]
3263,[ 0.20335436  0.10601865 -0.09914672  0.13334879  0.37115117  0.08769384
 -0.04234268  0.6492006   0.34965676 -0.53044548 -0.04510628 -0.11783985
  0.17959062  0.43209172 -0.32599971  0.23168355 -0.10812457 -0.62036701
  0.10320438  0.14509761 -0.46990674  0.20551497  0.26107614 -0.64493976
 -0.01802476  0.38307389  0.0257467   0.03865867 -0.55101477  0.53375187
  0.55393394  0.56346442  0.64227753  0.23320953 -0.16952051  0.57231055
 -0.17417489  0.41649853 -0.6156367   0.12074882  0.34359094 -0.62765696
 -0.00811569 -0.22903599  0.07141945 -0.29717968  0.27685829 -0.48947177
 -0.29984473 -0.82412704 -0.50199769 -0.22682209 -0.1973549 ]
3264,[ 0.2033565   0.10601951 -0.09915221  0.13334998  0.37115239  0.08769253
 -0.04234076  0.64919855  0.34965464 -0.53044459 -0.04510597 -0.11783755
  0.17958949  0.43209388 -0.32599978  0.23168535 -0.10812342 -0.62036632
  0.10320316  0.1450989  -0.46990693  0.20551383  0.26107576 -0.64494157
 -0.01802662  0.383073    0.02575003  0.03865756 -0.55101624  0.5337549
  0.55393102  0.56346521  0.64227887  0.23320959 -0.16951938  0.57231087
 -0.17417612  0.41649772 -0.61563619  0.12074749  0.34359124 -0.62765473
 -0.00811826 -0.22903621  0.07141793 -0.29718013  0.27685992 -0.48946814
 -0.29984681 -0.82412679 -0.50199853 -0.22682178 -0.1973555 ]
3265,[ 0.20335863  0.10602037 -0.09915769  0.13335116  0.37115361  0.08769122
 -0.04233884  0.64919651  0.34965253 -0.5304437  -0.04510566 -0.11783525
  0.17958835  0.43209604 -0.32599984  0.23168715 -0.10812228 -0.62036564
  0.10320195  0.14510018 -0.46990712  0.20551268  0.26107537 -0.64494337
 -0.01802848  0.38307211  0.02575336  0.03865645 -0.55101772  0.53375792
  0.55392812  0.56346599  0.64228021  0.23320964 -0.16951825  0.57231119
 -0.17417735  0.4164969  -0.61563567  0.12074617  0.34359153 -0.6276525
 -0.00812083 -0.22903643  0.07141641 -0.29718057  0.27686154 -0.48946452
 -0.29984888 -0.82412654 -0.50199937 -0.22682147 -0.19735609]
3266,[ 0.20336077  0.10602123 -0.09916316  0.13335234  0.37115483  0.08768991
 -0.04233692  0.64919446  0.34965041 -0.53044281 -0.04510535 -0.11783296
  0.17958722  0.4320982  -0.32599991  0.23168895 -0.10812115 -0.62036496
  0.10320074  0.14510146 -0.4699073   0.20551154  0.26107499 -0.64494517
 -0.01803033  0.38307121  0.02575669  0.03865533 -0.55101919  0.53376094
  0.55392521  0.56346678  0.64228154  0.2332097  -0.16951713  0.5723115
 -0.17417858  0.41649609 -0.61563515  0.12074485  0.34359183 -0.62765027
 -0.0081234  -0.22903665  0.0714149  -0.29718102  0.27686316 -0.4894609
 -0.29985095 -0.82412629 -0.50200021 -0.22682115 -0.19735668]
3267,[ 0.2033629   0.10602209 -0.09916863  0.13335352  0.37115605  0.0876886
 -0.04233501  0.64919242  0.34964831 -0.53044192 -0.04510504 -0.11783067
  0.17958609  0.43210035 -0.32599998  0.23169074 -0.10812001 -0.62036428
  0.10319953  0.14510274 -0.46990749  0.20551039  0.2610746  -0.64494697
 -0.01803218  0.38307032  0.02576002  0.03865422 -0.55102065  0.53376395
  0.55392231  0.56346756  0.64228288  0.23320976 -0.169516    0.57231182
 -0.1741798   0.41649528 -0.61563464  0.12074354  0.34359213 -0.62764805
 -0.00812596 -0.22903687  0.07141338 -0.29718147  0.27686478 -0.48945728
 -0.29985302 -0.82412604 -0.50200105 -0.22682084 -0.19735727]
3268,[ 0.20336503  0.10602294 -0.09917409  0.1333547   0.37115727  0.0876873
 -0.04233309  0.64919038  0.3496462  -0.53044104 -0.04510473 -0.11782838
  0.17958496  0.4321025  -0.32600004  0.23169253 -0.10811887 -0.6203636
  0.10319832  0.14510402 -0.46990768  0.20550925  0.26107421 -0.64494877
 -0.01803403  0.38306943  0.02576334  0.03865311 -0.55102212  0.53376696
  0.55391941  0.56346834  0.64228421  0.23320981 -0.16951488  0.57231214
 -0.17418103  0.41649447 -0.61563412  0.12074222  0.34359242 -0.62764582
 -0.00812852 -0.22903708  0.07141187 -0.29718192  0.2768664  -0.48945367
 -0.29985508 -0.82412579 -0.50200189 -0.22682053 -0.19735786]
3269,[ 0.20336716  0.1060238  -0.09917954  0.13335588  0.37115849  0.08768599
 -0.04233118  0.64918834  0.34964409 -0.53044015 -0.04510442 -0.11782609
  0.17958383  0.43210465 -0.32600011  0.23169433 -0.10811774 -0.62036292
  0.10319711  0.1451053  -0.46990786  0.20550811  0.26107383 -0.64495057
 -0.01803588  0.38306854  0.02576666  0.038652   -0.55102359  0.53376997
  0.55391652  0.56346913  0.64228554  0.23320987 -0.16951376  0.57231245
 -0.17418225  0.41649366 -0.61563361  0.1207409   0.34359272 -0.6276436
 -0.00813108 -0.2290373   0.07141036 -0.29718236  0.27686802 -0.48945006
 -0.29985714 -0.82412554 -0.50200273 -0.22682021 -0.19735845]
3270,[ 0.20336929  0.10602466 -0.09918499  0.13335706  0.3711597   0.08768469
 -0.04232927  0.64918631  0.34964199 -0.53043926 -0.04510411 -0.11782381
  0.17958271  0.43210679 -0.32600017  0.23169612 -0.1081166  -0.62036224
  0.1031959   0.14510658 -0.46990805  0.20550697  0.26107345 -0.64495236
 -0.01803772  0.38306766  0.02576997  0.03865089 -0.55102505  0.53377298
  0.55391363  0.56346991  0.64228687  0.23320992 -0.16951263  0.57231277
 -0.17418347  0.41649285 -0.61563309  0.12073959  0.34359301 -0.62764138
 -0.00813363 -0.22903752  0.07140885 -0.29718281  0.27686963 -0.48944646
 -0.2998592  -0.82412529 -0.50200357 -0.2268199  -0.19735904]
3271,[ 0.20337141  0.10602551 -0.09919043  0.13335823  0.37116092  0.08768339
 -0.04232736  0.64918427  0.34963989 -0.53043838 -0.0451038  -0.11782153
  0.17958158  0.43210894 -0.32600024  0.2316979  -0.10811547 -0.62036156
  0.1031947   0.14510785 -0.46990823  0.20550583  0.26107306 -0.64495415
 -0.01803956  0.38306677  0.02577328  0.03864979 -0.55102651  0.53377598
  0.55391074  0.56347069  0.6422882   0.23320998 -0.16951151  0.57231308
 -0.17418469  0.41649204 -0.61563258  0.12073828  0.3435933  -0.62763917
 -0.00813619 -0.22903774  0.07140734 -0.29718325  0.27687125 -0.48944286
 -0.29986126 -0.82412504 -0.5020044  -0.22681959 -0.19735963]
3272,[ 0.20337353  0.10602636 -0.09919587  0.1333594   0.37116213  0.08768209
 -0.04232546  0.64918224  0.34963779 -0.5304375  -0.0451035  -0.11781925
  0.17958046  0.43211108 -0.3260003   0.23169969 -0.10811434 -0.62036088
  0.1031935   0.14510913 -0.46990842  0.20550469  0.26107268 -0.64495594
 -0.01804141  0.38306588  0.02577658  0.03864868 -0.55102797  0.53377898
  0.55390786  0.56347147  0.64228952  0.23321003 -0.1695104   0.5723134
 -0.17418591  0.41649123 -0.61563207  0.12073697  0.3435936  -0.62763696
 -0.00813874 -0.22903796  0.07140583 -0.2971837   0.27687286 -0.48943926
 -0.29986332 -0.82412479 -0.50200524 -0.22681928 -0.19736022]
3273,[ 0.20337565  0.10602722 -0.0992013   0.13336058  0.37116334  0.08768079
 -0.04232356  0.64918021  0.3496357  -0.53043661 -0.04510319 -0.11781697
  0.17957934  0.43211322 -0.32600037  0.23170147 -0.10811321 -0.6203602
  0.10319229  0.1451104  -0.4699086   0.20550356  0.2610723  -0.64495773
 -0.01804324  0.383065    0.02577989  0.03864758 -0.55102943  0.53378197
  0.55390498  0.56347224  0.64229085  0.23321009 -0.16950928  0.57231371
 -0.17418713  0.41649043 -0.61563156  0.12073566  0.34359389 -0.62763475
 -0.00814128 -0.22903817  0.07140433 -0.29718414  0.27687447 -0.48943567
 -0.29986537 -0.82412454 -0.50200607 -0.22681897 -0.19736081]
3274,[ 0.20337777  0.10602807 -0.09920672  0.13336175  0.37116455  0.08767949
 -0.04232166  0.64917819  0.34963361 -0.53043573 -0.04510288 -0.1178147
  0.17957822  0.43211535 -0.32600044  0.23170325 -0.10811208 -0.62035953
  0.10319109  0.14511167 -0.46990879  0.20550242  0.26107191 -0.64495951
 -0.01804508  0.38306411  0.02578319  0.03864648 -0.55103089  0.53378496
  0.5539021   0.56347302  0.64229217  0.23321014 -0.16950816  0.57231402
 -0.17418834  0.41648962 -0.61563104  0.12073435  0.34359418 -0.62763254
 -0.00814383 -0.22903839  0.07140283 -0.29718458  0.27687608 -0.48943208
 -0.29986742 -0.82412429 -0.5020069  -0.22681866 -0.19736139]
3275,[ 0.20337988  0.10602892 -0.09921214  0.13336292  0.37116576  0.0876782
 -0.04231976  0.64917616  0.34963152 -0.53043485 -0.04510258 -0.11781243
  0.1795771   0.43211749 -0.3260005   0.23170503 -0.10811095 -0.62035885
  0.10318989  0.14511294 -0.46990897  0.20550129  0.26107153 -0.6449613
 -0.01804692  0.38306323  0.02578648  0.03864537 -0.55103234  0.53378795
  0.55389922  0.5634738   0.64229349  0.2332102  -0.16950705  0.57231434
 -0.17418956  0.41648882 -0.61563053  0.12073304  0.34359448 -0.62763033
 -0.00814637 -0.22903861  0.07140133 -0.29718503  0.27687768 -0.4894285
 -0.29986947 -0.82412404 -0.50200774 -0.22681835 -0.19736198]
3276,[ 0.20338199  0.10602977 -0.09921755  0.13336409  0.37116696  0.0876769
 -0.04231786  0.64917414  0.34962943 -0.53043397 -0.04510227 -0.11781016
  0.17957598  0.43211962 -0.32600057  0.23170681 -0.10810983 -0.62035818
  0.1031887   0.1451142  -0.46990916  0.20550016  0.26107115 -0.64496308
 -0.01804875  0.38306235  0.02578977  0.03864427 -0.5510338   0.53379093
  0.55389635  0.56347458  0.64229481  0.23321025 -0.16950593  0.57231465
 -0.17419077  0.41648801 -0.61563002  0.12073174  0.34359477 -0.62762813
 -0.0081489  -0.22903882  0.07139983 -0.29718547  0.27687929 -0.48942492
 -0.29987152 -0.82412379 -0.50200857 -0.22681804 -0.19736257]
3277,[ 0.2033841   0.10603062 -0.09922295  0.13336525  0.37116817  0.08767561
 -0.04231597  0.64917212  0.34962734 -0.53043309 -0.04510196 -0.11780789
  0.17957486  0.43212175 -0.32600063  0.23170859 -0.1081087  -0.6203575
  0.1031875   0.14511547 -0.46990934  0.20549903  0.26107077 -0.64496486
 -0.01805058  0.38306147  0.02579306  0.03864317 -0.55103525  0.53379392
  0.55389348  0.56347535  0.64229613  0.23321031 -0.16950482  0.57231496
 -0.17419198  0.41648721 -0.61562951  0.12073043  0.34359506 -0.62762593
 -0.00815144 -0.22903904  0.07139833 -0.29718591  0.27688089 -0.48942134
 -0.29987356 -0.82412354 -0.5020094  -0.22681773 -0.19736315]
3278,[ 0.20338621  0.10603147 -0.09922835  0.13336642  0.37116937  0.08767432
 -0.04231407  0.6491701   0.34962526 -0.53043222 -0.04510166 -0.11780563
  0.17957374  0.43212387 -0.3260007   0.23171036 -0.10810758 -0.62035683
  0.1031863   0.14511673 -0.46990953  0.2054979   0.26107039 -0.64496664
 -0.01805241  0.38306059  0.02579634  0.03864208 -0.5510367   0.53379689
  0.55389062  0.56347612  0.64229745  0.23321036 -0.16950371  0.57231527
 -0.17419319  0.41648641 -0.615629    0.12072913  0.34359535 -0.62762373
 -0.00815397 -0.22903925  0.07139683 -0.29718635  0.27688249 -0.48941777
 -0.2998756  -0.8241233  -0.50201023 -0.22681742 -0.19736373]
3279,[ 0.20338831  0.10603231 -0.09923375  0.13336759  0.37117058  0.08767303
 -0.04231218  0.64916809  0.34962318 -0.53043134 -0.04510135 -0.11780337
  0.17957263  0.432126   -0.32600076  0.23171213 -0.10810646 -0.62035616
  0.10318511  0.145118   -0.46990971  0.20549677  0.26107001 -0.64496841
 -0.01805423  0.38305971  0.02579962  0.03864098 -0.55103815  0.53379987
  0.55388776  0.5634769   0.64229876  0.23321041 -0.1695026   0.57231559
 -0.1741944   0.41648561 -0.61562849  0.12072783  0.34359565 -0.62762154
 -0.0081565  -0.22903947  0.07139534 -0.29718679  0.27688409 -0.4894142
 -0.29987764 -0.82412305 -0.50201106 -0.22681711 -0.19736432]
3280,[ 0.20339042  0.10603316 -0.09923913  0.13336875  0.37117178  0.08767174
 -0.0423103   0.64916608  0.3496211  -0.53043046 -0.04510105 -0.11780111
  0.17957152  0.43212812 -0.32600083  0.2317139  -0.10810534 -0.62035549
  0.10318392  0.14511926 -0.4699099   0.20549564  0.26106963 -0.64497019
 -0.01805606  0.38305883  0.0258029   0.03863988 -0.55103959  0.53380284
  0.5538849   0.56347767  0.64230008  0.23321047 -0.16950149  0.5723159
 -0.17419561  0.41648481 -0.61562799  0.12072653  0.34359594 -0.62761934
 -0.00815903 -0.22903969  0.07139385 -0.29718723  0.27688568 -0.48941064
 -0.29987968 -0.8241228  -0.50201188 -0.2268168  -0.1973649 ]
3281,[ 0.20339252  0.106034   -0.09924451  0.13336991  0.37117298  0.08767046
 -0.04230841  0.64916406  0.34961902 -0.53042959 -0.04510074 -0.11779886
  0.1795704   0.43213024 -0.32600089  0.23171567 -0.10810422 -0.62035481
  0.10318273  0.14512052 -0.46991008  0.20549452  0.26106925 -0.64497196
 -0.01805788  0.38305795  0.02580617  0.03863879 -0.55104104  0.53380581
  0.55388204  0.56347844  0.64230139  0.23321052 -0.16950038  0.57231621
 -0.17419682  0.41648401 -0.61562748  0.12072524  0.34359623 -0.62761715
 -0.00816155 -0.2290399   0.07139235 -0.29718767  0.27688728 -0.48940708
 -0.29988171 -0.82412256 -0.50201271 -0.22681649 -0.19736548]
3282,[ 0.20339461  0.10603485 -0.09924989  0.13337107  0.37117418  0.08766917
 -0.04230653  0.64916206  0.34961695 -0.53042872 -0.04510044 -0.1177966
  0.17956929  0.43213235 -0.32600096  0.23171743 -0.1081031  -0.62035414
  0.10318154  0.14512178 -0.46991026  0.20549339  0.26106887 -0.64497373
 -0.0180597   0.38305708  0.02580944  0.0386377  -0.55104248  0.53380877
  0.55387919  0.56347921  0.6423027   0.23321058 -0.16949927  0.57231652
 -0.17419802  0.41648321 -0.61562697  0.12072394  0.34359652 -0.62761497
 -0.00816407 -0.22904012  0.07139087 -0.29718811  0.27688887 -0.48940353
 -0.29988375 -0.82412231 -0.50201354 -0.22681618 -0.19736606]
3283,[ 0.20339671  0.10603569 -0.09925526  0.13337223  0.37117537  0.08766789
 -0.04230465  0.64916005  0.34961488 -0.53042784 -0.04510014 -0.11779435
  0.17956818  0.43213447 -0.32600102  0.2317192  -0.10810198 -0.62035347
  0.10318035  0.14512304 -0.46991045  0.20549227  0.26106849 -0.6449755
 -0.01806152  0.3830562   0.02581271  0.03863661 -0.55104392  0.53381173
  0.55387634  0.56347998  0.64230401  0.23321063 -0.16949817  0.57231683
 -0.17419923  0.41648242 -0.61562647  0.12072264  0.34359681 -0.62761278
 -0.00816659 -0.22904033  0.07138938 -0.29718855  0.27689046 -0.48939997
 -0.29988578 -0.82412206 -0.50201436 -0.22681588 -0.19736665]
3284,[ 0.2033988   0.10603653 -0.09926062  0.13337339  0.37117657  0.08766661
 -0.04230277  0.64915805  0.34961281 -0.53042697 -0.04509983 -0.11779211
  0.17956707  0.43213658 -0.32600109  0.23172096 -0.10810086 -0.62035281
  0.10317916  0.14512429 -0.46991063  0.20549115  0.26106811 -0.64497726
 -0.01806334  0.38305533  0.02581597  0.03863552 -0.55104536  0.53381469
  0.5538735   0.56348075  0.64230532  0.23321069 -0.16949707  0.57231714
 -0.17420043  0.41648162 -0.61562596  0.12072135  0.3435971  -0.6276106
 -0.0081691  -0.22904054  0.07138789 -0.29718899  0.27689205 -0.48939643
 -0.2998878  -0.82412182 -0.50201518 -0.22681557 -0.19736723]
3285,[ 0.20340089  0.10603737 -0.09926598  0.13337455  0.37117776  0.08766532
 -0.04230089  0.64915605  0.34961074 -0.5304261  -0.04509953 -0.11778986
  0.17956597  0.43213869 -0.32600115  0.23172272 -0.10809975 -0.62035214
  0.10317797  0.14512555 -0.46991081  0.20549003  0.26106774 -0.64497902
 -0.01806515  0.38305445  0.02581923  0.03863443 -0.5510468   0.53381765
  0.55387065  0.56348152  0.64230662  0.23321074 -0.16949596  0.57231745
 -0.17420163  0.41648082 -0.61562545  0.12072006  0.34359739 -0.62760842
 -0.00817162 -0.22904076  0.07138641 -0.29718943  0.27689364 -0.48939288
 -0.29988983 -0.82412157 -0.50201601 -0.22681526 -0.1973678 ]
3286,[ 0.20340298  0.10603821 -0.09927133  0.1333757   0.37117896  0.08766405
 -0.04229901  0.64915405  0.34960868 -0.53042523 -0.04509923 -0.11778762
  0.17956486  0.4321408  -0.32600122  0.23172447 -0.10809863 -0.62035147
  0.10317679  0.1451268  -0.469911    0.20548891  0.26106736 -0.64498079
 -0.01806696  0.38305358  0.02582248  0.03863334 -0.55104824  0.5338206
  0.55386781  0.56348229  0.64230793  0.2332108  -0.16949486  0.57231776
 -0.17420283  0.41648003 -0.61562495  0.12071877  0.34359768 -0.62760624
 -0.00817412 -0.22904097  0.07138493 -0.29718987  0.27689523 -0.48938934
 -0.29989185 -0.82412133 -0.50201683 -0.22681496 -0.19736838]
3287,[ 0.20340507  0.10603905 -0.09927667  0.13337686  0.37118015  0.08766277
 -0.04229714  0.64915205  0.34960662 -0.53042436 -0.04509892 -0.11778538
  0.17956376  0.4321429  -0.32600128  0.23172623 -0.10809752 -0.6203508
  0.10317561  0.14512805 -0.46991118  0.20548779  0.26106698 -0.64498255
 -0.01806877  0.38305271  0.02582573  0.03863225 -0.55104968  0.53382354
  0.55386498  0.56348305  0.64230923  0.23321085 -0.16949376  0.57231807
 -0.17420403  0.41647924 -0.61562444  0.12071748  0.34359797 -0.62760406
 -0.00817663 -0.22904119  0.07138344 -0.2971903   0.27689681 -0.48938581
 -0.29989387 -0.82412108 -0.50201765 -0.22681465 -0.19736896]
3288,[ 0.20340715  0.10603989 -0.09928201  0.13337801  0.37118134  0.08766149
 -0.04229527  0.64915005  0.34960456 -0.5304235  -0.04509862 -0.11778314
  0.17956265  0.432145   -0.32600135  0.23172798 -0.10809641 -0.62035014
  0.10317442  0.1451293  -0.46991136  0.20548668  0.2610666  -0.6449843
 -0.01807058  0.38305184  0.02582898  0.03863117 -0.55105111  0.53382649
  0.55386215  0.56348382  0.64231054  0.2332109  -0.16949266  0.57231838
 -0.17420523  0.41647844 -0.61562394  0.12071619  0.34359826 -0.62760189
 -0.00817914 -0.2290414   0.07138196 -0.29719074  0.2768984  -0.48938227
 -0.29989589 -0.82412084 -0.50201847 -0.22681434 -0.19736954]
3289,[ 0.20340923  0.10604073 -0.09928734  0.13337916  0.37118253  0.08766022
 -0.0422934   0.64914806  0.3496025  -0.53042263 -0.04509832 -0.1177809
  0.17956155  0.4321471  -0.32600141  0.23172973 -0.1080953  -0.62034947
  0.10317324  0.14513055 -0.46991154  0.20548556  0.26106623 -0.64498606
 -0.01807239  0.38305097  0.02583222  0.03863008 -0.55105254  0.53382943
  0.55385932  0.56348458  0.64231184  0.23321096 -0.16949156  0.57231869
 -0.17420642  0.41647765 -0.61562344  0.12071491  0.34359854 -0.62759972
 -0.00818164 -0.22904161  0.07138049 -0.29719118  0.27689998 -0.48937875
 -0.29989791 -0.82412059 -0.50201929 -0.22681404 -0.19737012]
3290,[ 0.20341131  0.10604157 -0.09929267  0.13338031  0.37118372  0.08765894
 -0.04229153  0.64914607  0.34960044 -0.53042176 -0.04509802 -0.11777867
  0.17956045  0.4321492  -0.32600147  0.23173148 -0.10809419 -0.62034881
  0.10317206  0.1451318  -0.46991172  0.20548445  0.26106585 -0.64498781
 -0.01807419  0.3830501   0.02583546  0.038629   -0.55105397  0.53383237
  0.55385649  0.56348535  0.64231314  0.23321101 -0.16949047  0.57231899
 -0.17420762  0.41647686 -0.61562294  0.12071362  0.34359883 -0.62759755
 -0.00818413 -0.22904183  0.07137901 -0.29719161  0.27690155 -0.48937522
 -0.29989992 -0.82412035 -0.50202011 -0.22681373 -0.19737069]
3291,[ 0.20341338  0.1060424  -0.09929799  0.13338146  0.3711849   0.08765767
 -0.04228967  0.64914408  0.34959839 -0.5304209  -0.04509772 -0.11777644
  0.17955935  0.4321513  -0.32600154  0.23173323 -0.10809309 -0.62034815
  0.10317089  0.14513305 -0.46991191  0.20548333  0.26106548 -0.64498957
 -0.01807599  0.38304924  0.0258387   0.03862792 -0.5510554   0.5338353
  0.55385367  0.56348611  0.64231443  0.23321107 -0.16948937  0.5723193
 -0.17420881  0.41647607 -0.61562243  0.12071234  0.34359912 -0.62759539
 -0.00818663 -0.22904204  0.07137754 -0.29719205  0.27690313 -0.4893717
 -0.29990194 -0.8241201  -0.50202092 -0.22681343 -0.19737127]
3292,[ 0.20341546  0.10604324 -0.0993033   0.13338261  0.37118609  0.0876564
 -0.04228781  0.6491421   0.34959634 -0.53042004 -0.04509742 -0.11777421
  0.17955825  0.43215339 -0.3260016   0.23173498 -0.10809198 -0.62034748
  0.10316971  0.14513429 -0.46991209  0.20548222  0.2610651  -0.64499131
 -0.01807779  0.38304837  0.02584193  0.03862684 -0.55105683  0.53383823
  0.55385085  0.56348687  0.64231573  0.23321112 -0.16948828  0.57231961
 -0.17421     0.41647528 -0.61562193  0.12071106  0.34359941 -0.62759322
 -0.00818912 -0.22904225  0.07137606 -0.29719248  0.27690471 -0.48936819
 -0.29990394 -0.82411986 -0.50202174 -0.22681312 -0.19737184]
3293,[ 0.20341753  0.10604407 -0.09930861  0.13338376  0.37118727  0.08765513
 -0.04228595  0.64914011  0.34959429 -0.53041917 -0.04509712 -0.11777199
  0.17955715  0.43215548 -0.32600167  0.23173672 -0.10809088 -0.62034682
  0.10316853  0.14513553 -0.46991227  0.20548111  0.26106473 -0.64499306
 -0.01807959  0.3830475   0.02584516  0.03862576 -0.55105826  0.53384116
  0.55384803  0.56348763  0.64231703  0.23321117 -0.16948719  0.57231992
 -0.17421119  0.41647449 -0.61562143  0.12070978  0.34359969 -0.62759106
 -0.00819161 -0.22904246  0.07137459 -0.29719292  0.27690628 -0.48936468
 -0.29990595 -0.82411962 -0.50202256 -0.22681282 -0.19737242]
3294,[ 0.2034196   0.1060449  -0.09931392  0.1333849   0.37118845  0.08765386
 -0.04228409  0.64913813  0.34959224 -0.53041831 -0.04509682 -0.11776977
  0.17955606  0.43215757 -0.32600173  0.23173846 -0.10808977 -0.62034616
  0.10316736  0.14513678 -0.46991245  0.20548     0.26106435 -0.64499481
 -0.01808139  0.38304664  0.02584838  0.03862468 -0.55105968  0.53384409
  0.55384521  0.56348839  0.64231832  0.23321123 -0.16948609  0.57232022
 -0.17421238  0.41647371 -0.61562093  0.1207085   0.34359998 -0.6275889
 -0.0081941  -0.22904268  0.07137312 -0.29719335  0.27690785 -0.48936117
 -0.29990796 -0.82411937 -0.50202337 -0.22681252 -0.19737299]
3295,[ 0.20342167  0.10604573 -0.09931921  0.13338605  0.37118964  0.0876526
 -0.04228223  0.64913615  0.3495902  -0.53041745 -0.04509652 -0.11776755
  0.17955496  0.43215966 -0.3260018   0.2317402  -0.10808867 -0.6203455
  0.10316619  0.14513802 -0.46991263  0.20547889  0.26106398 -0.64499655
 -0.01808318  0.38304578  0.0258516   0.0386236  -0.5510611   0.53384701
  0.5538424   0.56348915  0.64231961  0.23321128 -0.169485    0.57232053
 -0.17421357  0.41647292 -0.61562043  0.12070722  0.34360027 -0.62758675
 -0.00819658 -0.22904289  0.07137166 -0.29719378  0.27690942 -0.48935766
 -0.29990996 -0.82411913 -0.50202418 -0.22681221 -0.19737356]
3296,[ 0.20342373  0.10604656 -0.0993245   0.13338719  0.37119081  0.08765133
 -0.04228038  0.64913418  0.34958816 -0.53041659 -0.04509622 -0.11776533
  0.17955387  0.43216174 -0.32600186  0.23174194 -0.10808757 -0.62034484
  0.10316502  0.14513926 -0.46991281  0.20547779  0.26106361 -0.64499829
 -0.01808497  0.38304491  0.02585482  0.03862253 -0.55106252  0.53384993
  0.5538396   0.56348991  0.6423209   0.23321133 -0.16948392  0.57232084
 -0.17421476  0.41647213 -0.61561993  0.12070595  0.34360055 -0.62758459
 -0.00819906 -0.2290431   0.07137019 -0.29719422  0.27691099 -0.48935416
 -0.29991196 -0.82411889 -0.502025   -0.22681191 -0.19737414]
3297,[ 0.20342579  0.10604739 -0.09932979  0.13338833  0.37119199  0.08765007
 -0.04227852  0.6491322   0.34958612 -0.53041573 -0.04509592 -0.11776311
  0.17955278  0.43216382 -0.32600192  0.23174367 -0.10808647 -0.62034418
  0.10316385  0.14514049 -0.46991299  0.20547668  0.26106324 -0.64500003
 -0.01808676  0.38304405  0.02585804  0.03862145 -0.55106394  0.53385284
  0.55383679  0.56349067  0.64232219  0.23321139 -0.16948283  0.57232114
 -0.17421594  0.41647135 -0.61561943  0.12070467  0.34360084 -0.62758244
 -0.00820154 -0.22904331  0.07136873 -0.29719465  0.27691256 -0.48935067
 -0.29991396 -0.82411865 -0.50202581 -0.22681161 -0.19737471]
3298,[ 0.20342785  0.10604822 -0.09933507  0.13338947  0.37119317  0.08764881
 -0.04227667  0.64913023  0.34958408 -0.53041487 -0.04509562 -0.1177609
  0.17955168  0.4321659  -0.32600199  0.23174541 -0.10808537 -0.62034352
  0.10316268  0.14514173 -0.46991317  0.20547558  0.26106286 -0.64500177
 -0.01808855  0.38304319  0.02586125  0.03862038 -0.55106536  0.53385575
  0.55383399  0.56349143  0.64232348  0.23321144 -0.16948174  0.57232145
 -0.17421712  0.41647057 -0.61561894  0.1207034   0.34360112 -0.62758029
 -0.00820402 -0.22904352  0.07136726 -0.29719508  0.27691412 -0.48934718
 -0.29991596 -0.82411841 -0.50202662 -0.2268113  -0.19737528]
3299,[ 0.20342991  0.10604905 -0.09934034  0.13339061  0.37119435  0.08764754
 -0.04227483  0.64912826  0.34958205 -0.53041402 -0.04509532 -0.11775869
  0.17955059  0.43216798 -0.32600205  0.23174714 -0.10808427 -0.62034287
  0.10316151  0.14514297 -0.46991335  0.20547448  0.26106249 -0.64500351
 -0.01809034  0.38304233  0.02586445  0.03861931 -0.55106678  0.53385866
  0.55383119  0.56349218  0.64232476  0.23321149 -0.16948066  0.57232175
 -0.17421831  0.41646978 -0.61561844  0.12070213  0.34360141 -0.62757815
 -0.00820649 -0.22904373  0.0713658  -0.29719551  0.27691569 -0.48934369
 -0.29991795 -0.82411816 -0.50202743 -0.226811   -0.19737585]
3300,[ 0.20343197  0.10604988 -0.09934561  0.13339175  0.37119552  0.08764629
 -0.04227298  0.64912629  0.34958002 -0.53041316 -0.04509502 -0.11775648
  0.17954951  0.43217005 -0.32600211  0.23174887 -0.10808318 -0.62034221
  0.10316034  0.1451442  -0.46991353  0.20547337  0.26106212 -0.64500524
 -0.01809212  0.38304147  0.02586766  0.03861824 -0.55106819  0.53386157
  0.5538284   0.56349294  0.64232605  0.23321155 -0.16947957  0.57232206
 -0.17421949  0.416469   -0.61561794  0.12070086  0.34360169 -0.627576
 -0.00820896 -0.22904394  0.07136434 -0.29719594  0.27691725 -0.4893402
 -0.29991994 -0.82411792 -0.50202824 -0.2268107  -0.19737642]
3301,[ 0.20343402  0.1060507  -0.09935087  0.13339288  0.37119669  0.08764503
 -0.04227114  0.64912433  0.34957799 -0.53041231 -0.04509473 -0.11775428
  0.17954842  0.43217212 -0.32600218  0.2317506  -0.10808208 -0.62034155
  0.10315918  0.14514543 -0.46991371  0.20547227  0.26106175 -0.64500698
 -0.0180939   0.38304062  0.02587086  0.03861717 -0.55106961  0.53386447
  0.55382561  0.56349369  0.64232733  0.2332116  -0.16947849  0.57232236
 -0.17422067  0.41646822 -0.61561745  0.12069959  0.34360198 -0.62757386
 -0.00821143 -0.22904415  0.07136289 -0.29719637  0.27691881 -0.48933672
 -0.29992193 -0.82411768 -0.50202905 -0.2268104  -0.19737699]
3302,[ 0.20343607  0.10605153 -0.09935612  0.13339402  0.37119787  0.08764377
 -0.0422693   0.64912236  0.34957596 -0.53041145 -0.04509443 -0.11775208
  0.17954733  0.43217419 -0.32600224  0.23175232 -0.10808099 -0.6203409
  0.10315802  0.14514666 -0.46991389  0.20547117  0.26106138 -0.64500871
 -0.01809568  0.38303976  0.02587405  0.0386161  -0.55107102  0.53386737
  0.55382282  0.56349445  0.64232861  0.23321165 -0.16947741  0.57232266
 -0.17422185  0.41646744 -0.61561695  0.12069832  0.34360226 -0.62757172
 -0.00821389 -0.22904436  0.07136143 -0.2971968   0.27692036 -0.48933325
 -0.29992392 -0.82411744 -0.50202985 -0.2268101  -0.19737756]
3303,[ 0.20343812  0.10605235 -0.09936137  0.13339515  0.37119904  0.08764252
 -0.04226746  0.6491204   0.34957393 -0.5304106  -0.04509413 -0.11774987
  0.17954625  0.43217626 -0.32600231  0.23175405 -0.1080799  -0.62034024
  0.10315685  0.14514789 -0.46991407  0.20547008  0.26106101 -0.64501043
 -0.01809746  0.3830389   0.02587725  0.03861503 -0.55107243  0.53387026
  0.55382003  0.5634952   0.6423299   0.23321171 -0.16947633  0.57232297
 -0.17422302  0.41646666 -0.61561645  0.12069706  0.34360255 -0.62756958
 -0.00821635 -0.22904457  0.07135998 -0.29719723  0.27692192 -0.48932977
 -0.2999259  -0.8241172  -0.50203066 -0.2268098  -0.19737813]
3304,[ 0.20344016  0.10605318 -0.09936662  0.13339628  0.37120021  0.08764126
 -0.04226562  0.64911844  0.34957191 -0.53040975 -0.04509384 -0.11774768
  0.17954516  0.43217832 -0.32600237  0.23175577 -0.1080788  -0.62033959
  0.10315569  0.14514912 -0.46991425  0.20546898  0.26106064 -0.64501216
 -0.01809924  0.38303805  0.02588043  0.03861396 -0.55107384  0.53387315
  0.55381725  0.56349595  0.64233117  0.23321176 -0.16947525  0.57232327
 -0.1742242   0.41646588 -0.61561596  0.12069579  0.34360283 -0.62756745
 -0.00821881 -0.22904478  0.07135852 -0.29719766  0.27692347 -0.4893263
 -0.29992789 -0.82411696 -0.50203147 -0.2268095  -0.19737869]
3305,[ 0.20344221  0.106054   -0.09937185  0.13339741  0.37120137  0.08764001
 -0.04226378  0.64911649  0.34956989 -0.5304089  -0.04509354 -0.11774548
  0.17954408  0.43218039 -0.32600243  0.23175749 -0.10807771 -0.62033894
  0.10315453  0.14515035 -0.46991443  0.20546788  0.26106027 -0.64501388
 -0.01810101  0.3830372   0.02588362  0.0386129  -0.55107524  0.53387604
  0.55381447  0.5634967   0.64233245  0.23321181 -0.16947417  0.57232357
 -0.17422537  0.4164651  -0.61561547  0.12069453  0.34360311 -0.62756532
 -0.00822127 -0.22904499  0.07135707 -0.29719809  0.27692503 -0.48932284
 -0.29992987 -0.82411672 -0.50203227 -0.2268092  -0.19737926]
3306,[ 0.20344425  0.10605482 -0.09937708  0.13339854  0.37120254  0.08763876
 -0.04226195  0.64911453  0.34956787 -0.53040805 -0.04509324 -0.11774329
  0.179543    0.43218245 -0.3260025   0.23175921 -0.10807663 -0.62033828
  0.10315337  0.14515157 -0.46991461  0.20546679  0.2610599  -0.64501561
 -0.01810278  0.38303634  0.0258868   0.03861183 -0.55107665  0.53387893
  0.55381169  0.56349745  0.64233373  0.23321187 -0.16947309  0.57232388
 -0.17422655  0.41646433 -0.61561497  0.12069327  0.3436034  -0.62756319
 -0.00822372 -0.2290452   0.07135562 -0.29719851  0.27692658 -0.48931938
 -0.29993184 -0.82411648 -0.50203307 -0.2268089  -0.19737983]
3307,[ 0.20344629  0.10605564 -0.09938231  0.13339967  0.37120371  0.08763751
 -0.04226012  0.64911258  0.34956585 -0.5304072  -0.04509295 -0.1177411
  0.17954192  0.43218451 -0.32600256  0.23176093 -0.10807554 -0.62033763
  0.10315222  0.1451528  -0.46991479  0.2054657   0.26105953 -0.64501733
 -0.01810455  0.38303549  0.02588998  0.03861077 -0.55107805  0.53388181
  0.55380892  0.5634982   0.642335    0.23321192 -0.16947202  0.57232418
 -0.17422772  0.41646355 -0.61561448  0.12069201  0.34360368 -0.62756106
 -0.00822617 -0.22904541  0.07135417 -0.29719894  0.27692813 -0.48931592
 -0.29993382 -0.82411624 -0.50203388 -0.2268086  -0.19738039]
3308,[ 0.20344833  0.10605646 -0.09938753  0.1334008   0.37120487  0.08763626
 -0.04225829  0.64911063  0.34956384 -0.53040635 -0.04509265 -0.11773891
  0.17954084  0.43218656 -0.32600262  0.23176264 -0.10807445 -0.62033698
  0.10315106  0.14515402 -0.46991496  0.20546461  0.26105916 -0.64501905
 -0.01810632  0.38303464  0.02589315  0.03860971 -0.55107945  0.53388469
  0.55380615  0.56349895  0.64233628  0.23321197 -0.16947094  0.57232448
 -0.17422889  0.41646278 -0.61561399  0.12069075  0.34360396 -0.62755894
 -0.00822862 -0.22904562  0.07135273 -0.29719937  0.27692967 -0.48931247
 -0.29993579 -0.824116   -0.50203468 -0.2268083  -0.19738096]
3309,[ 0.20345036  0.10605728 -0.09939274  0.13340193  0.37120603  0.08763502
 -0.04225646  0.64910868  0.34956183 -0.5304055  -0.04509236 -0.11773673
  0.17953976  0.43218861 -0.32600268  0.23176435 -0.10807337 -0.62033633
  0.10314991  0.14515524 -0.46991514  0.20546351  0.2610588  -0.64502076
 -0.01810808  0.38303379  0.02589633  0.03860865 -0.55108085  0.53388756
  0.55380339  0.5634997   0.64233755  0.23321203 -0.16946987  0.57232478
 -0.17423006  0.416462   -0.61561349  0.12068949  0.34360424 -0.62755681
 -0.00823107 -0.22904583  0.07135128 -0.2971998   0.27693122 -0.48930902
 -0.29993777 -0.82411576 -0.50203548 -0.226808   -0.19738152]
3310,[ 0.20345239  0.1060581  -0.09939795  0.13340305  0.37120719  0.08763377
 -0.04225464  0.64910673  0.34955982 -0.53040466 -0.04509206 -0.11773454
  0.17953868  0.43219067 -0.32600275  0.23176606 -0.10807228 -0.62033568
  0.10314875  0.14515646 -0.46991532  0.20546243  0.26105843 -0.64502248
 -0.01810985  0.38303294  0.02589949  0.03860759 -0.55108225  0.53389044
  0.55380062  0.56350044  0.64233882  0.23321208 -0.1694688   0.57232508
 -0.17423122  0.41646123 -0.615613    0.12068823  0.34360453 -0.62755469
 -0.00823351 -0.22904604  0.07134984 -0.29720022  0.27693276 -0.48930557
 -0.29993974 -0.82411552 -0.50203628 -0.2268077  -0.19738208]
3311,[ 0.20345442  0.10605892 -0.09940315  0.13340418  0.37120835  0.08763253
 -0.04225281  0.64910479  0.34955781 -0.53040381 -0.04509177 -0.11773236
  0.17953761  0.43219271 -0.32600281  0.23176777 -0.1080712  -0.62033503
  0.1031476   0.14515768 -0.4699155   0.20546134  0.26105806 -0.64502419
 -0.01811161  0.38303209  0.02590266  0.03860653 -0.55108365  0.53389331
  0.55379786  0.56350119  0.64234009  0.23321213 -0.16946772  0.57232539
 -0.17423239  0.41646046 -0.61561251  0.12068698  0.34360481 -0.62755258
 -0.00823595 -0.22904624  0.0713484  -0.29720065  0.27693431 -0.48930213
 -0.2999417  -0.82411528 -0.50203708 -0.2268074  -0.19738265]
3312,[ 0.20345645  0.10605973 -0.09940835  0.1334053   0.37120951  0.08763128
 -0.04225099  0.64910285  0.34955581 -0.53040297 -0.04509147 -0.11773018
  0.17953653  0.43219476 -0.32600287  0.23176948 -0.10807012 -0.62033439
  0.10314645  0.1451589  -0.46991567  0.20546025  0.2610577  -0.6450259
 -0.01811337  0.38303125  0.02590582  0.03860548 -0.55108505  0.53389617
  0.5537951   0.56350193  0.64234135  0.23321218 -0.16946666  0.57232569
 -0.17423356  0.41645968 -0.61561202  0.12068573  0.34360509 -0.62755046
 -0.00823839 -0.22904645  0.07134696 -0.29720107  0.27693585 -0.4892987
 -0.29994367 -0.82411505 -0.50203788 -0.22680711 -0.19738321]
3313,[ 0.20345848  0.10606055 -0.09941354  0.13340642  0.37121067  0.08763004
 -0.04224917  0.64910091  0.3495538  -0.53040212 -0.04509118 -0.11772801
  0.17953546  0.4321968  -0.32600294  0.23177118 -0.10806904 -0.62033374
  0.1031453   0.14516011 -0.46991585  0.20545916  0.26105733 -0.64502761
 -0.01811513  0.3830304   0.02590897  0.03860442 -0.55108644  0.53389903
  0.55379235  0.56350268  0.64234262  0.23321224 -0.16946559  0.57232599
 -0.17423472  0.41645891 -0.61561153  0.12068448  0.34360537 -0.62754835
 -0.00824082 -0.22904666  0.07134552 -0.2972015   0.27693738 -0.48929526
 -0.29994563 -0.82411481 -0.50203867 -0.22680681 -0.19738377]
3314,[ 0.2034605   0.10606136 -0.09941872  0.13340754  0.37121183  0.0876288
 -0.04224736  0.64909897  0.3495518  -0.53040128 -0.04509089 -0.11772584
  0.17953439  0.43219885 -0.326003    0.23177289 -0.10806796 -0.62033309
  0.10314416  0.14516133 -0.46991603  0.20545808  0.26105696 -0.64502932
 -0.01811688  0.38302956  0.02591213  0.03860337 -0.55108783  0.53390189
  0.5537896   0.56350342  0.64234389  0.23321229 -0.16946452  0.57232629
 -0.17423588  0.41645814 -0.61561104  0.12068323  0.34360565 -0.62754624
 -0.00824325 -0.22904687  0.07134408 -0.29720192  0.27693892 -0.48929183
 -0.29994759 -0.82411457 -0.50203947 -0.22680651 -0.19738433]
3315,[ 0.20346252  0.10606217 -0.0994239   0.13340866  0.37121298  0.08762756
 -0.04224554  0.64909704  0.34954981 -0.53040044 -0.04509059 -0.11772366
  0.17953332  0.43220089 -0.32600306  0.23177459 -0.10806688 -0.62033245
  0.10314301  0.14516254 -0.46991621  0.205457    0.2610566  -0.64503102
 -0.01811864  0.38302871  0.02591528  0.03860231 -0.55108922  0.53390475
  0.55378685  0.56350417  0.64234515  0.23321234 -0.16946345  0.57232659
 -0.17423704  0.41645738 -0.61561055  0.12068198  0.34360593 -0.62754413
 -0.00824568 -0.22904707  0.07134265 -0.29720234  0.27694046 -0.48928841
 -0.29994955 -0.82411433 -0.50204027 -0.22680621 -0.19738489]
3316,[ 0.20346454  0.10606299 -0.09942908  0.13340977  0.37121414  0.08762633
 -0.04224373  0.6490951   0.34954781 -0.5303996  -0.0450903  -0.1177215
  0.17953225  0.43220292 -0.32600312  0.23177629 -0.10806581 -0.6203318
  0.10314186  0.14516375 -0.46991638  0.20545592  0.26105623 -0.64503273
 -0.01812039  0.38302787  0.02591842  0.03860126 -0.55109061  0.5339076
  0.55378411  0.56350491  0.64234641  0.23321239 -0.16946239  0.57232688
 -0.1742382   0.41645661 -0.61561007  0.12068073  0.34360621 -0.62754202
 -0.00824811 -0.22904728  0.07134122 -0.29720277  0.27694199 -0.48928498
 -0.2999515  -0.8241141  -0.50204106 -0.22680592 -0.19738545]
3317,[ 0.20346655  0.1060638  -0.09943424  0.13341089  0.37121529  0.08762509
 -0.04224192  0.64909317  0.34954582 -0.53039876 -0.04509001 -0.11771933
  0.17953118  0.43220496 -0.32600319  0.23177798 -0.10806473 -0.62033116
  0.10314072  0.14516496 -0.46991656  0.20545483  0.26105587 -0.64503443
 -0.01812214  0.38302703  0.02592157  0.03860021 -0.551092    0.53391045
  0.55378136  0.56350565  0.64234767  0.23321245 -0.16946132  0.57232718
 -0.17423936  0.41645584 -0.61560958  0.12067948  0.34360649 -0.62753992
 -0.00825053 -0.22904749  0.07133978 -0.29720319  0.27694352 -0.48928157
 -0.29995346 -0.82411386 -0.50204185 -0.22680562 -0.19738601]
3318,[ 0.20346857  0.10606461 -0.0994394   0.133412    0.37121644  0.08762386
 -0.04224011  0.64909125  0.34954382 -0.53039792 -0.04508972 -0.11771717
  0.17953012  0.43220699 -0.32600325  0.23177968 -0.10806366 -0.62033051
  0.10313958  0.14516617 -0.46991674  0.20545375  0.26105551 -0.64503613
 -0.01812389  0.38302619  0.0259247   0.03859916 -0.55109339  0.5339133
  0.55377862  0.56350639  0.64234893  0.2332125  -0.16946026  0.57232748
 -0.17424052  0.41645507 -0.61560909  0.12067824  0.34360677 -0.62753782
 -0.00825295 -0.22904769  0.07133835 -0.29720361  0.27694505 -0.48927815
 -0.29995541 -0.82411362 -0.50204265 -0.22680533 -0.19738657]
3319,[ 0.20347058  0.10606542 -0.09944456  0.13341312  0.37121759  0.08762263
 -0.0422383   0.64908932  0.34954184 -0.53039708 -0.04508943 -0.11771501
  0.17952905  0.43220902 -0.32600331  0.23178137 -0.10806258 -0.62032987
  0.10313844  0.14516738 -0.46991691  0.20545268  0.26105514 -0.64503782
 -0.01812563  0.38302535  0.02592784  0.03859811 -0.55109477  0.53391614
  0.55377589  0.56350713  0.64235019  0.23321255 -0.1694592   0.57232778
 -0.17424168  0.41645431 -0.61560861  0.120677    0.34360705 -0.62753572
 -0.00825537 -0.2290479   0.07133693 -0.29720403  0.27694658 -0.48927474
 -0.29995736 -0.82411339 -0.50204344 -0.22680503 -0.19738713]
3320,[ 0.20347259  0.10606623 -0.09944971  0.13341423  0.37121874  0.08762139
 -0.0422365   0.6490874   0.34953985 -0.53039624 -0.04508913 -0.11771285
  0.17952798  0.43221105 -0.32600337  0.23178306 -0.10806151 -0.62032923
  0.1031373   0.14516858 -0.46991709  0.2054516   0.26105478 -0.64503952
 -0.01812738  0.38302451  0.02593097  0.03859707 -0.55109616  0.53391898
  0.55377316  0.56350787  0.64235144  0.2332126  -0.16945814  0.57232808
 -0.17424283  0.41645354 -0.61560812  0.12067575  0.34360732 -0.62753363
 -0.00825778 -0.22904811  0.0713355  -0.29720445  0.27694811 -0.48927133
 -0.29995931 -0.82411315 -0.50204423 -0.22680474 -0.19738768]
3321,[ 0.2034746   0.10606703 -0.09945485  0.13341534  0.37121988  0.08762016
 -0.04223469  0.64908547  0.34953786 -0.53039541 -0.04508884 -0.11771069
  0.17952692  0.43221307 -0.32600344  0.23178475 -0.10806044 -0.62032859
  0.10313616  0.14516979 -0.46991726  0.20545052  0.26105442 -0.64504121
 -0.01812912  0.38302367  0.0259341   0.03859602 -0.55109754  0.53392182
  0.55377043  0.5635086   0.6423527   0.23321265 -0.16945708  0.57232838
 -0.17424398  0.41645278 -0.61560764  0.12067451  0.3436076  -0.62753153
 -0.00826019 -0.22904831  0.07133407 -0.29720487  0.27694963 -0.48926793
 -0.29996125 -0.82411291 -0.50204502 -0.22680444 -0.19738824]
3322,[ 0.2034766   0.10606784 -0.09945999  0.13341645  0.37122103  0.08761894
 -0.04223289  0.64908355  0.34953588 -0.53039457 -0.04508855 -0.11770854
  0.17952586  0.4322151  -0.3260035   0.23178644 -0.10805937 -0.62032795
  0.10313502  0.14517099 -0.46991744  0.20544945  0.26105405 -0.6450429
 -0.01813086  0.38302283  0.02593723  0.03859498 -0.55109892  0.53392465
  0.5537677   0.56350934  0.64235395  0.23321271 -0.16945602  0.57232867
 -0.17424514  0.41645202 -0.61560715  0.12067327  0.34360788 -0.62752944
 -0.0082626  -0.22904852  0.07133265 -0.29720529  0.27695115 -0.48926453
 -0.2999632  -0.82411268 -0.50204581 -0.22680415 -0.1973888 ]
3323,[ 0.2034786   0.10606865 -0.09946512  0.13341756  0.37122217  0.08761771
 -0.04223109  0.64908164  0.3495339  -0.53039374 -0.04508826 -0.11770639
  0.1795248   0.43221712 -0.32600356  0.23178813 -0.1080583  -0.62032731
  0.10313388  0.14517219 -0.46991761  0.20544838  0.26105369 -0.64504459
 -0.0181326   0.38302199  0.02594035  0.03859393 -0.5511003   0.53392749
  0.55376498  0.56351008  0.6423552   0.23321276 -0.16945497  0.57232897
 -0.17424629  0.41645126 -0.61560667  0.12067204  0.34360816 -0.62752735
 -0.00826501 -0.22904872  0.07133123 -0.29720571  0.27695268 -0.48926114
 -0.29996514 -0.82411244 -0.5020466  -0.22680385 -0.19738935]
3324,[ 0.20348061  0.10606945 -0.09947025  0.13341867  0.37122332  0.08761648
 -0.0422293   0.64907972  0.34953192 -0.53039291 -0.04508797 -0.11770424
  0.17952374  0.43221914 -0.32600362  0.23178981 -0.10805724 -0.62032667
  0.10313275  0.14517339 -0.46991779  0.2054473   0.26105333 -0.64504628
 -0.01813433  0.38302116  0.02594346  0.03859289 -0.55110167  0.53393031
  0.55376226  0.56351081  0.64235645  0.23321281 -0.16945391  0.57232927
 -0.17424744  0.41645049 -0.61560618  0.1206708   0.34360843 -0.62752526
 -0.00826741 -0.22904893  0.07132981 -0.29720613  0.27695419 -0.48925775
 -0.29996707 -0.82411221 -0.50204739 -0.22680356 -0.1973899 ]
3325,[ 0.2034826   0.10607026 -0.09947537  0.13341977  0.37122446  0.08761526
 -0.0422275   0.64907781  0.34952995 -0.53039207 -0.04508768 -0.11770209
  0.17952268  0.43222116 -0.32600368  0.23179149 -0.10805617 -0.62032603
  0.10313161  0.14517459 -0.46991796  0.20544623  0.26105297 -0.64504797
 -0.01813607  0.38302032  0.02594658  0.03859185 -0.55110305  0.53393314
  0.55375954  0.56351155  0.6423577   0.23321286 -0.16945286  0.57232956
 -0.17424858  0.41644973 -0.6156057   0.12066957  0.34360871 -0.62752318
 -0.00826982 -0.22904913  0.07132839 -0.29720655  0.27695571 -0.48925436
 -0.29996901 -0.82411197 -0.50204817 -0.22680327 -0.19739046]
3326,[ 0.2034846   0.10607106 -0.09948048  0.13342088  0.3712256   0.08761404
 -0.04222571  0.6490759   0.34952797 -0.53039124 -0.04508739 -0.11769995
  0.17952162  0.43222317 -0.32600375  0.23179317 -0.10805511 -0.62032539
  0.10313048  0.14517579 -0.46991814  0.20544516  0.26105261 -0.64504965
 -0.0181378   0.38301949  0.02594969  0.03859081 -0.55110442  0.53393596
  0.55375683  0.56351228  0.64235895  0.23321291 -0.16945181  0.57232986
 -0.17424973  0.41644897 -0.61560522  0.12066833  0.34360899 -0.6275211
 -0.00827221 -0.22904934  0.07132697 -0.29720697  0.27695723 -0.48925098
 -0.29997095 -0.82411174 -0.50204896 -0.22680297 -0.19739101]
3327,[ 0.20348659  0.10607186 -0.09948559  0.13342198  0.37122674  0.08761281
 -0.04222392  0.64907399  0.349526   -0.53039041 -0.0450871  -0.11769781
  0.17952057  0.43222518 -0.32600381  0.23179485 -0.10805404 -0.62032475
  0.10312935  0.14517699 -0.46991831  0.20544409  0.26105225 -0.64505133
 -0.01813953  0.38301866  0.0259528   0.03858977 -0.5511058   0.53393878
  0.55375411  0.56351301  0.6423602   0.23321297 -0.16945075  0.57233015
 -0.17425088  0.41644822 -0.61560473  0.1206671   0.34360926 -0.62751902
 -0.00827461 -0.22904954  0.07132556 -0.29720739  0.27695874 -0.4892476
 -0.29997288 -0.8241115  -0.50204974 -0.22680268 -0.19739157]
3328,[ 0.20348858  0.10607266 -0.0994907   0.13342308  0.37122788  0.08761159
 -0.04222213  0.64907208  0.34952403 -0.53038958 -0.04508682 -0.11769567
  0.17951951  0.43222719 -0.32600387  0.23179653 -0.10805298 -0.62032412
  0.10312822  0.14517818 -0.46991849  0.20544303  0.26105189 -0.64505301
 -0.01814126  0.38301782  0.0259559   0.03858873 -0.55110717  0.53394159
  0.55375141  0.56351374  0.64236144  0.23321302 -0.1694497   0.57233045
 -0.17425202  0.41644746 -0.61560425  0.12066587  0.34360954 -0.62751694
 -0.008277   -0.22904974  0.07132414 -0.29720781  0.27696026 -0.48924422
 -0.29997481 -0.82411127 -0.50205053 -0.22680239 -0.19739212]
3329,[ 0.20349057  0.10607346 -0.09949579  0.13342418  0.37122901  0.08761038
 -0.04222035  0.64907018  0.34952207 -0.53038876 -0.04508653 -0.11769353
  0.17951846  0.4322292  -0.32600393  0.2317982  -0.10805192 -0.62032348
  0.10312709  0.14517938 -0.46991866  0.20544196  0.26105153 -0.64505469
 -0.01814299  0.38301699  0.025959    0.0385877  -0.55110854  0.5339444
  0.5537487   0.56351447  0.64236269  0.23321307 -0.16944865  0.57233074
 -0.17425316  0.4164467  -0.61560377  0.12066464  0.34360982 -0.62751486
 -0.0082794  -0.22904995  0.07132273 -0.29720822  0.27696177 -0.48924085
 -0.29997673 -0.82411104 -0.50205131 -0.2268021  -0.19739267]
3330,[ 0.20349256  0.10607426 -0.09950089  0.13342528  0.37123015  0.08760916
 -0.04221856  0.64906827  0.3495201  -0.53038793 -0.04508624 -0.1176914
  0.17951741  0.4322312  -0.32600399  0.23179987 -0.10805086 -0.62032285
  0.10312596  0.14518057 -0.46991883  0.20544089  0.26105117 -0.64505637
 -0.01814471  0.38301616  0.0259621   0.03858666 -0.5511099   0.53394721
  0.553746    0.5635152   0.64236393  0.23321312 -0.16944761  0.57233104
 -0.17425431  0.41644595 -0.61560329  0.12066341  0.34361009 -0.62751279
 -0.00828178 -0.22905015  0.07132132 -0.29720864  0.27696328 -0.48923748
 -0.29997866 -0.8241108  -0.50205209 -0.2268018  -0.19739322]
3331,[ 0.20349455  0.10607506 -0.09950597  0.13342638  0.37123128  0.08760794
 -0.04221678  0.64906637  0.34951814 -0.5303871  -0.04508595 -0.11768926
  0.17951635  0.43223321 -0.32600405  0.23180154 -0.1080498  -0.62032221
  0.10312484  0.14518176 -0.46991901  0.20543983  0.26105081 -0.64505804
 -0.01814643  0.38301533  0.02596519  0.03858563 -0.55111127  0.53395002
  0.5537433   0.56351593  0.64236517  0.23321317 -0.16944656  0.57233133
 -0.17425545  0.41644519 -0.61560281  0.12066219  0.34361037 -0.62751072
 -0.00828417 -0.22905036  0.07131991 -0.29720905  0.27696478 -0.48923411
 -0.29998058 -0.82411057 -0.50205287 -0.22680151 -0.19739377]
3332,[ 0.20349653  0.10607586 -0.09951105  0.13342748  0.37123242  0.08760673
 -0.042215    0.64906447  0.34951618 -0.53038628 -0.04508566 -0.11768714
  0.1795153   0.43223521 -0.32600412  0.23180321 -0.10804875 -0.62032158
  0.10312371  0.14518295 -0.46991918  0.20543877  0.26105045 -0.64505972
 -0.01814815  0.38301451  0.02596828  0.03858459 -0.55111263  0.53395282
  0.5537406   0.56351666  0.64236641  0.23321322 -0.16944551  0.57233163
 -0.17425659  0.41644444 -0.61560233  0.12066096  0.34361064 -0.62750865
 -0.00828655 -0.22905056  0.0713185  -0.29720947  0.27696629 -0.48923075
 -0.2999825  -0.82411034 -0.50205365 -0.22680122 -0.19739432]
3333,[ 0.20349851  0.10607666 -0.09951613  0.13342858  0.37123355  0.08760551
 -0.04221322  0.64906258  0.34951422 -0.53038545 -0.04508538 -0.11768501
  0.17951425  0.43223721 -0.32600418  0.23180488 -0.10804769 -0.62032095
  0.10312259  0.14518414 -0.46991935  0.20543771  0.2610501  -0.64506139
 -0.01814987  0.38301368  0.02597137  0.03858356 -0.551114    0.53395562
  0.55373791  0.56351739  0.64236765  0.23321328 -0.16944447  0.57233192
 -0.17425772  0.41644368 -0.61560185  0.12065974  0.34361092 -0.62750659
 -0.00828893 -0.22905076  0.07131709 -0.29720988  0.27696779 -0.4892274
 -0.29998442 -0.8241101  -0.50205443 -0.22680093 -0.19739487]
3334,[ 0.20350049  0.10607745 -0.0995212   0.13342967  0.37123468  0.0876043
 -0.04221144  0.64906068  0.34951226 -0.53038463 -0.04508509 -0.11768288
  0.17951321  0.4322392  -0.32600424  0.23180654 -0.10804663 -0.62032031
  0.10312147  0.14518533 -0.46991953  0.20543665  0.26104974 -0.64506306
 -0.01815159  0.38301285  0.02597445  0.03858253 -0.55111536  0.53395841
  0.55373522  0.56351812  0.64236888  0.23321333 -0.16944343  0.57233221
 -0.17425886  0.41644293 -0.61560138  0.12065851  0.34361119 -0.62750452
 -0.00829131 -0.22905096  0.07131569 -0.2972103   0.2769693  -0.48922404
 -0.29998634 -0.82410987 -0.50205521 -0.22680064 -0.19739542]
3335,[ 0.20350246  0.10607825 -0.09952626  0.13343076  0.37123581  0.08760309
 -0.04220967  0.64905879  0.34951031 -0.5303838  -0.0450848  -0.11768076
  0.17951216  0.4322412  -0.3260043   0.23180821 -0.10804558 -0.62031968
  0.10312035  0.14518651 -0.4699197   0.20543559  0.26104938 -0.64506472
 -0.0181533   0.38301203  0.02597753  0.0385815  -0.55111672  0.53396121
  0.55373253  0.56351884  0.64237012  0.23321338 -0.16944238  0.57233251
 -0.17426     0.41644218 -0.6156009   0.12065729  0.34361146 -0.62750246
 -0.00829368 -0.22905117  0.07131429 -0.29721071  0.2769708  -0.48922069
 -0.29998825 -0.82410964 -0.50205599 -0.22680035 -0.19739596]
3336,[ 0.20350444  0.10607904 -0.09953132  0.13343186  0.37123694  0.08760188
 -0.0422079   0.6490569   0.34950836 -0.53038298 -0.04508452 -0.11767864
  0.17951111  0.43224319 -0.32600436  0.23180987 -0.10804453 -0.62031905
  0.10311923  0.1451877  -0.46991987  0.20543453  0.26104902 -0.64506639
 -0.01815502  0.3830112   0.02598061  0.03858047 -0.55111808  0.533964
  0.55372985  0.56351957  0.64237135  0.23321343 -0.16944134  0.5723328
 -0.17426113  0.41644143 -0.61560042  0.12065607  0.34361174 -0.6275004
 -0.00829605 -0.22905137  0.07131289 -0.29721113  0.2769723  -0.48921735
 -0.29999017 -0.82410941 -0.50205677 -0.22680006 -0.19739651]
3337,[ 0.20350641  0.10607984 -0.09953637  0.13343295  0.37123806  0.08760067
 -0.04220613  0.64905502  0.34950641 -0.53038216 -0.04508423 -0.11767652
  0.17951007  0.43224518 -0.32600442  0.23181153 -0.10804348 -0.62031842
  0.10311811  0.14518888 -0.46992005  0.20543347  0.26104867 -0.64506805
 -0.01815673  0.38301038  0.02598368  0.03857945 -0.55111943  0.53396678
  0.55372717  0.56352029  0.64237258  0.23321348 -0.1694403   0.57233309
 -0.17426226  0.41644068 -0.61559994  0.12065486  0.34361201 -0.62749835
 -0.00829842 -0.22905157  0.07131149 -0.29721154  0.27697379 -0.489214
 -0.29999208 -0.82410918 -0.50205754 -0.22679977 -0.19739706]
3338,[ 0.20350838  0.10608063 -0.09954142  0.13343404  0.37123919  0.08759947
 -0.04220436  0.64905313  0.34950446 -0.53038134 -0.04508395 -0.11767441
  0.17950903  0.43224717 -0.32600448  0.23181318 -0.10804243 -0.62031779
  0.10311699  0.14519006 -0.46992022  0.20543242  0.26104831 -0.64506971
 -0.01815844  0.38300956  0.02598675  0.03857842 -0.55112079  0.53396956
  0.55372449  0.56352102  0.64237381  0.23321353 -0.16943926  0.57233338
 -0.17426339  0.41643993 -0.61559947  0.12065364  0.34361228 -0.62749629
 -0.00830079 -0.22905177  0.07131009 -0.29721195  0.27697529 -0.48921067
 -0.29999399 -0.82410894 -0.50205832 -0.22679948 -0.1973976 ]
3339,[ 0.20351034  0.10608142 -0.09954646  0.13343513  0.37124031  0.08759826
 -0.04220259  0.64905125  0.34950252 -0.53038052 -0.04508366 -0.1176723
  0.17950798  0.43224915 -0.32600454  0.23181484 -0.10804138 -0.62031716
  0.10311588  0.14519124 -0.46992039  0.20543136  0.26104796 -0.64507137
 -0.01816014  0.38300874  0.02598981  0.0385774  -0.55112214  0.53397234
  0.55372182  0.56352174  0.64237504  0.23321358 -0.16943823  0.57233367
 -0.17426452  0.41643918 -0.61559899  0.12065242  0.34361255 -0.62749424
 -0.00830315 -0.22905197  0.07130869 -0.29721236  0.27697678 -0.48920733
 -0.29999589 -0.82410871 -0.50205909 -0.22679919 -0.19739815]
3340,[ 0.20351231  0.10608221 -0.09955149  0.13343621  0.37124143  0.08759706
 -0.04220083  0.64904937  0.34950058 -0.5303797  -0.04508338 -0.11767019
  0.17950694  0.43225113 -0.3260046   0.23181649 -0.10804033 -0.62031654
  0.10311476  0.14519242 -0.46992056  0.20543031  0.2610476  -0.64507303
 -0.01816185  0.38300791  0.02599288  0.03857637 -0.5511235   0.53397512
  0.55371915  0.56352246  0.64237627  0.23321363 -0.16943719  0.57233397
 -0.17426565  0.41643843 -0.61559852  0.12065121  0.34361283 -0.62749219
 -0.00830552 -0.22905218  0.0713073  -0.29721278  0.27697828 -0.489204
 -0.2999978  -0.82410848 -0.50205987 -0.22679891 -0.19739869]
3341,[ 0.20351427  0.106083   -0.09955652  0.1334373   0.37124256  0.08759586
 -0.04219906  0.64904749  0.34949864 -0.53037889 -0.04508309 -0.11766808
  0.1795059   0.43225312 -0.32600466  0.23181815 -0.10803928 -0.62031591
  0.10311365  0.1451936  -0.46992073  0.20542926  0.26104725 -0.64507469
 -0.01816355  0.38300709  0.02599593  0.03857535 -0.55112485  0.5339779
  0.55371648  0.56352318  0.6423775   0.23321368 -0.16943615  0.57233426
 -0.17426678  0.41643768 -0.61559804  0.12065     0.3436131  -0.62749015
 -0.00830787 -0.22905238  0.0713059  -0.29721319  0.27697977 -0.48920067
 -0.2999997  -0.82410825 -0.50206064 -0.22679862 -0.19739924]
3342,[ 0.20351623  0.10608379 -0.09956154  0.13343839  0.37124368  0.08759465
 -0.0421973   0.64904561  0.3494967  -0.53037807 -0.04508281 -0.11766597
  0.17950487  0.43225509 -0.32600473  0.2318198  -0.10803824 -0.62031528
  0.10311253  0.14519478 -0.46992091  0.20542821  0.26104689 -0.64507634
 -0.01816525  0.38300628  0.02599899  0.03857433 -0.5511262   0.53398067
  0.55371381  0.5635239   0.64237872  0.23321374 -0.16943512  0.57233455
 -0.17426791  0.41643694 -0.61559757  0.12064878  0.34361337 -0.6274881
 -0.00831023 -0.22905258  0.07130451 -0.2972136   0.27698126 -0.48919735
 -0.3000016  -0.82410802 -0.50206141 -0.22679833 -0.19739978]
3343,[ 0.20351819  0.10608458 -0.09956656  0.13343947  0.3712448   0.08759346
 -0.04219554  0.64904373  0.34949476 -0.53037726 -0.04508252 -0.11766387
  0.17950383  0.43225707 -0.32600479  0.23182144 -0.10803719 -0.62031466
  0.10311142  0.14519595 -0.46992108  0.20542716  0.26104654 -0.64507799
 -0.01816695  0.38300546  0.02600204  0.03857331 -0.55112754  0.53398343
  0.55371115  0.56352462  0.64237995  0.23321379 -0.16943409  0.57233484
 -0.17426903  0.41643619 -0.6155971   0.12064757  0.34361364 -0.62748606
 -0.00831258 -0.22905278  0.07130312 -0.29721401  0.27698274 -0.48919403
 -0.30000349 -0.82410779 -0.50206218 -0.22679804 -0.19740032]
3344,[ 0.20352015  0.10608536 -0.09957157  0.13344055  0.37124591  0.08759226
 -0.04219379  0.64904186  0.34949283 -0.53037644 -0.04508224 -0.11766177
  0.17950279  0.43225904 -0.32600485  0.23182309 -0.10803615 -0.62031403
  0.10311031  0.14519713 -0.46992125  0.20542611  0.26104619 -0.64507964
 -0.01816865  0.38300464  0.02600509  0.03857229 -0.55112889  0.5339862
  0.55370849  0.56352534  0.64238117  0.23321384 -0.16943305  0.57233513
 -0.17427016  0.41643545 -0.61559662  0.12064637  0.34361391 -0.62748402
 -0.00831493 -0.22905298  0.07130173 -0.29721442  0.27698423 -0.48919072
 -0.30000539 -0.82410756 -0.50206295 -0.22679776 -0.19740087]
3345,[ 0.2035221   0.10608615 -0.09957658  0.13344163  0.37124703  0.08759106
 -0.04219203  0.64903999  0.34949089 -0.53037563 -0.04508196 -0.11765967
  0.17950176  0.43226102 -0.32600491  0.23182473 -0.10803511 -0.62031341
  0.10310921  0.1451983  -0.46992142  0.20542506  0.26104583 -0.64508129
 -0.01817035  0.38300382  0.02600814  0.03857127 -0.55113024  0.53398896
  0.55370583  0.56352606  0.64238239  0.23321389 -0.16943202  0.57233542
 -0.17427128  0.41643471 -0.61559615  0.12064516  0.34361418 -0.62748198
 -0.00831728 -0.22905318  0.07130034 -0.29721483  0.27698571 -0.4891874
 -0.30000728 -0.82410733 -0.50206372 -0.22679747 -0.19740141]
3346,[ 0.20352405  0.10608693 -0.09958158  0.13344271  0.37124814  0.08758986
 -0.04219028  0.64903812  0.34948897 -0.53037481 -0.04508167 -0.11765757
  0.17950072  0.43226298 -0.32600497  0.23182638 -0.10803407 -0.62031278
  0.1031081   0.14519947 -0.46992159  0.20542402  0.26104548 -0.64508294
 -0.01817204  0.38300301  0.02601118  0.03857025 -0.55113158  0.53399172
  0.55370318  0.56352678  0.64238361  0.23321394 -0.16943099  0.57233571
 -0.1742724   0.41643396 -0.61559568  0.12064395  0.34361445 -0.62747994
 -0.00831963 -0.22905338  0.07129896 -0.29721524  0.2769872  -0.4891841
 -0.30000917 -0.8241071  -0.50206449 -0.22679718 -0.19740195]
3347,[ 0.203526    0.10608772 -0.09958658  0.13344379  0.37124926  0.08758867
 -0.04218853  0.64903626  0.34948704 -0.530374   -0.04508139 -0.11765548
  0.17949969  0.43226495 -0.32600503  0.23182802 -0.10803303 -0.62031216
  0.10310699  0.14520064 -0.46992176  0.20542297  0.26104513 -0.64508458
 -0.01817373  0.3830022   0.02601421  0.03856924 -0.55113292  0.53399447
  0.55370053  0.56352749  0.64238483  0.23321399 -0.16942997  0.57233599
 -0.17427352  0.41643322 -0.61559521  0.12064275  0.34361472 -0.62747791
 -0.00832197 -0.22905358  0.07129757 -0.29721565  0.27698868 -0.48918079
 -0.30001106 -0.82410687 -0.50206526 -0.2267969  -0.19740249]
3348,[ 0.20352795  0.1060885  -0.09959157  0.13344487  0.37125037  0.08758748
 -0.04218678  0.64903439  0.34948511 -0.53037319 -0.04508111 -0.11765339
  0.17949866  0.43226692 -0.32600509  0.23182966 -0.10803199 -0.62031154
  0.10310589  0.14520181 -0.46992193  0.20542193  0.26104478 -0.64508623
 -0.01817542  0.38300138  0.02601725  0.03856822 -0.55113426  0.53399723
  0.55369788  0.56352821  0.64238605  0.23321404 -0.16942894  0.57233628
 -0.17427464  0.41643248 -0.61559474  0.12064155  0.34361499 -0.62747588
 -0.00832431 -0.22905378  0.07129619 -0.29721605  0.27699016 -0.48917749
 -0.30001295 -0.82410665 -0.50206602 -0.22679661 -0.19740303]
3349,[ 0.20352989  0.10608929 -0.09959655  0.13344595  0.37125148  0.08758628
 -0.04218503  0.64903253  0.34948319 -0.53037238 -0.04508083 -0.1176513
  0.17949763  0.43226888 -0.32600515  0.23183129 -0.10803095 -0.62031092
  0.10310478  0.14520298 -0.4699221   0.20542089  0.26104442 -0.64508787
 -0.01817711  0.38300057  0.02602028  0.03856721 -0.5511356   0.53399997
  0.55369524  0.56352892  0.64238726  0.23321409 -0.16942791  0.57233657
 -0.17427576  0.41643174 -0.61559427  0.12064034  0.34361526 -0.62747385
 -0.00832665 -0.22905398  0.07129481 -0.29721646  0.27699163 -0.48917419
 -0.30001483 -0.82410642 -0.50206679 -0.22679632 -0.19740357]
3350,[ 0.20353183  0.10609007 -0.09960153  0.13344702  0.37125259  0.08758509
 -0.04218329  0.64903067  0.34948127 -0.53037157 -0.04508054 -0.11764921
  0.1794966   0.43227084 -0.32600521  0.23183293 -0.10802992 -0.6203103
  0.10310368  0.14520414 -0.46992227  0.20541984  0.26104407 -0.64508951
 -0.0181788   0.38299976  0.02602331  0.0385662  -0.55113694  0.53400272
  0.55369259  0.56352964  0.64238848  0.23321414 -0.16942689  0.57233686
 -0.17427687  0.416431   -0.6155938   0.12063914  0.34361553 -0.62747182
 -0.00832898 -0.22905418  0.07129343 -0.29721687  0.27699311 -0.4891709
 -0.30001672 -0.82410619 -0.50206755 -0.22679604 -0.19740411]
3351,[ 0.20353378  0.10609085 -0.0996065   0.1334481   0.3712537   0.08758391
 -0.04218155  0.64902881  0.34947935 -0.53037076 -0.04508026 -0.11764713
  0.17949557  0.4322728  -0.32600527  0.23183456 -0.10802888 -0.62030968
  0.10310258  0.14520531 -0.46992244  0.2054188   0.26104372 -0.64509114
 -0.01818048  0.38299895  0.02602633  0.03856519 -0.55113827  0.53400546
  0.55368995  0.56353035  0.64238969  0.23321419 -0.16942586  0.57233715
 -0.17427799  0.41643026 -0.61559333  0.12063794  0.3436158  -0.6274698
 -0.00833131 -0.22905438  0.07129205 -0.29721728  0.27699458 -0.48916761
 -0.3000186  -0.82410596 -0.50206832 -0.22679575 -0.19740465]
3352,[ 0.20353571  0.10609163 -0.09961147  0.13344917  0.37125481  0.08758272
 -0.04217981  0.64902696  0.34947743 -0.53036996 -0.04507998 -0.11764505
  0.17949455  0.43227476 -0.32600533  0.23183619 -0.10802785 -0.62030906
  0.10310148  0.14520647 -0.46992261  0.20541776  0.26104337 -0.64509278
 -0.01818216  0.38299814  0.02602935  0.03856418 -0.55113961  0.5340082
  0.55368732  0.56353106  0.6423909   0.23321424 -0.16942484  0.57233743
 -0.1742791   0.41642953 -0.61559286  0.12063675  0.34361607 -0.62746778
 -0.00833364 -0.22905457  0.07129068 -0.29721768  0.27699606 -0.48916432
 -0.30002048 -0.82410573 -0.50206908 -0.22679547 -0.19740518]
3353,[ 0.20353765  0.10609241 -0.09961643  0.13345024  0.37125592  0.08758153
 -0.04217807  0.6490251   0.34947552 -0.53036915 -0.0450797  -0.11764297
  0.17949352  0.43227671 -0.32600539  0.23183782 -0.10802682 -0.62030844
  0.10310038  0.14520763 -0.46992278  0.20541673  0.26104302 -0.64509441
 -0.01818384  0.38299733  0.02603237  0.03856317 -0.55114094  0.53401094
  0.55368469  0.56353177  0.64239211  0.23321429 -0.16942382  0.57233772
 -0.17428022  0.41642879 -0.61559239  0.12063555  0.34361634 -0.62746576
 -0.00833597 -0.22905477  0.0712893  -0.29721809  0.27699753 -0.48916104
 -0.30002235 -0.82410551 -0.50206984 -0.22679519 -0.19740572]
3354,[ 0.20353958  0.10609319 -0.09962139  0.13345131  0.37125702  0.08758035
 -0.04217633  0.64902325  0.34947361 -0.53036835 -0.04507942 -0.11764089
  0.17949249  0.43227866 -0.32600545  0.23183945 -0.10802578 -0.62030782
  0.10309929  0.14520879 -0.46992295  0.20541569  0.26104267 -0.64509604
 -0.01818552  0.38299652  0.02603539  0.03856216 -0.55114227  0.53401367
  0.55368206  0.56353248  0.64239332  0.23321434 -0.1694228   0.57233801
 -0.17428133  0.41642805 -0.61559192  0.12063435  0.34361661 -0.62746374
 -0.00833829 -0.22905497  0.07128793 -0.29721849  0.276999   -0.48915776
 -0.30002423 -0.82410528 -0.5020706  -0.2267949  -0.19740626]
3355,[ 0.20354152  0.10609396 -0.09962634  0.13345238  0.37125813  0.08757916
 -0.04217459  0.6490214   0.3494717  -0.53036754 -0.04507914 -0.11763881
  0.17949147  0.43228061 -0.32600551  0.23184108 -0.10802475 -0.6203072
  0.10309819  0.14520995 -0.46992312  0.20541465  0.26104232 -0.64509767
 -0.0181872   0.38299571  0.0260384   0.03856115 -0.5511436   0.5340164
  0.55367943  0.56353319  0.64239453  0.23321439 -0.16942178  0.57233829
 -0.17428244  0.41642732 -0.61559146  0.12063316  0.34361687 -0.62746173
 -0.00834062 -0.22905517  0.07128656 -0.2972189   0.27700046 -0.48915449
 -0.3000261  -0.82410505 -0.50207136 -0.22679462 -0.19740679]
3356,[ 0.20354345  0.10609474 -0.09963128  0.13345345  0.37125923  0.08757798
 -0.04217286  0.64901955  0.34946979 -0.53036674 -0.04507886 -0.11763674
  0.17949045  0.43228256 -0.32600557  0.2318427  -0.10802372 -0.62030659
  0.10309709  0.14521111 -0.46992329  0.20541362  0.26104198 -0.6450993
 -0.01818887  0.38299491  0.0260414   0.03856015 -0.55114493  0.53401913
  0.55367681  0.5635339   0.64239574  0.23321444 -0.16942076  0.57233858
 -0.17428355  0.41642658 -0.61559099  0.12063197  0.34361714 -0.62745971
 -0.00834294 -0.22905537  0.07128519 -0.2972193   0.27700193 -0.48915122
 -0.30002797 -0.82410483 -0.50207212 -0.22679433 -0.19740733]
3357,[ 0.20354537  0.10609552 -0.09963622  0.13345451  0.37126033  0.0875768
 -0.04217113  0.64901771  0.34946788 -0.53036594 -0.04507858 -0.11763467
  0.17948943  0.4322845  -0.32600563  0.23184432 -0.1080227  -0.62030597
  0.103096    0.14521227 -0.46992346  0.20541259  0.26104163 -0.64510093
 -0.01819055  0.3829941   0.02604441  0.03855914 -0.55114626  0.53402185
  0.55367418  0.56353461  0.64239694  0.23321449 -0.16941975  0.57233887
 -0.17428465  0.41642585 -0.61559052  0.12063078  0.34361741 -0.6274577
 -0.00834525 -0.22905556  0.07128382 -0.29721971  0.27700339 -0.48914795
 -0.30002984 -0.8241046  -0.50207288 -0.22679405 -0.19740786]
3358,[ 0.2035473   0.10609629 -0.09964115  0.13345558  0.37126143  0.08757562
 -0.0421694   0.64901586  0.34946598 -0.53036513 -0.0450783  -0.1176326
  0.17948841  0.43228645 -0.32600569  0.23184594 -0.10802167 -0.62030536
  0.10309491  0.14521342 -0.46992362  0.20541156  0.26104128 -0.64510255
 -0.01819222  0.3829933   0.02604741  0.03855814 -0.55114758  0.53402458
  0.55367157  0.56353532  0.64239814  0.23321454 -0.16941873  0.57233915
 -0.17428576  0.41642512 -0.61559006  0.12062959  0.34361768 -0.62745569
 -0.00834757 -0.22905576  0.07128245 -0.29722011  0.27700486 -0.48914468
 -0.3000317  -0.82410437 -0.50207364 -0.22679377 -0.19740839]
3359,[ 0.20354922  0.10609706 -0.09964608  0.13345664  0.37126253  0.08757444
 -0.04216767  0.64901402  0.34946408 -0.53036433 -0.04507802 -0.11763054
  0.17948739  0.43228839 -0.32600575  0.23184756 -0.10802064 -0.62030474
  0.10309382  0.14521458 -0.46992379  0.20541052  0.26104093 -0.64510417
 -0.01819389  0.3829925   0.02605041  0.03855714 -0.55114891  0.53402729
  0.55366895  0.56353602  0.64239935  0.23321459 -0.16941772  0.57233944
 -0.17428686  0.41642439 -0.61558959  0.1206284   0.34361794 -0.62745369
 -0.00834988 -0.22905596  0.07128109 -0.29722051  0.27700632 -0.48914142
 -0.30003357 -0.82410415 -0.5020744  -0.22679349 -0.19740893]
3360,[ 0.20355114  0.10609784 -0.099651    0.13345771  0.37126363  0.08757326
 -0.04216595  0.64901218  0.34946218 -0.53036353 -0.04507775 -0.11762847
  0.17948637  0.43229033 -0.32600581  0.23184918 -0.10801962 -0.62030413
  0.10309273  0.14521573 -0.46992396  0.20540949  0.26104058 -0.6451058
 -0.01819555  0.38299169  0.0260534   0.03855614 -0.55115023  0.53403001
  0.55366634  0.56353673  0.64240055  0.23321464 -0.1694167   0.57233972
 -0.17428797  0.41642366 -0.61558913  0.12062721  0.34361821 -0.62745168
 -0.00835219 -0.22905616  0.07127972 -0.29722091  0.27700778 -0.48913817
 -0.30003543 -0.82410392 -0.50207515 -0.2267932  -0.19740946]
3361,[ 0.20355306  0.10609861 -0.09965592  0.13345877  0.37126472  0.08757209
 -0.04216423  0.64901035  0.34946028 -0.53036273 -0.04507747 -0.11762641
  0.17948536  0.43229226 -0.32600587  0.23185079 -0.1080186  -0.62030351
  0.10309164  0.14521688 -0.46992413  0.20540847  0.26104024 -0.64510741
 -0.01819722  0.38299089  0.02605639  0.03855514 -0.55115155  0.53403272
  0.55366373  0.56353744  0.64240175  0.23321469 -0.16941569  0.57234001
 -0.17428907  0.41642293 -0.61558867  0.12062603  0.34361847 -0.62744968
 -0.00835449 -0.22905635  0.07127836 -0.29722132  0.27700923 -0.48913492
 -0.30003729 -0.8241037  -0.50207591 -0.22679292 -0.19740999]
3362,[ 0.20355498  0.10609938 -0.09966083  0.13345983  0.37126582  0.08757091
 -0.0421625   0.64900851  0.34945839 -0.53036194 -0.04507719 -0.11762435
  0.17948434  0.4322942  -0.32600593  0.23185241 -0.10801757 -0.6203029
  0.10309055  0.14521803 -0.4699243   0.20540744  0.26103989 -0.64510903
 -0.01819888  0.38299009  0.02605938  0.03855414 -0.55115287  0.53403543
  0.55366112  0.56353814  0.64240295  0.23321474 -0.16941468  0.57234029
 -0.17429017  0.4164222  -0.6155882   0.12062484  0.34361874 -0.62744768
 -0.00835679 -0.22905655  0.071277   -0.29722172  0.27701069 -0.48913167
 -0.30003914 -0.82410347 -0.50207666 -0.22679264 -0.19741052]
3363,[ 0.20355689  0.10610015 -0.09966574  0.13346089  0.37126691  0.08756974
 -0.04216079  0.64900668  0.34945649 -0.53036114 -0.04507691 -0.1176223
  0.17948333  0.43229613 -0.32600599  0.23185402 -0.10801655 -0.62030229
  0.10308947  0.14521918 -0.46992446  0.20540641  0.26103955 -0.64511065
 -0.01820054  0.38298929  0.02606236  0.03855314 -0.55115419  0.53403814
  0.55365852  0.56353884  0.64240414  0.23321479 -0.16941367  0.57234057
 -0.17429127  0.41642147 -0.61558774  0.12062366  0.343619   -0.62744569
 -0.0083591  -0.22905674  0.07127564 -0.29722212  0.27701214 -0.48912842
 -0.300041   -0.82410325 -0.50207742 -0.22679236 -0.19741105]
3364,[ 0.2035588   0.10610092 -0.09967064  0.13346195  0.37126801  0.08756857
 -0.04215907  0.64900485  0.3494546  -0.53036034 -0.04507663 -0.11762024
  0.17948231  0.43229806 -0.32600604  0.23185563 -0.10801553 -0.62030168
  0.10308838  0.14522033 -0.46992463  0.20540539  0.2610392  -0.64511226
 -0.0182022   0.38298849  0.02606534  0.03855215 -0.5511555   0.53404084
  0.55365592  0.56353955  0.64240534  0.23321484 -0.16941266  0.57234086
 -0.17429237  0.41642074 -0.61558728  0.12062248  0.34361927 -0.62744369
 -0.00836139 -0.22905694  0.07127428 -0.29722252  0.2770136  -0.48912518
 -0.30004285 -0.82410302 -0.50207817 -0.22679208 -0.19741158]
3365,[ 0.20356071  0.10610169 -0.09967553  0.13346301  0.3712691   0.0875674
 -0.04215735  0.64900302  0.34945271 -0.53035955 -0.04507636 -0.11761819
  0.1794813   0.43229999 -0.3260061   0.23185724 -0.10801451 -0.62030107
  0.1030873   0.14522148 -0.4699248   0.20540436  0.26103885 -0.64511387
 -0.01820386  0.38298769  0.02606832  0.03855115 -0.55115682  0.53404354
  0.55365332  0.56354025  0.64240653  0.23321489 -0.16941165  0.57234114
 -0.17429347  0.41642001 -0.61558682  0.1206213   0.34361953 -0.6274417
 -0.00836369 -0.22905714  0.07127293 -0.29722292  0.27701505 -0.48912194
 -0.3000447  -0.8241028  -0.50207892 -0.2267918  -0.19741211]
3366,[ 0.20356262  0.10610246 -0.09968042  0.13346406  0.37127019  0.08756623
 -0.04215564  0.64900119  0.34945083 -0.53035875 -0.04507608 -0.11761614
  0.17948029  0.43230191 -0.32600616  0.23185884 -0.1080135  -0.62030046
  0.10308621  0.14522262 -0.46992497  0.20540334  0.26103851 -0.64511548
 -0.01820552  0.3829869   0.02607129  0.03855016 -0.55115813  0.53404624
  0.55365073  0.56354095  0.64240772  0.23321494 -0.16941065  0.57234142
 -0.17429457  0.41641929 -0.61558635  0.12062012  0.3436198  -0.62743971
 -0.00836598 -0.22905733  0.07127157 -0.29722332  0.2770165  -0.48911871
 -0.30004655 -0.82410257 -0.50207967 -0.22679152 -0.19741264]
3367,[ 0.20356453  0.10610322 -0.09968531  0.13346512  0.37127128  0.08756506
 -0.04215393  0.64899937  0.34944894 -0.53035796 -0.0450758  -0.1176141
  0.17947928  0.43230384 -0.32600622  0.23186045 -0.10801248 -0.62029985
  0.10308513  0.14522377 -0.46992513  0.20540232  0.26103817 -0.64511709
 -0.01820717  0.3829861   0.02607426  0.03854916 -0.55115944  0.53404893
  0.55364814  0.56354165  0.64240892  0.23321499 -0.16940964  0.57234171
 -0.17429566  0.41641856 -0.61558589  0.12061894  0.34362006 -0.62743772
 -0.00836827 -0.22905753  0.07127022 -0.29722372  0.27701794 -0.48911547
 -0.3000484  -0.82410235 -0.50208042 -0.22679124 -0.19741317]
3368,[ 0.20356643  0.10610399 -0.09969019  0.13346617  0.37127236  0.0875639
 -0.04215222  0.64899754  0.34944706 -0.53035717 -0.04507553 -0.11761205
  0.17947827  0.43230576 -0.32600628  0.23186205 -0.10801147 -0.62029924
  0.10308405  0.14522491 -0.4699253   0.2054013   0.26103782 -0.6451187
 -0.01820882  0.38298531  0.02607723  0.03854817 -0.55116075  0.53405162
  0.55364555  0.56354235  0.64241011  0.23321504 -0.16940864  0.57234199
 -0.17429675  0.41641784 -0.61558543  0.12061776  0.34362033 -0.62743573
 -0.00837056 -0.22905772  0.07126887 -0.29722412  0.27701939 -0.48911225
 -0.30005024 -0.82410212 -0.50208117 -0.22679096 -0.1974137 ]
3369,[ 0.20356833  0.10610476 -0.09969506  0.13346722  0.37127345  0.08756273
 -0.04215051  0.64899572  0.34944518 -0.53035637 -0.04507525 -0.11761001
  0.17947726  0.43230768 -0.32600634  0.23186365 -0.10801045 -0.62029863
  0.10308297  0.14522605 -0.46992547  0.20540028  0.26103748 -0.6451203
 -0.01821047  0.38298451  0.0260802   0.03854718 -0.55116206  0.53405431
  0.55364296  0.56354305  0.64241129  0.23321509 -0.16940763  0.57234227
 -0.17429785  0.41641712 -0.61558497  0.12061659  0.34362059 -0.62743375
 -0.00837285 -0.22905792  0.07126752 -0.29722452  0.27702084 -0.48910902
 -0.30005209 -0.8241019  -0.50208192 -0.22679068 -0.19741423]
3370,[ 0.20357023  0.10610552 -0.09969993  0.13346827  0.37127454  0.08756157
 -0.0421488   0.6489939   0.3494433  -0.53035558 -0.04507498 -0.11760797
  0.17947626  0.43230959 -0.3260064   0.23186525 -0.10800944 -0.62029803
  0.1030819   0.14522719 -0.46992563  0.20539926  0.26103713 -0.6451219
 -0.01821212  0.38298372  0.02608316  0.03854619 -0.55116337  0.53405699
  0.55364038  0.56354375  0.64241248  0.23321514 -0.16940663  0.57234255
 -0.17429894  0.41641639 -0.61558451  0.12061541  0.34362085 -0.62743177
 -0.00837513 -0.22905811  0.07126617 -0.29722491  0.27702228 -0.4891058
 -0.30005393 -0.82410168 -0.50208267 -0.2267904  -0.19741475]
3371,[ 0.20357213  0.10610628 -0.09970479  0.13346932  0.37127562  0.0875604
 -0.0421471   0.64899209  0.34944142 -0.53035479 -0.0450747  -0.11760593
  0.17947525  0.43231151 -0.32600646  0.23186684 -0.10800843 -0.62029742
  0.10308082  0.14522833 -0.4699258   0.20539825  0.26103679 -0.6451235
 -0.01821377  0.38298293  0.02608611  0.0385452  -0.55116467  0.53405967
  0.5536378   0.56354444  0.64241367  0.23321519 -0.16940563  0.57234283
 -0.17430003  0.41641567 -0.61558406  0.12061424  0.34362112 -0.62742979
 -0.00837741 -0.22905831  0.07126482 -0.29722531  0.27702372 -0.48910259
 -0.30005577 -0.82410146 -0.50208342 -0.22679012 -0.19741528]
3372,[ 0.20357403  0.10610705 -0.09970965  0.13347037  0.3712767   0.08755924
 -0.0421454   0.64899027  0.34943955 -0.530354   -0.04507443 -0.11760389
  0.17947425  0.43231342 -0.32600652  0.23186844 -0.10800742 -0.62029681
  0.10307974  0.14522947 -0.46992596  0.20539723  0.26103645 -0.6451251
 -0.01821541  0.38298213  0.02608907  0.03854421 -0.55116598  0.53406235
  0.55363522  0.56354514  0.64241485  0.23321524 -0.16940463  0.57234311
 -0.17430112  0.41641495 -0.6155836   0.12061307  0.34362138 -0.62742781
 -0.00837969 -0.2290585   0.07126347 -0.29722571  0.27702516 -0.48909937
 -0.3000576  -0.82410123 -0.50208416 -0.22678985 -0.1974158 ]
3373,[ 0.20357592  0.10610781 -0.0997145   0.13347142  0.37127779  0.08755808
 -0.0421437   0.64898846  0.34943768 -0.53035321 -0.04507415 -0.11760186
  0.17947325  0.43231533 -0.32600657  0.23187003 -0.10800641 -0.62029621
  0.10307867  0.1452306  -0.46992613  0.20539621  0.26103611 -0.6451267
 -0.01821706  0.38298134  0.02609202  0.03854323 -0.55116728  0.53406503
  0.55363265  0.56354583  0.64241604  0.23321529 -0.16940363  0.57234339
 -0.17430221  0.41641423 -0.61558314  0.1206119   0.34362164 -0.62742584
 -0.00838196 -0.22905869  0.07126213 -0.29722611  0.2770266  -0.48909617
 -0.30005944 -0.82410101 -0.50208491 -0.22678957 -0.19741633]
3374,[ 0.20357781  0.10610857 -0.09971934  0.13347247  0.37127887  0.08755693
 -0.042142    0.64898665  0.34943581 -0.53035243 -0.04507388 -0.11759983
  0.17947224  0.43231724 -0.32600663  0.23187162 -0.1080054  -0.62029561
  0.1030776   0.14523174 -0.46992629  0.2053952   0.26103577 -0.6451283
 -0.0182187   0.38298055  0.02609496  0.03854224 -0.55116858  0.5340677
  0.55363008  0.56354653  0.64241722  0.23321533 -0.16940264  0.57234367
 -0.17430329  0.41641351 -0.61558268  0.12061073  0.3436219  -0.62742387
 -0.00838423 -0.22905889  0.07126079 -0.2972265   0.27702803 -0.48909296
 -0.30006127 -0.82410079 -0.50208565 -0.22678929 -0.19741685]
3375,[ 0.2035797   0.10610933 -0.09972418  0.13347351  0.37127995  0.08755577
 -0.0421403   0.64898484  0.34943394 -0.53035164 -0.04507361 -0.1175978
  0.17947124  0.43231915 -0.32600669  0.23187321 -0.10800439 -0.620295
  0.10307653  0.14523287 -0.46992646  0.20539419  0.26103542 -0.64512989
 -0.01822034  0.38297976  0.02609791  0.03854126 -0.55116988  0.53407037
  0.55362751  0.56354722  0.6424184   0.23321538 -0.16940164  0.57234395
 -0.17430438  0.41641279 -0.61558223  0.12060956  0.34362216 -0.62742189
 -0.0083865  -0.22905908  0.07125945 -0.2972269   0.27702947 -0.48908976
 -0.3000631  -0.82410057 -0.50208639 -0.22678901 -0.19741738]
3376,[ 0.20358158  0.10611009 -0.09972902  0.13347456  0.37128102  0.08755461
 -0.04213861  0.64898303  0.34943208 -0.53035086 -0.04507333 -0.11759577
  0.17947024  0.43232105 -0.32600675  0.2318748  -0.10800338 -0.6202944
  0.10307546  0.145234   -0.46992662  0.20539318  0.26103508 -0.64513148
 -0.01822197  0.38297898  0.02610085  0.03854028 -0.55117118  0.53407304
  0.55362494  0.56354792  0.64241958  0.23321543 -0.16940064  0.57234423
 -0.17430546  0.41641207 -0.61558177  0.1206084   0.34362243 -0.62741993
 -0.00838877 -0.22905927  0.07125811 -0.29722729  0.2770309  -0.48908656
 -0.30006493 -0.82410034 -0.50208714 -0.22678874 -0.1974179 ]
3377,[ 0.20358347  0.10611085 -0.09973385  0.1334756   0.3712821   0.08755346
 -0.04213692  0.64898123  0.34943021 -0.53035007 -0.04507306 -0.11759375
  0.17946925  0.43232295 -0.32600681  0.23187639 -0.10800238 -0.6202938
  0.10307439  0.14523514 -0.46992679  0.20539217  0.26103474 -0.64513307
 -0.01822361  0.38297819  0.02610379  0.03853929 -0.55117248  0.5340757
  0.55362238  0.56354861  0.64242076  0.23321548 -0.16939965  0.57234451
 -0.17430654  0.41641136 -0.61558131  0.12060723  0.34362269 -0.62741796
 -0.00839104 -0.22905947  0.07125677 -0.29722769  0.27703233 -0.48908336
 -0.30006675 -0.82410012 -0.50208788 -0.22678846 -0.19741842]
3378,[ 0.20358535  0.1061116  -0.09973867  0.13347664  0.37128318  0.0875523
 -0.04213523  0.64897943  0.34942835 -0.53034929 -0.04507279 -0.11759173
  0.17946825  0.43232485 -0.32600687  0.23187797 -0.10800138 -0.6202932
  0.10307332  0.14523627 -0.46992695  0.20539116  0.2610344  -0.64513466
 -0.01822524  0.3829774   0.02610672  0.03853831 -0.55117378  0.53407836
  0.55361982  0.5635493   0.64242193  0.23321553 -0.16939866  0.57234479
 -0.17430763  0.41641064 -0.61558086  0.12060607  0.34362295 -0.627416
 -0.0083933  -0.22905966  0.07125543 -0.29722808  0.27703376 -0.48908017
 -0.30006858 -0.8240999  -0.50208862 -0.22678818 -0.19741895]
3379,[ 0.20358723  0.10611236 -0.09974349  0.13347768  0.37128425  0.08755115
 -0.04213354  0.64897763  0.34942649 -0.5303485  -0.04507251 -0.11758971
  0.17946725  0.43232675 -0.32600693  0.23187956 -0.10800037 -0.62029259
  0.10307225  0.14523739 -0.46992712  0.20539015  0.26103406 -0.64513625
 -0.01822688  0.38297662  0.02610965  0.03853733 -0.55117507  0.53408102
  0.55361726  0.56354999  0.64242311  0.23321558 -0.16939767  0.57234507
 -0.17430871  0.41640992 -0.6155804   0.12060491  0.34362321 -0.62741404
 -0.00839556 -0.22905985  0.0712541  -0.29722848  0.27703519 -0.48907699
 -0.3000704  -0.82409968 -0.50208936 -0.22678791 -0.19741947]
3380,[ 0.20358911  0.10611312 -0.0997483   0.13347872  0.37128532  0.08755
 -0.04213185  0.64897583  0.34942464 -0.53034772 -0.04507224 -0.11758769
  0.17946626  0.43232865 -0.32600698  0.23188114 -0.10799937 -0.62029199
  0.10307119  0.14523852 -0.46992728  0.20538914  0.26103372 -0.64513783
 -0.01822851  0.38297583  0.02611258  0.03853635 -0.55117636  0.53408367
  0.55361471  0.56355068  0.64242428  0.23321563 -0.16939667  0.57234535
 -0.17430979  0.41640921 -0.61557995  0.12060375  0.34362347 -0.62741208
 -0.00839782 -0.22906005  0.07125276 -0.29722887  0.27703662 -0.4890738
 -0.30007222 -0.82409946 -0.5020901  -0.22678763 -0.19741999]
3381,[ 0.20359099  0.10611387 -0.09975311  0.13347976  0.3712864   0.08754885
 -0.04213017  0.64897403  0.34942278 -0.53034694 -0.04507197 -0.11758568
  0.17946526  0.43233054 -0.32600704  0.23188271 -0.10799837 -0.62029139
  0.10307012  0.14523965 -0.46992745  0.20538814  0.26103338 -0.64513941
 -0.01823013  0.38297505  0.0261155   0.03853538 -0.55117765  0.53408633
  0.55361216  0.56355137  0.64242545  0.23321568 -0.16939569  0.57234563
 -0.17431086  0.4164085  -0.6155795   0.12060259  0.34362373 -0.62741012
 -0.00840007 -0.22906024  0.07125143 -0.29722926  0.27703804 -0.48907062
 -0.30007404 -0.82409924 -0.50209084 -0.22678736 -0.19742051]
3382,[ 0.20359286  0.10611463 -0.09975791  0.1334808   0.37128747  0.0875477
 -0.04212848  0.64897224  0.34942093 -0.53034616 -0.0450717  -0.11758366
  0.17946427  0.43233243 -0.3260071   0.23188429 -0.10799737 -0.6202908
  0.10306906  0.14524077 -0.46992761  0.20538713  0.26103305 -0.64514099
 -0.01823176  0.38297427  0.02611842  0.0385344  -0.55117894  0.53408897
  0.55360961  0.56355206  0.64242663  0.23321573 -0.1693947   0.5723459
 -0.17431194  0.41640778 -0.61557904  0.12060143  0.34362399 -0.62740816
 -0.00840232 -0.22906043  0.0712501  -0.29722966  0.27703947 -0.48906744
 -0.30007585 -0.82409902 -0.50209158 -0.22678708 -0.19742103]
3383,[ 0.20359473  0.10611538 -0.09976271  0.13348183  0.37128854  0.08754656
 -0.0421268   0.64897045  0.34941908 -0.53034538 -0.04507143 -0.11758165
  0.17946328  0.43233432 -0.32600716  0.23188587 -0.10799637 -0.6202902
  0.103068    0.1452419  -0.46992778  0.20538613  0.26103271 -0.64514257
 -0.01823338  0.38297349  0.02612134  0.03853342 -0.55118023  0.53409162
  0.55360706  0.56355275  0.6424278   0.23321577 -0.16939371  0.57234618
 -0.17431302  0.41640707 -0.61557859  0.12060027  0.34362425 -0.62740621
 -0.00840457 -0.22906062  0.07124877 -0.29723005  0.27704089 -0.48906427
 -0.30007767 -0.8240988  -0.50209231 -0.22678681 -0.19742155]
3384,[ 0.2035966   0.10611613 -0.0997675   0.13348287  0.37128961  0.08754541
 -0.04212512  0.64896866  0.34941723 -0.5303446  -0.04507115 -0.11757964
  0.17946229  0.43233621 -0.32600722  0.23188744 -0.10799538 -0.6202896
  0.10306694  0.14524302 -0.46992794  0.20538513  0.26103237 -0.64514415
 -0.01823501  0.3829727   0.02612425  0.03853245 -0.55118152  0.53409426
  0.55360452  0.56355343  0.64242897  0.23321582 -0.16939272  0.57234646
 -0.17431409  0.41640636 -0.61557814  0.12059912  0.34362451 -0.62740426
 -0.00840682 -0.22906081  0.07124744 -0.29723044  0.27704231 -0.4890611
 -0.30007948 -0.82409858 -0.50209305 -0.22678653 -0.19742206]
3385,[ 0.20359847  0.10611688 -0.09977229  0.1334839   0.37129067  0.08754427
 -0.04212344  0.64896687  0.34941538 -0.53034382 -0.04507088 -0.11757764
  0.1794613   0.43233809 -0.32600727  0.23188901 -0.10799438 -0.620289
  0.10306588  0.14524414 -0.4699281   0.20538413  0.26103203 -0.64514573
 -0.01823663  0.38297192  0.02612716  0.03853148 -0.55118281  0.5340969
  0.55360198  0.56355412  0.64243013  0.23321587 -0.16939174  0.57234674
 -0.17431516  0.41640565 -0.61557769  0.12059797  0.34362477 -0.62740231
 -0.00840906 -0.229061    0.07124612 -0.29723083  0.27704373 -0.48905794
 -0.30008129 -0.82409836 -0.50209378 -0.22678626 -0.19742258]
3386,[ 0.20360033  0.10611763 -0.09977707  0.13348493  0.37129174  0.08754312
 -0.04212177  0.64896508  0.34941354 -0.53034305 -0.04507061 -0.11757563
  0.17946031  0.43233997 -0.32600733  0.23189058 -0.10799338 -0.62028841
  0.10306482  0.14524526 -0.46992827  0.20538313  0.2610317  -0.6451473
 -0.01823825  0.38297114  0.02613007  0.03853051 -0.55118409  0.53409954
  0.55359945  0.56355481  0.6424313   0.23321592 -0.16939075  0.57234701
 -0.17431624  0.41640494 -0.61557724  0.12059681  0.34362502 -0.62740037
 -0.00841131 -0.2290612   0.07124479 -0.29723122  0.27704514 -0.48905477
 -0.3000831  -0.82409814 -0.50209452 -0.22678598 -0.1974231 ]
3387,[ 0.2036022   0.10611838 -0.09978184  0.13348597  0.3712928   0.08754198
 -0.0421201   0.6489633   0.34941169 -0.53034227 -0.04507034 -0.11757363
  0.17945933  0.43234185 -0.32600739  0.23189215 -0.10799239 -0.62028781
  0.10306376  0.14524638 -0.46992843  0.20538213  0.26103136 -0.64514887
 -0.01823986  0.38297037  0.02613298  0.03852953 -0.55118537  0.53410217
  0.55359691  0.56355549  0.64243246  0.23321597 -0.16938977  0.57234729
 -0.17431731  0.41640423 -0.61557679  0.12059566  0.34362528 -0.62739842
 -0.00841354 -0.22906139  0.07124347 -0.29723161  0.27704656 -0.48905161
 -0.3000849  -0.82409792 -0.50209525 -0.22678571 -0.19742362]
3388,[ 0.20360406  0.10611913 -0.09978661  0.133487    0.37129387  0.08754084
 -0.04211842  0.64896152  0.34940985 -0.5303415  -0.04507007 -0.11757163
  0.17945834  0.43234373 -0.32600745  0.23189372 -0.1079914  -0.62028722
  0.1030627   0.14524749 -0.46992859  0.20538113  0.26103102 -0.64515044
 -0.01824148  0.38296959  0.02613588  0.03852856 -0.55118665  0.5341048
  0.55359438  0.56355618  0.64243363  0.23321602 -0.16938879  0.57234757
 -0.17431838  0.41640352 -0.61557634  0.12059451  0.34362554 -0.62739648
 -0.00841578 -0.22906158  0.07124215 -0.297232    0.27704797 -0.48904846
 -0.30008671 -0.8240977  -0.50209598 -0.22678544 -0.19742413]
3389,[ 0.20360592  0.10611988 -0.09979137  0.13348803  0.37129493  0.0875397
 -0.04211675  0.64895973  0.34940802 -0.53034072 -0.0450698  -0.11756964
  0.17945735  0.43234561 -0.3260075   0.23189528 -0.10799041 -0.62028662
  0.10306165  0.14524861 -0.46992875  0.20538013  0.26103069 -0.64515201
 -0.01824309  0.38296881  0.02613877  0.0385276  -0.55118793  0.53410743
  0.55359185  0.56355686  0.64243479  0.23321606 -0.16938781  0.57234784
 -0.17431944  0.41640281 -0.61557589  0.12059336  0.3436258  -0.62739454
 -0.00841802 -0.22906177  0.07124083 -0.29723239  0.27704939 -0.48904531
 -0.30008851 -0.82409749 -0.50209672 -0.22678516 -0.19742465]
3390,[ 0.20360778  0.10612063 -0.09979613  0.13348905  0.37129599  0.08753856
 -0.04211509  0.64895796  0.34940618 -0.53033995 -0.04506953 -0.11756764
  0.17945637  0.43234748 -0.32600756  0.23189685 -0.10798942 -0.62028603
  0.1030606   0.14524973 -0.46992892  0.20537914  0.26103035 -0.64515358
 -0.01824471  0.38296804  0.02614167  0.03852663 -0.55118921  0.53411006
  0.55358933  0.56355754  0.64243595  0.23321611 -0.16938683  0.57234812
 -0.17432051  0.41640211 -0.61557544  0.12059221  0.34362606 -0.62739261
 -0.00842025 -0.22906196  0.07123951 -0.29723278  0.2770508  -0.48904216
 -0.30009031 -0.82409727 -0.50209745 -0.22678489 -0.19742516]
3391,[ 0.20360963  0.10612137 -0.09980089  0.13349008  0.37129705  0.08753743
 -0.04211342  0.64895618  0.34940434 -0.53033918 -0.04506927 -0.11756565
  0.17945539  0.43234936 -0.32600762  0.23189841 -0.10798843 -0.62028544
  0.10305954  0.14525084 -0.46992908  0.20537814  0.26103002 -0.64515514
 -0.01824632  0.38296726  0.02614456  0.03852566 -0.55119049  0.53411268
  0.5535868   0.56355822  0.64243711  0.23321616 -0.16938585  0.57234839
 -0.17432158  0.4164014  -0.61557499  0.12059107  0.34362631 -0.62739067
 -0.00842248 -0.22906215  0.07123819 -0.29723317  0.27705221 -0.48903901
 -0.3000921  -0.82409705 -0.50209818 -0.22678462 -0.19742568]
3392,[ 0.20361148  0.10612212 -0.09980564  0.13349111  0.37129811  0.08753629
 -0.04211176  0.64895441  0.34940251 -0.5303384  -0.045069   -0.11756366
  0.17945441  0.43235123 -0.32600768  0.23189997 -0.10798744 -0.62028485
  0.10305849  0.14525195 -0.46992924  0.20537715  0.26102968 -0.64515671
 -0.01824792  0.38296649  0.02614745  0.0385247  -0.55119176  0.5341153
  0.55358428  0.5635589   0.64243827  0.23321621 -0.16938487  0.57234867
 -0.17432264  0.4164007  -0.61557454  0.12058992  0.34362657 -0.62738874
 -0.0084247  -0.22906234  0.07123688 -0.29723356  0.27705361 -0.48903587
 -0.3000939  -0.82409683 -0.50209891 -0.22678435 -0.19742619]
3393,[ 0.20361333  0.10612286 -0.09981038  0.13349213  0.37129917  0.08753516
 -0.04211009  0.64895263  0.34940068 -0.53033763 -0.04506873 -0.11756167
  0.17945343  0.43235309 -0.32600773  0.23190153 -0.10798645 -0.62028425
  0.10305744  0.14525306 -0.4699294   0.20537616  0.26102935 -0.64515827
 -0.01824953  0.38296571  0.02615033  0.03852373 -0.55119304  0.53411791
  0.55358177  0.56355958  0.64243943  0.23321626 -0.1693839   0.57234894
 -0.17432371  0.41639999 -0.61557409  0.12058878  0.34362683 -0.62738681
 -0.00842693 -0.22906253  0.07123556 -0.29723395  0.27705502 -0.48903274
 -0.30009569 -0.82409661 -0.50209964 -0.22678407 -0.1974267 ]
3394,[ 0.20361518  0.10612361 -0.09981512  0.13349315  0.37130022  0.08753403
 -0.04210843  0.64895086  0.34939885 -0.53033686 -0.04506846 -0.11755969
  0.17945245  0.43235496 -0.32600779  0.23190308 -0.10798547 -0.62028366
  0.10305639  0.14525417 -0.46992956  0.20537517  0.26102901 -0.64515983
 -0.01825113  0.38296494  0.02615321  0.03852277 -0.55119431  0.53412053
  0.55357925  0.56356026  0.64244058  0.2332163  -0.16938292  0.57234921
 -0.17432477  0.41639929 -0.61557365  0.12058764  0.34362708 -0.62738488
 -0.00842915 -0.22906272  0.07123425 -0.29723433  0.27705642 -0.4890296
 -0.30009749 -0.8240964  -0.50210036 -0.2267838  -0.19742722]
3395,[ 0.20361703  0.10612435 -0.09981985  0.13349418  0.37130128  0.08753289
 -0.04210678  0.6489491   0.34939703 -0.53033609 -0.04506819 -0.1175577
  0.17945147  0.43235682 -0.32600785  0.23190464 -0.10798448 -0.62028307
  0.10305535  0.14525528 -0.46992973  0.20537418  0.26102868 -0.64516139
 -0.01825274  0.38296417  0.02615609  0.03852181 -0.55119558  0.53412314
  0.55357674  0.56356094  0.64244174  0.23321635 -0.16938195  0.57234949
 -0.17432583  0.41639859 -0.6155732   0.1205865   0.34362734 -0.62738295
 -0.00843137 -0.22906291  0.07123294 -0.29723472  0.27705783 -0.48902647
 -0.30009928 -0.82409618 -0.50210109 -0.22678353 -0.19742773]
3396,[ 0.20361887  0.10612509 -0.09982458  0.1334952   0.37130233  0.08753176
 -0.04210512  0.64894733  0.3493952  -0.53033533 -0.04506793 -0.11755572
  0.17945049  0.43235868 -0.32600791  0.23190619 -0.1079835  -0.62028248
  0.1030543   0.14525639 -0.46992989  0.20537319  0.26102834 -0.64516294
 -0.01825434  0.3829634   0.02615897  0.03852085 -0.55119685  0.53412574
  0.55357423  0.56356162  0.64244289  0.2332164  -0.16938097  0.57234976
 -0.17432689  0.41639789 -0.61557275  0.12058536  0.34362759 -0.62738103
 -0.00843359 -0.2290631   0.07123163 -0.29723511  0.27705923 -0.48902334
 -0.30010106 -0.82409596 -0.50210182 -0.22678326 -0.19742824]
3397,[ 0.20362072  0.10612584 -0.0998293   0.13349622  0.37130339  0.08753064
 -0.04210346  0.64894557  0.34939338 -0.53033456 -0.04506766 -0.11755374
  0.17944951  0.43236054 -0.32600796  0.23190774 -0.10798251 -0.62028189
  0.10305325  0.14525749 -0.46993005  0.2053722   0.26102801 -0.6451645
 -0.01825594  0.38296263  0.02616184  0.03851988 -0.55119812  0.53412835
  0.55357173  0.5635623   0.64244404  0.23321645 -0.16938     0.57235003
 -0.17432795  0.41639718 -0.61557231  0.12058422  0.34362785 -0.62737911
 -0.0084358  -0.22906328  0.07123032 -0.29723549  0.27706063 -0.48902022
 -0.30010285 -0.82409575 -0.50210254 -0.22678299 -0.19742875]
3398,[ 0.20362256  0.10612658 -0.09983401  0.13349723  0.37130444  0.08752951
 -0.04210181  0.6489438   0.34939156 -0.53033379 -0.04506739 -0.11755176
  0.17944854  0.4323624  -0.32600802  0.23190929 -0.10798153 -0.62028131
  0.10305221  0.1452586  -0.46993021  0.20537122  0.26102768 -0.64516605
 -0.01825753  0.38296186  0.02616471  0.03851893 -0.55119939  0.53413095
  0.55356923  0.56356297  0.64244519  0.2332165  -0.16937903  0.57235031
 -0.17432901  0.41639648 -0.61557186  0.12058308  0.3436281  -0.62737719
 -0.00843801 -0.22906347  0.07122901 -0.29723588  0.27706203 -0.4890171
 -0.30010463 -0.82409553 -0.50210327 -0.22678272 -0.19742926]
3399,[ 0.2036244   0.10612732 -0.09983872  0.13349825  0.37130549  0.08752838
 -0.04210016  0.64894204  0.34938975 -0.53033303 -0.04506713 -0.11754979
  0.17944757  0.43236426 -0.32600808  0.23191084 -0.10798055 -0.62028072
  0.10305117  0.1452597  -0.46993037  0.20537023  0.26102735 -0.6451676
 -0.01825913  0.38296109  0.02616757  0.03851797 -0.55120065  0.53413355
  0.55356673  0.56356365  0.64244634  0.23321654 -0.16937806  0.57235058
 -0.17433006  0.41639578 -0.61557142  0.12058194  0.34362836 -0.62737527
 -0.00844022 -0.22906366  0.07122771 -0.29723626  0.27706342 -0.48901398
 -0.30010641 -0.82409531 -0.50210399 -0.22678245 -0.19742977]
3400,[ 0.20362623  0.10612805 -0.09984343  0.13349927  0.37130654  0.08752726
 -0.04209851  0.64894028  0.34938793 -0.53033226 -0.04506686 -0.11754782
  0.17944659  0.43236611 -0.32600813  0.23191238 -0.10797957 -0.62028013
  0.10305012  0.1452608  -0.46993053  0.20536925  0.26102702 -0.64516915
 -0.01826072  0.38296033  0.02617043  0.03851701 -0.55120192  0.53413614
  0.55356423  0.56356432  0.64244749  0.23321659 -0.16937709  0.57235085
 -0.17433112  0.41639509 -0.61557098  0.12058081  0.34362861 -0.62737335
 -0.00844243 -0.22906385  0.0712264  -0.29723665  0.27706482 -0.48901087
 -0.30010819 -0.8240951  -0.50210471 -0.22678218 -0.19743028]
3401,[ 0.20362807  0.10612879 -0.09984813  0.13350028  0.37130759  0.08752613
 -0.04209686  0.64893853  0.34938612 -0.5303315  -0.04506659 -0.11754585
  0.17944562  0.43236796 -0.32600819  0.23191392 -0.1079786  -0.62027955
  0.10304908  0.1452619  -0.46993069  0.20536826  0.26102668 -0.6451707
 -0.01826232  0.38295956  0.02617329  0.03851606 -0.55120318  0.53413873
  0.55356173  0.563565    0.64244863  0.23321664 -0.16937612  0.57235112
 -0.17433217  0.41639439 -0.61557053  0.12057968  0.34362887 -0.62737144
 -0.00844463 -0.22906404  0.0712251  -0.29723703  0.27706621 -0.48900776
 -0.30010997 -0.82409488 -0.50210543 -0.22678191 -0.19743079]
3402,[ 0.2036299   0.10612953 -0.09985283  0.1335013   0.37130863  0.08752501
 -0.04209522  0.64893677  0.3493843  -0.53033074 -0.04506633 -0.11754388
  0.17944465  0.43236981 -0.32600825  0.23191547 -0.10797762 -0.62027896
  0.10304804  0.145263   -0.46993085  0.20536728  0.26102635 -0.64517225
 -0.01826391  0.3829588   0.02617615  0.0385151  -0.55120444  0.53414132
  0.55355924  0.56356567  0.64244978  0.23321669 -0.16937516  0.5723514
 -0.17433322  0.41639369 -0.61557009  0.12057854  0.34362912 -0.62736953
 -0.00844683 -0.22906423  0.0712238  -0.29723742  0.2770676  -0.48900465
 -0.30011175 -0.82409467 -0.50210616 -0.22678164 -0.1974313 ]
3403,[ 0.20363173  0.10613027 -0.09985752  0.13350231  0.37130968  0.08752389
 -0.04209357  0.64893502  0.34938249 -0.53032997 -0.04506606 -0.11754191
  0.17944368  0.43237166 -0.3260083   0.23191701 -0.10797664 -0.62027838
  0.10304701  0.1452641  -0.46993101  0.2053663   0.26102602 -0.64517379
 -0.01826549  0.38295803  0.026179    0.03851415 -0.5512057   0.53414391
  0.55355675  0.56356634  0.64245092  0.23321673 -0.16937419  0.57235167
 -0.17433428  0.41639299 -0.61556965  0.12057741  0.34362937 -0.62736762
 -0.00844903 -0.22906441  0.0712225  -0.2972378   0.27706899 -0.48900155
 -0.30011352 -0.82409445 -0.50210688 -0.22678137 -0.1974318 ]
3404,[ 0.20363356  0.106131   -0.0998622   0.13350332  0.37131072  0.08752277
 -0.04209193  0.64893327  0.34938069 -0.53032921 -0.0450658  -0.11753995
  0.17944271  0.4323735  -0.32600836  0.23191855 -0.10797567 -0.62027779
  0.10304597  0.1452652  -0.46993117  0.20536532  0.26102569 -0.64517533
 -0.01826708  0.38295727  0.02618185  0.03851319 -0.55120696  0.53414649
  0.55355427  0.56356701  0.64245207  0.23321678 -0.16937323  0.57235194
 -0.17433533  0.4163923  -0.61556921  0.12057628  0.34362963 -0.62736571
 -0.00845123 -0.2290646   0.0712212  -0.29723818  0.27707038 -0.48899845
 -0.30011529 -0.82409424 -0.5021076  -0.22678111 -0.19743231]
3405,[ 0.20363538  0.10613174 -0.09986688  0.13350433  0.37131177  0.08752165
 -0.04209029  0.64893152  0.34937888 -0.53032845 -0.04506553 -0.11753799
  0.17944175  0.43237535 -0.32600842  0.23192008 -0.10797469 -0.62027721
  0.10304493  0.1452663  -0.46993133  0.20536434  0.26102536 -0.64517687
 -0.01826867  0.3829565   0.0261847   0.03851224 -0.55120821  0.53414908
  0.55355179  0.56356769  0.64245321  0.23321683 -0.16937227  0.57235221
 -0.17433638  0.4163916  -0.61556876  0.12057515  0.34362988 -0.62736381
 -0.00845343 -0.22906479  0.07121991 -0.29723857  0.27707177 -0.48899536
 -0.30011706 -0.82409402 -0.50210831 -0.22678084 -0.19743282]
3406,[ 0.20363721  0.10613247 -0.09987155  0.13350534  0.37131281  0.08752053
 -0.04208865  0.64892978  0.34937708 -0.53032769 -0.04506527 -0.11753603
  0.17944078  0.43237719 -0.32600847  0.23192162 -0.10797372 -0.62027663
  0.1030439   0.14526739 -0.46993149  0.20536336  0.26102503 -0.64517841
 -0.01827025  0.38295574  0.02618754  0.03851129 -0.55120947  0.53415165
  0.55354931  0.56356836  0.64245435  0.23321688 -0.1693713   0.57235248
 -0.17433742  0.41639091 -0.61556832  0.12057403  0.34363013 -0.6273619
 -0.00845562 -0.22906497  0.07121861 -0.29723895  0.27707315 -0.48899227
 -0.30011883 -0.82409381 -0.50210903 -0.22678057 -0.19743332]
3407,[ 0.20363903  0.1061332  -0.09987622  0.13350635  0.37131385  0.08751942
 -0.04208702  0.64892803  0.34937528 -0.53032693 -0.045065   -0.11753407
  0.17943981  0.43237902 -0.32600853  0.23192315 -0.10797275 -0.62027604
  0.10304286  0.14526848 -0.46993165  0.20536239  0.2610247  -0.64517995
 -0.01827183  0.38295498  0.02619038  0.03851034 -0.55121072  0.53415423
  0.55354683  0.56356903  0.64245549  0.23321692 -0.16937034  0.57235275
 -0.17433847  0.41639022 -0.61556788  0.1205729   0.34363039 -0.62736
 -0.00845781 -0.22906516  0.07121732 -0.29723933  0.27707454 -0.48898918
 -0.30012059 -0.8240936  -0.50210975 -0.2267803  -0.19743383]
3408,[ 0.20364085  0.10613394 -0.09988089  0.13350736  0.37131489  0.0875183
 -0.04208538  0.64892629  0.34937348 -0.53032618 -0.04506474 -0.11753212
  0.17943885  0.43238086 -0.32600859  0.23192468 -0.10797178 -0.62027546
  0.10304183  0.14526958 -0.46993181  0.20536141  0.26102437 -0.64518148
 -0.01827341  0.38295422  0.02619321  0.0385094  -0.55121198  0.5341568
  0.55354435  0.56356969  0.64245662  0.23321697 -0.16936938  0.57235302
 -0.17433952  0.41638952 -0.61556744  0.12057178  0.34363064 -0.62735811
 -0.00845999 -0.22906535  0.07121603 -0.29723971  0.27707592 -0.48898609
 -0.30012236 -0.82409338 -0.50211047 -0.22678004 -0.19743433]
3409,[ 0.20364267  0.10613467 -0.09988554  0.13350836  0.37131593  0.08751719
 -0.04208375  0.64892455  0.34937168 -0.53032542 -0.04506448 -0.11753017
  0.17943789  0.4323827  -0.32600864  0.23192621 -0.10797081 -0.62027488
  0.1030408   0.14527067 -0.46993197  0.20536044  0.26102405 -0.64518302
 -0.01827499  0.38295346  0.02619605  0.03850845 -0.55121323  0.53415937
  0.55354188  0.56357036  0.64245776  0.23321702 -0.16936842  0.57235329
 -0.17434056  0.41638883 -0.615567    0.12057065  0.34363089 -0.62735621
 -0.00846218 -0.22906553  0.07121474 -0.29724009  0.2770773  -0.48898301
 -0.30012412 -0.82409317 -0.50211118 -0.22677977 -0.19743484]
3410,[ 0.20364448  0.1061354  -0.0998902   0.13350937  0.37131697  0.08751607
 -0.04208212  0.64892281  0.34936988 -0.53032466 -0.04506421 -0.11752822
  0.17943693  0.43238453 -0.3260087   0.23192774 -0.10796984 -0.6202743
  0.10303977  0.14527176 -0.46993213  0.20535946  0.26102372 -0.64518455
 -0.01827656  0.3829527   0.02619888  0.0385075  -0.55121448  0.53416194
  0.55353941  0.56357103  0.6424589   0.23321707 -0.16936747  0.57235356
 -0.1743416   0.41638814 -0.61556656  0.12056953  0.34363114 -0.62735432
 -0.00846436 -0.22906572  0.07121345 -0.29724047  0.27707868 -0.48897993
 -0.30012588 -0.82409296 -0.5021119  -0.2267795  -0.19743534]
3411,[ 0.2036463   0.10613613 -0.09989484  0.13351037  0.371318    0.08751496
 -0.04208049  0.64892107  0.34936809 -0.53032391 -0.04506395 -0.11752627
  0.17943596  0.43238636 -0.32600875  0.23192927 -0.10796887 -0.62027372
  0.10303874  0.14527285 -0.46993229  0.20535849  0.26102339 -0.64518608
 -0.01827814  0.38295195  0.0262017   0.03850656 -0.55121573  0.5341645
  0.55353695  0.5635717   0.64246003  0.23321711 -0.16936651  0.57235383
 -0.17434265  0.41638745 -0.61556613  0.12056841  0.34363139 -0.62735242
 -0.00846654 -0.22906591  0.07121216 -0.29724085  0.27708006 -0.48897686
 -0.30012763 -0.82409274 -0.50211261 -0.22677924 -0.19743584]
3412,[ 0.20364811  0.10613686 -0.09989949  0.13351138  0.37131904  0.08751385
 -0.04207887  0.64891934  0.3493663  -0.53032315 -0.04506369 -0.11752432
  0.179435    0.43238819 -0.32600881  0.23193079 -0.10796791 -0.62027314
  0.10303771  0.14527393 -0.46993245  0.20535752  0.26102306 -0.64518761
 -0.01827971  0.38295119  0.02620453  0.03850561 -0.55121697  0.53416706
  0.55353448  0.56357236  0.64246116  0.23321716 -0.16936555  0.57235409
 -0.17434369  0.41638676 -0.61556569  0.12056729  0.34363164 -0.62735053
 -0.00846872 -0.22906609  0.07121087 -0.29724123  0.27708143 -0.48897379
 -0.30012939 -0.82409253 -0.50211332 -0.22677897 -0.19743634]
3413,[ 0.20364992  0.10613759 -0.09990412  0.13351238  0.37132007  0.08751274
 -0.04207724  0.64891761  0.34936451 -0.5303224  -0.04506343 -0.11752238
  0.17943405  0.43239001 -0.32600887  0.23193232 -0.10796694 -0.62027256
  0.10303669  0.14527502 -0.4699326   0.20535655  0.26102274 -0.64518914
 -0.01828128  0.38295043  0.02620735  0.03850467 -0.55121822  0.53416962
  0.55353202  0.56357303  0.64246229  0.23321721 -0.1693646   0.57235436
 -0.17434473  0.41638607 -0.61556525  0.12056617  0.34363189 -0.62734865
 -0.00847089 -0.22906628  0.07120959 -0.29724161  0.27708281 -0.48897072
 -0.30013114 -0.82409232 -0.50211404 -0.2267787  -0.19743685]
3414,[ 0.20365172  0.10613831 -0.09990876  0.13351338  0.37132111  0.08751164
 -0.04207562  0.64891588  0.34936272 -0.53032165 -0.04506316 -0.11752044
  0.17943309  0.43239184 -0.32600892  0.23193384 -0.10796598 -0.62027199
  0.10303566  0.1452761  -0.46993276  0.20535558  0.26102241 -0.64519066
 -0.01828285  0.38294968  0.02621017  0.03850373 -0.55121946  0.53417217
  0.55352956  0.56357369  0.64246342  0.23321725 -0.16936364  0.57235463
 -0.17434577  0.41638539 -0.61556481  0.12056506  0.34363215 -0.62734676
 -0.00847307 -0.22906646  0.0712083  -0.29724199  0.27708418 -0.48896765
 -0.3001329  -0.8240921  -0.50211475 -0.22677844 -0.19743735]
3415,[ 0.20365353  0.10613904 -0.09991338  0.13351438  0.37132214  0.08751053
 -0.04207399  0.64891415  0.34936094 -0.53032089 -0.0450629  -0.1175185
  0.17943213  0.43239366 -0.32600898  0.23193536 -0.10796502 -0.62027141
  0.10303464  0.14527719 -0.46993292  0.20535461  0.26102208 -0.64519218
 -0.01828442  0.38294892  0.02621298  0.03850279 -0.55122071  0.53417472
  0.55352711  0.56357435  0.64246455  0.2332173  -0.16936269  0.5723549
 -0.1743468   0.4163847  -0.61556438  0.12056394  0.3436324  -0.62734488
 -0.00847523 -0.22906665  0.07120702 -0.29724237  0.27708555 -0.48896459
 -0.30013464 -0.82409189 -0.50211546 -0.22677817 -0.19743785]
3416,[ 0.20365533  0.10613977 -0.099918    0.13351538  0.37132317  0.08750943
 -0.04207238  0.64891242  0.34935915 -0.53032014 -0.04506264 -0.11751656
  0.17943118  0.43239548 -0.32600903  0.23193687 -0.10796405 -0.62027083
  0.10303361  0.14527827 -0.46993308  0.20535365  0.26102176 -0.64519371
 -0.01828598  0.38294817  0.02621579  0.03850185 -0.55122195  0.53417727
  0.55352466  0.56357502  0.64246568  0.23321735 -0.16936174  0.57235517
 -0.17434784  0.41638401 -0.61556394  0.12056283  0.34363265 -0.627343
 -0.0084774  -0.22906683  0.07120574 -0.29724275  0.27708692 -0.48896154
 -0.30013639 -0.82409168 -0.50211617 -0.22677791 -0.19743835]
3417,[ 0.20365713  0.10614049 -0.09992262  0.13351637  0.3713242   0.08750832
 -0.04207076  0.6489107   0.34935737 -0.53031939 -0.04506238 -0.11751462
  0.17943022  0.4323973  -0.32600909  0.23193839 -0.10796309 -0.62027026
  0.10303259  0.14527935 -0.46993324  0.20535268  0.26102143 -0.64519523
 -0.01828754  0.38294742  0.0262186   0.03850091 -0.55122319  0.53417982
  0.55352221  0.56357568  0.64246681  0.23321739 -0.16936079  0.57235543
 -0.17434887  0.41638333 -0.61556351  0.12056171  0.34363289 -0.62734112
 -0.00847957 -0.22906702  0.07120446 -0.29724313  0.27708829 -0.48895848
 -0.30013814 -0.82409147 -0.50211688 -0.22677764 -0.19743885]
3418,[ 0.20365893  0.10614121 -0.09992723  0.13351737  0.37132523  0.08750722
 -0.04206914  0.64890897  0.34935559 -0.53031864 -0.04506212 -0.11751269
  0.17942927  0.43239911 -0.32600915  0.23193991 -0.10796213 -0.62026968
  0.10303157  0.14528043 -0.46993339  0.20535172  0.26102111 -0.64519674
 -0.01828911  0.38294667  0.0262214   0.03849997 -0.55122443  0.53418236
  0.55351976  0.56357634  0.64246793  0.23321744 -0.16935984  0.5723557
 -0.17434991  0.41638264 -0.61556307  0.1205606   0.34363314 -0.62733924
 -0.00848173 -0.2290672   0.07120318 -0.2972435   0.27708966 -0.48895543
 -0.30013988 -0.82409126 -0.50211759 -0.22677738 -0.19743935]
3419,[ 0.20366073  0.10614194 -0.09993184  0.13351836  0.37132625  0.08750612
 -0.04206753  0.64890725  0.34935382 -0.5303179  -0.04506186 -0.11751076
  0.17942832  0.43240093 -0.3260092   0.23194142 -0.10796117 -0.62026911
  0.10303055  0.14528151 -0.46993355  0.20535075  0.26102078 -0.64519826
 -0.01829067  0.38294592  0.0262242   0.03849904 -0.55122566  0.5341849
  0.55351732  0.563577    0.64246905  0.23321749 -0.16935889  0.57235597
 -0.17435094  0.41638196 -0.61556264  0.12055949  0.34363339 -0.62733736
 -0.00848389 -0.22906738  0.07120191 -0.29724388  0.27709102 -0.48895238
 -0.30014162 -0.82409105 -0.50211829 -0.22677712 -0.19743984]
3420,[ 0.20366253  0.10614266 -0.09993644  0.13351936  0.37132728  0.08750502
 -0.04206591  0.64890553  0.34935204 -0.53031715 -0.0450616  -0.11750883
  0.17942737  0.43240274 -0.32600926  0.23194293 -0.10796022 -0.62026853
  0.10302953  0.14528259 -0.46993371  0.20534979  0.26102046 -0.64519978
 -0.01829222  0.38294517  0.026227    0.0384981  -0.5512269   0.53418744
  0.55351487  0.56357766  0.64247018  0.23321753 -0.16935795  0.57235623
 -0.17435197  0.41638128 -0.6155622   0.12055838  0.34363364 -0.62733549
 -0.00848605 -0.22906757  0.07120063 -0.29724426  0.27709239 -0.48894934
 -0.30014336 -0.82409084 -0.502119   -0.22677685 -0.19744034]
3421,[ 0.20366432  0.10614338 -0.09994104  0.13352035  0.3713283   0.08750392
 -0.0420643   0.64890382  0.34935027 -0.5303164  -0.04506134 -0.11750691
  0.17942642  0.43240455 -0.32600931  0.23194444 -0.10795926 -0.62026796
  0.10302851  0.14528367 -0.46993386  0.20534883  0.26102013 -0.64520129
 -0.01829378  0.38294442  0.0262298   0.03849717 -0.55122813  0.53418998
  0.55351243  0.56357832  0.6424713   0.23321758 -0.169357    0.5723565
 -0.174353    0.41638059 -0.61556177  0.12055727  0.34363389 -0.62733362
 -0.0084882  -0.22906775  0.07119936 -0.29724463  0.27709375 -0.4889463
 -0.3001451  -0.82409062 -0.50211971 -0.22677659 -0.19744084]
3422,[ 0.20366611  0.1061441  -0.09994563  0.13352134  0.37132933  0.08750282
 -0.0420627   0.6489021   0.3493485  -0.53031566 -0.04506108 -0.11750498
  0.17942547  0.43240636 -0.32600937  0.23194595 -0.10795831 -0.62026739
  0.1030275   0.14528474 -0.46993402  0.20534787  0.26101981 -0.6452028
 -0.01829534  0.38294367  0.02623259  0.03849623 -0.55122937  0.53419251
  0.55351     0.56357898  0.64247242  0.23321763 -0.16935606  0.57235676
 -0.17435403  0.41637991 -0.61556133  0.12055616  0.34363414 -0.62733175
 -0.00849036 -0.22906794  0.07119809 -0.29724501  0.27709511 -0.48894326
 -0.30014684 -0.82409041 -0.50212041 -0.22677633 -0.19744134]
3423,[ 0.2036679   0.10614482 -0.09995021  0.13352233  0.37133035  0.08750172
 -0.04206109  0.64890039  0.34934673 -0.53031491 -0.04506082 -0.11750306
  0.17942452  0.43240816 -0.32600942  0.23194745 -0.10795735 -0.62026682
  0.10302648  0.14528581 -0.46993418  0.20534691  0.26101949 -0.64520431
 -0.01829689  0.38294292  0.02623538  0.0384953  -0.5512306   0.53419504
  0.55350757  0.56357963  0.64247354  0.23321767 -0.16935511  0.57235703
 -0.17435506  0.41637923 -0.6155609   0.12055506  0.34363439 -0.62732989
 -0.00849251 -0.22906812  0.07119682 -0.29724538  0.27709647 -0.48894023
 -0.30014857 -0.8240902  -0.50212112 -0.22677606 -0.19744183]
3424,[ 0.20366969  0.10614554 -0.09995479  0.13352332  0.37133137  0.08750063
 -0.04205948  0.64889868  0.34934496 -0.53031417 -0.04506056 -0.11750114
  0.17942357  0.43240997 -0.32600948  0.23194896 -0.1079564  -0.62026625
  0.10302547  0.14528689 -0.46993433  0.20534595  0.26101916 -0.64520582
 -0.01829844  0.38294217  0.02623816  0.03849437 -0.55123183  0.53419756
  0.55350514  0.56358029  0.64247465  0.23321772 -0.16935417  0.57235729
 -0.17435609  0.41637855 -0.61556047  0.12055395  0.34363463 -0.62732802
 -0.00849465 -0.2290683   0.07119555 -0.29724576  0.27709783 -0.4889372
 -0.3001503  -0.82408999 -0.50212182 -0.2267758  -0.19744233]
3425,[ 0.20367147  0.10614626 -0.09995937  0.13352431  0.37133239  0.08749954
 -0.04205788  0.64889697  0.3493432  -0.53031342 -0.0450603  -0.11749922
  0.17942263  0.43241177 -0.32600953  0.23195046 -0.10795545 -0.62026568
  0.10302446  0.14528796 -0.46993449  0.205345    0.26101884 -0.64520732
 -0.01829999  0.38294143  0.02624095  0.03849344 -0.55123306  0.53420009
  0.55350271  0.56358095  0.64247577  0.23321777 -0.16935323  0.57235756
 -0.17435711  0.41637787 -0.61556004  0.12055285  0.34363488 -0.62732616
 -0.0084968  -0.22906849  0.07119428 -0.29724613  0.27709918 -0.48893417
 -0.30015203 -0.82408978 -0.50212252 -0.22677554 -0.19744282]
3426,[ 0.20367326  0.10614698 -0.09996394  0.1335253   0.37133341  0.08749844
 -0.04205628  0.64889526  0.34934143 -0.53031268 -0.04506004 -0.11749731
  0.17942168  0.43241357 -0.32600959  0.23195196 -0.10795449 -0.62026511
  0.10302344  0.14528903 -0.46993465  0.20534404  0.26101852 -0.64520883
 -0.01830154  0.38294068  0.02624373  0.03849251 -0.55123429  0.53420261
  0.55350028  0.5635816   0.64247688  0.23321781 -0.16935229  0.57235782
 -0.17435814  0.41637719 -0.61555961  0.12055175  0.34363513 -0.6273243
 -0.00849894 -0.22906867  0.07119301 -0.2972465   0.27710054 -0.48893115
 -0.30015376 -0.82408957 -0.50212322 -0.22677528 -0.19744332]
3427,[ 0.20367504  0.1061477  -0.0999685   0.13352628  0.37133443  0.08749735
 -0.04205468  0.64889355  0.34933967 -0.53031194 -0.04505978 -0.11749539
  0.17942074  0.43241537 -0.32600965  0.23195346 -0.10795355 -0.62026454
  0.10302243  0.1452901  -0.4699348   0.20534309  0.2610182  -0.64521033
 -0.01830308  0.38293994  0.0262465   0.03849158 -0.55123551  0.53420512
  0.55349786  0.56358226  0.642478    0.23321786 -0.16935135  0.57235809
 -0.17435916  0.41637652 -0.61555918  0.12055065  0.34363538 -0.62732244
 -0.00850108 -0.22906885  0.07119175 -0.29724688  0.27710189 -0.48892813
 -0.30015549 -0.82408937 -0.50212393 -0.22677502 -0.19744381]
3428,[ 0.20367682  0.10614841 -0.09997306  0.13352727  0.37133545  0.08749626
 -0.04205308  0.64889185  0.34933791 -0.5303112  -0.04505952 -0.11749348
  0.1794198   0.43241716 -0.3260097   0.23195496 -0.1079526  -0.62026397
  0.10302142  0.14529117 -0.46993496  0.20534213  0.26101787 -0.64521183
 -0.01830463  0.3829392   0.02624928  0.03849065 -0.55123674  0.53420764
  0.55349544  0.56358291  0.64247911  0.23321791 -0.16935041  0.57235835
 -0.17436018  0.41637584 -0.61555875  0.12054955  0.34363562 -0.62732058
 -0.00850322 -0.22906903  0.07119049 -0.29724725  0.27710324 -0.48892511
 -0.30015721 -0.82408916 -0.50212463 -0.22677476 -0.1974443 ]
3429,[ 0.20367859  0.10614913 -0.09997761  0.13352825  0.37133646  0.08749517
 -0.04205148  0.64889015  0.34933615 -0.53031046 -0.04505927 -0.11749157
  0.17941885  0.43241896 -0.32600976  0.23195645 -0.10795165 -0.6202634
  0.10302042  0.14529223 -0.46993511  0.20534118  0.26101755 -0.64521333
 -0.01830617  0.38293845  0.02625205  0.03848973 -0.55123796  0.53421015
  0.55349302  0.56358356  0.64248022  0.23321795 -0.16934947  0.57235861
 -0.17436121  0.41637516 -0.61555832  0.12054845  0.34363587 -0.62731873
 -0.00850536 -0.22906922  0.07118922 -0.29724762  0.27710459 -0.4889221
 -0.30015893 -0.82408895 -0.50212533 -0.22677449 -0.1974448 ]
3430,[ 0.20368037  0.10614984 -0.09998216  0.13352923  0.37133748  0.08749408
 -0.04204989  0.64888845  0.3493344  -0.53030972 -0.04505901 -0.11748967
  0.17941791  0.43242075 -0.32600981  0.23195795 -0.1079507  -0.62026283
  0.10301941  0.1452933  -0.46993527  0.20534023  0.26101723 -0.64521483
 -0.01830771  0.38293771  0.02625481  0.0384888  -0.55123918  0.53421266
  0.55349061  0.56358422  0.64248133  0.233218   -0.16934853  0.57235888
 -0.17436223  0.41637449 -0.61555789  0.12054735  0.34363611 -0.62731688
 -0.00850749 -0.2290694   0.07118796 -0.29724799  0.27710594 -0.48891909
 -0.30016065 -0.82408874 -0.50212602 -0.22677423 -0.19744529]
3431,[ 0.20368214  0.10615055 -0.09998671  0.13353021  0.37133849  0.087493
 -0.0420483   0.64888675  0.34933265 -0.53030898 -0.04505875 -0.11748776
  0.17941697  0.43242254 -0.32600987  0.23195944 -0.10794976 -0.62026227
  0.1030184   0.14529436 -0.46993542  0.20533928  0.26101691 -0.64521633
 -0.01830925  0.38293697  0.02625758  0.03848788 -0.5512404   0.53421517
  0.5534882   0.56358487  0.64248244  0.23321804 -0.1693476   0.57235914
 -0.17436325  0.41637381 -0.61555746  0.12054626  0.34363636 -0.62731503
 -0.00850962 -0.22906958  0.0711867  -0.29724837  0.27710729 -0.48891609
 -0.30016237 -0.82408853 -0.50212672 -0.22677397 -0.19744578]
3432,[ 0.20368391  0.10615127 -0.09999125  0.13353119  0.3713395   0.08749191
 -0.04204671  0.64888505  0.34933089 -0.53030824 -0.0450585  -0.11748586
  0.17941604  0.43242433 -0.32600992  0.23196093 -0.10794881 -0.6202617
  0.1030174   0.14529543 -0.46993558  0.20533833  0.26101659 -0.64521782
 -0.01831079  0.38293623  0.02626034  0.03848696 -0.55124162  0.53421767
  0.55348579  0.56358552  0.64248355  0.23321809 -0.16934666  0.5723594
 -0.17436426  0.41637314 -0.61555703  0.12054516  0.34363661 -0.62731318
 -0.00851175 -0.22906976  0.07118545 -0.29724874  0.27710863 -0.48891308
 -0.30016409 -0.82408832 -0.50212742 -0.22677371 -0.19744627]
3433,[ 0.20368568  0.10615198 -0.09999578  0.13353217  0.37134051  0.08749083
 -0.04204512  0.64888336  0.34932914 -0.5303075  -0.04505824 -0.11748396
  0.1794151   0.43242611 -0.32600998  0.23196242 -0.10794787 -0.62026113
  0.10301639  0.14529649 -0.46993573  0.20533738  0.26101627 -0.64521931
 -0.01831232  0.38293549  0.02626309  0.03848603 -0.55124284  0.53422017
  0.55348338  0.56358617  0.64248465  0.23321814 -0.16934573  0.57235966
 -0.17436528  0.41637247 -0.6155566   0.12054407  0.34363685 -0.62731134
 -0.00851388 -0.22906994  0.07118419 -0.29724911  0.27710998 -0.48891008
 -0.3001658  -0.82408811 -0.50212812 -0.22677345 -0.19744676]
3434,[ 0.20368745  0.10615269 -0.10000031  0.13353315  0.37134152  0.08748975
 -0.04204353  0.64888167  0.3493274  -0.53030677 -0.04505798 -0.11748206
  0.17941416  0.43242789 -0.32601003  0.23196391 -0.10794693 -0.62026057
  0.10301539  0.14529755 -0.46993589  0.20533643  0.26101595 -0.6452208
 -0.01831386  0.38293475  0.02626585  0.03848511 -0.55124406  0.53422267
  0.55348098  0.56358682  0.64248576  0.23321818 -0.1693448   0.57235993
 -0.1743663   0.41637179 -0.61555618  0.12054298  0.3436371  -0.62730949
 -0.008516   -0.22907012  0.07118294 -0.29724948  0.27711132 -0.48890709
 -0.30016752 -0.82408791 -0.50212881 -0.22677319 -0.19744725]
3435,[ 0.20368922  0.1061534  -0.10000483  0.13353413  0.37134253  0.08748866
 -0.04204194  0.64887998  0.34932565 -0.53030603 -0.04505773 -0.11748016
  0.17941323  0.43242968 -0.32601008  0.23196539 -0.10794598 -0.62026001
  0.10301439  0.14529861 -0.46993604  0.20533549  0.26101563 -0.64522229
 -0.01831539  0.38293402  0.0262686   0.03848419 -0.55124527  0.53422516
  0.55347858  0.56358747  0.64248686  0.23321823 -0.16934387  0.57236019
 -0.17436731  0.41637112 -0.61555575  0.12054189  0.34363734 -0.62730765
 -0.00851812 -0.2290703   0.07118168 -0.29724985  0.27711266 -0.48890409
 -0.30016923 -0.8240877  -0.50212951 -0.22677294 -0.19744774]
3436,[ 0.20369098  0.10615411 -0.10000935  0.13353511  0.37134354  0.08748758
 -0.04204036  0.64887829  0.34932391 -0.5303053  -0.04505747 -0.11747827
  0.17941229  0.43243146 -0.32601014  0.23196688 -0.10794504 -0.62025944
  0.10301339  0.14529967 -0.4699362   0.20533454  0.26101532 -0.64522378
 -0.01831692  0.38293328  0.02627135  0.03848327 -0.55124648  0.53422766
  0.55347618  0.56358812  0.64248796  0.23321827 -0.16934294  0.57236045
 -0.17436832  0.41637045 -0.61555532  0.1205408   0.34363758 -0.62730581
 -0.00852024 -0.22907048  0.07118043 -0.29725022  0.277114   -0.48890111
 -0.30017094 -0.82408749 -0.5021302  -0.22677268 -0.19744823]
3437,[ 0.20369274  0.10615482 -0.10001387  0.13353608  0.37134455  0.0874865
 -0.04203878  0.6488766   0.34932217 -0.53030457 -0.04505722 -0.11747638
  0.17941136  0.43243323 -0.32601019  0.23196836 -0.1079441  -0.62025888
  0.10301239  0.14530072 -0.46993635  0.2053336   0.261015   -0.64522527
 -0.01831845  0.38293255  0.02627409  0.03848236 -0.5512477   0.53423015
  0.55347379  0.56358876  0.64248906  0.23321832 -0.16934201  0.57236071
 -0.17436933  0.41636978 -0.6155549   0.12053971  0.34363783 -0.62730397
 -0.00852236 -0.22907066  0.07117918 -0.29725059  0.27711534 -0.48889812
 -0.30017264 -0.82408729 -0.50213089 -0.22677242 -0.19744872]
3438,[ 0.2036945   0.10615553 -0.10001837  0.13353705  0.37134555  0.08748543
 -0.0420372   0.64887492  0.34932043 -0.53030383 -0.04505696 -0.11747449
  0.17941043  0.43243501 -0.32601025  0.23196984 -0.10794317 -0.62025832
  0.10301139  0.14530178 -0.46993651  0.20533265  0.26101468 -0.64522675
 -0.01831997  0.38293181  0.02627684  0.03848144 -0.55124891  0.53423263
  0.5534714   0.56358941  0.64249016  0.23321836 -0.16934108  0.57236097
 -0.17437035  0.41636911 -0.61555447  0.12053862  0.34363807 -0.62730214
 -0.00852447 -0.22907084  0.07117793 -0.29725096  0.27711668 -0.48889514
 -0.30017435 -0.82408708 -0.50213159 -0.22677216 -0.19744921]
3439,[ 0.20369626  0.10615623 -0.10002288  0.13353803  0.37134656  0.08748435
 -0.04203562  0.64887324  0.34931869 -0.5303031  -0.04505671 -0.1174726
  0.1794095   0.43243678 -0.3260103   0.23197132 -0.10794223 -0.62025776
  0.10301039  0.14530284 -0.46993666  0.20533171  0.26101436 -0.64522823
 -0.0183215   0.38293108  0.02627957  0.03848052 -0.55125012  0.53423512
  0.55346901  0.56359005  0.64249126  0.23321841 -0.16934015  0.57236123
 -0.17437136  0.41636844 -0.61555405  0.12053754  0.34363832 -0.62730031
 -0.00852659 -0.22907103  0.07117668 -0.29725132  0.27711801 -0.48889216
 -0.30017605 -0.82408687 -0.50213228 -0.2267719  -0.19744969]
3440,[ 0.20369801  0.10615694 -0.10002738  0.133539    0.37134756  0.08748327
 -0.04203404  0.64887156  0.34931695 -0.53030237 -0.04505645 -0.11747072
  0.17940857  0.43243855 -0.32601036  0.2319728  -0.10794129 -0.6202572
  0.1030094   0.14530389 -0.46993681  0.20533077  0.26101404 -0.64522972
 -0.01832302  0.38293034  0.02628231  0.03847961 -0.55125133  0.5342376
  0.55346662  0.5635907   0.64249236  0.23321846 -0.16933923  0.57236149
 -0.17437236  0.41636777 -0.61555362  0.12053645  0.34363856 -0.62729847
 -0.0085287  -0.2290712   0.07117544 -0.29725169  0.27711934 -0.48888918
 -0.30017775 -0.82408667 -0.50213297 -0.22677164 -0.19745018]
3441,[ 0.20369977  0.10615765 -0.10003187  0.13353997  0.37134856  0.0874822
 -0.04203247  0.64886988  0.34931522 -0.53030164 -0.0450562  -0.11746883
  0.17940764  0.43244032 -0.32601041  0.23197427 -0.10794036 -0.62025663
  0.1030084   0.14530494 -0.46993697  0.20532983  0.26101373 -0.6452312
 -0.01832454  0.38292961  0.02628504  0.0384787  -0.55125253  0.53424008
  0.55346423  0.56359134  0.64249345  0.2332185  -0.1693383   0.57236175
 -0.17437337  0.41636711 -0.6155532   0.12053537  0.3436388  -0.62729664
 -0.0085308  -0.22907138  0.07117419 -0.29725206  0.27712068 -0.48888621
 -0.30017945 -0.82408646 -0.50213366 -0.22677139 -0.19745067]
3442,[ 0.20370152  0.10615835 -0.10003636  0.13354094  0.37134956  0.08748113
 -0.0420309   0.6488682   0.34931349 -0.53030091 -0.04505594 -0.11746695
  0.17940671  0.43244209 -0.32601047  0.23197575 -0.10793942 -0.62025608
  0.10300741  0.14530599 -0.46993712  0.20532889  0.26101341 -0.64523267
 -0.01832606  0.38292888  0.02628777  0.03847778 -0.55125374  0.53424255
  0.55346185  0.56359199  0.64249455  0.23321855 -0.16933738  0.57236201
 -0.17437438  0.41636644 -0.61555278  0.12053429  0.34363904 -0.62729482
 -0.00853291 -0.22907156  0.07117295 -0.29725243  0.27712201 -0.48888324
 -0.30018115 -0.82408625 -0.50213435 -0.22677113 -0.19745115]
3443,[ 0.20370327  0.10615906 -0.10004084  0.13354191  0.37135056  0.08748006
 -0.04202933  0.64886652  0.34931176 -0.53030018 -0.04505569 -0.11746507
  0.17940578  0.43244386 -0.32601052  0.23197722 -0.10793849 -0.62025552
  0.10300642  0.14530704 -0.46993727  0.20532795  0.26101309 -0.64523415
 -0.01832758  0.38292815  0.0262905   0.03847687 -0.55125494  0.53424502
  0.55345947  0.56359263  0.64249564  0.23321859 -0.16933645  0.57236227
 -0.17437538  0.41636578 -0.61555235  0.1205332   0.34363929 -0.62729299
 -0.00853501 -0.22907174  0.0711717  -0.29725279  0.27712334 -0.48888027
 -0.30018284 -0.82408605 -0.50213504 -0.22677087 -0.19745164]
3444,[ 0.20370501  0.10615976 -0.10004532  0.13354287  0.37135156  0.08747898
 -0.04202776  0.64886485  0.34931003 -0.53029945 -0.04505544 -0.1174632
  0.17940486  0.43244562 -0.32601057  0.23197869 -0.10793756 -0.62025496
  0.10300543  0.14530809 -0.46993743  0.20532702  0.26101278 -0.64523562
 -0.0183291   0.38292742  0.02629322  0.03847596 -0.55125615  0.53424749
  0.5534571   0.56359327  0.64249674  0.23321864 -0.16933553  0.57236253
 -0.17437639  0.41636511 -0.61555193  0.12053212  0.34363953 -0.62729117
 -0.00853711 -0.22907192  0.07117046 -0.29725316  0.27712466 -0.48887731
 -0.30018454 -0.82408584 -0.50213573 -0.22677062 -0.19745212]
3445,[ 0.20370676  0.10616046 -0.10004979  0.13354384  0.37135256  0.08747791
 -0.04202619  0.64886318  0.3493083  -0.53029873 -0.04505518 -0.11746132
  0.17940393  0.43244738 -0.32601063  0.23198016 -0.10793663 -0.6202544
  0.10300444  0.14530914 -0.46993758  0.20532608  0.26101246 -0.6452371
 -0.01833061  0.38292669  0.02629594  0.03847505 -0.55125735  0.53424996
  0.55345472  0.56359391  0.64249783  0.23321868 -0.16933461  0.57236279
 -0.17437739  0.41636445 -0.61555151  0.12053105  0.34363977 -0.62728935
 -0.00853921 -0.2290721   0.07116922 -0.29725352  0.27712599 -0.48887435
 -0.30018623 -0.82408564 -0.50213641 -0.22677036 -0.1974526 ]
3446,[ 0.2037085   0.10616116 -0.10005426  0.1335448   0.37135355  0.08747685
 -0.04202462  0.64886151  0.34930658 -0.530298   -0.04505493 -0.11745945
  0.17940301  0.43244914 -0.32601068  0.23198163 -0.1079357  -0.62025384
  0.10300345  0.14531019 -0.46993773  0.20532515  0.26101215 -0.64523857
 -0.01833213  0.38292596  0.02629866  0.03847414 -0.55125855  0.53425243
  0.55345235  0.56359455  0.64249892  0.23321873 -0.16933369  0.57236305
 -0.17437839  0.41636378 -0.61555109  0.12052997  0.34364001 -0.62728753
 -0.0085413  -0.22907228  0.07116799 -0.29725389  0.27712731 -0.4888714
 -0.30018792 -0.82408543 -0.5021371  -0.2267701  -0.19745309]
3447,[ 0.20371025  0.10616186 -0.10005872  0.13354577  0.37135455  0.08747578
 -0.04202306  0.64885984  0.34930486 -0.53029728 -0.04505468 -0.11745758
  0.17940209  0.4324509  -0.32601074  0.23198309 -0.10793477 -0.62025329
  0.10300246  0.14531123 -0.46993788  0.20532421  0.26101183 -0.64524004
 -0.01833364  0.38292523  0.02630138  0.03847324 -0.55125975  0.53425489
  0.55344998  0.56359519  0.64250001  0.23321877 -0.16933277  0.5723633
 -0.17437939  0.41636312 -0.61555067  0.12052889  0.34364025 -0.62728571
 -0.0085434  -0.22907246  0.07116675 -0.29725425  0.27712864 -0.48886844
 -0.3001896  -0.82408523 -0.50213778 -0.22676985 -0.19745357]
3448,[ 0.20371199  0.10616256 -0.10006318  0.13354673  0.37135554  0.08747471
 -0.0420215   0.64885818  0.34930314 -0.53029655 -0.04505443 -0.11745571
  0.17940117  0.43245266 -0.32601079  0.23198456 -0.10793384 -0.62025273
  0.10300147  0.14531228 -0.46993804  0.20532328  0.26101152 -0.6452415
 -0.01833515  0.38292451  0.02630409  0.03847233 -0.55126094  0.53425735
  0.55344762  0.56359583  0.64250109  0.23321882 -0.16933186  0.57236356
 -0.17438039  0.41636246 -0.61555024  0.12052782  0.3436405  -0.6272839
 -0.00854549 -0.22907264  0.07116551 -0.29725462  0.27712996 -0.4888655
 -0.30019129 -0.82408502 -0.50213847 -0.22676959 -0.19745405]
3449,[ 0.20371372  0.10616326 -0.10006763  0.13354769  0.37135654  0.08747365
 -0.04201994  0.64885651  0.34930142 -0.53029583 -0.04505417 -0.11745384
  0.17940024  0.43245441 -0.32601084  0.23198602 -0.10793291 -0.62025218
  0.10300049  0.14531332 -0.46993819  0.20532235  0.26101121 -0.64524297
 -0.01833666  0.38292378  0.0263068   0.03847142 -0.55126214  0.5342598
  0.55344526  0.56359647  0.64250218  0.23321886 -0.16933094  0.57236382
 -0.17438139  0.4163618  -0.61554982  0.12052674  0.34364074 -0.62728209
 -0.00854757 -0.22907281  0.07116428 -0.29725498  0.27713128 -0.48886255
 -0.30019297 -0.82408482 -0.50213915 -0.22676934 -0.19745454]
3450,[ 0.20371546  0.10616396 -0.10007208  0.13354865  0.37135753  0.08747259
 -0.04201838  0.64885485  0.3492997  -0.53029511 -0.04505392 -0.11745198
  0.17939933  0.43245616 -0.3260109   0.23198748 -0.10793199 -0.62025162
  0.1029995   0.14531436 -0.46993834  0.20532142  0.26101089 -0.64524444
 -0.01833816  0.38292306  0.0263095   0.03847052 -0.55126333  0.53426226
  0.5534429   0.56359711  0.64250326  0.23321891 -0.16933002  0.57236408
 -0.17438239  0.41636114 -0.6155494   0.12052567  0.34364098 -0.62728028
 -0.00854966 -0.22907299  0.07116305 -0.29725535  0.2771326  -0.48885961
 -0.30019466 -0.82408462 -0.50213984 -0.22676908 -0.19745502]
3451,[ 0.20371719  0.10616466 -0.10007652  0.13354961  0.37135852  0.08747152
 -0.04201682  0.64885319  0.34929799 -0.53029438 -0.04505367 -0.11745011
  0.17939841  0.43245791 -0.32601095  0.23198894 -0.10793106 -0.62025107
  0.10299852  0.1453154  -0.46993849  0.20532049  0.26101058 -0.6452459
 -0.01833967  0.38292233  0.0263122   0.03846962 -0.55126453  0.53426471
  0.55344054  0.56359775  0.64250435  0.23321895 -0.16932911  0.57236433
 -0.17438339  0.41636048 -0.61554899  0.1205246   0.34364122 -0.62727847
 -0.00855174 -0.22907317  0.07116182 -0.29725571  0.27713391 -0.48885667
 -0.30019634 -0.82408441 -0.50214052 -0.22676883 -0.1974555 ]
3452,[ 0.20371892  0.10616536 -0.10008096  0.13355057  0.37135951  0.08747046
 -0.04201526  0.64885153  0.34929628 -0.53029366 -0.04505342 -0.11744825
  0.17939749  0.43245966 -0.326011    0.2319904  -0.10793014 -0.62025051
  0.10299753  0.14531644 -0.46993864  0.20531956  0.26101027 -0.64524736
 -0.01834117  0.38292161  0.0263149   0.03846871 -0.55126572  0.53426715
  0.55343818  0.56359838  0.64250543  0.233219   -0.1693282   0.57236459
 -0.17438438  0.41635982 -0.61554857  0.12052353  0.34364146 -0.62727666
 -0.00855383 -0.22907335  0.07116059 -0.29725607  0.27713523 -0.48885373
 -0.30019801 -0.82408421 -0.5021412  -0.22676857 -0.19745598]
3453,[ 0.20372065  0.10616605 -0.1000854   0.13355153  0.3713605   0.0874694
 -0.04201371  0.64884988  0.34929457 -0.53029294 -0.04505317 -0.1174464
  0.17939657  0.4324614  -0.32601106  0.23199185 -0.10792922 -0.62024996
  0.10299655  0.14531748 -0.46993879  0.20531864  0.26100995 -0.64524882
 -0.01834267  0.38292089  0.0263176   0.03846781 -0.55126691  0.5342696
  0.55343583  0.56359902  0.64250651  0.23321904 -0.16932728  0.57236485
 -0.17438537  0.41635916 -0.61554815  0.12052246  0.3436417  -0.62727486
 -0.0085559  -0.22907352  0.07115936 -0.29725644  0.27713654 -0.4888508
 -0.30019969 -0.82408401 -0.50214188 -0.22676832 -0.19745646]
3454,[ 0.20372238  0.10616675 -0.10008982  0.13355249  0.37136148  0.08746834
 -0.04201216  0.64884822  0.34929286 -0.53029222 -0.04505292 -0.11744454
  0.17939566  0.43246315 -0.32601111  0.23199331 -0.1079283  -0.62024941
  0.10299557  0.14531852 -0.46993895  0.20531771  0.26100964 -0.64525028
 -0.01834417  0.38292016  0.02632029  0.03846691 -0.5512681   0.53427204
  0.55343348  0.56359965  0.64250759  0.23321909 -0.16932637  0.5723651
 -0.17438637  0.4163585  -0.61554773  0.12052139  0.34364194 -0.62727305
 -0.00855798 -0.2290737   0.07115813 -0.2972568   0.27713786 -0.48884787
 -0.30020137 -0.8240838  -0.50214256 -0.22676807 -0.19745694]
3455,[ 0.20372411  0.10616744 -0.10009425  0.13355344  0.37136247  0.08746729
 -0.04201061  0.64884657  0.34929115 -0.5302915  -0.04505267 -0.11744269
  0.17939474  0.43246489 -0.32601117  0.23199476 -0.10792738 -0.62024886
  0.10299459  0.14531955 -0.4699391   0.20531678  0.26100933 -0.64525173
 -0.01834567  0.38291944  0.02632298  0.03846601 -0.55126929  0.53427448
  0.55343113  0.56360029  0.64250867  0.23321913 -0.16932546  0.57236536
 -0.17438736  0.41635785 -0.61554731  0.12052033  0.34364217 -0.62727125
 -0.00856006 -0.22907388  0.07115691 -0.29725716  0.27713917 -0.48884494
 -0.30020304 -0.8240836  -0.50214324 -0.22676781 -0.19745741]
3456,[ 0.20372583  0.10616814 -0.10009866  0.1335544   0.37136346  0.08746623
 -0.04200906  0.64884492  0.34928945 -0.53029079 -0.04505242 -0.11744083
  0.17939383  0.43246663 -0.32601122  0.23199621 -0.10792646 -0.62024831
  0.10299362  0.14532059 -0.46993925  0.20531586  0.26100902 -0.64525319
 -0.01834717  0.38291872  0.02632567  0.03846511 -0.55127048  0.53427692
  0.55342879  0.56360092  0.64250975  0.23321918 -0.16932455  0.57236561
 -0.17438835  0.41635719 -0.6155469   0.12051926  0.34364241 -0.62726945
 -0.00856213 -0.22907406  0.07115568 -0.29725752  0.27714048 -0.48884202
 -0.30020471 -0.8240834  -0.50214392 -0.22676756 -0.19745789]
3457,[ 0.20372755  0.10616883 -0.10010308  0.13355535  0.37136444  0.08746517
 -0.04200751  0.64884327  0.34928774 -0.53029007 -0.04505217 -0.11743899
  0.17939292  0.43246837 -0.32601127  0.23199766 -0.10792554 -0.62024776
  0.10299264  0.14532162 -0.4699394   0.20531494  0.26100871 -0.64525464
 -0.01834866  0.382918    0.02632835  0.03846422 -0.55127166  0.53427935
  0.55342645  0.56360155  0.64251083  0.23321922 -0.16932364  0.57236587
 -0.17438934  0.41635653 -0.61554648  0.1205182   0.34364265 -0.62726766
 -0.0085642  -0.22907423  0.07115446 -0.29725788  0.27714178 -0.4888391
 -0.30020638 -0.8240832  -0.5021446  -0.22676731 -0.19745837]
3458,[ 0.20372927  0.10616952 -0.10010749  0.1335563   0.37136542  0.08746412
 -0.04200597  0.64884162  0.34928604 -0.53028935 -0.04505192 -0.11743714
  0.17939201  0.4324701  -0.32601133  0.23199911 -0.10792462 -0.62024721
  0.10299166  0.14532265 -0.46993955  0.20531401  0.2610084  -0.64525609
 -0.01835015  0.38291728  0.02633103  0.03846332 -0.55127284  0.53428178
  0.55342411  0.56360219  0.6425119   0.23321927 -0.16932274  0.57236613
 -0.17439033  0.41635588 -0.61554606  0.12051713  0.34364289 -0.62726586
 -0.00856626 -0.22907441  0.07115324 -0.29725824  0.27714309 -0.48883619
 -0.30020804 -0.82408299 -0.50214528 -0.22676705 -0.19745885]
3459,[ 0.20373099  0.10617021 -0.10011189  0.13355725  0.37136641  0.08746307
 -0.04200443  0.64883998  0.34928434 -0.53028864 -0.04505167 -0.11743529
  0.1793911   0.43247184 -0.32601138  0.23200056 -0.1079237  -0.62024666
  0.10299069  0.14532368 -0.4699397   0.20531309  0.26100808 -0.64525754
 -0.01835165  0.38291657  0.02633371  0.03846243 -0.55127403  0.53428421
  0.55342177  0.56360282  0.64251297  0.23321931 -0.16932183  0.57236638
 -0.17439132  0.41635523 -0.61554565  0.12051607  0.34364313 -0.62726407
 -0.00856833 -0.22907458  0.07115202 -0.2972586   0.2771444  -0.48883327
 -0.30020971 -0.82408279 -0.50214595 -0.2267668  -0.19745932]
3460,[ 0.20373271  0.1061709  -0.10011629  0.1335582   0.37136739  0.08746202
 -0.04200288  0.64883833  0.34928265 -0.53028792 -0.04505142 -0.11743345
  0.17939019  0.43247357 -0.32601143  0.232002   -0.10792279 -0.62024611
  0.10298971  0.14532471 -0.46993985  0.20531217  0.26100777 -0.64525899
 -0.01835313  0.38291585  0.02633639  0.03846153 -0.55127521  0.53428664
  0.55341944  0.56360345  0.64251405  0.23321936 -0.16932092  0.57236663
 -0.1743923   0.41635457 -0.61554523  0.12051501  0.34364337 -0.62726228
 -0.00857039 -0.22907476  0.0711508  -0.29725896  0.2771457  -0.48883036
 -0.30021137 -0.82408259 -0.50214663 -0.22676655 -0.1974598 ]
3461,[ 0.20373442  0.10617159 -0.10012068  0.13355915  0.37136837  0.08746097
 -0.04200134  0.64883669  0.34928095 -0.53028721 -0.04505117 -0.11743161
  0.17938928  0.4324753  -0.32601149  0.23200344 -0.10792187 -0.62024556
  0.10298874  0.14532574 -0.46994     0.20531126  0.26100746 -0.64526044
 -0.01835462  0.38291513  0.02633906  0.03846064 -0.55127639  0.53428906
  0.55341711  0.56360408  0.64251512  0.2332194  -0.16932002  0.57236689
 -0.17439329  0.41635392 -0.61554482  0.12051395  0.3436436  -0.62726049
 -0.00857245 -0.22907494  0.07114958 -0.29725932  0.277147   -0.48882746
 -0.30021303 -0.82408239 -0.5021473  -0.2267663  -0.19746027]
3462,[ 0.20373614  0.10617228 -0.10012507  0.1335601   0.37136934  0.08745992
 -0.04199981  0.64883505  0.34927926 -0.53028649 -0.04505092 -0.11742977
  0.17938837  0.43247703 -0.32601154  0.23200488 -0.10792096 -0.62024501
  0.10298777  0.14532677 -0.46994015  0.20531034  0.26100716 -0.64526188
 -0.01835611  0.38291442  0.02634173  0.03845975 -0.55127757  0.53429148
  0.55341478  0.56360471  0.64251619  0.23321945 -0.16931912  0.57236714
 -0.17439427  0.41635327 -0.61554441  0.12051289  0.34364384 -0.62725871
 -0.00857451 -0.22907511  0.07114837 -0.29725968  0.2771483  -0.48882455
 -0.30021469 -0.82408219 -0.50214798 -0.22676605 -0.19746075]
3463,[ 0.20373785  0.10617297 -0.10012945  0.13356104  0.37137032  0.08745887
 -0.04199827  0.64883342  0.34927757 -0.53028578 -0.04505068 -0.11742793
  0.17938747  0.43247875 -0.32601159  0.23200632 -0.10792005 -0.62024447
  0.1029868   0.1453278  -0.4699403   0.20530942  0.26100685 -0.64526332
 -0.01835759  0.3829137   0.02634439  0.03845885 -0.55127874  0.5342939
  0.55341245  0.56360534  0.64251726  0.23321949 -0.16931821  0.5723674
 -0.17439525  0.41635262 -0.61554399  0.12051184  0.34364408 -0.62725692
 -0.00857657 -0.22907529  0.07114715 -0.29726004  0.2771496  -0.48882165
 -0.30021635 -0.82408199 -0.50214865 -0.2267658  -0.19746122]
3464,[ 0.20373955  0.10617366 -0.10013383  0.13356199  0.3713713   0.08745782
 -0.04199674  0.64883178  0.34927588 -0.53028507 -0.04505043 -0.1174261
  0.17938656  0.43248048 -0.32601164  0.23200776 -0.10791914 -0.62024392
  0.10298583  0.14532882 -0.46994045  0.2053085   0.26100654 -0.64526477
 -0.01835908  0.38291299  0.02634706  0.03845796 -0.55127992  0.53429631
  0.55341013  0.56360596  0.64251833  0.23321953 -0.16931731  0.57236765
 -0.17439623  0.41635197 -0.61554358  0.12051078  0.34364432 -0.62725514
 -0.00857862 -0.22907546  0.07114594 -0.2972604   0.2771509  -0.48881876
 -0.30021801 -0.82408179 -0.50214932 -0.22676555 -0.1974617 ]
3465,[ 0.20374126  0.10617434 -0.1001382   0.13356294  0.37137227  0.08745678
 -0.0419952   0.64883015  0.34927419 -0.53028436 -0.04505018 -0.11742426
  0.17938566  0.4324822  -0.3260117   0.2320092  -0.10791823 -0.62024338
  0.10298486  0.14532985 -0.4699406   0.20530759  0.26100623 -0.64526621
 -0.01836056  0.38291228  0.02634972  0.03845707 -0.5512811   0.53429872
  0.55340781  0.56360659  0.64251939  0.23321958 -0.16931641  0.5723679
 -0.17439722  0.41635132 -0.61554317  0.12050973  0.34364455 -0.62725336
 -0.00858067 -0.22907564  0.07114473 -0.29726075  0.2771522  -0.48881587
 -0.30021966 -0.82408159 -0.50214999 -0.22676529 -0.19746217]
3466,[ 0.20374297  0.10617503 -0.10014257  0.13356388  0.37137325  0.08745573
 -0.04199367  0.64882851  0.34927251 -0.53028365 -0.04504993 -0.11742243
  0.17938475  0.43248392 -0.32601175  0.23201063 -0.10791732 -0.62024283
  0.10298389  0.14533087 -0.46994075  0.20530668  0.26100592 -0.64526764
 -0.01836204  0.38291157  0.02635237  0.03845619 -0.55128227  0.53430113
  0.55340549  0.56360722  0.64252046  0.23321962 -0.16931551  0.57236815
 -0.1743982   0.41635067 -0.61554275  0.12050867  0.34364479 -0.62725158
 -0.00858272 -0.22907581  0.07114352 -0.29726111  0.27715349 -0.48881298
 -0.30022131 -0.82408138 -0.50215067 -0.22676504 -0.19746264]
3467,[ 0.20374467  0.10617572 -0.10014693  0.13356482  0.37137422  0.08745469
 -0.04199214  0.64882688  0.34927082 -0.53028294 -0.04504969 -0.1174206
  0.17938385  0.43248564 -0.3260118   0.23201207 -0.10791641 -0.62024229
  0.10298293  0.14533189 -0.4699409   0.20530576  0.26100561 -0.64526908
 -0.01836351  0.38291085  0.02635503  0.0384553  -0.55128344  0.53430354
  0.55340317  0.56360784  0.64252152  0.23321967 -0.16931461  0.57236841
 -0.17439917  0.41635002 -0.61554234  0.12050762  0.34364502 -0.62724981
 -0.00858477 -0.22907599  0.07114231 -0.29726147  0.27715478 -0.48881009
 -0.30022296 -0.82408118 -0.50215134 -0.22676479 -0.19746311]
3468,[ 0.20374637  0.1061764  -0.10015129  0.13356576  0.37137519  0.08745365
 -0.04199062  0.64882525  0.34926914 -0.53028223 -0.04504944 -0.11741878
  0.17938295  0.43248736 -0.32601186  0.2320135  -0.1079155  -0.62024174
  0.10298196  0.14533291 -0.46994104  0.20530485  0.26100531 -0.64527052
 -0.01836499  0.38291014  0.02635768  0.03845441 -0.55128461  0.53430594
  0.55340086  0.56360847  0.64252259  0.23321971 -0.16931372  0.57236866
 -0.17440015  0.41634938 -0.61554193  0.12050657  0.34364526 -0.62724803
 -0.00858681 -0.22907616  0.0711411  -0.29726182  0.27715608 -0.48880721
 -0.30022461 -0.82408098 -0.50215201 -0.22676454 -0.19746359]
3469,[ 0.20374807  0.10617708 -0.10015565  0.1335667   0.37137616  0.0874526
 -0.04198909  0.64882363  0.34926746 -0.53028153 -0.04504919 -0.11741695
  0.17938205  0.43248907 -0.32601191  0.23201493 -0.1079146  -0.6202412
  0.102981    0.14533393 -0.46994119  0.20530394  0.261005   -0.64527195
 -0.01836647  0.38290943  0.02636033  0.03845353 -0.55128578  0.53430835
  0.55339855  0.56360909  0.64252365  0.23321975 -0.16931282  0.57236891
 -0.17440113  0.41634873 -0.61554152  0.12050552  0.34364549 -0.62724626
 -0.00858885 -0.22907633  0.07113989 -0.29726218  0.27715737 -0.48880432
 -0.30022626 -0.82408079 -0.50215267 -0.2267643  -0.19746406]
3470,[ 0.20374977  0.10617777 -0.10016     0.13356764  0.37137713  0.08745157
 -0.04198757  0.648822    0.34926578 -0.53028082 -0.04504895 -0.11741513
  0.17938115  0.43249078 -0.32601196  0.23201636 -0.10791369 -0.62024066
  0.10298004  0.14533495 -0.46994134  0.20530303  0.26100469 -0.64527338
 -0.01836794  0.38290873  0.02636297  0.03845264 -0.55128695  0.53431074
  0.55339624  0.56360972  0.64252471  0.2332198  -0.16931193  0.57236916
 -0.1744021   0.41634808 -0.61554111  0.12050447  0.34364573 -0.62724449
 -0.00859089 -0.22907651  0.07113869 -0.29726254  0.27715866 -0.48880145
 -0.3002279  -0.82408059 -0.50215334 -0.22676405 -0.19746453]
3471,[ 0.20375146  0.10617845 -0.10016434  0.13356858  0.3713781   0.08745053
 -0.04198604  0.64882038  0.34926411 -0.53028011 -0.0450487  -0.11741331
  0.17938025  0.4324925  -0.32601201  0.23201778 -0.10791279 -0.62024012
  0.10297908  0.14533597 -0.46994149  0.20530212  0.26100439 -0.64527481
 -0.01836941  0.38290802  0.02636561  0.03845176 -0.55128812  0.53431314
  0.55339394  0.56361034  0.64252577  0.23321984 -0.16931103  0.57236941
 -0.17440308  0.41634744 -0.6155407   0.12050342  0.34364596 -0.62724272
 -0.00859293 -0.22907668  0.07113749 -0.29726289  0.27715994 -0.48879857
 -0.30022954 -0.82408039 -0.50215401 -0.2267638  -0.197465  ]
3472,[ 0.20375315  0.10617913 -0.10016868  0.13356952  0.37137907  0.08744949
 -0.04198452  0.64881876  0.34926243 -0.53027941 -0.04504846 -0.11741149
  0.17937936  0.4324942  -0.32601207  0.23201921 -0.10791189 -0.62023958
  0.10297811  0.14533699 -0.46994164  0.20530122  0.26100408 -0.64527624
 -0.01837088  0.38290731  0.02636825  0.03845088 -0.55128928  0.53431553
  0.55339164  0.56361096  0.64252683  0.23321989 -0.16931014  0.57236966
 -0.17440405  0.41634679 -0.61554029  0.12050238  0.3436462  -0.62724095
 -0.00859496 -0.22907686  0.07113628 -0.29726325  0.27716123 -0.4887957
 -0.30023118 -0.82408019 -0.50215468 -0.22676355 -0.19746547]
3473,[ 0.20375485  0.10617981 -0.10017301  0.13357045  0.37138004  0.08744845
 -0.041983    0.64881714  0.34926076 -0.5302787  -0.04504821 -0.11740967
  0.17937846  0.43249591 -0.32601212  0.23202063 -0.10791098 -0.62023903
  0.10297715  0.145338   -0.46994179  0.20530031  0.26100377 -0.64527767
 -0.01837235  0.3829066   0.02637089  0.03845    -0.55129045  0.53431792
  0.55338934  0.56361158  0.64252789  0.23321993 -0.16930925  0.57236992
 -0.17440502  0.41634615 -0.61553988  0.12050133  0.34364643 -0.62723919
 -0.008597   -0.22907703  0.07113508 -0.2972636   0.27716252 -0.48879284
 -0.30023282 -0.82407999 -0.50215534 -0.2267633  -0.19746594]
3474,[ 0.20375653  0.10618049 -0.10017734  0.13357139  0.371381    0.08744742
 -0.04198149  0.64881552  0.34925909 -0.530278   -0.04504797 -0.11740786
  0.17937757  0.43249762 -0.32601217  0.23202205 -0.10791008 -0.62023849
  0.1029762   0.14533902 -0.46994193  0.2052994   0.26100347 -0.64527909
 -0.01837381  0.3829059   0.02637352  0.03844912 -0.55129161  0.53432031
  0.55338704  0.5636122   0.64252894  0.23321997 -0.16930836  0.57237017
 -0.17440599  0.41634551 -0.61553947  0.12050029  0.34364667 -0.62723743
 -0.00859903 -0.2290772   0.07113388 -0.29726395  0.2771638  -0.48878997
 -0.30023446 -0.82407979 -0.50215601 -0.22676305 -0.1974664 ]
3475,[ 0.20375822  0.10618117 -0.10018167  0.13357232  0.37138197  0.08744638
 -0.04197997  0.64881391  0.34925742 -0.5302773  -0.04504772 -0.11740604
  0.17937667  0.43249932 -0.32601222  0.23202347 -0.10790918 -0.62023796
  0.10297524  0.14534003 -0.46994208  0.2052985   0.26100316 -0.64528052
 -0.01837528  0.38290519  0.02637615  0.03844824 -0.55129277  0.5343227
  0.55338474  0.56361282  0.64253     0.23322002 -0.16930747  0.57237042
 -0.17440696  0.41634487 -0.61553907  0.12049924  0.3436469  -0.62723567
 -0.00860105 -0.22907737  0.07113268 -0.29726431  0.27716508 -0.48878711
 -0.3002361  -0.82407959 -0.50215667 -0.2267628  -0.19746687]
3476,[ 0.20375991  0.10618185 -0.10018599  0.13357326  0.37138293  0.08744535
 -0.04197846  0.64881229  0.34925575 -0.5302766  -0.04504748 -0.11740423
  0.17937578  0.43250102 -0.32601227  0.23202489 -0.10790828 -0.62023742
  0.10297428  0.14534104 -0.46994223  0.2052976   0.26100286 -0.64528194
 -0.01837674  0.38290449  0.02637878  0.03844736 -0.55129393  0.53432508
  0.55338245  0.56361344  0.64253105  0.23322006 -0.16930658  0.57237067
 -0.17440793  0.41634422 -0.61553866  0.1204982   0.34364714 -0.62723391
 -0.00860308 -0.22907755  0.07113149 -0.29726466  0.27716636 -0.48878425
 -0.30023773 -0.82407939 -0.50215733 -0.22676256 -0.19746734]
3477,[ 0.20376159  0.10618253 -0.1001903   0.13357419  0.37138389  0.08744432
 -0.04197694  0.64881068  0.34925409 -0.53027589 -0.04504723 -0.11740243
  0.17937489  0.43250272 -0.32601233  0.23202631 -0.10790739 -0.62023688
  0.10297333  0.14534205 -0.46994238  0.20529669  0.26100256 -0.64528336
 -0.0183782   0.38290379  0.0263814   0.03844648 -0.55129509  0.53432746
  0.55338016  0.56361406  0.6425321   0.23322011 -0.16930569  0.57237092
 -0.1744089   0.41634358 -0.61553825  0.12049716  0.34364737 -0.62723215
 -0.0086051  -0.22907772  0.07113029 -0.29726501  0.27716764 -0.4887814
 -0.30023936 -0.8240792  -0.502158   -0.22676231 -0.19746781]
3478,[ 0.20376327  0.1061832  -0.10019461  0.13357512  0.37138485  0.08744329
 -0.04197543  0.64880907  0.34925243 -0.53027519 -0.04504699 -0.11740062
  0.179374    0.43250442 -0.32601238  0.23202773 -0.10790649 -0.62023634
  0.10297237  0.14534306 -0.46994252  0.20529579  0.26100225 -0.64528478
 -0.01837966  0.38290308  0.02638402  0.0384456  -0.55129625  0.53432984
  0.55337788  0.56361468  0.64253315  0.23322015 -0.1693048   0.57237116
 -0.17440986  0.41634294 -0.61553785  0.12049612  0.3436476  -0.6272304
 -0.00860712 -0.22907789  0.0711291  -0.29726537  0.27716892 -0.48877855
 -0.30024099 -0.824079   -0.50215866 -0.22676206 -0.19746827]
3479,[ 0.20376495  0.10618388 -0.10019892  0.13357605  0.37138581  0.08744226
 -0.04197393  0.64880746  0.34925076 -0.53027449 -0.04504675 -0.11739881
  0.17937311  0.43250611 -0.32601243  0.23202914 -0.10790559 -0.6202358
  0.10297142  0.14534407 -0.46994267  0.20529489  0.26100195 -0.6452862
 -0.01838112  0.38290238  0.02638664  0.03844473 -0.5512974   0.53433221
  0.55337559  0.5636153   0.6425342   0.23322019 -0.16930391  0.57237141
 -0.17441083  0.41634231 -0.61553744  0.12049508  0.34364783 -0.62722865
 -0.00860914 -0.22907806  0.0711279  -0.29726572  0.27717019 -0.4887757
 -0.30024262 -0.8240788  -0.50215932 -0.22676182 -0.19746874]
3480,[ 0.20376663  0.10618455 -0.10020322  0.13357698  0.37138677  0.08744123
 -0.04197242  0.64880585  0.34924911 -0.5302738  -0.0450465  -0.11739701
  0.17937222  0.43250781 -0.32601248  0.23203055 -0.1079047  -0.62023527
  0.10297047  0.14534508 -0.46994282  0.20529399  0.26100164 -0.64528761
 -0.01838258  0.38290168  0.02638926  0.03844386 -0.55129856  0.53433458
  0.55337331  0.56361591  0.64253525  0.23322024 -0.16930303  0.57237166
 -0.17441179  0.41634167 -0.61553703  0.12049405  0.34364807 -0.62722689
 -0.00861116 -0.22907824  0.07112671 -0.29726607  0.27717147 -0.48877286
 -0.30024424 -0.8240786  -0.50215998 -0.22676157 -0.1974692 ]
3481,[ 0.20376831  0.10618523 -0.10020751  0.1335779   0.37138773  0.0874402
 -0.04197091  0.64880425  0.34924745 -0.5302731  -0.04504626 -0.11739521
  0.17937133  0.4325095  -0.32601253  0.23203196 -0.1079038  -0.62023473
  0.10296952  0.14534608 -0.46994296  0.20529309  0.26100134 -0.64528903
 -0.01838403  0.38290098  0.02639187  0.03844298 -0.55129971  0.53433695
  0.55337103  0.56361653  0.6425363   0.23322028 -0.16930215  0.57237191
 -0.17441276  0.41634103 -0.61553663  0.12049301  0.3436483  -0.62722515
 -0.00861317 -0.22907841  0.07112552 -0.29726642  0.27717274 -0.48877001
 -0.30024587 -0.82407841 -0.50216064 -0.22676132 -0.19746967]
3482,[ 0.20376998  0.1061859  -0.1002118   0.13357883  0.37138869  0.08743918
 -0.04196941  0.64880265  0.34924579 -0.5302724  -0.04504602 -0.11739341
  0.17937044  0.43251119 -0.32601259  0.23203337 -0.10790291 -0.6202342
  0.10296857  0.14534709 -0.46994311  0.2052922   0.26100104 -0.64529044
 -0.01838548  0.38290028  0.02639448  0.03844211 -0.55130087  0.53433932
  0.55336875  0.56361715  0.64253735  0.23322032 -0.16930126  0.57237216
 -0.17441372  0.41634039 -0.61553622  0.12049198  0.34364853 -0.6272234
 -0.00861519 -0.22907858  0.07112433 -0.29726677  0.27717401 -0.48876718
 -0.30024749 -0.82407821 -0.5021613  -0.22676108 -0.19747013]
3483,[ 0.20377165  0.10618658 -0.10021609  0.13357976  0.37138964  0.08743815
 -0.04196791  0.64880105  0.34924414 -0.5302717  -0.04504578 -0.11739162
  0.17936956  0.43251288 -0.32601264  0.23203478 -0.10790202 -0.62023366
  0.10296762  0.14534809 -0.46994326  0.2052913   0.26100074 -0.64529185
 -0.01838694  0.38289958  0.02639708  0.03844124 -0.55130202  0.53434168
  0.55336648  0.56361776  0.64253839  0.23322037 -0.16930038  0.57237241
 -0.17441468  0.41633976 -0.61553582  0.12049094  0.34364876 -0.62722166
 -0.0086172  -0.22907875  0.07112315 -0.29726712  0.27717528 -0.48876434
 -0.30024911 -0.82407801 -0.50216196 -0.22676083 -0.1974706 ]
3484,[ 0.20377332  0.10618725 -0.10022037  0.13358068  0.3713906   0.08743713
 -0.04196641  0.64879945  0.34924249 -0.53027101 -0.04504553 -0.11738982
  0.17936867  0.43251456 -0.32601269  0.23203619 -0.10790113 -0.62023313
  0.10296667  0.14534909 -0.4699434   0.2052904   0.26100044 -0.64529326
 -0.01838838  0.38289888  0.02639969  0.03844037 -0.55130317  0.53434404
  0.55336421  0.56361837  0.64253944  0.23322041 -0.1692995   0.57237265
 -0.17441564  0.41633912 -0.61553542  0.12048991  0.34364899 -0.62721991
 -0.0086192  -0.22907892  0.07112196 -0.29726747  0.27717655 -0.48876151
 -0.30025073 -0.82407782 -0.50216262 -0.22676059 -0.19747106]
3485,[ 0.20377499  0.10618792 -0.10022464  0.13358161  0.37139155  0.08743611
 -0.04196491  0.64879785  0.34924084 -0.53027031 -0.04504529 -0.11738803
  0.17936779  0.43251624 -0.32601274  0.23203759 -0.10790024 -0.6202326
  0.10296572  0.14535009 -0.46994355  0.20528951  0.26100013 -0.64529467
 -0.01838983  0.38289819  0.02640229  0.0384395  -0.55130432  0.5343464
  0.55336194  0.56361899  0.64254048  0.23322045 -0.16929862  0.5723729
 -0.1744166   0.41633849 -0.61553501  0.12048888  0.34364923 -0.62721817
 -0.00862121 -0.22907909  0.07112078 -0.29726782  0.27717782 -0.48875868
 -0.30025235 -0.82407762 -0.50216327 -0.22676034 -0.19747152]
3486,[ 0.20377666  0.10618859 -0.10022891  0.13358253  0.3713925   0.08743509
 -0.04196341  0.64879625  0.34923919 -0.53026962 -0.04504505 -0.11738624
  0.1793669   0.43251793 -0.32601279  0.23203899 -0.10789935 -0.62023206
  0.10296478  0.1453511  -0.4699437   0.20528862  0.26099983 -0.64529607
 -0.01839128  0.38289749  0.02640489  0.03843863 -0.55130546  0.53434876
  0.55335967  0.5636196   0.64254152  0.2332205  -0.16929774  0.57237315
 -0.17441756  0.41633785 -0.61553461  0.12048785  0.34364946 -0.62721643
 -0.00862321 -0.22907926  0.07111959 -0.29726817  0.27717909 -0.48875586
 -0.30025396 -0.82407743 -0.50216393 -0.2267601  -0.19747198]
3487,[ 0.20377832  0.10618926 -0.10023318  0.13358345  0.37139345  0.08743407
 -0.04196192  0.64879466  0.34923754 -0.53026893 -0.04504481 -0.11738445
  0.17936602  0.43251961 -0.32601285  0.23204039 -0.10789846 -0.62023153
  0.10296383  0.14535209 -0.46994384  0.20528772  0.26099953 -0.64529748
 -0.01839272  0.3828968   0.02640748  0.03843776 -0.55130661  0.53435111
  0.55335741  0.56362021  0.64254256  0.23322054 -0.16929686  0.5723734
 -0.17441851  0.41633722 -0.61553421  0.12048682  0.34364969 -0.6272147
 -0.00862521 -0.22907943  0.07111841 -0.29726852  0.27718035 -0.48875303
 -0.30025558 -0.82407723 -0.50216458 -0.22675985 -0.19747245]
3488,[ 0.20377999  0.10618993 -0.10023744  0.13358437  0.3713944   0.08743305
 -0.04196042  0.64879307  0.3492359  -0.53026823 -0.04504457 -0.11738267
  0.17936514  0.43252129 -0.3260129   0.23204179 -0.10789758 -0.620231
  0.10296289  0.14535309 -0.46994399  0.20528683  0.26099923 -0.64529888
 -0.01839417  0.3828961   0.02641007  0.0384369  -0.55130775  0.53435346
  0.55335515  0.56362082  0.6425436   0.23322058 -0.16929598  0.57237364
 -0.17441947  0.41633658 -0.6155338   0.12048579  0.34364992 -0.62721296
 -0.00862721 -0.2290796   0.07111723 -0.29726887  0.27718161 -0.48875021
 -0.30025719 -0.82407704 -0.50216524 -0.22675961 -0.19747291]
3489,[ 0.20378165  0.1061906  -0.1002417   0.13358529  0.37139535  0.08743203
 -0.04195893  0.64879148  0.34923426 -0.53026754 -0.04504433 -0.11738088
  0.17936426  0.43252296 -0.32601295  0.23204319 -0.10789669 -0.62023047
  0.10296195  0.14535409 -0.46994413  0.20528594  0.26099893 -0.64530028
 -0.01839561  0.38289541  0.02641266  0.03843603 -0.5513089   0.53435581
  0.55335289  0.56362143  0.64254464  0.23322063 -0.16929511  0.57237389
 -0.17442042  0.41633595 -0.6155334   0.12048477  0.34365015 -0.62721123
 -0.00862921 -0.22907977  0.07111605 -0.29726922  0.27718288 -0.4887474
 -0.3002588  -0.82407684 -0.50216589 -0.22675937 -0.19747337]
3490,[ 0.20378331  0.10619127 -0.10024595  0.13358621  0.3713963   0.08743101
 -0.04195744  0.64878989  0.34923262 -0.53026685 -0.04504409 -0.1173791
  0.17936338  0.43252464 -0.326013    0.23204459 -0.1078958  -0.62022994
  0.10296101  0.14535509 -0.46994428  0.20528505  0.26099863 -0.64530168
 -0.01839705  0.38289471  0.02641525  0.03843517 -0.55131004  0.53435815
  0.55335063  0.56362204  0.64254568  0.23322067 -0.16929423  0.57237413
 -0.17442138  0.41633532 -0.615533    0.12048374  0.34365038 -0.6272095
 -0.0086312  -0.22907994  0.07111487 -0.29726957  0.27718414 -0.48874458
 -0.3002604  -0.82407665 -0.50216655 -0.22675912 -0.19747383]
3491,[ 0.20378497  0.10619193 -0.1002502   0.13358712  0.37139725  0.08743
 -0.04195595  0.6487883   0.34923098 -0.53026616 -0.04504385 -0.11737732
  0.1793625   0.43252631 -0.32601305  0.23204598 -0.10789492 -0.62022941
  0.10296007  0.14535608 -0.46994442  0.20528416  0.26099833 -0.64530308
 -0.01839849  0.38289402  0.02641783  0.0384343  -0.55131118  0.5343605
  0.55334838  0.56362265  0.64254671  0.23322071 -0.16929336  0.57237438
 -0.17442233  0.41633469 -0.6155326   0.12048272  0.34365061 -0.62720777
 -0.00863319 -0.22908011  0.0711137  -0.29726991  0.2771854  -0.48874178
 -0.30026201 -0.82407645 -0.5021672  -0.22675888 -0.19747429]
3492,[ 0.20378662  0.1061926  -0.10025444  0.13358804  0.3713982   0.08742898
 -0.04195447  0.64878671  0.34922934 -0.53026547 -0.04504361 -0.11737554
  0.17936163  0.43252798 -0.3260131   0.23204738 -0.10789404 -0.62022888
  0.10295913  0.14535707 -0.46994457  0.20528328  0.26099803 -0.64530448
 -0.01839992  0.38289333  0.02642041  0.03843344 -0.55131232  0.53436284
  0.55334613  0.56362326  0.64254775  0.23322076 -0.16929248  0.57237463
 -0.17442328  0.41633406 -0.6155322   0.1204817   0.34365084 -0.62720604
 -0.00863518 -0.22908028  0.07111252 -0.29727026  0.27718665 -0.48873897
 -0.30026361 -0.82407626 -0.50216785 -0.22675864 -0.19747475]
3493,[ 0.20378827  0.10619326 -0.10025868  0.13358896  0.37139914  0.08742797
 -0.04195298  0.64878513  0.3492277  -0.53026478 -0.04504337 -0.11737376
  0.17936075  0.43252965 -0.32601315  0.23204877 -0.10789316 -0.62022835
  0.10295819  0.14535807 -0.46994471  0.20528239  0.26099773 -0.64530587
 -0.01840136  0.38289264  0.02642299  0.03843258 -0.55131346  0.53436517
  0.55334388  0.56362387  0.64254878  0.2332208  -0.16929161  0.57237487
 -0.17442423  0.41633343 -0.6155318   0.12048067  0.34365107 -0.62720432
 -0.00863717 -0.22908045  0.07111135 -0.29727061  0.27718791 -0.48873617
 -0.30026522 -0.82407606 -0.5021685  -0.22675839 -0.1974752 ]
3494,[ 0.20378993  0.10619393 -0.10026291  0.13358987  0.37140008  0.08742696
 -0.0419515   0.64878355  0.34922607 -0.53026409 -0.04504313 -0.11737199
  0.17935988  0.43253132 -0.3260132   0.23205016 -0.10789227 -0.62022782
  0.10295725  0.14535906 -0.46994486  0.20528151  0.26099744 -0.64530727
 -0.01840279  0.38289195  0.02642556  0.03843172 -0.55131459  0.53436751
  0.55334163  0.56362447  0.64254981  0.23322084 -0.16929074  0.57237512
 -0.17442518  0.4163328  -0.6155314   0.12047965  0.34365129 -0.62720259
 -0.00863916 -0.22908062  0.07111017 -0.29727095  0.27718916 -0.48873337
 -0.30026682 -0.82407587 -0.50216915 -0.22675815 -0.19747566]
3495,[ 0.20379158  0.10619459 -0.10026714  0.13359078  0.37140103  0.08742595
 -0.04195002  0.64878197  0.34922444 -0.53026341 -0.04504289 -0.11737022
  0.179359    0.43253298 -0.32601326  0.23205155 -0.10789139 -0.6202273
  0.10295632  0.14536005 -0.469945    0.20528062  0.26099714 -0.64530866
 -0.01840423  0.38289126  0.02642813  0.03843086 -0.55131573  0.53436984
  0.55333939  0.56362508  0.64255085  0.23322088 -0.16928987  0.57237536
 -0.17442613  0.41633218 -0.615531    0.12047863  0.34365152 -0.62720087
 -0.00864114 -0.22908079  0.071109   -0.2972713   0.27719042 -0.48873057
 -0.30026842 -0.82407567 -0.5021698  -0.22675791 -0.19747612]
3496,[ 0.20379322  0.10619526 -0.10027136  0.1335917   0.37140197  0.08742494
 -0.04194854  0.64878039  0.34922281 -0.53026272 -0.04504265 -0.11736845
  0.17935813  0.43253464 -0.32601331  0.23205294 -0.10789052 -0.62022677
  0.10295538  0.14536104 -0.46994514  0.20527974  0.26099684 -0.64531005
 -0.01840566  0.38289057  0.0264307   0.03843    -0.55131686  0.53437217
  0.55333715  0.56362569  0.64255188  0.23322093 -0.169289    0.5723756
 -0.17442707  0.41633155 -0.6155306   0.12047761  0.34365175 -0.62719915
 -0.00864312 -0.22908096  0.07110783 -0.29727164  0.27719167 -0.48872777
 -0.30027001 -0.82407548 -0.50217045 -0.22675767 -0.19747658]
3497,[ 0.20379487  0.10619592 -0.10027558  0.13359261  0.37140291  0.08742393
 -0.04194706  0.64877882  0.34922118 -0.53026204 -0.04504241 -0.11736668
  0.17935726  0.43253631 -0.32601336  0.23205432 -0.10788964 -0.62022624
  0.10295445  0.14536203 -0.46994529  0.20527886  0.26099654 -0.64531144
 -0.01840708  0.38288988  0.02643327  0.03842914 -0.551318    0.5343745
  0.55333491  0.56362629  0.64255291  0.23322097 -0.16928813  0.57237585
 -0.17442802  0.41633092 -0.61553021  0.1204766   0.34365198 -0.62719744
 -0.0086451  -0.22908113  0.07110666 -0.29727199  0.27719292 -0.48872498
 -0.30027161 -0.82407529 -0.5021711  -0.22675742 -0.19747703]
3498,[ 0.20379651  0.10619658 -0.10027979  0.13359352  0.37140385  0.08742292
 -0.04194558  0.64877724  0.34921956 -0.53026135 -0.04504217 -0.11736491
  0.17935639  0.43253797 -0.32601341  0.2320557  -0.10788876 -0.62022572
  0.10295351  0.14536301 -0.46994543  0.20527797  0.26099624 -0.64531282
 -0.01840851  0.3828892   0.02643583  0.03842828 -0.55131913  0.53437682
  0.55333267  0.56362689  0.64255393  0.23322101 -0.16928727  0.57237609
 -0.17442897  0.4163303  -0.61552981  0.12047558  0.34365221 -0.62719572
 -0.00864707 -0.2290813   0.07110549 -0.29727233  0.27719417 -0.4887222
 -0.3002732  -0.82407509 -0.50217174 -0.22675718 -0.19747749]
3499,[ 0.20379816  0.10619724 -0.100284    0.13359443  0.37140479  0.08742191
 -0.04194411  0.64877567  0.34921793 -0.53026067 -0.04504193 -0.11736315
  0.17935552  0.43253962 -0.32601346  0.23205709 -0.10788789 -0.62022519
  0.10295258  0.145364   -0.46994558  0.20527709  0.26099595 -0.64531421
 -0.01840994  0.38288851  0.02643839  0.03842743 -0.55132026  0.53437914
  0.55333044  0.5636275   0.64255496  0.23322106 -0.1692864   0.57237634
 -0.17442991  0.41632967 -0.61552941  0.12047457  0.34365244 -0.62719401
 -0.00864905 -0.22908147  0.07110433 -0.29727268  0.27719542 -0.48871941
 -0.30027479 -0.8240749  -0.50217239 -0.22675694 -0.19747794]
3500,[ 0.2037998   0.1061979  -0.10028821  0.13359533  0.37140573  0.08742091
 -0.04194263  0.6487741   0.34921631 -0.53025998 -0.04504169 -0.11736139
  0.17935465  0.43254128 -0.32601351  0.23205847 -0.10788701 -0.62022467
  0.10295165  0.14536498 -0.46994572  0.20527621  0.26099565 -0.64531559
 -0.01841136  0.38288783  0.02644095  0.03842657 -0.55132139  0.53438146
  0.55332821  0.5636281   0.64255599  0.2332211  -0.16928553  0.57237658
 -0.17443085  0.41632905 -0.61552902  0.12047355  0.34365266 -0.6271923
 -0.00865102 -0.22908163  0.07110316 -0.29727302  0.27719666 -0.48871663
 -0.30027638 -0.82407471 -0.50217304 -0.2267567  -0.1974784 ]
3501,[ 0.20380144  0.10619856 -0.10029241  0.13359624  0.37140666  0.08741991
 -0.04194116  0.64877253  0.34921469 -0.5302593  -0.04504146 -0.11735963
  0.17935378  0.43254293 -0.32601356  0.23205985 -0.10788614 -0.62022415
  0.10295072  0.14536597 -0.46994586  0.20527534  0.26099536 -0.64531698
 -0.01841278  0.38288714  0.0264435   0.03842572 -0.55132252  0.53438378
  0.55332598  0.5636287   0.64255701  0.23322114 -0.16928467  0.57237682
 -0.17443179  0.41632842 -0.61552862  0.12047254  0.34365289 -0.62719059
 -0.00865299 -0.2290818   0.071102   -0.29727336  0.27719791 -0.48871385
 -0.30027797 -0.82407452 -0.50217368 -0.22675646 -0.19747885]
3502,[ 0.20380307  0.10619922 -0.1002966   0.13359715  0.3714076   0.0874189
 -0.04193969  0.64877096  0.34921307 -0.53025862 -0.04504122 -0.11735787
  0.17935291  0.43254458 -0.32601361  0.23206123 -0.10788526 -0.62022362
  0.10294979  0.14536695 -0.46994601  0.20527446  0.26099506 -0.64531836
 -0.0184142   0.38288646  0.02644605  0.03842487 -0.55132364  0.53438609
  0.55332375  0.5636293   0.64255803  0.23322118 -0.16928381  0.57237706
 -0.17443273  0.4163278  -0.61552822  0.12047153  0.34365312 -0.62718888
 -0.00865496 -0.22908197  0.07110084 -0.29727371  0.27719915 -0.48871108
 -0.30027956 -0.82407432 -0.50217433 -0.22675622 -0.19747931]
3503,[ 0.20380471  0.10619988 -0.10030079  0.13359805  0.37140853  0.0874179
 -0.04193822  0.6487694   0.34921146 -0.53025794 -0.04504098 -0.11735611
  0.17935205  0.43254623 -0.32601366  0.2320626  -0.10788439 -0.6202231
  0.10294886  0.14536793 -0.46994615  0.20527358  0.26099476 -0.64531974
 -0.01841562  0.38288577  0.0264486   0.03842401 -0.55132477  0.5343884
  0.55332153  0.56362991  0.64255906  0.23322123 -0.16928294  0.57237731
 -0.17443367  0.41632718 -0.61552783  0.12047052  0.34365334 -0.62718717
 -0.00865692 -0.22908214  0.07109968 -0.29727405  0.27720039 -0.4887083
 -0.30028114 -0.82407413 -0.50217497 -0.22675598 -0.19747976]
3504,[ 0.20380634  0.10620053 -0.10030498  0.13359896  0.37140947  0.0874169
 -0.04193675  0.64876783  0.34920984 -0.53025726 -0.04504075 -0.11735436
  0.17935118  0.43254788 -0.32601371  0.23206398 -0.10788352 -0.62022258
  0.10294794  0.14536891 -0.46994629  0.20527271  0.26099447 -0.64532112
 -0.01841704  0.38288509  0.02645115  0.03842316 -0.55132589  0.53439071
  0.55331931  0.56363051  0.64256008  0.23322127 -0.16928208  0.57237755
 -0.17443461  0.41632656 -0.61552743  0.12046951  0.34365357 -0.62718547
 -0.00865888 -0.22908231  0.07109852 -0.29727439  0.27720163 -0.48870554
 -0.30028273 -0.82407394 -0.50217561 -0.22675574 -0.19748021]
3505,[ 0.20380797  0.10620119 -0.10030916  0.13359986  0.3714104   0.0874159
 -0.04193529  0.64876627  0.34920823 -0.53025658 -0.04504051 -0.11735261
  0.17935032  0.43254953 -0.32601376  0.23206535 -0.10788265 -0.62022206
  0.10294701  0.14536989 -0.46994644  0.20527183  0.26099417 -0.64532249
 -0.01841846  0.38288441  0.02645369  0.03842231 -0.55132702  0.53439302
  0.55331709  0.56363111  0.6425611   0.23322131 -0.16928122  0.57237779
 -0.17443555  0.41632594 -0.61552704  0.1204685   0.3436538  -0.62718377
 -0.00866084 -0.22908247  0.07109736 -0.29727473  0.27720287 -0.48870277
 -0.30028431 -0.82407375 -0.50217626 -0.2267555  -0.19748067]
3506,[ 0.2038096   0.10620185 -0.10031333  0.13360076  0.37141133  0.0874149
 -0.04193383  0.64876471  0.34920662 -0.5302559  -0.04504027 -0.11735086
  0.17934945  0.43255117 -0.32601381  0.23206672 -0.10788178 -0.62022154
  0.10294609  0.14537087 -0.46994658  0.20527096  0.26099388 -0.64532387
 -0.01841987  0.38288373  0.02645623  0.03842146 -0.55132814  0.53439532
  0.55331488  0.5636317   0.64256211  0.23322135 -0.16928036  0.57237803
 -0.17443649  0.41632532 -0.61552664  0.12046749  0.34365402 -0.62718207
 -0.0086628  -0.22908264  0.0710962  -0.29727508  0.27720411 -0.48870001
 -0.30028589 -0.82407356 -0.5021769  -0.22675526 -0.19748112]
3507,[ 0.20381123  0.1062025  -0.10031751  0.13360166  0.37141226  0.0874139
 -0.04193236  0.64876315  0.34920501 -0.53025522 -0.04504004 -0.11734911
  0.17934859  0.43255282 -0.32601386  0.23206809 -0.10788091 -0.62022102
  0.10294516  0.14537185 -0.46994672  0.20527009  0.26099359 -0.64532524
 -0.01842128  0.38288305  0.02645877  0.03842062 -0.55132926  0.53439762
  0.55331266  0.5636323   0.64256313  0.23322139 -0.1692795   0.57237827
 -0.17443742  0.4163247  -0.61552625  0.12046649  0.34365425 -0.62718037
 -0.00866476 -0.22908281  0.07109505 -0.29727542  0.27720535 -0.48869725
 -0.30028746 -0.82407336 -0.50217754 -0.22675502 -0.19748157]
3508,[ 0.20381286  0.10620316 -0.10032167  0.13360256  0.37141319  0.08741291
 -0.0419309   0.64876159  0.3492034  -0.53025455 -0.0450398  -0.11734736
  0.17934773  0.43255446 -0.32601391  0.23206946 -0.10788005 -0.6202205
  0.10294424  0.14537282 -0.46994686  0.20526921  0.26099329 -0.64532661
 -0.01842269  0.38288237  0.0264613   0.03841977 -0.55133038  0.53439992
  0.55331045  0.5636329   0.64256415  0.23322144 -0.16927864  0.57237851
 -0.17443836  0.41632408 -0.61552586  0.12046548  0.34365447 -0.62717867
 -0.00866671 -0.22908297  0.07109389 -0.29727576  0.27720658 -0.48869449
 -0.30028904 -0.82407317 -0.50217818 -0.22675478 -0.19748202]
3509,[ 0.20381448  0.10620381 -0.10032583  0.13360346  0.37141412  0.08741191
 -0.04192945  0.64876004  0.34920179 -0.53025387 -0.04503957 -0.11734562
  0.17934687  0.4325561  -0.32601397  0.23207083 -0.10787918 -0.62021998
  0.10294332  0.1453738  -0.469947    0.20526834  0.260993   -0.64532798
 -0.0184241   0.38288169  0.02646383  0.03841892 -0.5513315   0.53440221
  0.55330824  0.5636335   0.64256516  0.23322148 -0.16927779  0.57237875
 -0.17443929  0.41632346 -0.61552547  0.12046448  0.3436547  -0.62717698
 -0.00866866 -0.22908314  0.07109274 -0.2972761   0.27720782 -0.48869174
 -0.30029061 -0.82407298 -0.50217882 -0.22675455 -0.19748247]
3510,[ 0.2038161   0.10620446 -0.10032999  0.13360436  0.37141504  0.08741092
 -0.04192799  0.64875849  0.34920019 -0.53025319 -0.04503933 -0.11734387
  0.17934601  0.43255773 -0.32601402  0.23207219 -0.10787831 -0.62021946
  0.1029424   0.14537477 -0.46994715  0.20526747  0.2609927  -0.64532935
 -0.01842551  0.38288102  0.02646636  0.03841808 -0.55133261  0.53440451
  0.55330604  0.56363409  0.64256618  0.23322152 -0.16927693  0.572379
 -0.17444022  0.41632284 -0.61552507  0.12046348  0.34365492 -0.62717529
 -0.00867061 -0.22908331  0.07109159 -0.29727644  0.27720905 -0.48868899
 -0.30029218 -0.82407279 -0.50217946 -0.22675431 -0.19748292]
3511,[ 0.20381772  0.10620511 -0.10033414  0.13360526  0.37141597  0.08740993
 -0.04192653  0.64875693  0.34919859 -0.53025252 -0.0450391  -0.11734213
  0.17934515  0.43255937 -0.32601407  0.23207356 -0.10787745 -0.62021894
  0.10294148  0.14537574 -0.46994729  0.20526661  0.26099241 -0.64533072
 -0.01842692  0.38288034  0.02646889  0.03841723 -0.55133373  0.5344068
  0.55330383  0.56363469  0.64256719  0.23322156 -0.16927608  0.57237924
 -0.17444115  0.41632223 -0.61552468  0.12046248  0.34365515 -0.6271736
 -0.00867256 -0.22908347  0.07109044 -0.29727678  0.27721028 -0.48868624
 -0.30029375 -0.8240726  -0.50218009 -0.22675407 -0.19748337]
3512,[ 0.20381934  0.10620577 -0.10033829  0.13360615  0.37141689  0.08740893
 -0.04192508  0.64875538  0.34919699 -0.53025184 -0.04503886 -0.11734039
  0.17934429  0.432561   -0.32601412  0.23207492 -0.10787659 -0.62021843
  0.10294056  0.14537671 -0.46994743  0.20526574  0.26099212 -0.64533209
 -0.01842832  0.38287966  0.02647141  0.03841639 -0.55133484  0.53440908
  0.55330163  0.56363528  0.6425682   0.23322161 -0.16927522  0.57237948
 -0.17444208  0.41632161 -0.61552429  0.12046147  0.34365537 -0.62717191
 -0.00867451 -0.22908364  0.07108929 -0.29727712  0.27721151 -0.4886835
 -0.30029532 -0.82407241 -0.50218073 -0.22675383 -0.19748382]
3513,[ 0.20382096  0.10620642 -0.10034243  0.13360705  0.37141782  0.08740794
 -0.04192363  0.64875384  0.34919539 -0.53025117 -0.04503863 -0.11733866
  0.17934344  0.43256264 -0.32601417  0.23207628 -0.10787573 -0.62021791
  0.10293964  0.14537768 -0.46994757  0.20526487  0.26099183 -0.64533345
 -0.01842973  0.38287899  0.02647393  0.03841555 -0.55133596  0.53441137
  0.55329943  0.56363588  0.64256921  0.23322165 -0.16927437  0.57237972
 -0.17444301  0.416321   -0.6155239   0.12046048  0.34365559 -0.62717022
 -0.00867645 -0.2290838   0.07108814 -0.29727745  0.27721274 -0.48868076
 -0.30029689 -0.82407222 -0.50218137 -0.2267536  -0.19748427]
3514,[ 0.20382257  0.10620707 -0.10034657  0.13360794  0.37141874  0.08740695
 -0.04192218  0.64875229  0.34919379 -0.5302505  -0.04503839 -0.11733692
  0.17934258  0.43256426 -0.32601422  0.23207764 -0.10787486 -0.62021739
  0.10293873  0.14537865 -0.46994771  0.20526401  0.26099154 -0.64533481
 -0.01843113  0.38287831  0.02647645  0.03841471 -0.55133707  0.53441365
  0.55329724  0.56363647  0.64257022  0.23322169 -0.16927352  0.57237995
 -0.17444394  0.41632038 -0.61552351  0.12045948  0.34365582 -0.62716854
 -0.00867839 -0.22908397  0.07108699 -0.29727779  0.27721396 -0.48867802
 -0.30029845 -0.82407203 -0.502182   -0.22675336 -0.19748471]
3515,[ 0.20382419  0.10620772 -0.10035071  0.13360883  0.37141966  0.08740597
 -0.04192073  0.64875075  0.3491922  -0.53024983 -0.04503816 -0.11733519
  0.17934173  0.43256589 -0.32601427  0.232079   -0.107874   -0.62021688
  0.10293781  0.14537962 -0.46994785  0.20526314  0.26099124 -0.64533617
 -0.01843253  0.38287764  0.02647896  0.03841387 -0.55133818  0.53441593
  0.55329504  0.56363706  0.64257123  0.23322173 -0.16927267  0.57238019
 -0.17444487  0.41631977 -0.61552312  0.12045848  0.34365604 -0.62716686
 -0.00868033 -0.22908413  0.07108585 -0.29727813  0.27721519 -0.48867528
 -0.30030002 -0.82407184 -0.50218264 -0.22675312 -0.19748516]
3516,[ 0.2038258   0.10620836 -0.10035484  0.13360972  0.37142058  0.08740498
 -0.04191928  0.6487492   0.3491906  -0.53024916 -0.04503793 -0.11733346
  0.17934087  0.43256752 -0.32601432  0.23208035 -0.10787314 -0.62021636
  0.1029369   0.14538059 -0.46994799  0.20526228  0.26099095 -0.64533753
 -0.01843393  0.38287697  0.02648147  0.03841303 -0.55133929  0.53441821
  0.55329285  0.56363766  0.64257224  0.23322177 -0.16927182  0.57238043
 -0.17444579  0.41631915 -0.61552273  0.12045749  0.34365627 -0.62716517
 -0.00868227 -0.2290843   0.0710847  -0.29727847  0.27721641 -0.48867255
 -0.30030158 -0.82407165 -0.50218327 -0.22675288 -0.19748561]
3517,[ 0.20382741  0.10620901 -0.10035896  0.13361062  0.3714215   0.08740399
 -0.04191784  0.64874766  0.34918901 -0.53024849 -0.04503769 -0.11733173
  0.17934002  0.43256914 -0.32601437  0.23208171 -0.10787229 -0.62021585
  0.10293599  0.14538156 -0.46994814  0.20526141  0.26099066 -0.64533889
 -0.01843532  0.38287629  0.02648398  0.03841219 -0.55134039  0.53442048
  0.55329066  0.56363825  0.64257324  0.23322181 -0.16927097  0.57238067
 -0.17444672  0.41631854 -0.61552234  0.12045649  0.34365649 -0.6271635
 -0.0086842  -0.22908446  0.07108356 -0.29727881  0.27721764 -0.48866982
 -0.30030314 -0.82407146 -0.50218391 -0.22675265 -0.19748605]
3518,[ 0.20382901  0.10620966 -0.10036308  0.13361151  0.37142242  0.08740301
 -0.04191639  0.64874612  0.34918742 -0.53024782 -0.04503746 -0.11733
  0.17933917  0.43257077 -0.32601442  0.23208306 -0.10787143 -0.62021533
  0.10293507  0.14538252 -0.46994828  0.20526055  0.26099037 -0.64534025
 -0.01843672  0.38287562  0.02648649  0.03841135 -0.5513415   0.53442276
  0.55328848  0.56363884  0.64257425  0.23322186 -0.16927012  0.57238091
 -0.17444764  0.41631793 -0.61552195  0.1204555   0.34365671 -0.62716182
 -0.00868613 -0.22908463  0.07108242 -0.29727914  0.27721886 -0.4886671
 -0.3003047  -0.82407128 -0.50218454 -0.22675241 -0.1974865 ]
3519,[ 0.20383062  0.1062103  -0.1003672   0.13361239  0.37142334  0.08740202
 -0.04191495  0.64874458  0.34918583 -0.53024715 -0.04503723 -0.11732828
  0.17933832  0.43257239 -0.32601447  0.23208441 -0.10787057 -0.62021482
  0.10293416  0.14538348 -0.46994842  0.20525969  0.26099008 -0.6453416
 -0.01843811  0.38287495  0.02648899  0.03841051 -0.55134261  0.53442503
  0.55328629  0.56363943  0.64257525  0.2332219  -0.16926927  0.57238115
 -0.17444856  0.41631732 -0.61552156  0.1204545   0.34365693 -0.62716014
 -0.00868806 -0.22908479  0.07108128 -0.29727948  0.27722008 -0.48866438
 -0.30030625 -0.82407109 -0.50218517 -0.22675218 -0.19748694]
3520,[ 0.20383222  0.10621095 -0.10037131  0.13361328  0.37142426  0.08740104
 -0.04191351  0.64874305  0.34918425 -0.53024648 -0.04503699 -0.11732656
  0.17933747  0.43257401 -0.32601452  0.23208576 -0.10786972 -0.62021431
  0.10293325  0.14538445 -0.46994856  0.20525883  0.26098979 -0.64534296
 -0.0184395   0.38287428  0.02649149  0.03840968 -0.55134371  0.53442729
  0.55328411  0.56364002  0.64257626  0.23322194 -0.16926843  0.57238139
 -0.17444949  0.41631671 -0.61552118  0.12045351  0.34365716 -0.62715847
 -0.00868999 -0.22908496  0.07108014 -0.29727982  0.2772213  -0.48866166
 -0.30030781 -0.8240709  -0.5021858  -0.22675194 -0.19748739]
3521,[ 0.20383383  0.1062116  -0.10037541  0.13361417  0.37142517  0.08740006
 -0.04191207  0.64874151  0.34918266 -0.53024581 -0.04503676 -0.11732483
  0.17933662  0.43257562 -0.32601456  0.23208711 -0.10786886 -0.6202138
  0.10293234  0.14538541 -0.4699487   0.20525797  0.2609895  -0.64534431
 -0.0184409   0.38287361  0.02649399  0.03840884 -0.55134481  0.53442956
  0.55328193  0.56364061  0.64257726  0.23322198 -0.16926758  0.57238162
 -0.17445041  0.4163161  -0.61552079  0.12045252  0.34365738 -0.6271568
 -0.00869192 -0.22908512  0.071079   -0.29728015  0.27722251 -0.48865894
 -0.30030936 -0.82407071 -0.50218643 -0.22675171 -0.19748783]
3522,[ 0.20383543  0.10621224 -0.10037951  0.13361505  0.37142609  0.08739908
 -0.04191063  0.64873998  0.34918108 -0.53024515 -0.04503653 -0.11732312
  0.17933577  0.43257724 -0.32601461  0.23208846 -0.10786801 -0.62021329
  0.10293144  0.14538637 -0.46994884  0.20525712  0.26098921 -0.64534566
 -0.01844228  0.38287294  0.02649648  0.03840801 -0.55134592  0.53443182
  0.55327976  0.56364119  0.64257826  0.23322202 -0.16926674  0.57238186
 -0.17445133  0.41631549 -0.6155204   0.12045153  0.3436576  -0.62715513
 -0.00869384 -0.22908529  0.07107786 -0.29728049  0.27722373 -0.48865623
 -0.30031091 -0.82407052 -0.50218706 -0.22675147 -0.19748828]
3523,[ 0.20383703  0.10621288 -0.10038361  0.13361594  0.371427    0.0873981
 -0.0419092   0.64873845  0.3491795  -0.53024448 -0.0450363  -0.1173214
  0.17933492  0.43257885 -0.32601466  0.2320898  -0.10786716 -0.62021277
  0.10293053  0.14538733 -0.46994898  0.20525626  0.26098892 -0.64534701
 -0.01844367  0.38287228  0.02649897  0.03840718 -0.55134702  0.53443408
  0.55327758  0.56364178  0.64257926  0.23322206 -0.16926589  0.5723821
 -0.17445224  0.41631488 -0.61552001  0.12045055  0.34365782 -0.62715346
 -0.00869576 -0.22908545  0.07107673 -0.29728082  0.27722494 -0.48865352
 -0.30031246 -0.82407033 -0.50218769 -0.22675124 -0.19748872]
3524,[ 0.20383862  0.10621353 -0.1003877   0.13361682  0.37142791  0.08739712
 -0.04190776  0.64873692  0.34917792 -0.53024381 -0.04503607 -0.11731968
  0.17933408  0.43258046 -0.32601471  0.23209115 -0.1078663  -0.62021226
  0.10292962  0.14538829 -0.46994912  0.2052554   0.26098864 -0.64534835
 -0.01844506  0.38287161  0.02650146  0.03840634 -0.55134811  0.53443634
  0.55327541  0.56364237  0.64258026  0.23322211 -0.16926505  0.57238233
 -0.17445316  0.41631428 -0.61551963  0.12044956  0.34365804 -0.6271518
 -0.00869768 -0.22908561  0.0710756  -0.29728116  0.27722616 -0.48865081
 -0.30031401 -0.82407015 -0.50218832 -0.226751   -0.19748916]
3525,[ 0.20384022  0.10621417 -0.10039179  0.13361771  0.37142882  0.08739614
 -0.04190633  0.6487354   0.34917634 -0.53024315 -0.04503583 -0.11731797
  0.17933323  0.43258207 -0.32601476  0.23209249 -0.10786545 -0.62021175
  0.10292872  0.14538925 -0.46994926  0.20525455  0.26098835 -0.6453497
 -0.01844644  0.38287094  0.02650395  0.03840551 -0.55134921  0.53443859
  0.55327324  0.56364295  0.64258125  0.23322215 -0.16926421  0.57238257
 -0.17445408  0.41631367 -0.61551924  0.12044857  0.34365826 -0.62715013
 -0.0086996  -0.22908578  0.07107446 -0.29728149  0.27722737 -0.48864811
 -0.30031555 -0.82406996 -0.50218895 -0.22675077 -0.19748961]
3526,[ 0.20384181  0.10621481 -0.10039587  0.13361859  0.37142974  0.08739517
 -0.0419049   0.64873387  0.34917477 -0.53024249 -0.0450356  -0.11731626
  0.17933239  0.43258368 -0.32601481  0.23209383 -0.1078646  -0.62021125
  0.10292781  0.1453902  -0.4699494   0.20525369  0.26098806 -0.64535104
 -0.01844783  0.38287028  0.02650643  0.03840468 -0.55135031  0.53444084
  0.55327108  0.56364354  0.64258225  0.23322219 -0.16926337  0.57238281
 -0.17445499  0.41631306 -0.61551886  0.12044759  0.34365848 -0.62714847
 -0.00870151 -0.22908594  0.07107333 -0.29728182  0.27722858 -0.48864541
 -0.3003171  -0.82406977 -0.50218958 -0.22675053 -0.19749005]
3527,[ 0.2038434   0.10621545 -0.10039995  0.13361947  0.37143064  0.08739419
 -0.04190347  0.64873235  0.34917319 -0.53024182 -0.04503537 -0.11731455
  0.17933155  0.43258529 -0.32601486  0.23209517 -0.10786376 -0.62021074
  0.10292691  0.14539116 -0.46994954  0.20525284  0.26098777 -0.64535239
 -0.01844921  0.38286961  0.02650891  0.03840385 -0.55135141  0.53444309
  0.55326891  0.56364412  0.64258324  0.23322223 -0.16926253  0.57238304
 -0.17445591  0.41631246 -0.61551847  0.12044661  0.3436587  -0.62714681
 -0.00870342 -0.2290861   0.0710722  -0.29728216  0.27722979 -0.48864271
 -0.30031864 -0.82406959 -0.5021902  -0.2267503  -0.19749049]
3528,[ 0.20384499  0.10621609 -0.10040402  0.13362035  0.37143155  0.08739322
 -0.04190204  0.64873082  0.34917162 -0.53024116 -0.04503514 -0.11731284
  0.1793307   0.43258689 -0.32601491  0.23209651 -0.10786291 -0.62021023
  0.10292601  0.14539211 -0.46994967  0.20525199  0.26098748 -0.64535373
 -0.01845059  0.38286895  0.02651139  0.03840302 -0.5513525   0.53444534
  0.55326675  0.56364471  0.64258424  0.23322227 -0.16926169  0.57238328
 -0.17445682  0.41631185 -0.61551809  0.12044562  0.34365893 -0.62714515
 -0.00870533 -0.22908627  0.07107107 -0.29728249  0.27723099 -0.48864001
 -0.30032018 -0.8240694  -0.50219083 -0.22675007 -0.19749093]
3529,[ 0.20384658  0.10621673 -0.10040809  0.13362123  0.37143246  0.08739225
 -0.04190062  0.6487293   0.34917005 -0.5302405  -0.04503491 -0.11731114
  0.17932986  0.43258849 -0.32601496  0.23209784 -0.10786206 -0.62020972
  0.10292511  0.14539306 -0.46994981  0.20525114  0.2609872  -0.64535507
 -0.01845196  0.38286828  0.02651386  0.0384022  -0.55135359  0.53444758
  0.55326459  0.56364529  0.64258523  0.23322231 -0.16926085  0.57238351
 -0.17445773  0.41631125 -0.6155177   0.12044464  0.34365915 -0.6271435
 -0.00870724 -0.22908643  0.07106994 -0.29728282  0.2772322  -0.48863732
 -0.30032172 -0.82406921 -0.50219145 -0.22674983 -0.19749137]
3530,[ 0.20384817  0.10621737 -0.10041216  0.13362211  0.37143337  0.08739127
 -0.04189919  0.64872778  0.34916848 -0.53023984 -0.04503468 -0.11730943
  0.17932902  0.43259009 -0.32601501  0.23209918 -0.10786121 -0.62020921
  0.10292421  0.14539402 -0.46994995  0.20525029  0.26098691 -0.64535641
 -0.01845334  0.38286762  0.02651634  0.03840137 -0.55135468  0.53444983
  0.55326243  0.56364588  0.64258622  0.23322235 -0.16926002  0.57238375
 -0.17445865  0.41631064 -0.61551732  0.12044366  0.34365936 -0.62714184
 -0.00870915 -0.22908659  0.07106882 -0.29728316  0.27723341 -0.48863463
 -0.30032326 -0.82406903 -0.50219208 -0.2267496  -0.19749181]
3531,[ 0.20384975  0.106218   -0.10041622  0.13362298  0.37143427  0.0873903
 -0.04189777  0.64872627  0.34916692 -0.53023918 -0.04503445 -0.11730773
  0.17932818  0.43259169 -0.32601506  0.23210051 -0.10786037 -0.62020871
  0.10292331  0.14539497 -0.46995009  0.20524944  0.26098662 -0.64535774
 -0.01845472  0.38286696  0.02651881  0.03840054 -0.55135577  0.53445206
  0.55326028  0.56364646  0.64258721  0.23322239 -0.16925918  0.57238398
 -0.17445956  0.41631004 -0.61551694  0.12044268  0.34365958 -0.62714019
 -0.00871105 -0.22908675  0.07106769 -0.29728349  0.27723461 -0.48863195
 -0.30032479 -0.82406884 -0.5021927  -0.22674937 -0.19749225]
3532,[ 0.20385133  0.10621864 -0.10042027  0.13362386  0.37143518  0.08738933
 -0.04189635  0.64872475  0.34916535 -0.53023852 -0.04503422 -0.11730603
  0.17932735  0.43259329 -0.32601511  0.23210185 -0.10785953 -0.6202082
  0.10292241  0.14539592 -0.46995023  0.20524859  0.26098634 -0.64535908
 -0.01845609  0.3828663   0.02652127  0.03839972 -0.55135686  0.5344543
  0.55325813  0.56364704  0.6425882   0.23322244 -0.16925835  0.57238422
 -0.17446047  0.41630944 -0.61551656  0.12044171  0.3436598  -0.62713854
 -0.00871296 -0.22908692  0.07106657 -0.29728382  0.27723581 -0.48862926
 -0.30032632 -0.82406865 -0.50219332 -0.22674914 -0.19749269]
3533,[ 0.20385291  0.10621928 -0.10042432  0.13362473  0.37143608  0.08738836
 -0.04189493  0.64872324  0.34916379 -0.53023786 -0.04503399 -0.11730433
  0.17932651  0.43259489 -0.32601516  0.23210318 -0.10785868 -0.6202077
  0.10292151  0.14539687 -0.46995037  0.20524774  0.26098605 -0.64536041
 -0.01845746  0.38286564  0.02652374  0.0383989  -0.55135795  0.53445654
  0.55325598  0.56364762  0.64258919  0.23322248 -0.16925751  0.57238445
 -0.17446137  0.41630884 -0.61551617  0.12044073  0.34366002 -0.62713689
 -0.00871485 -0.22908708  0.07106545 -0.29728415  0.27723701 -0.48862658
 -0.30032786 -0.82406847 -0.50219395 -0.2267489  -0.19749312]
3534,[ 0.20385449  0.10621991 -0.10042837  0.13362561  0.37143698  0.0873874
 -0.04189351  0.64872173  0.34916223 -0.53023721 -0.04503376 -0.11730264
  0.17932567  0.43259648 -0.3260152   0.2321045  -0.10785784 -0.62020719
  0.10292062  0.14539781 -0.46995051  0.2052469   0.26098577 -0.64536174
 -0.01845883  0.38286498  0.0265262   0.03839807 -0.55135904  0.53445877
  0.55325383  0.5636482   0.64259018  0.23322252 -0.16925668  0.57238469
 -0.17446228  0.41630824 -0.61551579  0.12043975  0.34366024 -0.62713524
 -0.00871675 -0.22908724  0.07106433 -0.29728448  0.27723821 -0.48862391
 -0.30032939 -0.82406828 -0.50219457 -0.22674867 -0.19749356]
3535,[ 0.20385607  0.10622055 -0.10043241  0.13362648  0.37143788  0.08738643
 -0.04189209  0.64872022  0.34916067 -0.53023655 -0.04503354 -0.11730094
  0.17932484  0.43259807 -0.32601525  0.23210583 -0.107857   -0.62020669
  0.10291972  0.14539876 -0.46995064  0.20524605  0.26098548 -0.64536307
 -0.0184602   0.38286432  0.02652865  0.03839725 -0.55136012  0.534461
  0.55325169  0.56364878  0.64259116  0.23322256 -0.16925585  0.57238492
 -0.17446319  0.41630764 -0.61551541  0.12043878  0.34366046 -0.6271336
 -0.00871865 -0.2290874   0.07106321 -0.29728481  0.27723941 -0.48862123
 -0.30033091 -0.8240681  -0.50219519 -0.22674844 -0.197494  ]
3536,[ 0.20385765  0.10622118 -0.10043645  0.13362735  0.37143878  0.08738547
 -0.04189068  0.64871871  0.34915911 -0.53023589 -0.04503331 -0.11729925
  0.179324    0.43259966 -0.3260153   0.23210716 -0.10785616 -0.62020619
  0.10291883  0.14539971 -0.46995078  0.20524521  0.2609852  -0.6453644
 -0.01846157  0.38286366  0.02653111  0.03839643 -0.55136121  0.53446322
  0.55324954  0.56364936  0.64259215  0.2332226  -0.16925502  0.57238515
 -0.17446409  0.41630704 -0.61551503  0.1204378   0.34366068 -0.62713195
 -0.00872054 -0.22908756  0.07106209 -0.29728514  0.27724061 -0.48861856
 -0.30033244 -0.82406791 -0.50219581 -0.22674821 -0.19749444]
3537,[ 0.20385922  0.10622181 -0.10044048  0.13362822  0.37143968  0.0873845
 -0.04188927  0.6487172   0.34915756 -0.53023524 -0.04503308 -0.11729756
  0.17932317  0.43260125 -0.32601535  0.23210848 -0.10785532 -0.62020568
  0.10291794  0.14540065 -0.46995092  0.20524436  0.26098491 -0.64536573
 -0.01846293  0.382863    0.02653356  0.03839561 -0.55136229  0.53446545
  0.5532474   0.56364994  0.64259313  0.23322264 -0.16925419  0.57238539
 -0.174465    0.41630644 -0.61551465  0.12043683  0.3436609  -0.62713031
 -0.00872243 -0.22908772  0.07106097 -0.29728547  0.2772418  -0.48861589
 -0.30033397 -0.82406773 -0.50219643 -0.22674798 -0.19749487]
3538,[ 0.20386079  0.10622245 -0.10044451  0.13362909  0.37144058  0.08738354
 -0.04188785  0.6487157   0.349156   -0.53023458 -0.04503285 -0.11729587
  0.17932234  0.43260284 -0.3260154   0.23210981 -0.10785448 -0.62020518
  0.10291705  0.14540159 -0.46995106  0.20524352  0.26098463 -0.64536706
 -0.0184643   0.38286235  0.02653601  0.03839479 -0.55136337  0.53446767
  0.55324527  0.56365051  0.64259411  0.23322268 -0.16925336  0.57238562
 -0.1744659   0.41630584 -0.61551427  0.12043586  0.34366111 -0.62712867
 -0.00872432 -0.22908788  0.07105985 -0.2972858   0.277243   -0.48861323
 -0.30033549 -0.82406754 -0.50219705 -0.22674775 -0.19749531]
3539,[ 0.20386236  0.10622308 -0.10044853  0.13362996  0.37144148  0.08738258
 -0.04188644  0.64871419  0.34915445 -0.53023393 -0.04503262 -0.11729419
  0.1793215   0.43260442 -0.32601545  0.23211113 -0.10785364 -0.62020468
  0.10291615  0.14540254 -0.46995119  0.20524268  0.26098435 -0.64536838
 -0.01846566  0.38286169  0.02653846  0.03839397 -0.55136446  0.53446989
  0.55324313  0.56365109  0.64259509  0.23322272 -0.16925253  0.57238585
 -0.1744668   0.41630524 -0.61551389  0.12043489  0.34366133 -0.62712703
 -0.00872621 -0.22908805  0.07105874 -0.29728613  0.27724419 -0.48861057
 -0.30033701 -0.82406736 -0.50219767 -0.22674752 -0.19749574]
3540,[ 0.20386393  0.10622371 -0.10045255  0.13363083  0.37144238  0.08738161
 -0.04188503  0.64871269  0.3491529  -0.53023328 -0.0450324  -0.1172925
  0.17932067  0.432606   -0.3260155   0.23211245 -0.10785281 -0.62020418
  0.10291526  0.14540348 -0.46995133  0.20524184  0.26098406 -0.64536971
 -0.01846702  0.38286104  0.0265409   0.03839316 -0.55136553  0.5344721
  0.553241    0.56365167  0.64259608  0.23322276 -0.1692517   0.57238608
 -0.1744677   0.41630465 -0.61551351  0.12043392  0.34366155 -0.6271254
 -0.00872809 -0.22908821  0.07105763 -0.29728646  0.27724538 -0.48860791
 -0.30033853 -0.82406717 -0.50219828 -0.22674729 -0.19749618]
3541,[ 0.2038655   0.10622434 -0.10045657  0.1336317   0.37144327  0.08738066
 -0.04188363  0.64871119  0.34915135 -0.53023262 -0.04503217 -0.11729082
  0.17931984  0.43260758 -0.32601555  0.23211377 -0.10785197 -0.62020368
  0.10291438  0.14540442 -0.46995147  0.205241    0.26098378 -0.64537103
 -0.01846838  0.38286038  0.02654335  0.03839234 -0.55136661  0.53447432
  0.55323887  0.56365224  0.64259705  0.2332228  -0.16925088  0.57238632
 -0.1744686   0.41630405 -0.61551313  0.12043295  0.34366177 -0.62712376
 -0.00872998 -0.22908837  0.07105651 -0.29728679  0.27724657 -0.48860525
 -0.30034005 -0.82406699 -0.5021989  -0.22674706 -0.19749661]
3542,[ 0.20386706  0.10622497 -0.10046058  0.13363256  0.37144416  0.0873797
 -0.04188222  0.64870969  0.3491498  -0.53023197 -0.04503194 -0.11728914
  0.17931901  0.43260916 -0.32601559  0.23211508 -0.10785114 -0.62020318
  0.10291349  0.14540536 -0.46995161  0.20524016  0.2609835  -0.64537235
 -0.01846974  0.38285973  0.02654578  0.03839153 -0.55136769  0.53447653
  0.55323674  0.56365282  0.64259803  0.23322284 -0.16925005  0.57238655
 -0.1744695   0.41630345 -0.61551275  0.12043199  0.34366198 -0.62712213
 -0.00873186 -0.22908853  0.0710554  -0.29728712  0.27724776 -0.4886026
 -0.30034157 -0.82406681 -0.50219952 -0.22674683 -0.19749705]
3543,[ 0.20386862  0.1062256  -0.10046458  0.13363343  0.37144506  0.08737874
 -0.04188082  0.6487082   0.34914826 -0.53023132 -0.04503172 -0.11728746
  0.17931819  0.43261074 -0.32601564  0.2321164  -0.1078503  -0.62020268
  0.1029126   0.1454063  -0.46995174  0.20523932  0.26098321 -0.64537367
 -0.0184711   0.38285908  0.02654822  0.03839071 -0.55136877  0.53447874
  0.55323462  0.56365339  0.64259901  0.23322288 -0.16924923  0.57238678
 -0.1744704   0.41630286 -0.61551238  0.12043102  0.3436622  -0.6271205
 -0.00873374 -0.22908869  0.07105429 -0.29728744  0.27724895 -0.48859995
 -0.30034308 -0.82406662 -0.50220013 -0.2267466  -0.19749748]
3544,[ 0.20387019  0.10622623 -0.10046858  0.13363429  0.37144595  0.08737778
 -0.04187942  0.6487067   0.34914671 -0.53023067 -0.04503149 -0.11728578
  0.17931736  0.43261232 -0.32601569  0.23211771 -0.10784947 -0.62020218
  0.10291172  0.14540723 -0.46995188  0.20523849  0.26098293 -0.64537498
 -0.01847245  0.38285842  0.02655065  0.0383899  -0.55136984  0.53448095
  0.55323249  0.56365397  0.64259999  0.23322293 -0.1692484   0.57238701
 -0.1744713   0.41630227 -0.615512    0.12043006  0.34366242 -0.62711887
 -0.00873561 -0.22908885  0.07105318 -0.29728777  0.27725013 -0.4885973
 -0.30034459 -0.82406644 -0.50220075 -0.22674637 -0.19749791]
3545,[ 0.20387175  0.10622685 -0.10047258  0.13363516  0.37144684  0.08737683
 -0.04187802  0.64870521  0.34914517 -0.53023002 -0.04503126 -0.11728411
  0.17931653  0.43261389 -0.32601574  0.23211903 -0.10784864 -0.62020168
  0.10291083  0.14540817 -0.46995202  0.20523765  0.26098265 -0.6453763
 -0.0184738   0.38285777  0.02655308  0.03838908 -0.55137091  0.53448315
  0.55323037  0.56365454  0.64260096  0.23322297 -0.16924758  0.57238724
 -0.17447219  0.41630167 -0.61551162  0.12042909  0.34366263 -0.62711724
 -0.00873749 -0.22908901  0.07105208 -0.2972881   0.27725132 -0.48859466
 -0.3003461  -0.82406626 -0.50220136 -0.22674614 -0.19749835]
3546,[ 0.2038733   0.10622748 -0.10047657  0.13363602  0.37144773  0.08737587
 -0.04187662  0.64870372  0.34914363 -0.53022937 -0.04503104 -0.11728243
  0.17931571  0.43261546 -0.32601579  0.23212034 -0.10784781 -0.62020118
  0.10290995  0.1454091  -0.46995215  0.20523681  0.26098237 -0.64537761
 -0.01847516  0.38285712  0.02655551  0.03838827 -0.55137199  0.53448535
  0.55322825  0.56365511  0.64260193  0.23322301 -0.16924676  0.57238747
 -0.17447309  0.41630108 -0.61551124  0.12042813  0.34366285 -0.62711562
 -0.00873936 -0.22908917  0.07105097 -0.29728842  0.2772525  -0.48859202
 -0.30034761 -0.82406607 -0.50220197 -0.22674591 -0.19749878]
3547,[ 0.20387486  0.10622811 -0.10048056  0.13363688  0.37144862  0.08737492
 -0.04187522  0.64870223  0.34914209 -0.53022873 -0.04503081 -0.11728076
  0.17931488  0.43261703 -0.32601584  0.23212165 -0.10784698 -0.62020069
  0.10290906  0.14541004 -0.46995229  0.20523598  0.26098209 -0.64537893
 -0.01847651  0.38285647  0.02655794  0.03838746 -0.55137306  0.53448755
  0.55322614  0.56365568  0.64260291  0.23322305 -0.16924594  0.5723877
 -0.17447398  0.41630049 -0.61551087  0.12042717  0.34366306 -0.627114
 -0.00874123 -0.22908933  0.07104987 -0.29728875  0.27725368 -0.48858938
 -0.30034912 -0.82406589 -0.50220259 -0.22674568 -0.19749921]
3548,[ 0.20387641  0.10622873 -0.10048454  0.13363774  0.37144951  0.08737397
 -0.04187382  0.64870074  0.34914055 -0.53022808 -0.04503059 -0.11727909
  0.17931406  0.4326186  -0.32601588  0.23212295 -0.10784615 -0.62020019
  0.10290818  0.14541097 -0.46995242  0.20523515  0.26098181 -0.64538024
 -0.01847786  0.38285582  0.02656036  0.03838665 -0.55137413  0.53448975
  0.55322402  0.56365625  0.64260388  0.23322309 -0.16924512  0.57238793
 -0.17447488  0.4162999  -0.61551049  0.12042621  0.34366328 -0.62711238
 -0.0087431  -0.22908949  0.07104876 -0.29728908  0.27725486 -0.48858675
 -0.30035063 -0.82406571 -0.5022032  -0.22674545 -0.19749964]
3549,[ 0.20387797  0.10622936 -0.10048852  0.1336386   0.3714504   0.08737302
 -0.04187243  0.64869925  0.34913902 -0.53022743 -0.04503036 -0.11727742
  0.17931324  0.43262017 -0.32601593  0.23212426 -0.10784532 -0.62019969
  0.1029073   0.1454119  -0.46995256  0.20523432  0.26098153 -0.64538155
 -0.0184792   0.38285517  0.02656278  0.03838584 -0.5513752   0.53449194
  0.55322191  0.56365682  0.64260485  0.23322313 -0.1692443   0.57238816
 -0.17447577  0.41629931 -0.61551012  0.12042525  0.34366349 -0.62711076
 -0.00874496 -0.22908964  0.07104766 -0.2972894   0.27725604 -0.48858411
 -0.30035213 -0.82406552 -0.50220381 -0.22674523 -0.19750007]
3550,[ 0.20387952  0.10622998 -0.10049249  0.13363946  0.37145128  0.08737206
 -0.04187104  0.64869777  0.34913749 -0.53022679 -0.04503014 -0.11727576
  0.17931242  0.43262173 -0.32601598  0.23212557 -0.1078445  -0.6201992
  0.10290642  0.14541283 -0.4699527   0.20523348  0.26098125 -0.64538286
 -0.01848055  0.38285453  0.0265652   0.03838504 -0.55137626  0.53449414
  0.5532198   0.56365739  0.64260582  0.23322317 -0.16924348  0.57238839
 -0.17447666  0.41629872 -0.61550974  0.12042429  0.34366371 -0.62710914
 -0.00874683 -0.2290898   0.07104656 -0.29728973  0.27725722 -0.48858149
 -0.30035363 -0.82406534 -0.50220442 -0.226745   -0.1975005 ]
3551,[ 0.20388107  0.1062306  -0.10049646  0.13364031  0.37145217  0.08737112
 -0.04186965  0.64869628  0.34913595 -0.53022614 -0.04502991 -0.1172741
  0.1793116   0.4326233  -0.32601603  0.23212687 -0.10784367 -0.6201987
  0.10290554  0.14541376 -0.46995283  0.20523265  0.26098097 -0.64538416
 -0.01848189  0.38285388  0.02656761  0.03838423 -0.55137733  0.53449632
  0.5532177   0.56365796  0.64260679  0.23322321 -0.16924266  0.57238862
 -0.17447755  0.41629813 -0.61550937  0.12042333  0.34366392 -0.62710752
 -0.00874869 -0.22908996  0.07104546 -0.29729005  0.2772584  -0.48857886
 -0.30035514 -0.82406516 -0.50220503 -0.22674477 -0.19750093]
3552,[ 0.20388261  0.10623123 -0.10050043  0.13364117  0.37145305  0.08737017
 -0.04186826  0.6486948   0.34913442 -0.5302255  -0.04502969 -0.11727243
  0.17931078  0.43262486 -0.32601608  0.23212817 -0.10784284 -0.62019821
  0.10290466  0.14541469 -0.46995297  0.20523182  0.26098069 -0.64538547
 -0.01848324  0.38285323  0.02657002  0.03838342 -0.55137839  0.53449851
  0.55321559  0.56365853  0.64260775  0.23322325 -0.16924185  0.57238885
 -0.17447844  0.41629754 -0.61550899  0.12042238  0.34366414 -0.62710591
 -0.00875055 -0.22909012  0.07104436 -0.29729037  0.27725957 -0.48857624
 -0.30035663 -0.82406498 -0.50220564 -0.22674454 -0.19750136]
3553,[ 0.20388416  0.10623185 -0.10050439  0.13364203  0.37145394  0.08736922
 -0.04186687  0.64869332  0.3491329  -0.53022485 -0.04502946 -0.11727077
  0.17930996  0.43262642 -0.32601612  0.23212947 -0.10784202 -0.62019771
  0.10290379  0.14541562 -0.4699531   0.205231    0.26098041 -0.64538677
 -0.01848458  0.38285259  0.02657243  0.03838262 -0.55137946  0.5345007
  0.55321349  0.5636591   0.64260872  0.23322329 -0.16924103  0.57238908
 -0.17447933  0.41629695 -0.61550862  0.12042142  0.34366435 -0.6271043
 -0.0087524  -0.22909028  0.07104326 -0.2972907   0.27726075 -0.48857362
 -0.30035813 -0.8240648  -0.50220625 -0.22674432 -0.19750179]
3554,[ 0.2038857   0.10623247 -0.10050835  0.13364288  0.37145482  0.08736827
 -0.04186548  0.64869185  0.34913137 -0.53022421 -0.04502924 -0.11726911
  0.17930914  0.43262798 -0.32601617  0.23213077 -0.1078412  -0.62019722
  0.10290291  0.14541655 -0.46995324  0.20523017  0.26098013 -0.64538808
 -0.01848592  0.38285194  0.02657484  0.03838181 -0.55138052  0.53450288
  0.55321139  0.56365967  0.64260969  0.23322333 -0.16924022  0.57238931
 -0.17448021  0.41629636 -0.61550825  0.12042047  0.34366457 -0.62710269
 -0.00875426 -0.22909044  0.07104217 -0.29729102  0.27726192 -0.488571
 -0.30035963 -0.82406462 -0.50220685 -0.22674409 -0.19750222]
3555,[ 0.20388724  0.10623309 -0.1005123   0.13364373  0.3714557   0.08736733
 -0.0418641   0.64869037  0.34912985 -0.53022357 -0.04502902 -0.11726746
  0.17930832  0.43262953 -0.32601622  0.23213207 -0.10784037 -0.62019673
  0.10290204  0.14541747 -0.46995337  0.20522934  0.26097985 -0.64538938
 -0.01848726  0.3828513   0.02657724  0.03838101 -0.55138158  0.53450506
  0.5532093   0.56366023  0.64261065  0.23322337 -0.1692394   0.57238954
 -0.1744811   0.41629578 -0.61550787  0.12041951  0.34366478 -0.62710108
 -0.00875611 -0.2290906   0.07104107 -0.29729135  0.27726309 -0.48856838
 -0.30036112 -0.82406443 -0.50220746 -0.22674386 -0.19750264]
3556,[ 0.20388878  0.10623371 -0.10051624  0.13364459  0.37145658  0.08736639
 -0.04186271  0.64868889  0.34912832 -0.53022293 -0.04502879 -0.1172658
  0.17930751  0.43263109 -0.32601627  0.23213337 -0.10783955 -0.62019624
  0.10290116  0.1454184  -0.46995351  0.20522852  0.26097957 -0.64539068
 -0.01848859  0.38285066  0.02657964  0.03838021 -0.55138264  0.53450723
  0.5532072   0.5636608   0.64261161  0.23322341 -0.16923859  0.57238977
 -0.17448199  0.41629519 -0.6155075   0.12041856  0.34366499 -0.62709947
 -0.00875796 -0.22909075  0.07103998 -0.29729167  0.27726426 -0.48856577
 -0.30036262 -0.82406425 -0.50220807 -0.22674364 -0.19750307]
3557,[ 0.20389032  0.10623433 -0.10052019  0.13364544  0.37145746  0.08736544
 -0.04186133  0.64868742  0.3491268  -0.53022229 -0.04502857 -0.11726415
  0.17930669  0.43263264 -0.32601631  0.23213466 -0.10783873 -0.62019574
  0.10290029  0.14541932 -0.46995364  0.20522769  0.26097929 -0.64539197
 -0.01848993  0.38285001  0.02658204  0.0383794  -0.5513837   0.53450941
  0.55320511  0.56366137  0.64261257  0.23322345 -0.16923778  0.57239
 -0.17448287  0.4162946  -0.61550713  0.12041761  0.34366521 -0.62709787
 -0.00875981 -0.22909091  0.07103889 -0.29729199  0.27726543 -0.48856317
 -0.30036411 -0.82406407 -0.50220867 -0.22674341 -0.1975035 ]
3558,[ 0.20389186  0.10623495 -0.10052413  0.13364629  0.37145834  0.0873645
 -0.04185995  0.64868595  0.34912528 -0.53022165 -0.04502835 -0.1172625
  0.17930588  0.43263419 -0.32601636  0.23213596 -0.10783791 -0.62019525
  0.10289942  0.14542024 -0.46995378  0.20522687  0.26097902 -0.64539327
 -0.01849126  0.38284937  0.02658443  0.0383786  -0.55138476  0.53451158
  0.55320302  0.56366193  0.64261353  0.23322349 -0.16923697  0.57239022
 -0.17448375  0.41629402 -0.61550676  0.12041666  0.34366542 -0.62709626
 -0.00876166 -0.22909107  0.07103779 -0.29729231  0.2772666  -0.48856056
 -0.3003656  -0.82406389 -0.50220928 -0.22674319 -0.19750392]
3559,[ 0.20389339  0.10623557 -0.10052806  0.13364714  0.37145921  0.08736356
 -0.04185857  0.64868448  0.34912376 -0.53022101 -0.04502812 -0.11726085
  0.17930506  0.43263574 -0.32601641  0.23213725 -0.10783709 -0.62019476
  0.10289855  0.14542116 -0.46995391  0.20522605  0.26097874 -0.64539457
 -0.01849259  0.38284873  0.02658683  0.0383778  -0.55138582  0.53451375
  0.55320093  0.56366249  0.64261449  0.23322353 -0.16923616  0.57239045
 -0.17448464  0.41629344 -0.61550639  0.12041571  0.34366563 -0.62709466
 -0.0087635  -0.22909123  0.0710367  -0.29729263  0.27726776 -0.48855796
 -0.30036708 -0.82406371 -0.50220988 -0.22674296 -0.19750435]
3560,[ 0.20389493  0.10623618 -0.10053199  0.13364799  0.37146009  0.08736262
 -0.0418572   0.64868301  0.34912225 -0.53022037 -0.0450279  -0.1172592
  0.17930425  0.43263729 -0.32601646  0.23213854 -0.10783628 -0.62019427
  0.10289768  0.14542208 -0.46995404  0.20522522  0.26097846 -0.64539586
 -0.01849393  0.38284809  0.02658922  0.03837701 -0.55138687  0.53451592
  0.55319885  0.56366306  0.64261545  0.23322357 -0.16923535  0.57239068
 -0.17448552  0.41629285 -0.61550602  0.12041477  0.34366584 -0.62709306
 -0.00876535 -0.22909138  0.07103562 -0.29729296  0.27726893 -0.48855536
 -0.30036857 -0.82406353 -0.50221049 -0.22674274 -0.19750477]
3561,[ 0.20389646  0.1062368  -0.10053591  0.13364883  0.37146097  0.08736168
 -0.04185582  0.64868154  0.34912073 -0.53021973 -0.04502768 -0.11725756
  0.17930344  0.43263883 -0.32601651  0.23213983 -0.10783546 -0.62019378
  0.10289681  0.145423   -0.46995418  0.2052244   0.26097818 -0.64539715
 -0.01849525  0.38284745  0.0265916   0.03837621 -0.55138793  0.53451808
  0.55319676  0.56366362  0.64261641  0.23322361 -0.16923454  0.57239091
 -0.1744864   0.41629227 -0.61550565  0.12041382  0.34366606 -0.62709146
 -0.00876719 -0.22909154  0.07103453 -0.29729328  0.27727009 -0.48855276
 -0.30037005 -0.82406335 -0.50221109 -0.22674251 -0.1975052 ]
3562,[ 0.20389799  0.10623742 -0.10053983  0.13364968  0.37146184  0.08736075
 -0.04185445  0.64868008  0.34911922 -0.53021909 -0.04502746 -0.11725592
  0.17930263  0.43264038 -0.32601655  0.23214111 -0.10783464 -0.62019329
  0.10289594  0.14542392 -0.46995431  0.20522358  0.26097791 -0.64539844
 -0.01849658  0.38284681  0.02659399  0.03837541 -0.55138898  0.53452025
  0.55319468  0.56366418  0.64261737  0.23322365 -0.16923374  0.57239113
 -0.17448728  0.41629169 -0.61550528  0.12041287  0.34366627 -0.62708987
 -0.00876903 -0.2290917   0.07103344 -0.2972936   0.27727125 -0.48855017
 -0.30037154 -0.82406317 -0.50221169 -0.22674229 -0.19750562]
3563,[ 0.20389952  0.10623803 -0.10054375  0.13365053  0.37146271  0.08735981
 -0.04185307  0.64867862  0.34911771 -0.53021846 -0.04502724 -0.11725427
  0.17930182  0.43264192 -0.3260166   0.2321424  -0.10783383 -0.62019281
  0.10289507  0.14542484 -0.46995445  0.20522276  0.26097763 -0.64539973
 -0.01849791  0.38284617  0.02659637  0.03837461 -0.55139003  0.53452241
  0.55319261  0.56366474  0.64261832  0.23322369 -0.16923293  0.57239136
 -0.17448815  0.41629111 -0.61550491  0.12041193  0.34366648 -0.62708827
 -0.00877086 -0.22909185  0.07103236 -0.29729392  0.27727241 -0.48854758
 -0.30037302 -0.82406299 -0.50221229 -0.22674206 -0.19750605]
3564,[ 0.20390104  0.10623864 -0.10054766  0.13365137  0.37146359  0.08735887
 -0.0418517   0.64867715  0.3491162  -0.53021782 -0.04502702 -0.11725264
  0.17930101  0.43264346 -0.32601665  0.23214369 -0.10783301 -0.62019232
  0.10289421  0.14542576 -0.46995458  0.20522194  0.26097736 -0.64540102
 -0.01849923  0.38284553  0.02659875  0.03837382 -0.55139108  0.53452456
  0.55319053  0.56366531  0.64261928  0.23322373 -0.16923212  0.57239159
 -0.17448903  0.41629052 -0.61550454  0.12041099  0.34366669 -0.62708668
 -0.0087727  -0.22909201  0.07103127 -0.29729424  0.27727357 -0.48854499
 -0.3003745  -0.82406281 -0.50221289 -0.22674184 -0.19750647]
3565,[ 0.20390257  0.10623926 -0.10055157  0.13365222  0.37146446  0.08735794
 -0.04185033  0.64867569  0.34911469 -0.53021719 -0.04502679 -0.117251
  0.1793002   0.432645   -0.32601669  0.23214497 -0.1078322  -0.62019183
  0.10289334  0.14542667 -0.46995471  0.20522113  0.26097708 -0.64540231
 -0.01850056  0.3828449   0.02660113  0.03837302 -0.55139213  0.53452672
  0.55318846  0.56366587  0.64262023  0.23322377 -0.16923132  0.57239181
 -0.17448991  0.41628994 -0.61550417  0.12041004  0.3436669  -0.62708509
 -0.00877453 -0.22909217  0.07103019 -0.29729456  0.27727473 -0.4885424
 -0.30037597 -0.82406263 -0.50221349 -0.22674161 -0.19750689]
3566,[ 0.20390409  0.10623987 -0.10055547  0.13365306  0.37146533  0.08735701
 -0.04184896  0.64867424  0.34911319 -0.53021655 -0.04502657 -0.11724936
  0.1792994   0.43264654 -0.32601674  0.23214625 -0.10783139 -0.62019134
  0.10289248  0.14542758 -0.46995485  0.20522031  0.2609768  -0.64540359
 -0.01850188  0.38284426  0.0266035   0.03837223 -0.55139318  0.53452887
  0.55318638  0.56366643  0.64262118  0.23322381 -0.16923052  0.57239204
 -0.17449078  0.41628937 -0.6155038   0.1204091   0.34366711 -0.6270835
 -0.00877636 -0.22909232  0.07102911 -0.29729488  0.27727589 -0.48853982
 -0.30037745 -0.82406246 -0.50221409 -0.22674139 -0.19750731]
3567,[ 0.20390561  0.10624048 -0.10055937  0.1336539   0.3714662   0.08735607
 -0.0418476   0.64867278  0.34911168 -0.53021592 -0.04502635 -0.11724773
  0.17929859  0.43264807 -0.32601679  0.23214753 -0.10783058 -0.62019086
  0.10289161  0.1454285  -0.46995498  0.2052195   0.26097653 -0.64540488
 -0.0185032   0.38284363  0.02660587  0.03837144 -0.55139423  0.53453102
  0.55318432  0.56366698  0.64262213  0.23322385 -0.16922971  0.57239226
 -0.17449166  0.41628879 -0.61550343  0.12040816  0.34366732 -0.62708191
 -0.00877819 -0.22909248  0.07102803 -0.29729519  0.27727704 -0.48853724
 -0.30037892 -0.82406228 -0.50221469 -0.22674117 -0.19750774]
3568,[ 0.20390713  0.10624109 -0.10056327  0.13365474  0.37146706  0.08735514
 -0.04184623  0.64867132  0.34911018 -0.53021528 -0.04502613 -0.11724609
  0.17929779  0.43264961 -0.32601684  0.23214881 -0.10782977 -0.62019037
  0.10289075  0.14542941 -0.46995511  0.20521868  0.26097626 -0.64540616
 -0.01850452  0.38284299  0.02660824  0.03837065 -0.55139527  0.53453317
  0.55318225  0.56366754  0.64262308  0.23322388 -0.16922891  0.57239249
 -0.17449253  0.41628821 -0.61550307  0.12040722  0.34366754 -0.62708033
 -0.00878002 -0.22909263  0.07102695 -0.29729551  0.2772782  -0.48853467
 -0.3003804  -0.8240621  -0.50221529 -0.22674094 -0.19750816]
3569,[ 0.20390865  0.10624171 -0.10056715  0.13365558  0.37146793  0.08735421
 -0.04184487  0.64866987  0.34910868 -0.53021465 -0.04502591 -0.11724446
  0.17929698  0.43265114 -0.32601688  0.23215009 -0.10782896 -0.62018989
  0.10288989  0.14543032 -0.46995525  0.20521787  0.26097598 -0.64540744
 -0.01850584  0.38284236  0.02661061  0.03836985 -0.55139632  0.53453531
  0.55318019  0.5636681   0.64262403  0.23322392 -0.16922811  0.57239271
 -0.1744934   0.41628763 -0.6155027   0.12040629  0.34366775 -0.62707875
 -0.00878184 -0.22909279  0.07102587 -0.29729583  0.27727935 -0.48853209
 -0.30038187 -0.82406192 -0.50221589 -0.22674072 -0.19750858]
3570,[ 0.20391017  0.10624232 -0.10057104  0.13365642  0.3714688   0.08735328
 -0.04184351  0.64866842  0.34910718 -0.53021402 -0.04502569 -0.11724284
  0.17929618  0.43265267 -0.32601693  0.23215136 -0.10782815 -0.6201894
  0.10288903  0.14543123 -0.46995538  0.20521705  0.26097571 -0.64540872
 -0.01850715  0.38284172  0.02661297  0.03836906 -0.55139736  0.53453746
  0.55317812  0.56366866  0.64262498  0.23322396 -0.16922731  0.57239294
 -0.17449427  0.41628705 -0.61550233  0.12040535  0.34366796 -0.62707716
 -0.00878366 -0.22909294  0.07102479 -0.29729615  0.2772805  -0.48852952
 -0.30038334 -0.82406174 -0.50221648 -0.2267405  -0.197509  ]
3571,[ 0.20391168  0.10624293 -0.10057492  0.13365726  0.37146966  0.08735236
 -0.04184215  0.64866697  0.34910568 -0.53021339 -0.04502547 -0.11724121
  0.17929538  0.4326542  -0.32601698  0.23215264 -0.10782734 -0.62018892
  0.10288817  0.14543214 -0.46995551  0.20521624  0.26097543 -0.64541
 -0.01850847  0.38284109  0.02661533  0.03836828 -0.5513984   0.5345396
  0.55317606  0.56366921  0.64262593  0.233224   -0.16922651  0.57239316
 -0.17449514  0.41628648 -0.61550197  0.12040441  0.34366817 -0.62707558
 -0.00878548 -0.2290931   0.07102372 -0.29729647  0.27728165 -0.48852696
 -0.3003848  -0.82406156 -0.50221708 -0.22674028 -0.19750942]
3572,[ 0.20391319  0.10624353 -0.1005788   0.1336581   0.37147053  0.08735143
 -0.04184079  0.64866552  0.34910419 -0.53021276 -0.04502525 -0.11723958
  0.17929457  0.43265572 -0.32601702  0.23215391 -0.10782653 -0.62018844
  0.10288731  0.14543305 -0.46995564  0.20521543  0.26097516 -0.64541127
 -0.01850978  0.38284046  0.02661769  0.03836749 -0.55139945  0.53454174
  0.55317401  0.56366977  0.64262687  0.23322404 -0.16922571  0.57239339
 -0.17449601  0.4162859  -0.6155016   0.12040348  0.34366838 -0.62707401
 -0.0087873  -0.22909325  0.07102265 -0.29729678  0.2772828  -0.48852439
 -0.30038627 -0.82406139 -0.50221768 -0.22674005 -0.19750984]
3573,[ 0.20391471  0.10624414 -0.10058267  0.13365893  0.37147139  0.0873505
 -0.04183943  0.64866407  0.34910269 -0.53021213 -0.04502504 -0.11723796
  0.17929377  0.43265725 -0.32601707  0.23215518 -0.10782573 -0.62018795
  0.10288646  0.14543396 -0.46995578  0.20521462  0.26097489 -0.64541255
 -0.01851109  0.38283983  0.02662004  0.0383667  -0.55140049  0.53454387
  0.55317195  0.56367033  0.64262782  0.23322408 -0.16922492  0.57239361
 -0.17449688  0.41628533 -0.61550124  0.12040254  0.34366858 -0.62707243
 -0.00878912 -0.22909341  0.07102157 -0.2972971   0.27728395 -0.48852183
 -0.30038773 -0.82406121 -0.50221827 -0.22673983 -0.19751026]
3574,[ 0.20391622  0.10624475 -0.10058654  0.13365977  0.37147225  0.08734958
 -0.04183808  0.64866263  0.3491012  -0.5302115  -0.04502482 -0.11723634
  0.17929297  0.43265877 -0.32601712  0.23215645 -0.10782492 -0.62018747
  0.1028856   0.14543486 -0.46995591  0.20521381  0.26097461 -0.64541382
 -0.0185124   0.3828392   0.02662239  0.03836591 -0.55140153  0.53454601
  0.5531699   0.56367088  0.64262876  0.23322412 -0.16922412  0.57239383
 -0.17449775  0.41628475 -0.61550087  0.12040161  0.34366879 -0.62707086
 -0.00879093 -0.22909356  0.0710205  -0.29729742  0.2772851  -0.48851927
 -0.3003892  -0.82406103 -0.50221887 -0.22673961 -0.19751067]
3575,[ 0.20391772  0.10624536 -0.1005904   0.1336606   0.37147312  0.08734866
 -0.04183672  0.64866119  0.34909971 -0.53021087 -0.0450246  -0.11723472
  0.17929218  0.43266029 -0.32601716  0.23215772 -0.10782412 -0.62018699
  0.10288474  0.14543577 -0.46995604  0.20521301  0.26097434 -0.64541509
 -0.01851371  0.38283857  0.02662474  0.03836513 -0.55140256  0.53454814
  0.55316785  0.56367143  0.6426297   0.23322416 -0.16922333  0.57239406
 -0.17449861  0.41628418 -0.61550051  0.12040068  0.343669   -0.62706928
 -0.00879274 -0.22909372  0.07101943 -0.29729773  0.27728624 -0.48851671
 -0.30039066 -0.82406085 -0.50221946 -0.22673939 -0.19751109]
3576,[ 0.20391923  0.10624596 -0.10059426  0.13366144  0.37147398  0.08734773
 -0.04183537  0.64865974  0.34909822 -0.53021025 -0.04502438 -0.1172331
  0.17929138  0.43266181 -0.32601721  0.23215899 -0.10782332 -0.62018651
  0.10288389  0.14543667 -0.46995617  0.2052122   0.26097407 -0.64541636
 -0.01851502  0.38283794  0.02662709  0.03836434 -0.5514036   0.53455026
  0.5531658   0.56367199  0.64263064  0.2332242  -0.16922253  0.57239428
 -0.17449948  0.41628361 -0.61550014  0.12039975  0.34366921 -0.62706771
 -0.00879455 -0.22909387  0.07101836 -0.29729805  0.27728739 -0.48851416
 -0.30039212 -0.82406068 -0.50222005 -0.22673917 -0.19751151]
3577,[ 0.20392073  0.10624657 -0.10059812  0.13366227  0.37147484  0.08734681
 -0.04183402  0.6486583   0.34909673 -0.53020962 -0.04502416 -0.11723149
  0.17929058  0.43266333 -0.32601726  0.23216026 -0.10782251 -0.62018603
  0.10288304  0.14543757 -0.4699563   0.20521139  0.2609738  -0.64541763
 -0.01851632  0.38283731  0.02662944  0.03836356 -0.55140464  0.53455239
  0.55316376  0.56367254  0.64263158  0.23322424 -0.16922174  0.5723945
 -0.17450034  0.41628303 -0.61549978  0.12039882  0.34366942 -0.62706614
 -0.00879636 -0.22909403  0.07101729 -0.29729836  0.27728853 -0.48851161
 -0.30039358 -0.8240605  -0.50222064 -0.22673895 -0.19751193]
3578,[ 0.20392224  0.10624717 -0.10060197  0.1336631   0.3714757   0.08734589
 -0.04183267  0.64865686  0.34909525 -0.530209   -0.04502394 -0.11722987
  0.17928979  0.43266485 -0.3260173   0.23216152 -0.10782171 -0.62018555
  0.10288218  0.14543847 -0.46995643  0.20521059  0.26097353 -0.6454189
 -0.01851763  0.38283668  0.02663178  0.03836278 -0.55140567  0.53455451
  0.55316171  0.56367309  0.64263252  0.23322428 -0.16922095  0.57239473
 -0.17450121  0.41628246 -0.61549941  0.12039789  0.34366963 -0.62706458
 -0.00879817 -0.22909418  0.07101623 -0.29729868  0.27728967 -0.48850906
 -0.30039503 -0.82406032 -0.50222124 -0.22673873 -0.19751234]
3579,[ 0.20392374  0.10624778 -0.10060581  0.13366393  0.37147655  0.08734497
 -0.04183132  0.64865543  0.34909376 -0.53020837 -0.04502373 -0.11722826
  0.17928899  0.43266636 -0.32601735  0.23216279 -0.10782091 -0.62018507
  0.10288133  0.14543938 -0.46995657  0.20520978  0.26097325 -0.64542017
 -0.01851893  0.38283605  0.02663412  0.03836199 -0.5514067   0.53455664
  0.55315967  0.56367364  0.64263346  0.23322432 -0.16922015  0.57239495
 -0.17450207  0.41628189 -0.61549905  0.12039696  0.34366984 -0.62706301
 -0.00879997 -0.22909433  0.07101516 -0.29729899  0.27729081 -0.48850652
 -0.30039649 -0.82406015 -0.50222183 -0.22673851 -0.19751276]
3580,[ 0.20392524  0.10624838 -0.10060965  0.13366476  0.37147741  0.08734405
 -0.04182998  0.64865399  0.34909228 -0.53020775 -0.04502351 -0.11722665
  0.1792882   0.43266788 -0.3260174   0.23216405 -0.10782011 -0.62018459
  0.10288048  0.14544028 -0.4699567   0.20520898  0.26097298 -0.64542143
 -0.01852023  0.38283543  0.02663645  0.03836121 -0.55140773  0.53455876
  0.55315763  0.56367419  0.6426344   0.23322435 -0.16921936  0.57239517
 -0.17450293  0.41628132 -0.61549869  0.12039604  0.34367004 -0.62706145
 -0.00880177 -0.22909449  0.0710141  -0.29729931  0.27729195 -0.48850398
 -0.30039794 -0.82405997 -0.50222242 -0.22673829 -0.19751318]
3581,[ 0.20392673  0.10624898 -0.10061349  0.13366559  0.37147827  0.08734313
 -0.04182863  0.64865256  0.3490908  -0.53020712 -0.04502329 -0.11722504
  0.1792874   0.43266939 -0.32601744  0.23216531 -0.10781931 -0.62018411
  0.10287963  0.14544117 -0.46995683  0.20520818  0.26097271 -0.6454227
 -0.01852153  0.3828348   0.02663879  0.03836043 -0.55140877  0.53456087
  0.5531556   0.56367475  0.64263533  0.23322439 -0.16921857  0.57239539
 -0.17450379  0.41628075 -0.61549833  0.12039511  0.34367025 -0.62705988
 -0.00880357 -0.22909464  0.07101303 -0.29729962  0.27729309 -0.48850144
 -0.30039939 -0.8240598  -0.50222301 -0.22673807 -0.19751359]
3582,[ 0.20392823  0.10624958 -0.10061733  0.13366642  0.37147912  0.08734222
 -0.04182729  0.64865113  0.34908932 -0.5302065  -0.04502307 -0.11722344
  0.17928661  0.4326709  -0.32601749  0.23216657 -0.10781852 -0.62018363
  0.10287878  0.14544207 -0.46995696  0.20520737  0.26097244 -0.64542396
 -0.01852283  0.38283418  0.02664112  0.03835965 -0.5514098   0.53456299
  0.55315356  0.56367529  0.64263627  0.23322443 -0.16921778  0.57239562
 -0.17450465  0.41628018 -0.61549797  0.12039419  0.34367046 -0.62705832
 -0.00880537 -0.22909479  0.07101197 -0.29729993  0.27729422 -0.4884989
 -0.30040084 -0.82405962 -0.50222359 -0.22673785 -0.19751401]
3583,[ 0.20392972  0.10625019 -0.10062115  0.13366725  0.37147997  0.0873413
 -0.04182595  0.6486497   0.34908784 -0.53020588 -0.04502286 -0.11722183
  0.17928582  0.4326724  -0.32601754  0.23216782 -0.10781772 -0.62018315
  0.10287794  0.14544297 -0.46995709  0.20520657  0.26097217 -0.64542522
 -0.01852412  0.38283355  0.02664345  0.03835887 -0.55141082  0.5345651
  0.55315153  0.56367584  0.6426372   0.23322447 -0.169217    0.57239584
 -0.17450551  0.41627961 -0.6154976   0.12039326  0.34367067 -0.62705676
 -0.00880716 -0.22909495  0.07101091 -0.29730025  0.27729536 -0.48849637
 -0.30040229 -0.82405944 -0.50222418 -0.22673763 -0.19751442]
3584,[ 0.20393122  0.10625079 -0.10062498  0.13366807  0.37148083  0.08734039
 -0.04182461  0.64864827  0.34908637 -0.53020526 -0.04502264 -0.11722023
  0.17928503  0.43267391 -0.32601758  0.23216908 -0.10781692 -0.62018268
  0.10287709  0.14544387 -0.46995722  0.20520577  0.2609719  -0.64542648
 -0.01852542  0.38283293  0.02664577  0.0383581  -0.55141185  0.53456721
  0.5531495   0.56367639  0.64263814  0.23322451 -0.16921621  0.57239606
 -0.17450637  0.41627905 -0.61549724  0.12039234  0.34367087 -0.62705521
 -0.00880896 -0.2290951   0.07100985 -0.29730056  0.27729649 -0.48849384
 -0.30040373 -0.82405927 -0.50222477 -0.22673741 -0.19751483]
3585,[ 0.20393271  0.10625139 -0.1006288   0.1336689   0.37148168  0.08733947
 -0.04182327  0.64864684  0.34908489 -0.53020464 -0.04502243 -0.11721863
  0.17928424  0.43267542 -0.32601763  0.23217034 -0.10781613 -0.6201822
  0.10287624  0.14544476 -0.46995735  0.20520497  0.26097163 -0.64542774
 -0.01852671  0.38283231  0.0266481   0.03835732 -0.55141288  0.53456931
  0.55314747  0.56367694  0.64263907  0.23322455 -0.16921542  0.57239628
 -0.17450723  0.41627848 -0.61549688  0.12039142  0.34367108 -0.62705365
 -0.00881075 -0.22909525  0.07100879 -0.29730087  0.27729762 -0.48849131
 -0.30040518 -0.82405909 -0.50222536 -0.22673719 -0.19751525]
3586,[ 0.2039342   0.10625199 -0.10063262  0.13366972  0.37148253  0.08733856
 -0.04182193  0.64864541  0.34908342 -0.53020401 -0.04502221 -0.11721703
  0.17928345  0.43267692 -0.32601767  0.23217159 -0.10781533 -0.62018172
  0.1028754   0.14544565 -0.46995748  0.20520418  0.26097136 -0.64542899
 -0.01852801  0.38283169  0.02665042  0.03835654 -0.5514139   0.53457142
  0.55314545  0.56367749  0.64264     0.23322459 -0.16921464  0.5723965
 -0.17450808  0.41627791 -0.61549652  0.1203905   0.34367129 -0.6270521
 -0.00881254 -0.22909541  0.07100773 -0.29730118  0.27729876 -0.48848879
 -0.30040662 -0.82405892 -0.50222594 -0.22673697 -0.19751566]
3587,[ 0.20393568  0.10625258 -0.10063643  0.13367054  0.37148338  0.08733765
 -0.04182059  0.64864399  0.34908195 -0.5302034  -0.04502199 -0.11721543
  0.17928266  0.43267842 -0.32601772  0.23217284 -0.10781454 -0.62018125
  0.10287455  0.14544655 -0.46995761  0.20520338  0.2609711  -0.64543025
 -0.0185293   0.38283106  0.02665274  0.03835577 -0.55141493  0.53457352
  0.55314343  0.56367803  0.64264093  0.23322463 -0.16921385  0.57239672
 -0.17450894  0.41627735 -0.61549616  0.12038958  0.34367149 -0.62705055
 -0.00881433 -0.22909556  0.07100668 -0.2973015   0.27729989 -0.48848627
 -0.30040806 -0.82405874 -0.50222653 -0.22673675 -0.19751607]
3588,[ 0.20393717  0.10625318 -0.10064023  0.13367137  0.37148423  0.08733674
 -0.04181926  0.64864257  0.34908048 -0.53020278 -0.04502178 -0.11721383
  0.17928187  0.43267992 -0.32601777  0.23217409 -0.10781375 -0.62018077
  0.10287371  0.14544744 -0.46995774  0.20520258  0.26097083 -0.6454315
 -0.01853059  0.38283044  0.02665505  0.038355   -0.55141595  0.53457562
  0.55314141  0.56367858  0.64264186  0.23322466 -0.16921307  0.57239694
 -0.17450979  0.41627678 -0.6154958   0.12038866  0.3436717  -0.627049
 -0.00881611 -0.22909571  0.07100562 -0.29730181  0.27730101 -0.48848375
 -0.3004095  -0.82405857 -0.50222711 -0.22673654 -0.19751648]
3589,[ 0.20393865  0.10625378 -0.10064404  0.13367219  0.37148508  0.08733583
 -0.04181793  0.64864114  0.34907901 -0.53020216 -0.04502156 -0.11721224
  0.17928109  0.43268142 -0.32601781  0.23217534 -0.10781296 -0.6201803
  0.10287287  0.14544833 -0.46995787  0.20520179  0.26097056 -0.64543275
 -0.01853187  0.38282982  0.02665737  0.03835422 -0.55141697  0.53457772
  0.55313939  0.56367913  0.64264279  0.2332247  -0.16921228  0.57239716
 -0.17451064  0.41627622 -0.61549545  0.12038775  0.3436719  -0.62704745
 -0.0088179  -0.22909586  0.07100457 -0.29730212  0.27730214 -0.48848123
 -0.30041094 -0.82405839 -0.5022277  -0.22673632 -0.1975169 ]
3590,[ 0.20394014  0.10625438 -0.10064784  0.13367301  0.37148592  0.08733492
 -0.04181659  0.64863973  0.34907755 -0.53020154 -0.04502135 -0.11721065
  0.1792803   0.43268291 -0.32601786  0.23217659 -0.10781217 -0.62017983
  0.10287203  0.14544922 -0.469958    0.20520099  0.26097029 -0.645434
 -0.01853316  0.3828292   0.02665968  0.03835345 -0.55141799  0.53457981
  0.55313737  0.56367967  0.64264371  0.23322474 -0.1692115   0.57239738
 -0.17451149  0.41627565 -0.61549509  0.12038683  0.34367211 -0.6270459
 -0.00881968 -0.22909602  0.07100352 -0.29730243  0.27730327 -0.48847872
 -0.30041238 -0.82405822 -0.50222828 -0.2267361  -0.19751731]
3591,[ 0.20394162  0.10625497 -0.10065163  0.13367383  0.37148677  0.08733402
 -0.04181526  0.64863831  0.34907608 -0.53020092 -0.04502113 -0.11720906
  0.17927952  0.43268441 -0.3260179   0.23217783 -0.10781138 -0.62017935
  0.10287119  0.14545011 -0.46995813  0.2052002   0.26097002 -0.64543525
 -0.01853445  0.38282859  0.02666198  0.03835268 -0.55141901  0.53458191
  0.55313536  0.56368021  0.64264464  0.23322478 -0.16921072  0.5723976
 -0.17451234  0.41627509 -0.61549473  0.12038591  0.34367231 -0.62704436
 -0.00882146 -0.22909617  0.07100246 -0.29730274  0.27730439 -0.48847621
 -0.30041381 -0.82405805 -0.50222886 -0.22673588 -0.19751772]
3592,[ 0.2039431   0.10625557 -0.10065542  0.13367465  0.37148762  0.08733311
 -0.04181394  0.64863689  0.34907462 -0.53020031 -0.04502092 -0.11720747
  0.17927873  0.4326859  -0.32601795  0.23217908 -0.10781059 -0.62017888
  0.10287035  0.145451   -0.46995826  0.20519941  0.26096976 -0.6454365
 -0.01853573  0.38282797  0.02666429  0.03835191 -0.55142003  0.534584
  0.55313335  0.56368076  0.64264556  0.23322482 -0.16920994  0.57239782
 -0.17451319  0.41627453 -0.61549437  0.120385    0.34367252 -0.62704282
 -0.00882323 -0.22909632  0.07100141 -0.29730305  0.27730552 -0.4884737
 -0.30041525 -0.82405787 -0.50222945 -0.22673567 -0.19751813]
3593,[ 0.20394457  0.10625616 -0.10065921  0.13367546  0.37148846  0.0873322
 -0.04181261  0.64863548  0.34907316 -0.53019969 -0.0450207  -0.11720588
  0.17927795  0.43268739 -0.326018    0.23218032 -0.1078098  -0.62017841
  0.10286951  0.14545188 -0.46995839  0.20519861  0.26096949 -0.64543775
 -0.01853701  0.38282735  0.02666659  0.03835114 -0.55142105  0.53458609
  0.55313134  0.5636813   0.64264649  0.23322486 -0.16920916  0.57239804
 -0.17451404  0.41627396 -0.61549401  0.12038409  0.34367272 -0.62704127
 -0.00882501 -0.22909647  0.07100037 -0.29730336  0.27730664 -0.4884712
 -0.30041668 -0.8240577  -0.50223003 -0.22673545 -0.19751854]
3594,[ 0.20394605  0.10625676 -0.10066299  0.13367628  0.3714893   0.0873313
 -0.04181128  0.64863406  0.3490717  -0.53019908 -0.04502049 -0.1172043
  0.17927717  0.43268888 -0.32601804  0.23218157 -0.10780901 -0.62017794
  0.10286867  0.14545277 -0.46995852  0.20519782  0.26096922 -0.64543899
 -0.01853829  0.38282673  0.02666889  0.03835037 -0.55142206  0.53458817
  0.55312933  0.56368184  0.64264741  0.23322489 -0.16920838  0.57239826
 -0.17451489  0.4162734  -0.61549366  0.12038318  0.34367293 -0.62703973
 -0.00882678 -0.22909662  0.07099932 -0.29730367  0.27730776 -0.4884687
 -0.30041811 -0.82405753 -0.50223061 -0.22673523 -0.19751895]
3595,[ 0.20394752  0.10625735 -0.10066677  0.1336771   0.37149015  0.0873304
 -0.04180996  0.64863265  0.34907024 -0.53019847 -0.04502028 -0.11720271
  0.17927639  0.43269037 -0.32601809  0.23218281 -0.10780823 -0.62017747
  0.10286784  0.14545365 -0.46995865  0.20519703  0.26096896 -0.64544024
 -0.01853957  0.38282612  0.02667119  0.0383496  -0.55142308  0.53459026
  0.55312733  0.56368238  0.64264833  0.23322493 -0.16920761  0.57239848
 -0.17451574  0.41627284 -0.6154933   0.12038226  0.34367313 -0.6270382
 -0.00882856 -0.22909677  0.07099827 -0.29730398  0.27730888 -0.4884662
 -0.30041954 -0.82405735 -0.50223119 -0.22673502 -0.19751935]
3596,[ 0.203949    0.10625794 -0.10067054  0.13367791  0.37149099  0.08732949
 -0.04180864  0.64863124  0.34906879 -0.53019785 -0.04502006 -0.11720113
  0.17927561  0.43269185 -0.32601813  0.23218405 -0.10780744 -0.620177
  0.102867    0.14545454 -0.46995878  0.20519624  0.26096869 -0.64544148
 -0.01854085  0.3828255   0.02667348  0.03834883 -0.55142409  0.53459234
  0.55312532  0.56368293  0.64264925  0.23322497 -0.16920683  0.57239869
 -0.17451658  0.41627228 -0.61549295  0.12038135  0.34367334 -0.62703666
 -0.00883032 -0.22909692  0.07099723 -0.29730429  0.27731    -0.4884637
 -0.30042096 -0.82405718 -0.50223177 -0.2267348  -0.19751976]
3597,[ 0.20395047  0.10625853 -0.10067431  0.13367873  0.37149183  0.08732859
 -0.04180732  0.64862983  0.34906733 -0.53019724 -0.04501985 -0.11719955
  0.17927483  0.43269334 -0.32601818  0.23218528 -0.10780666 -0.62017653
  0.10286617  0.14545542 -0.4699589   0.20519545  0.26096842 -0.64544272
 -0.01854213  0.38282489  0.02667578  0.03834807 -0.5514251   0.53459442
  0.55312332  0.56368347  0.64265017  0.23322501 -0.16920605  0.57239891
 -0.17451743  0.41627172 -0.61549259  0.12038045  0.34367354 -0.62703513
 -0.00883209 -0.22909707  0.07099618 -0.29730459  0.27731111 -0.48846121
 -0.30042239 -0.82405701 -0.50223235 -0.22673458 -0.19752017]
3598,[ 0.20395194  0.10625912 -0.10067807  0.13367954  0.37149267  0.08732769
 -0.041806    0.64862843  0.34906588 -0.53019663 -0.04501964 -0.11719797
  0.17927405  0.43269482 -0.32601822  0.23218652 -0.10780587 -0.62017606
  0.10286533  0.1454563  -0.46995903  0.20519467  0.26096816 -0.64544396
 -0.0185434   0.38282428  0.02667807  0.0383473  -0.55142611  0.53459649
  0.55312133  0.56368401  0.64265109  0.23322505 -0.16920528  0.57239913
 -0.17451827  0.41627116 -0.61549223  0.12037954  0.34367374 -0.62703359
 -0.00883386 -0.22909722  0.07099514 -0.2973049   0.27731223 -0.48845872
 -0.30042381 -0.82405683 -0.50223293 -0.22673437 -0.19752058]
3599,[ 0.2039534   0.10625971 -0.10068183  0.13368035  0.37149351  0.08732679
 -0.04180468  0.64862702  0.34906443 -0.53019602 -0.04501942 -0.1171964
  0.17927327  0.4326963  -0.32601827  0.23218775 -0.10780509 -0.62017559
  0.1028645   0.14545718 -0.46995916  0.20519388  0.26096789 -0.6454452
 -0.01854468  0.38282366  0.02668035  0.03834654 -0.55142712  0.53459857
  0.55311933  0.56368454  0.64265201  0.23322509 -0.1692045   0.57239935
 -0.17451912  0.4162706  -0.61549188  0.12037863  0.34367395 -0.62703206
 -0.00883562 -0.22909737  0.0709941  -0.29730521  0.27731335 -0.48845623
 -0.30042523 -0.82405666 -0.5022335  -0.22673415 -0.19752098]
3600,[ 0.20395487  0.1062603  -0.10068559  0.13368116  0.37149434  0.0873259
 -0.04180336  0.64862562  0.34906298 -0.53019541 -0.04501921 -0.11719482
  0.1792725   0.43269778 -0.32601831  0.23218899 -0.10780431 -0.62017512
  0.10286367  0.14545806 -0.46995929  0.20519309  0.26096763 -0.64544643
 -0.01854595  0.38282305  0.02668264  0.03834577 -0.55142813  0.53460064
  0.55311734  0.56368508  0.64265292  0.23322512 -0.16920373  0.57239956
 -0.17451996  0.41627005 -0.61549153  0.12037772  0.34367415 -0.62703053
 -0.00883738 -0.22909752  0.07099305 -0.29730552  0.27731446 -0.48845374
 -0.30042665 -0.82405649 -0.50223408 -0.22673394 -0.19752139]
3601,[ 0.20395633  0.10626089 -0.10068934  0.13368197  0.37149518  0.087325
 -0.04180205  0.64862422  0.34906153 -0.5301948  -0.045019   -0.11719325
  0.17927172  0.43269926 -0.32601836  0.23219022 -0.10780353 -0.62017465
  0.10286284  0.14545894 -0.46995942  0.20519231  0.26096736 -0.64544767
 -0.01854722  0.38282244  0.02668492  0.03834501 -0.55142914  0.53460271
  0.55311535  0.56368562  0.64265384  0.23322516 -0.16920296  0.57239978
 -0.1745208   0.41626949 -0.61549117  0.12037682  0.34367435 -0.62702901
 -0.00883914 -0.22909767  0.07099202 -0.29730582  0.27731557 -0.48845126
 -0.30042807 -0.82405632 -0.50223466 -0.22673372 -0.1975218 ]
3602,[ 0.20395779  0.10626148 -0.10069309  0.13368278  0.37149602  0.0873241
 -0.04180073  0.64862282  0.34906009 -0.53019419 -0.04501879 -0.11719168
  0.17927095  0.43270074 -0.32601841  0.23219145 -0.10780275 -0.62017418
  0.10286201  0.14545982 -0.46995955  0.20519153  0.2609671  -0.6454489
 -0.01854849  0.38282183  0.0266872   0.03834425 -0.55143015  0.53460477
  0.55311336  0.56368616  0.64265475  0.2332252  -0.16920219  0.5724
 -0.17452164  0.41626893 -0.61549082  0.12037592  0.34367456 -0.62702748
 -0.0088409  -0.22909782  0.07099098 -0.29730613  0.27731668 -0.48844878
 -0.30042949 -0.82405615 -0.50223523 -0.22673351 -0.1975222 ]
3603,[ 0.20395926  0.10626207 -0.10069683  0.13368359  0.37149685  0.08732321
 -0.04179942  0.64862142  0.34905864 -0.53019358 -0.04501858 -0.11719011
  0.17927017  0.43270221 -0.32601845  0.23219268 -0.10780197 -0.62017372
  0.10286118  0.1454607  -0.46995967  0.20519074  0.26096684 -0.64545014
 -0.01854976  0.38282122  0.02668948  0.03834349 -0.55143115  0.53460684
  0.55311137  0.5636867   0.64265566  0.23322524 -0.16920142  0.57240021
 -0.17452248  0.41626838 -0.61549046  0.12037501  0.34367476 -0.62702596
 -0.00884266 -0.22909797  0.07098994 -0.29730644  0.27731779 -0.48844631
 -0.30043091 -0.82405597 -0.50223581 -0.22673329 -0.19752261]
3604,[ 0.20396072  0.10626266 -0.10070057  0.1336844   0.37149769  0.08732231
 -0.04179811  0.64862002  0.3490572  -0.53019297 -0.04501836 -0.11718854
  0.1792694   0.43270368 -0.3260185   0.23219391 -0.10780119 -0.62017325
  0.10286035  0.14546157 -0.4699598   0.20518996  0.26096657 -0.64545137
 -0.01855102  0.38282061  0.02669175  0.03834273 -0.55143216  0.5346089
  0.55310939  0.56368723  0.64265658  0.23322528 -0.16920065  0.57240043
 -0.17452332  0.41626782 -0.61549011  0.12037411  0.34367496 -0.62702444
 -0.00884441 -0.22909812  0.0709889  -0.29730674  0.2773189  -0.48844383
 -0.30043232 -0.8240558  -0.50223638 -0.22673308 -0.19752301]
3605,[ 0.20396217  0.10626324 -0.10070431  0.13368521  0.37149852  0.08732142
 -0.0417968   0.64861863  0.34905576 -0.53019236 -0.04501815 -0.11718698
  0.17926863  0.43270515 -0.32601854  0.23219514 -0.10780041 -0.62017278
  0.10285953  0.14546245 -0.46995993  0.20518918  0.26096631 -0.6454526
 -0.01855229  0.38282     0.02669402  0.03834197 -0.55143316  0.53461096
  0.55310741  0.56368777  0.64265749  0.23322531 -0.16919988  0.57240065
 -0.17452416  0.41626727 -0.61548976  0.12037321  0.34367516 -0.62702291
 -0.00884616 -0.22909827  0.07098787 -0.29730705  0.27732001 -0.48844136
 -0.30043373 -0.82405563 -0.50223696 -0.22673286 -0.19752342]
3606,[ 0.20396363  0.10626383 -0.10070804  0.13368601  0.37149935  0.08732053
 -0.0417955   0.64861723  0.34905432 -0.53019176 -0.04501794 -0.11718541
  0.17926786  0.43270662 -0.32601859  0.23219636 -0.10779964 -0.62017232
  0.1028587   0.14546332 -0.46996006  0.2051884   0.26096605 -0.64545382
 -0.01855355  0.38281939  0.02669629  0.03834121 -0.55143416  0.53461302
  0.55310543  0.5636883   0.6426584   0.23322535 -0.16919911  0.57240086
 -0.17452499  0.41626671 -0.61548941  0.12037231  0.34367536 -0.6270214
 -0.00884791 -0.22909842  0.07098683 -0.29730735  0.27732111 -0.48843889
 -0.30043514 -0.82405546 -0.50223753 -0.22673265 -0.19752382]
3607,[ 0.20396508  0.10626441 -0.10071177  0.13368682  0.37150018  0.08731964
 -0.04179419  0.64861584  0.34905288 -0.53019115 -0.04501773 -0.11718385
  0.17926709  0.43270809 -0.32601863  0.23219759 -0.10779886 -0.62017185
  0.10285787  0.14546419 -0.46996018  0.20518762  0.26096578 -0.64545505
 -0.01855481  0.38281878  0.02669856  0.03834045 -0.55143516  0.53461508
  0.55310345  0.56368884  0.64265931  0.23322539 -0.16919834  0.57240108
 -0.17452583  0.41626616 -0.61548906  0.12037141  0.34367557 -0.62701988
 -0.00884966 -0.22909857  0.0709858  -0.29730766  0.27732222 -0.48843643
 -0.30043655 -0.82405529 -0.5022381  -0.22673244 -0.19752422]
3608,[ 0.20396654  0.106265   -0.10071549  0.13368762  0.37150101  0.08731875
 -0.04179288  0.64861445  0.34905144 -0.53019055 -0.04501752 -0.11718229
  0.17926632  0.43270956 -0.32601868  0.23219881 -0.10779809 -0.62017139
  0.10285705  0.14546507 -0.46996031  0.20518684  0.26096552 -0.64545628
 -0.01855607  0.38281818  0.02670082  0.03833969 -0.55143616  0.53461713
  0.55310147  0.56368937  0.64266022  0.23322543 -0.16919758  0.57240129
 -0.17452666  0.41626561 -0.6154887   0.12037051  0.34367577 -0.62701836
 -0.0088514  -0.22909872  0.07098477 -0.29730796  0.27732332 -0.48843396
 -0.30043796 -0.82405512 -0.50223867 -0.22673222 -0.19752463]
3609,[ 0.20396799  0.10626558 -0.10071921  0.13368842  0.37150184  0.08731786
 -0.04179158  0.64861306  0.34905001 -0.53018994 -0.04501731 -0.11718073
  0.17926555  0.43271102 -0.32601872  0.23220003 -0.10779731 -0.62017093
  0.10285623  0.14546594 -0.46996044  0.20518606  0.26096526 -0.6454575
 -0.01855733  0.38281757  0.02670308  0.03833894 -0.55143716  0.53461918
  0.5530995   0.5636899   0.64266112  0.23322546 -0.16919681  0.57240151
 -0.1745275   0.41626505 -0.61548835  0.12036962  0.34367597 -0.62701685
 -0.00885315 -0.22909887  0.07098374 -0.29730826  0.27732442 -0.4884315
 -0.30043937 -0.82405495 -0.50223925 -0.22673201 -0.19752503]
3610,[ 0.20396944  0.10626617 -0.10072292  0.13368923  0.37150267  0.08731697
 -0.04179028  0.64861167  0.34904857 -0.53018934 -0.0450171  -0.11717917
  0.17926478  0.43271248 -0.32601877  0.23220125 -0.10779654 -0.62017046
  0.1028554   0.14546681 -0.46996056  0.20518529  0.260965   -0.64545872
 -0.01855859  0.38281697  0.02670534  0.03833818 -0.55143816  0.53462123
  0.55309753  0.56369044  0.64266203  0.2332255  -0.16919605  0.57240172
 -0.17452833  0.4162645  -0.615488    0.12036872  0.34367617 -0.62701534
 -0.00885489 -0.22909902  0.07098271 -0.29730857  0.27732552 -0.48842905
 -0.30044077 -0.82405478 -0.50223982 -0.2267318  -0.19752543]
3611,[ 0.20397088  0.10626675 -0.10072663  0.13369003  0.3715035   0.08731608
 -0.04178898  0.64861028  0.34904714 -0.53018874 -0.04501689 -0.11717762
  0.17926401  0.43271394 -0.32601881  0.23220247 -0.10779577 -0.62017
  0.10285458  0.14546767 -0.46996069  0.20518451  0.26096474 -0.64545995
 -0.01855985  0.38281636  0.0267076   0.03833743 -0.55143916  0.53462327
  0.55309556  0.56369097  0.64266293  0.23322554 -0.16919528  0.57240194
 -0.17452916  0.41626395 -0.61548765  0.12036783  0.34367637 -0.62701383
 -0.00885663 -0.22909917  0.07098168 -0.29730887  0.27732662 -0.48842659
 -0.30044217 -0.82405461 -0.50224039 -0.22673159 -0.19752583]
3612,[ 0.20397233  0.10626733 -0.10073034  0.13369083  0.37150432  0.0873152
 -0.04178768  0.6486089   0.34904571 -0.53018813 -0.04501668 -0.11717607
  0.17926325  0.4327154  -0.32601886  0.23220369 -0.107795   -0.62016954
  0.10285376  0.14546854 -0.46996082  0.20518374  0.26096447 -0.64546117
 -0.0185611   0.38281576  0.02670985  0.03833667 -0.55144015  0.53462532
  0.55309359  0.5636915   0.64266384  0.23322558 -0.16919452  0.57240215
 -0.17452999  0.4162634  -0.6154873   0.12036693  0.34367657 -0.62701232
 -0.00885837 -0.22909931  0.07098066 -0.29730917  0.27732772 -0.48842414
 -0.30044357 -0.82405444 -0.50224096 -0.22673137 -0.19752623]
3613,[ 0.20397377  0.10626791 -0.10073404  0.13369163  0.37150515  0.08731431
 -0.04178638  0.64860752  0.34904429 -0.53018753 -0.04501647 -0.11717451
  0.17926248  0.43271686 -0.3260189   0.2322049  -0.10779423 -0.62016908
  0.10285294  0.14546941 -0.46996094  0.20518296  0.26096421 -0.64546239
 -0.01856236  0.38281515  0.0267121   0.03833592 -0.55144115  0.53462736
  0.55309163  0.56369203  0.64266474  0.23322561 -0.16919376  0.57240237
 -0.17453082  0.41626285 -0.61548695  0.12036604  0.34367677 -0.62701081
 -0.0088601  -0.22909946  0.07097963 -0.29730948  0.27732882 -0.48842169
 -0.30044497 -0.82405427 -0.50224152 -0.22673116 -0.19752663]
3614,[ 0.20397522  0.10626849 -0.10073774  0.13369243  0.37150597  0.08731343
 -0.04178509  0.64860614  0.34904286 -0.53018693 -0.04501626 -0.11717296
  0.17926172  0.43271832 -0.32601894  0.23220612 -0.10779346 -0.62016862
  0.10285212  0.14547028 -0.46996107  0.20518219  0.26096395 -0.6454636
 -0.01856361  0.38281455  0.02671435  0.03833517 -0.55144214  0.5346294
  0.55308967  0.56369256  0.64266564  0.23322565 -0.169193    0.57240258
 -0.17453165  0.4162623  -0.61548661  0.12036515  0.34367697 -0.62700931
 -0.00886184 -0.22909961  0.07097861 -0.29730978  0.27732992 -0.48841925
 -0.30044637 -0.8240541  -0.50224209 -0.22673095 -0.19752703]
3615,[ 0.20397666  0.10626907 -0.10074143  0.13369322  0.3715068   0.08731254
 -0.04178379  0.64860476  0.34904143 -0.53018633 -0.04501605 -0.11717142
  0.17926095  0.43271977 -0.32601899  0.23220733 -0.10779269 -0.62016816
  0.10285131  0.14547114 -0.4699612   0.20518142  0.26096369 -0.64546482
 -0.01856486  0.38281395  0.0267166   0.03833442 -0.55144313  0.53463144
  0.55308771  0.56369309  0.64266654  0.23322569 -0.16919224  0.57240279
 -0.17453248  0.41626176 -0.61548626  0.12036426  0.34367717 -0.6270078
 -0.00886357 -0.22909976  0.07097758 -0.29731008  0.27733101 -0.4884168
 -0.30044777 -0.82405393 -0.50224266 -0.22673074 -0.19752743]
3616,[ 0.2039781   0.10626965 -0.10074512  0.13369402  0.37150762  0.08731166
 -0.0417825   0.64860338  0.34904001 -0.53018573 -0.04501584 -0.11716987
  0.17926019  0.43272123 -0.32601903  0.23220854 -0.10779192 -0.6201677
  0.10285049  0.14547201 -0.46996132  0.20518064  0.26096343 -0.64546603
 -0.01856611  0.38281335  0.02671884  0.03833367 -0.55144412  0.53463347
  0.55308575  0.56369362  0.64266744  0.23322573 -0.16919148  0.57240301
 -0.17453331  0.41626121 -0.61548591  0.12036337  0.34367737 -0.6270063
 -0.0088653  -0.2290999   0.07097656 -0.29731038  0.2773321  -0.48841436
 -0.30044916 -0.82405376 -0.50224323 -0.22673053 -0.19752783]
3617,[ 0.20397954  0.10627023 -0.1007488   0.13369482  0.37150844  0.08731078
 -0.04178121  0.648602    0.34903859 -0.53018513 -0.04501564 -0.11716833
  0.17925943  0.43272268 -0.32601908  0.23220975 -0.10779115 -0.62016724
  0.10284967  0.14547287 -0.46996145  0.20517987  0.26096317 -0.64546725
 -0.01856736  0.38281275  0.02672108  0.03833292 -0.55144511  0.5346355
  0.55308379  0.56369415  0.64266834  0.23322576 -0.16919072  0.57240322
 -0.17453413  0.41626066 -0.61548556  0.12036248  0.34367757 -0.6270048
 -0.00886703 -0.22910005  0.07097554 -0.29731068  0.2773332  -0.48841192
 -0.30045056 -0.82405359 -0.50224379 -0.22673032 -0.19752823]
3618,[ 0.20398097  0.10627081 -0.10075248  0.13369561  0.37150926  0.0873099
 -0.04177992  0.64860062  0.34903717 -0.53018454 -0.04501543 -0.11716678
  0.17925867  0.43272413 -0.32601912  0.23221096 -0.10779039 -0.62016678
  0.10284886  0.14547373 -0.46996157  0.2051791   0.26096291 -0.64546846
 -0.0185686   0.38281215  0.02672332  0.03833217 -0.5514461   0.53463753
  0.55308184  0.56369468  0.64266924  0.2332258  -0.16918996  0.57240343
 -0.17453496  0.41626011 -0.61548521  0.12036159  0.34367777 -0.6270033
 -0.00886875 -0.2291002   0.07097452 -0.29731099  0.27733429 -0.48840949
 -0.30045195 -0.82405342 -0.50224436 -0.2267301  -0.19752863]
3619,[ 0.20398241  0.10627139 -0.10075616  0.1336964   0.37151008  0.08730902
 -0.04177863  0.64859925  0.34903575 -0.53018394 -0.04501522 -0.11716524
  0.17925791  0.43272557 -0.32601917  0.23221217 -0.10778962 -0.62016632
  0.10284805  0.14547459 -0.4699617   0.20517833  0.26096265 -0.64546967
 -0.01856985  0.38281155  0.02672556  0.03833142 -0.55144709  0.53463956
  0.55307989  0.5636952   0.64267014  0.23322584 -0.1691892   0.57240365
 -0.17453578  0.41625957 -0.61548487  0.12036071  0.34367797 -0.62700181
 -0.00887048 -0.22910035  0.0709735  -0.29731129  0.27733538 -0.48840706
 -0.30045334 -0.82405325 -0.50224492 -0.22672989 -0.19752903]
3620,[ 0.20398384  0.10627196 -0.10075983  0.1336972   0.3715109   0.08730814
 -0.04177734  0.64859788  0.34903433 -0.53018334 -0.04501501 -0.1171637
  0.17925715  0.43272702 -0.32601921  0.23221337 -0.10778886 -0.62016586
  0.10284723  0.14547545 -0.46996182  0.20517757  0.26096239 -0.64547088
 -0.01857109  0.38281095  0.02672779  0.03833068 -0.55144807  0.53464159
  0.55307794  0.56369573  0.64267103  0.23322588 -0.16918845  0.57240386
 -0.17453661  0.41625902 -0.61548452  0.12035982  0.34367816 -0.62700031
 -0.0088722  -0.22910049  0.07097248 -0.29731159  0.27733647 -0.48840463
 -0.30045473 -0.82405309 -0.50224549 -0.22672968 -0.19752942]
3621,[ 0.20398527  0.10627254 -0.1007635   0.13369799  0.37151172  0.08730727
 -0.04177606  0.64859651  0.34903292 -0.53018275 -0.0450148  -0.11716216
  0.17925639  0.43272847 -0.32601926  0.23221458 -0.1077881  -0.6201654
  0.10284642  0.14547631 -0.46996195  0.2051768   0.26096214 -0.64547209
 -0.01857233  0.38281035  0.02673002  0.03832993 -0.55144906  0.53464361
  0.55307599  0.56369626  0.64267193  0.23322591 -0.16918769  0.57240407
 -0.17453743  0.41625848 -0.61548418  0.12035894  0.34367836 -0.62699882
 -0.00887392 -0.22910064  0.07097147 -0.29731189  0.27733755 -0.4884022
 -0.30045612 -0.82405292 -0.50224605 -0.22672947 -0.19752982]
3622,[ 0.2039867   0.10627311 -0.10076717  0.13369878  0.37151254  0.08730639
 -0.04177477  0.64859514  0.3490315  -0.53018215 -0.0450146  -0.11716063
  0.17925563  0.43272991 -0.3260193   0.23221578 -0.10778733 -0.62016495
  0.10284561  0.14547717 -0.46996208  0.20517603  0.26096188 -0.64547329
 -0.01857358  0.38280975  0.02673225  0.03832919 -0.55145004  0.53464563
  0.55307405  0.56369678  0.64267282  0.23322595 -0.16918694  0.57240428
 -0.17453825  0.41625793 -0.61548383  0.12035805  0.34367856 -0.62699733
 -0.00887564 -0.22910079  0.07097045 -0.29731219  0.27733864 -0.48839978
 -0.3004575  -0.82405275 -0.50224661 -0.22672926 -0.19753022]
3623,[ 0.20398813  0.10627369 -0.10077083  0.13369957  0.37151335  0.08730552
 -0.04177349  0.64859377  0.34903009 -0.53018155 -0.04501439 -0.11715909
  0.17925488  0.43273135 -0.32601934  0.23221698 -0.10778657 -0.62016449
  0.1028448   0.14547803 -0.4699622   0.20517527  0.26096162 -0.6454745
 -0.01857482  0.38280916  0.02673448  0.03832844 -0.55145103  0.53464765
  0.55307211  0.56369731  0.64267371  0.23322599 -0.16918618  0.57240449
 -0.17453907  0.41625739 -0.61548348  0.12035717  0.34367876 -0.62699584
 -0.00887736 -0.22910093  0.07096944 -0.29731249  0.27733973 -0.48839736
 -0.30045889 -0.82405258 -0.50224718 -0.22672905 -0.19753061]
3624,[ 0.20398956  0.10627426 -0.10077448  0.13370036  0.37151417  0.08730464
 -0.04177221  0.64859241  0.34902868 -0.53018096 -0.04501418 -0.11715756
  0.17925412  0.43273279 -0.32601939  0.23221819 -0.10778581 -0.62016403
  0.10284399  0.14547888 -0.46996232  0.2051745   0.26096136 -0.6454757
 -0.01857605  0.38280856  0.0267367   0.0383277  -0.55145201  0.53464967
  0.55307017  0.56369783  0.64267461  0.23322602 -0.16918543  0.57240471
 -0.17453989  0.41625685 -0.61548314  0.12035629  0.34367896 -0.62699435
 -0.00887907 -0.22910108  0.07096842 -0.29731278  0.27734081 -0.48839494
 -0.30046027 -0.82405241 -0.50224774 -0.22672884 -0.19753101]
3625,[ 0.20399098  0.10627484 -0.10077813  0.13370115  0.37151498  0.08730377
 -0.04177093  0.64859104  0.34902727 -0.53018037 -0.04501398 -0.11715603
  0.17925337  0.43273423 -0.32601943  0.23221938 -0.10778505 -0.62016358
  0.10284318  0.14547974 -0.46996245  0.20517374  0.2609611  -0.6454769
 -0.01857729  0.38280797  0.02673892  0.03832696 -0.55145299  0.53465168
  0.55306823  0.56369835  0.6426755   0.23322606 -0.16918468  0.57240492
 -0.17454071  0.41625631 -0.61548279  0.12035541  0.34367915 -0.62699286
 -0.00888078 -0.22910123  0.07096741 -0.29731308  0.27734189 -0.48839252
 -0.30046165 -0.82405225 -0.5022483  -0.22672864 -0.1975314 ]
3626,[ 0.20399241  0.10627541 -0.10078178  0.13370194  0.3715158   0.0873029
 -0.04176965  0.64858968  0.34902586 -0.53017977 -0.04501377 -0.1171545
  0.17925261  0.43273567 -0.32601948  0.23222058 -0.10778429 -0.62016312
  0.10284237  0.14548059 -0.46996257  0.20517297  0.26096085 -0.64547811
 -0.01857853  0.38280737  0.02674114  0.03832621 -0.55145397  0.53465369
  0.55306629  0.56369888  0.64267639  0.2332261  -0.16918393  0.57240513
 -0.17454153  0.41625576 -0.61548245  0.12035453  0.34367935 -0.62699138
 -0.0088825  -0.22910137  0.0709664  -0.29731338  0.27734297 -0.48839011
 -0.30046303 -0.82405208 -0.50224886 -0.22672843 -0.1975318 ]
3627,[ 0.20399383  0.10627598 -0.10078543  0.13370273  0.37151661  0.08730202
 -0.04176837  0.64858832  0.34902446 -0.53017918 -0.04501356 -0.11715297
  0.17925186  0.4327371  -0.32601952  0.23222178 -0.10778353 -0.62016267
  0.10284157  0.14548145 -0.4699627   0.20517221  0.26096059 -0.6454793
 -0.01857976  0.38280678  0.02674336  0.03832547 -0.55145495  0.5346557
  0.55306436  0.5636994   0.64267728  0.23322614 -0.16918318  0.57240534
 -0.17454235  0.41625522 -0.61548211  0.12035365  0.34367955 -0.62698989
 -0.0088842  -0.22910152  0.07096539 -0.29731368  0.27734405 -0.4883877
 -0.30046441 -0.82405191 -0.50224942 -0.22672822 -0.19753219]
3628,[ 0.20399525  0.10627655 -0.10078907  0.13370351  0.37151742  0.08730115
 -0.0417671   0.64858696  0.34902305 -0.53017859 -0.04501336 -0.11715145
  0.17925111  0.43273853 -0.32601957  0.23222298 -0.10778278 -0.62016222
  0.10284076  0.1454823  -0.46996282  0.20517145  0.26096033 -0.6454805
 -0.01858099  0.38280618  0.02674557  0.03832473 -0.55145593  0.53465771
  0.55306243  0.56369992  0.64267816  0.23322617 -0.16918243  0.57240555
 -0.17454316  0.41625468 -0.61548176  0.12035277  0.34367974 -0.62698841
 -0.00888591 -0.22910166  0.07096438 -0.29731398  0.27734513 -0.48838529
 -0.30046578 -0.82405175 -0.50224998 -0.22672801 -0.19753259]
3629,[ 0.20399667  0.10627712 -0.1007927   0.1337043   0.37151823  0.08730029
 -0.04176582  0.6485856   0.34902165 -0.530178   -0.04501315 -0.11714993
  0.17925036  0.43273997 -0.32601961  0.23222417 -0.10778202 -0.62016176
  0.10283996  0.14548315 -0.46996295  0.20517069  0.26096008 -0.6454817
 -0.01858222  0.38280559  0.02674778  0.03832399 -0.5514569   0.53465972
  0.5530605   0.56370044  0.64267905  0.23322621 -0.16918168  0.57240576
 -0.17454398  0.41625414 -0.61548142  0.1203519   0.34367994 -0.62698693
 -0.00888762 -0.22910181  0.07096338 -0.29731427  0.27734621 -0.48838288
 -0.30046716 -0.82405158 -0.50225054 -0.2267278  -0.19753298]
3630,[ 0.20399808  0.1062777  -0.10079633  0.13370508  0.37151904  0.08729942
 -0.04176455  0.64858424  0.34902025 -0.53017741 -0.04501295 -0.1171484
  0.1792496   0.4327414  -0.32601965  0.23222536 -0.10778126 -0.62016131
  0.10283915  0.145484   -0.46996307  0.20516993  0.26095982 -0.6454829
 -0.01858345  0.382805    0.02674999  0.03832326 -0.55145788  0.53466172
  0.55305857  0.56370096  0.64267994  0.23322625 -0.16918093  0.57240597
 -0.17454479  0.4162536  -0.61548108  0.12035102  0.34368014 -0.62698545
 -0.00888932 -0.22910195  0.07096237 -0.29731457  0.27734729 -0.48838048
 -0.30046853 -0.82405141 -0.50225109 -0.22672759 -0.19753337]
3631,[ 0.2039995   0.10627826 -0.10079996  0.13370586  0.37151985  0.08729855
 -0.04176328  0.64858289  0.34901885 -0.53017682 -0.04501274 -0.11714688
  0.17924886  0.43274282 -0.3260197   0.23222655 -0.10778051 -0.62016086
  0.10283835  0.14548485 -0.46996319  0.20516917  0.26095956 -0.64548409
 -0.01858468  0.38280441  0.0267522   0.03832252 -0.55145885  0.53466372
  0.55305665  0.56370148  0.64268082  0.23322628 -0.16918019  0.57240618
 -0.17454561  0.41625306 -0.61548074  0.12035014  0.34368033 -0.62698398
 -0.00889102 -0.2291021   0.07096136 -0.29731487  0.27734836 -0.48837808
 -0.3004699  -0.82405125 -0.50225165 -0.22672738 -0.19753376]
3632,[ 0.20400091  0.10627883 -0.10080358  0.13370665  0.37152066  0.08729768
 -0.04176201  0.64858153  0.34901745 -0.53017623 -0.04501254 -0.11714536
  0.17924811  0.43274425 -0.32601974  0.23222774 -0.10777975 -0.62016041
  0.10283755  0.1454857  -0.46996332  0.20516841  0.26095931 -0.64548528
 -0.01858591  0.38280382  0.0267544   0.03832178 -0.55145983  0.53466572
  0.55305473  0.563702    0.6426817   0.23322632 -0.16917944  0.57240639
 -0.17454642  0.41625253 -0.61548039  0.12034927  0.34368053 -0.6269825
 -0.00889272 -0.22910224  0.07096036 -0.29731516  0.27734944 -0.48837569
 -0.30047127 -0.82405108 -0.50225221 -0.22672718 -0.19753416]
3633,[ 0.20400233  0.1062794  -0.1008072   0.13370743  0.37152146  0.08729682
 -0.04176074  0.64858018  0.34901605 -0.53017564 -0.04501233 -0.11714385
  0.17924736  0.43274568 -0.32601978  0.23222893 -0.107779   -0.62015995
  0.10283674  0.14548655 -0.46996344  0.20516766  0.26095905 -0.64548647
 -0.01858714  0.38280323  0.0267566   0.03832105 -0.5514608   0.53466771
  0.5530528   0.56370252  0.64268259  0.23322636 -0.1691787   0.5724066
 -0.17454723  0.41625199 -0.61548005  0.1203484   0.34368073 -0.62698103
 -0.00889442 -0.22910239  0.07095936 -0.29731546  0.27735051 -0.48837329
 -0.30047264 -0.82405091 -0.50225276 -0.22672697 -0.19753455]
3634,[ 0.20400374  0.10627997 -0.10081082  0.13370821  0.37152227  0.08729595
 -0.04175948  0.64857883  0.34901466 -0.53017506 -0.04501213 -0.11714233
  0.17924661  0.4327471  -0.32601983  0.23223012 -0.10777825 -0.6201595
  0.10283594  0.14548739 -0.46996357  0.2051669   0.2609588  -0.64548766
 -0.01858836  0.38280264  0.0267588   0.03832031 -0.55146177  0.53466971
  0.55305089  0.56370304  0.64268347  0.23322639 -0.16917795  0.57240681
 -0.17454804  0.41625145 -0.61547971  0.12034753  0.34368092 -0.62697956
 -0.00889611 -0.22910253  0.07095836 -0.29731576  0.27735158 -0.4883709
 -0.30047401 -0.82405075 -0.50225332 -0.22672676 -0.19753494]
3635,[ 0.20400514  0.10628054 -0.10081443  0.13370899  0.37152308  0.08729509
 -0.04175821  0.64857748  0.34901327 -0.53017447 -0.04501192 -0.11714082
  0.17924586  0.43274852 -0.32601987  0.23223131 -0.1077775  -0.62015905
  0.10283514  0.14548824 -0.46996369  0.20516615  0.26095854 -0.64548885
 -0.01858958  0.38280205  0.026761    0.03831958 -0.55146274  0.5346717
  0.55304897  0.56370356  0.64268435  0.23322643 -0.16917721  0.57240702
 -0.17454885  0.41625092 -0.61547937  0.12034666  0.34368112 -0.62697809
 -0.00889781 -0.22910268  0.07095736 -0.29731605  0.27735265 -0.48836851
 -0.30047537 -0.82405058 -0.50225387 -0.22672656 -0.19753533]
3636,[ 0.20400655  0.1062811  -0.10081804  0.13370977  0.37152388  0.08729423
 -0.04175695  0.64857613  0.34901187 -0.53017388 -0.04501172 -0.11713931
  0.17924512  0.43274994 -0.32601992  0.23223249 -0.10777675 -0.6201586
  0.10283435  0.14548908 -0.46996381  0.20516539  0.26095829 -0.64549004
 -0.0185908   0.38280146  0.02676319  0.03831884 -0.55146371  0.53467369
  0.55304706  0.56370408  0.64268523  0.23322647 -0.16917647  0.57240722
 -0.17454966  0.41625038 -0.61547903  0.12034579  0.34368131 -0.62697662
 -0.0088995  -0.22910282  0.07095636 -0.29731635  0.27735372 -0.48836612
 -0.30047674 -0.82405042 -0.50225443 -0.22672635 -0.19753572]
3637,[ 0.20400796  0.10628167 -0.10082164  0.13371055  0.37152468  0.08729337
 -0.04175568  0.64857479  0.34901048 -0.5301733  -0.04501152 -0.1171378
  0.17924437  0.43275136 -0.32601996  0.23223367 -0.107776   -0.62015815
  0.10283355  0.14548993 -0.46996394  0.20516464  0.26095804 -0.64549123
 -0.01859202  0.38280087  0.02676538  0.03831811 -0.55146468  0.53467568
  0.55304514  0.56370459  0.64268611  0.2332265  -0.16917572  0.57240743
 -0.17455047  0.41624985 -0.61547869  0.12034492  0.34368151 -0.62697515
 -0.00890119 -0.22910296  0.07095536 -0.29731664  0.27735479 -0.48836374
 -0.3004781  -0.82405025 -0.50225498 -0.22672614 -0.19753611]
3638,[ 0.20400936  0.10628223 -0.10082524  0.13371132  0.37152549  0.08729251
 -0.04175442  0.64857344  0.3490091  -0.53017271 -0.04501131 -0.11713629
  0.17924363  0.43275278 -0.32602     0.23223486 -0.10777525 -0.62015771
  0.10283275  0.14549077 -0.46996406  0.20516389  0.26095778 -0.64549241
 -0.01859324  0.38280029  0.02676757  0.03831738 -0.55146564  0.53467766
  0.55304323  0.56370511  0.64268699  0.23322654 -0.16917498  0.57240764
 -0.17455127  0.41624931 -0.61547835  0.12034405  0.3436817  -0.62697369
 -0.00890287 -0.22910311  0.07095436 -0.29731694  0.27735585 -0.48836136
 -0.30047946 -0.82405009 -0.50225553 -0.22672594 -0.1975365 ]
3639,[ 0.20401077  0.1062828  -0.10082883  0.1337121   0.37152629  0.08729165
 -0.04175316  0.6485721   0.34900771 -0.53017213 -0.04501111 -0.11713478
  0.17924289  0.4327542  -0.32602005  0.23223604 -0.1077745  -0.62015726
  0.10283196  0.14549161 -0.46996418  0.20516313  0.26095753 -0.6454936
 -0.01859446  0.3827997   0.02676976  0.03831665 -0.55146661  0.53467964
  0.55304133  0.56370562  0.64268786  0.23322657 -0.16917424  0.57240785
 -0.17455208  0.41624878 -0.61547801  0.12034318  0.3436819  -0.62697222
 -0.00890456 -0.22910325  0.07095336 -0.29731723  0.27735692 -0.48835898
 -0.30048082 -0.82404992 -0.50225609 -0.22672573 -0.19753689]
3640,[ 0.20401217  0.10628336 -0.10083242  0.13371288  0.37152709  0.08729079
 -0.0417519   0.64857076  0.34900632 -0.53017154 -0.0450109  -0.11713328
  0.17924214  0.43275561 -0.32602009  0.23223722 -0.10777375 -0.62015681
  0.10283116  0.14549245 -0.4699643   0.20516238  0.26095728 -0.64549478
 -0.01859568  0.38279912  0.02677194  0.03831592 -0.55146757  0.53468162
  0.55303942  0.56370614  0.64268874  0.23322661 -0.1691735   0.57240806
 -0.17455288  0.41624824 -0.61547767  0.12034232  0.34368209 -0.62697076
 -0.00890624 -0.2291034   0.07095237 -0.29731752  0.27735798 -0.48835661
 -0.30048218 -0.82404976 -0.50225664 -0.22672553 -0.19753728]
3641,[ 0.20401357  0.10628393 -0.10083601  0.13371365  0.37152789  0.08728993
 -0.04175065  0.64856942  0.34900494 -0.53017096 -0.0450107  -0.11713177
  0.1792414   0.43275702 -0.32602013  0.23223839 -0.10777301 -0.62015636
  0.10283037  0.14549329 -0.46996443  0.20516163  0.26095702 -0.64549596
 -0.01859689  0.38279853  0.02677412  0.03831519 -0.55146854  0.5346836
  0.55303752  0.56370665  0.64268961  0.23322665 -0.16917277  0.57240826
 -0.17455369  0.41624771 -0.61547733  0.12034145  0.34368228 -0.6269693
 -0.00890793 -0.22910354  0.07095138 -0.29731782  0.27735905 -0.48835423
 -0.30048353 -0.82404959 -0.50225719 -0.22672532 -0.19753766]
3642,[ 0.20401496  0.10628449 -0.10083959  0.13371442  0.37152869  0.08728907
 -0.04174939  0.64856808  0.34900356 -0.53017038 -0.0450105  -0.11713027
  0.17924066  0.43275843 -0.32602018  0.23223957 -0.10777226 -0.62015592
  0.10282957  0.14549413 -0.46996455  0.20516088  0.26095677 -0.64549714
 -0.0185981   0.38279795  0.0267763   0.03831446 -0.5514695   0.53468558
  0.55303562  0.56370717  0.64269049  0.23322668 -0.16917203  0.57240847
 -0.17455449  0.41624718 -0.615477    0.12034059  0.34368248 -0.62696784
 -0.00890961 -0.22910368  0.07095038 -0.29731811  0.27736011 -0.48835186
 -0.30048489 -0.82404943 -0.50225774 -0.22672511 -0.19753805]
3643,[ 0.20401636  0.10628505 -0.10084317  0.1337152   0.37152949  0.08728822
 -0.04174814  0.64856674  0.34900218 -0.5301698  -0.0450103  -0.11712877
  0.17923992  0.43275984 -0.32602022  0.23224075 -0.10777152 -0.62015547
  0.10282878  0.14549497 -0.46996467  0.20516013  0.26095652 -0.64549832
 -0.01859932  0.38279736  0.02677848  0.03831373 -0.55147046  0.53468755
  0.55303372  0.56370768  0.64269136  0.23322672 -0.16917129  0.57240868
 -0.17455529  0.41624665 -0.61547666  0.12033972  0.34368267 -0.62696639
 -0.00891128 -0.22910383  0.07094939 -0.2973184   0.27736117 -0.4883495
 -0.30048624 -0.82404927 -0.50225829 -0.22672491 -0.19753844]
3644,[ 0.20401776  0.10628561 -0.10084675  0.13371597  0.37153028  0.08728736
 -0.04174688  0.6485654   0.3490008  -0.53016922 -0.04501009 -0.11712727
  0.17923918  0.43276125 -0.32602026  0.23224192 -0.10777077 -0.62015502
  0.10282799  0.14549581 -0.46996479  0.20515939  0.26095627 -0.64549949
 -0.01860053  0.38279678  0.02678065  0.038313   -0.55147142  0.53468952
  0.55303182  0.56370819  0.64269223  0.23322676 -0.16917056  0.57240889
 -0.1745561   0.41624612 -0.61547632  0.12033886  0.34368286 -0.62696493
 -0.00891296 -0.22910397  0.0709484  -0.29731869  0.27736223 -0.48834713
 -0.30048759 -0.8240491  -0.50225884 -0.2267247  -0.19753883]
3645,[ 0.20401915  0.10628617 -0.10085032  0.13371674  0.37153108  0.08728651
 -0.04174563  0.64856407  0.34899942 -0.53016864 -0.04500989 -0.11712578
  0.17923845  0.43276266 -0.32602031  0.23224309 -0.10777003 -0.62015458
  0.1028272   0.14549665 -0.46996491  0.20515864  0.26095601 -0.64550067
 -0.01860174  0.3827962   0.02678282  0.03831228 -0.55147238  0.53469149
  0.55302993  0.5637087   0.6426931   0.23322679 -0.16916982  0.57240909
 -0.1745569   0.41624559 -0.61547599  0.120338    0.34368306 -0.62696348
 -0.00891464 -0.22910411  0.07094741 -0.29731899  0.27736329 -0.48834477
 -0.30048894 -0.82404894 -0.50225939 -0.2267245  -0.19753921]
3646,[ 0.20402054  0.10628673 -0.10085388  0.13371751  0.37153187  0.08728566
 -0.04174438  0.64856274  0.34899804 -0.53016806 -0.04500969 -0.11712428
  0.17923771  0.43276406 -0.32602035  0.23224426 -0.10776929 -0.62015413
  0.10282641  0.14549748 -0.46996504  0.20515789  0.26095576 -0.64550184
 -0.01860294  0.38279562  0.02678499  0.03831155 -0.55147334  0.53469346
  0.55302803  0.56370922  0.64269397  0.23322683 -0.16916909  0.5724093
 -0.1745577   0.41624506 -0.61547565  0.12033714  0.34368325 -0.62696203
 -0.00891631 -0.22910425  0.07094642 -0.29731928  0.27736435 -0.48834241
 -0.30049029 -0.82404877 -0.50225993 -0.2267243  -0.1975396 ]
3647,[ 0.20402193  0.10628729 -0.10085745  0.13371828  0.37153267  0.08728481
 -0.04174313  0.64856141  0.34899667 -0.53016748 -0.04500949 -0.11712279
  0.17923697  0.43276546 -0.32602039  0.23224543 -0.10776855 -0.62015369
  0.10282562  0.14549832 -0.46996516  0.20515715  0.26095551 -0.64550302
 -0.01860415  0.38279504  0.02678716  0.03831083 -0.55147429  0.53469542
  0.55302614  0.56370973  0.64269484  0.23322686 -0.16916835  0.5724095
 -0.1745585   0.41624453 -0.61547531  0.12033628  0.34368344 -0.62696058
 -0.00891798 -0.2291044   0.07094544 -0.29731957  0.2773654  -0.48834005
 -0.30049164 -0.82404861 -0.50226048 -0.22672409 -0.19753998]
3648,[ 0.20402332  0.10628785 -0.100861    0.13371905  0.37153346  0.08728395
 -0.04174189  0.64856008  0.3489953  -0.5301669  -0.04500929 -0.1171213
  0.17923624  0.43276687 -0.32602044  0.2322466  -0.1077678  -0.62015325
  0.10282483  0.14549915 -0.46996528  0.2051564   0.26095526 -0.64550419
 -0.01860536  0.38279446  0.02678932  0.03831011 -0.55147525  0.53469739
  0.55302426  0.56371024  0.64269571  0.2332269  -0.16916762  0.57240971
 -0.17455929  0.416244   -0.61547498  0.12033542  0.34368363 -0.62695913
 -0.00891965 -0.22910454  0.07094445 -0.29731986  0.27736646 -0.4883377
 -0.30049299 -0.82404845 -0.50226103 -0.22672389 -0.19754037]
3649,[ 0.20402471  0.10628841 -0.10086456  0.13371982  0.37153425  0.0872831
 -0.04174064  0.64855875  0.34899392 -0.53016632 -0.04500909 -0.11711981
  0.1792355   0.43276827 -0.32602048  0.23224777 -0.10776706 -0.6201528
  0.10282405  0.14549998 -0.4699654   0.20515566  0.26095501 -0.64550536
 -0.01860656  0.38279388  0.02679149  0.03830938 -0.55147621  0.53469935
  0.55302237  0.56371075  0.64269658  0.23322694 -0.16916689  0.57240992
 -0.17456009  0.41624347 -0.61547464  0.12033457  0.34368383 -0.62695768
 -0.00892131 -0.22910468  0.07094347 -0.29732015  0.27736751 -0.48833535
 -0.30049433 -0.82404829 -0.50226157 -0.22672368 -0.19754075]
3650,[ 0.20402609  0.10628897 -0.10086811  0.13372058  0.37153505  0.08728226
 -0.0417394   0.64855742  0.34899255 -0.53016575 -0.04500889 -0.11711832
  0.17923477  0.43276966 -0.32602052  0.23224894 -0.10776633 -0.62015236
  0.10282326  0.14550081 -0.46996552  0.20515492  0.26095476 -0.64550653
 -0.01860776  0.3827933   0.02679365  0.03830866 -0.55147716  0.53470131
  0.55302048  0.56371126  0.64269745  0.23322697 -0.16916616  0.57241012
 -0.17456089  0.41624295 -0.61547431  0.12033371  0.34368402 -0.62695624
 -0.00892298 -0.22910482  0.07094248 -0.29732044  0.27736856 -0.488333
 -0.30049567 -0.82404812 -0.50226212 -0.22672348 -0.19754114]
3651,[ 0.20402748  0.10628952 -0.10087166  0.13372135  0.37153584  0.08728141
 -0.04173815  0.6485561   0.34899119 -0.53016517 -0.04500869 -0.11711683
  0.17923403  0.43277106 -0.32602056  0.2322501  -0.10776559 -0.62015192
  0.10282247  0.14550164 -0.46996564  0.20515418  0.26095451 -0.6455077
 -0.01860896  0.38279272  0.0267958   0.03830794 -0.55147811  0.53470326
  0.5530186   0.56371176  0.64269831  0.23322701 -0.16916543  0.57241033
 -0.17456168  0.41624242 -0.61547397  0.12033286  0.34368421 -0.62695479
 -0.00892464 -0.22910496  0.0709415  -0.29732073  0.27736961 -0.48833065
 -0.30049701 -0.82404796 -0.50226266 -0.22672328 -0.19754152]
3652,[ 0.20402886  0.10629008 -0.1008752   0.13372212  0.37153663  0.08728056
 -0.04173691  0.64855477  0.34898982 -0.53016459 -0.04500848 -0.11711535
  0.1792333   0.43277246 -0.32602061  0.23225127 -0.10776485 -0.62015148
  0.10282169  0.14550247 -0.46996576  0.20515344  0.26095426 -0.64550886
 -0.01861016  0.38279214  0.02679796  0.03830722 -0.55147906  0.53470522
  0.55301672  0.56371227  0.64269917  0.23322704 -0.1691647   0.57241053
 -0.17456248  0.41624189 -0.61547364  0.120332    0.3436844  -0.62695335
 -0.0089263  -0.22910511  0.07094052 -0.29732102  0.27737066 -0.48832831
 -0.30049835 -0.8240478  -0.50226321 -0.22672307 -0.1975419 ]
3653,[ 0.20403024  0.10629064 -0.10087874  0.13372288  0.37153742  0.08727971
 -0.04173567  0.64855345  0.34898845 -0.53016402 -0.04500828 -0.11711386
  0.17923257  0.43277385 -0.32602065  0.23225243 -0.10776411 -0.62015103
  0.10282091  0.1455033  -0.46996589  0.2051527   0.26095401 -0.64551003
 -0.01861136  0.38279157  0.02680011  0.0383065  -0.55148001  0.53470717
  0.55301485  0.56371278  0.64270004  0.23322708 -0.16916397  0.57241074
 -0.17456327  0.41624137 -0.6154733   0.12033115  0.34368459 -0.62695191
 -0.00892796 -0.22910525  0.07093954 -0.29732131  0.27737171 -0.48832597
 -0.30049969 -0.82404764 -0.50226375 -0.22672287 -0.19754229]
3654,[ 0.20403162  0.10629119 -0.10088227  0.13372364  0.3715382   0.08727887
 -0.04173443  0.64855213  0.34898709 -0.53016344 -0.04500808 -0.11711238
  0.17923184  0.43277524 -0.32602069  0.23225359 -0.10776338 -0.62015059
  0.10282012  0.14550413 -0.46996601  0.20515196  0.26095376 -0.64551119
 -0.01861256  0.38279099  0.02680226  0.03830578 -0.55148096  0.53470912
  0.55301297  0.56371329  0.6427009   0.23322712 -0.16916324  0.57241094
 -0.17456406  0.41624084 -0.61547297  0.1203303   0.34368478 -0.62695047
 -0.00892962 -0.22910539  0.07093856 -0.2973216   0.27737276 -0.48832363
 -0.30050103 -0.82404747 -0.50226429 -0.22672267 -0.19754267]
3655,[ 0.204033    0.10629174 -0.1008858   0.13372441  0.37153899  0.08727803
 -0.0417332   0.64855081  0.34898573 -0.53016287 -0.04500788 -0.1171109
  0.17923111  0.43277663 -0.32602073  0.23225475 -0.10776264 -0.62015015
  0.10281934  0.14550496 -0.46996613  0.20515122  0.26095351 -0.64551235
 -0.01861376  0.38279042  0.02680441  0.03830506 -0.55148191  0.53471106
  0.5530111   0.56371379  0.64270176  0.23322715 -0.16916252  0.57241114
 -0.17456485  0.41624032 -0.61547264  0.12032944  0.34368498 -0.62694903
 -0.00893128 -0.22910553  0.07093758 -0.29732189  0.27737381 -0.48832129
 -0.30050236 -0.82404731 -0.50226484 -0.22672247 -0.19754305]
3656,[ 0.20403437  0.1062923  -0.10088933  0.13372517  0.37153978  0.08727718
 -0.04173196  0.64854949  0.34898437 -0.5301623  -0.04500769 -0.11710942
  0.17923038  0.43277802 -0.32602078  0.23225591 -0.10776191 -0.62014971
  0.10281856  0.14550578 -0.46996625  0.20515048  0.26095326 -0.64551351
 -0.01861495  0.38278984  0.02680655  0.03830435 -0.55148286  0.53471301
  0.55300922  0.5637143   0.64270262  0.23322719 -0.16916179  0.57241135
 -0.17456564  0.4162398  -0.6154723   0.12032859  0.34368517 -0.6269476
 -0.00893293 -0.22910567  0.0709366  -0.29732218  0.27737485 -0.48831896
 -0.3005037  -0.82404715 -0.50226538 -0.22672227 -0.19754343]
3657,[ 0.20403575  0.10629285 -0.10089285  0.13372593  0.37154056  0.08727634
 -0.04173073  0.64854818  0.34898301 -0.53016173 -0.04500749 -0.11710795
  0.17922965  0.43277941 -0.32602082  0.23225706 -0.10776118 -0.62014927
  0.10281778  0.14550661 -0.46996637  0.20514974  0.26095301 -0.64551467
 -0.01861614  0.38278927  0.02680869  0.03830363 -0.5514838   0.53471495
  0.55300736  0.5637148   0.64270348  0.23322722 -0.16916107  0.57241155
 -0.17456643  0.41623927 -0.61547197  0.12032774  0.34368536 -0.62694616
 -0.00893458 -0.22910581  0.07093563 -0.29732246  0.2773759  -0.48831663
 -0.30050503 -0.82404699 -0.50226592 -0.22672206 -0.19754381]
3658,[ 0.20403712  0.1062934  -0.10089637  0.13372669  0.37154135  0.0872755
 -0.04172949  0.64854686  0.34898165 -0.53016115 -0.04500729 -0.11710647
  0.17922893  0.43278079 -0.32602086  0.23225822 -0.10776044 -0.62014884
  0.102817    0.14550743 -0.46996649  0.20514901  0.26095277 -0.64551583
 -0.01861733  0.38278869  0.02681083  0.03830291 -0.55148475  0.53471689
  0.55300549  0.56371531  0.64270434  0.23322726 -0.16916034  0.57241176
 -0.17456722  0.41623875 -0.61547164  0.1203269   0.34368555 -0.62694473
 -0.00893623 -0.22910595  0.07093465 -0.29732275  0.27737694 -0.4883143
 -0.30050636 -0.82404683 -0.50226646 -0.22672186 -0.19754419]
3659,[ 0.20403849  0.10629396 -0.10089988  0.13372745  0.37154213  0.08727466
 -0.04172826  0.64854555  0.34898029 -0.53016058 -0.04500709 -0.117105
  0.1792282   0.43278218 -0.32602091  0.23225937 -0.10775971 -0.6201484
  0.10281622  0.14550826 -0.46996661  0.20514827  0.26095252 -0.64551699
 -0.01861852  0.38278812  0.02681297  0.0383022  -0.55148569  0.53471883
  0.55300362  0.56371581  0.6427052   0.23322729 -0.16915962  0.57241196
 -0.17456801  0.41623823 -0.61547131  0.12032605  0.34368574 -0.6269433
 -0.00893788 -0.22910609  0.07093368 -0.29732304  0.27737798 -0.48831198
 -0.30050769 -0.82404667 -0.502267   -0.22672166 -0.19754458]
3660,[ 0.20403986  0.10629451 -0.10090339  0.13372821  0.37154292  0.08727382
 -0.04172703  0.64854424  0.34897894 -0.53016001 -0.04500689 -0.11710353
  0.17922747  0.43278356 -0.32602095  0.23226053 -0.10775898 -0.62014796
  0.10281545  0.14550908 -0.46996673  0.20514754  0.26095227 -0.64551815
 -0.01861971  0.38278755  0.02681511  0.03830149 -0.55148664  0.53472077
  0.55300176  0.56371632  0.64270605  0.23322733 -0.1691589   0.57241216
 -0.1745688   0.41623771 -0.61547098  0.1203252   0.34368593 -0.62694187
 -0.00893953 -0.22910623  0.0709327  -0.29732333  0.27737902 -0.48830966
 -0.30050902 -0.8240465  -0.50226754 -0.22672146 -0.19754496]
3661,[ 0.20404123  0.10629506 -0.1009069   0.13372896  0.3715437   0.08727298
 -0.0417258   0.64854293  0.34897759 -0.53015944 -0.04500669 -0.11710206
  0.17922675  0.43278494 -0.32602099  0.23226168 -0.10775825 -0.62014752
  0.10281467  0.1455099  -0.46996685  0.2051468   0.26095202 -0.6455193
 -0.0186209   0.38278698  0.02681724  0.03830077 -0.55148758  0.5347227
  0.5529999   0.56371682  0.64270691  0.23322737 -0.16915817  0.57241237
 -0.17456959  0.41623719 -0.61547065  0.12032436  0.34368612 -0.62694045
 -0.00894117 -0.22910637  0.07093173 -0.29732361  0.27738006 -0.48830734
 -0.30051034 -0.82404634 -0.50226808 -0.22672126 -0.19754533]
3662,[ 0.2040426   0.10629561 -0.1009104   0.13372972  0.37154448  0.08727214
 -0.04172457  0.64854162  0.34897623 -0.53015887 -0.04500649 -0.11710059
  0.17922602  0.43278632 -0.32602103  0.23226283 -0.10775752 -0.62014709
  0.1028139   0.14551072 -0.46996697  0.20514607  0.26095178 -0.64552045
 -0.01862209  0.38278641  0.02681937  0.03830006 -0.55148852  0.53472463
  0.55299804  0.56371732  0.64270776  0.2332274  -0.16915745  0.57241257
 -0.17457037  0.41623667 -0.61547032  0.12032351  0.34368631 -0.62693902
 -0.00894282 -0.22910651  0.07093076 -0.2973239   0.2773811  -0.48830502
 -0.30051167 -0.82404618 -0.50226862 -0.22672106 -0.19754571]
3663,[ 0.20404396  0.10629616 -0.1009139   0.13373047  0.37154526  0.08727131
 -0.04172335  0.64854031  0.34897488 -0.5301583  -0.0450063  -0.11709912
  0.1792253   0.4327877  -0.32602107  0.23226398 -0.1077568  -0.62014665
  0.10281312  0.14551154 -0.46996709  0.20514534  0.26095153 -0.64552161
 -0.01862327  0.38278583  0.0268215   0.03829935 -0.55148946  0.53472656
  0.55299618  0.56371782  0.64270862  0.23322744 -0.16915673  0.57241277
 -0.17457116  0.41623615 -0.61546999  0.12032267  0.3436865  -0.6269376
 -0.00894446 -0.22910665  0.07092979 -0.29732419  0.27738214 -0.4883027
 -0.30051299 -0.82404602 -0.50226915 -0.22672086 -0.19754609]
3664,[ 0.20404533  0.10629671 -0.1009174   0.13373123  0.37154604  0.08727047
 -0.04172212  0.64853901  0.34897354 -0.53015774 -0.0450061  -0.11709766
  0.17922458  0.43278908 -0.32602112  0.23226513 -0.10775607 -0.62014621
  0.10281235  0.14551236 -0.46996721  0.20514461  0.26095128 -0.64552276
 -0.01862446  0.38278526  0.02682362  0.03829864 -0.5514904   0.53472849
  0.55299433  0.56371832  0.64270947  0.23322747 -0.16915601  0.57241297
 -0.17457194  0.41623563 -0.61546966  0.12032183  0.34368668 -0.62693617
 -0.0089461  -0.22910679  0.07092882 -0.29732447  0.27738317 -0.48830039
 -0.30051431 -0.82404586 -0.50226969 -0.22672066 -0.19754647]
3665,[ 0.20404669  0.10629725 -0.10092089  0.13373198  0.37154682  0.08726964
 -0.0417209   0.6485377   0.34897219 -0.53015717 -0.0450059  -0.11709619
  0.17922386  0.43279045 -0.32602116  0.23226627 -0.10775534 -0.62014578
  0.10281157  0.14551318 -0.46996732  0.20514388  0.26095104 -0.64552391
 -0.01862564  0.3827847   0.02682575  0.03829793 -0.55149134  0.53473042
  0.55299248  0.56371882  0.64271032  0.23322751 -0.16915529  0.57241317
 -0.17457272  0.41623511 -0.61546933  0.12032098  0.34368687 -0.62693475
 -0.00894773 -0.22910693  0.07092786 -0.29732476  0.27738421 -0.48829808
 -0.30051563 -0.8240457  -0.50227023 -0.22672046 -0.19754685]
3666,[ 0.20404805  0.1062978  -0.10092438  0.13373274  0.37154759  0.0872688
 -0.04171968  0.6485364   0.34897084 -0.5301566  -0.0450057  -0.11709473
  0.17922314  0.43279182 -0.3260212   0.23226742 -0.10775462 -0.62014534
  0.1028108   0.14551399 -0.46996744  0.20514315  0.26095079 -0.64552505
 -0.01862682  0.38278413  0.02682787  0.03829722 -0.55149227  0.53473234
  0.55299063  0.56371932  0.64271117  0.23322754 -0.16915458  0.57241338
 -0.1745735   0.41623459 -0.615469    0.12032014  0.34368706 -0.62693333
 -0.00894937 -0.22910707  0.07092689 -0.29732504  0.27738524 -0.48829578
 -0.30051695 -0.82404554 -0.50227076 -0.22672026 -0.19754722]
3667,[ 0.20404941  0.10629835 -0.10092786  0.13373349  0.37154837  0.08726797
 -0.04171846  0.6485351   0.3489695  -0.53015604 -0.04500551 -0.11709327
  0.17922242  0.4327932  -0.32602124  0.23226856 -0.10775389 -0.62014491
  0.10281003  0.14551481 -0.46996756  0.20514242  0.26095055 -0.6455262
 -0.018628    0.38278356  0.02682999  0.03829651 -0.55149321  0.53473426
  0.55298878  0.56371982  0.64271202  0.23322758 -0.16915386  0.57241358
 -0.17457429  0.41623407 -0.61546867  0.1203193   0.34368725 -0.62693191
 -0.008951   -0.22910721  0.07092593 -0.29732533  0.27738627 -0.48829347
 -0.30051827 -0.82404538 -0.5022713  -0.22672006 -0.1975476 ]
3668,[ 0.20405077  0.1062989  -0.10093134  0.13373424  0.37154915  0.08726714
 -0.04171724  0.6485338   0.34896816 -0.53015547 -0.04500531 -0.11709181
  0.1792217   0.43279457 -0.32602129  0.2322697  -0.10775317 -0.62014447
  0.10280926  0.14551562 -0.46996768  0.20514169  0.2609503  -0.64552735
 -0.01862918  0.38278299  0.0268321   0.0382958  -0.55149414  0.53473618
  0.55298693  0.56372032  0.64271287  0.23322761 -0.16915314  0.57241378
 -0.17457507  0.41623356 -0.61546834  0.12031846  0.34368744 -0.6269305
 -0.00895263 -0.22910735  0.07092496 -0.29732561  0.27738731 -0.48829117
 -0.30051958 -0.82404522 -0.50227183 -0.22671986 -0.19754798]
3669,[ 0.20405212  0.10629944 -0.10093481  0.13373499  0.37154992  0.08726631
 -0.04171602  0.6485325   0.34896682 -0.53015491 -0.04500511 -0.11709036
  0.17922098  0.43279593 -0.32602133  0.23227085 -0.10775244 -0.62014404
  0.10280849  0.14551644 -0.4699678   0.20514097  0.26095005 -0.64552849
 -0.01863035  0.38278243  0.02683422  0.0382951  -0.55149508  0.5347381
  0.55298509  0.56372082  0.64271372  0.23322765 -0.16915243  0.57241398
 -0.17457584  0.41623304 -0.61546801  0.12031763  0.34368763 -0.62692908
 -0.00895426 -0.22910749  0.070924   -0.2973259   0.27738834 -0.48828887
 -0.3005209  -0.82404506 -0.50227237 -0.22671966 -0.19754835]
3670,[ 0.20405348  0.10629999 -0.10093829  0.13373574  0.3715507   0.08726548
 -0.0417148   0.6485312   0.34896548 -0.53015434 -0.04500492 -0.1170889
  0.17922026  0.4327973  -0.32602137  0.23227199 -0.10775172 -0.62014361
  0.10280772  0.14551725 -0.46996792  0.20514024  0.26094981 -0.64552963
 -0.01863153  0.38278186  0.02683633  0.03829439 -0.55149601  0.53474001
  0.55298325  0.56372132  0.64271456  0.23322768 -0.16915171  0.57241418
 -0.17457662  0.41623253 -0.61546769  0.12031679  0.34368781 -0.62692767
 -0.00895589 -0.22910763  0.07092304 -0.29732618  0.27738937 -0.48828657
 -0.30052221 -0.82404491 -0.5022729  -0.22671946 -0.19754873]
3671,[ 0.20405483  0.10630053 -0.10094175  0.13373649  0.37155147  0.08726465
 -0.04171359  0.64852991  0.34896414 -0.53015378 -0.04500472 -0.11708745
  0.17921954  0.43279867 -0.32602141  0.23227313 -0.107751   -0.62014318
  0.10280696  0.14551806 -0.46996804  0.20513951  0.26094957 -0.64553078
 -0.0186327   0.3827813   0.02683844  0.03829369 -0.55149694  0.53474192
  0.55298141  0.56372182  0.64271541  0.23322772 -0.169151    0.57241438
 -0.1745774   0.41623201 -0.61546736  0.12031595  0.343688   -0.62692626
 -0.00895752 -0.22910777  0.07092208 -0.29732646  0.27739039 -0.48828428
 -0.30052352 -0.82404475 -0.50227343 -0.22671926 -0.1975491 ]
3672,[ 0.20405618  0.10630108 -0.10094522  0.13373724  0.37155224  0.08726382
 -0.04171237  0.64852861  0.3489628  -0.53015322 -0.04500452 -0.117086
  0.17921883  0.43280003 -0.32602145  0.23227426 -0.10775028 -0.62014274
  0.10280619  0.14551887 -0.46996816  0.20513879  0.26094932 -0.64553192
 -0.01863388  0.38278073  0.02684054  0.03829298 -0.55149787  0.53474384
  0.55297957  0.56372231  0.64271625  0.23322775 -0.16915029  0.57241458
 -0.17457818  0.4162315  -0.61546703  0.12031512  0.34368819 -0.62692485
 -0.00895914 -0.22910791  0.07092112 -0.29732675  0.27739142 -0.48828199
 -0.30052483 -0.82404459 -0.50227396 -0.22671906 -0.19754948]
3673,[ 0.20405753  0.10630162 -0.10094868  0.13373799  0.37155301  0.08726299
 -0.04171116  0.64852732  0.34896147 -0.53015265 -0.04500433 -0.11708455
  0.17921811  0.43280139 -0.3260215   0.2322754  -0.10774956 -0.62014231
  0.10280542  0.14551968 -0.46996827  0.20513807  0.26094908 -0.64553305
 -0.01863505  0.38278017  0.02684265  0.03829228 -0.5514988   0.53474574
  0.55297773  0.56372281  0.6427171   0.23322779 -0.16914957  0.57241478
 -0.17457895  0.41623098 -0.61546671  0.12031428  0.34368838 -0.62692344
 -0.00896076 -0.22910804  0.07092016 -0.29732703  0.27739245 -0.4882797
 -0.30052614 -0.82404443 -0.5022745  -0.22671887 -0.19754985]
3674,[ 0.20405888  0.10630216 -0.10095213  0.13373873  0.37155378  0.08726217
 -0.04170995  0.64852603  0.34896013 -0.53015209 -0.04500413 -0.1170831
  0.1792174   0.43280275 -0.32602154  0.23227653 -0.10774884 -0.62014188
  0.10280466  0.14552049 -0.46996839  0.20513734  0.26094883 -0.64553419
 -0.01863622  0.3827796   0.02684475  0.03829158 -0.55149973  0.53474765
  0.5529759   0.5637233   0.64271794  0.23322782 -0.16914886  0.57241498
 -0.17457973  0.41623047 -0.61546638  0.12031345  0.34368856 -0.62692203
 -0.00896239 -0.22910818  0.0709192  -0.29732731  0.27739347 -0.48827741
 -0.30052745 -0.82404427 -0.50227503 -0.22671867 -0.19755023]
3675,[ 0.20406023  0.1063027  -0.10095558  0.13373948  0.37155455  0.08726134
 -0.04170874  0.64852474  0.3489588  -0.53015153 -0.04500394 -0.11708165
  0.17921668  0.43280411 -0.32602158  0.23227767 -0.10774812 -0.62014145
  0.10280389  0.1455213  -0.46996851  0.20513662  0.26094859 -0.64553533
 -0.01863739  0.38277904  0.02684685  0.03829087 -0.55150066  0.53474955
  0.55297407  0.5637238   0.64271878  0.23322786 -0.16914815  0.57241518
 -0.1745805   0.41622996 -0.61546605  0.12031262  0.34368875 -0.62692063
 -0.008964   -0.22910832  0.07091824 -0.29732759  0.27739449 -0.48827513
 -0.30052875 -0.82404411 -0.50227556 -0.22671847 -0.1975506 ]
3676,[ 0.20406157  0.10630324 -0.10095903  0.13374022  0.37155532  0.08726052
 -0.04170753  0.64852345  0.34895747 -0.53015097 -0.04500374 -0.11708021
  0.17921597  0.43280547 -0.32602162  0.2322788  -0.1077474  -0.62014102
  0.10280313  0.14552211 -0.46996863  0.2051359   0.26094835 -0.64553646
 -0.01863856  0.38277848  0.02684895  0.03829017 -0.55150158  0.53475146
  0.55297224  0.56372429  0.64271962  0.23322789 -0.16914744  0.57241538
 -0.17458128  0.41622945 -0.61546573  0.12031179  0.34368894 -0.62691922
 -0.00896562 -0.22910846  0.07091729 -0.29732788  0.27739552 -0.48827285
 -0.30053005 -0.82404395 -0.50227609 -0.22671827 -0.19755097]
3677,[ 0.20406292  0.10630379 -0.10096248  0.13374097  0.37155609  0.08725969
 -0.04170632  0.64852216  0.34895614 -0.53015041 -0.04500355 -0.11707876
  0.17921526  0.43280683 -0.32602166  0.23227993 -0.10774669 -0.62014059
  0.10280237  0.14552292 -0.46996874  0.20513518  0.2609481  -0.6455376
 -0.01863972  0.38277792  0.02685104  0.03828947 -0.55150251  0.53475335
  0.55297041  0.56372479  0.64272046  0.23322793 -0.16914673  0.57241558
 -0.17458205  0.41622894 -0.6154654   0.12031095  0.34368912 -0.62691782
 -0.00896724 -0.2291086   0.07091633 -0.29732816  0.27739654 -0.48827057
 -0.30053136 -0.8240438  -0.50227662 -0.22671807 -0.19755135]
3678,[ 0.20406426  0.10630433 -0.10096592  0.13374171  0.37155686  0.08725887
 -0.04170512  0.64852088  0.34895481 -0.53014985 -0.04500335 -0.11707732
  0.17921455  0.43280818 -0.3260217   0.23228106 -0.10774597 -0.62014016
  0.10280161  0.14552372 -0.46996886  0.20513446  0.26094786 -0.64553873
 -0.01864089  0.38277736  0.02685313  0.03828877 -0.55150343  0.53475525
  0.55296858  0.56372528  0.6427213   0.23322796 -0.16914602  0.57241578
 -0.17458282  0.41622842 -0.61546508  0.12031013  0.34368931 -0.62691642
 -0.00896885 -0.22910873  0.07091538 -0.29732844  0.27739756 -0.4882683
 -0.30053266 -0.82404364 -0.50227714 -0.22671788 -0.19755172]
3679,[ 0.2040656   0.10630487 -0.10096935  0.13374245  0.37155762  0.08725805
 -0.04170391  0.64851959  0.34895349 -0.53014929 -0.04500316 -0.11707588
  0.17921384  0.43280954 -0.32602175  0.23228219 -0.10774526 -0.62013973
  0.10280084  0.14552453 -0.46996898  0.20513374  0.26094762 -0.64553986
 -0.01864205  0.3827768   0.02685522  0.03828807 -0.55150435  0.53475715
  0.55296676  0.56372577  0.64272214  0.233228   -0.16914532  0.57241598
 -0.17458359  0.41622791 -0.61546475  0.1203093   0.34368949 -0.62691502
 -0.00897046 -0.22910887  0.07091443 -0.29732872  0.27739857 -0.48826602
 -0.30053396 -0.82404348 -0.50227767 -0.22671768 -0.19755209]
3680,[ 0.20406694  0.1063054  -0.10097279  0.13374319  0.37155839  0.08725723
 -0.04170271  0.64851831  0.34895216 -0.53014874 -0.04500296 -0.11707444
  0.17921313  0.43281089 -0.32602179  0.23228332 -0.10774454 -0.62013931
  0.10280008  0.14552533 -0.4699691   0.20513302  0.26094738 -0.64554099
 -0.01864321  0.38277624  0.02685731  0.03828738 -0.55150528  0.53475904
  0.55296494  0.56372627  0.64272298  0.23322803 -0.16914461  0.57241618
 -0.17458436  0.4162274  -0.61546443  0.12030847  0.34368968 -0.62691363
 -0.00897207 -0.22910901  0.07091348 -0.297329    0.27739959 -0.48826375
 -0.30053526 -0.82404332 -0.5022782  -0.22671748 -0.19755246]
3681,[ 0.20406828  0.10630594 -0.10097621  0.13374393  0.37155915  0.08725641
 -0.04170151  0.64851703  0.34895084 -0.53014818 -0.04500277 -0.11707301
  0.17921242  0.43281224 -0.32602183  0.23228444 -0.10774383 -0.62013888
  0.10279933  0.14552613 -0.46996921  0.20513231  0.26094714 -0.64554212
 -0.01864438  0.38277568  0.0268594   0.03828668 -0.5515062   0.53476093
  0.55296312  0.56372676  0.64272382  0.23322807 -0.16914391  0.57241637
 -0.17458513  0.4162269  -0.61546411  0.12030764  0.34368986 -0.62691223
 -0.00897368 -0.22910915  0.07091253 -0.29732928  0.27740061 -0.48826148
 -0.30053655 -0.82404317 -0.50227873 -0.22671729 -0.19755283]
3682,[ 0.20406961  0.10630648 -0.10097964  0.13374467  0.37155992  0.08725559
 -0.04170031  0.64851575  0.34894952 -0.53014762 -0.04500258 -0.11707157
  0.17921171  0.43281359 -0.32602187  0.23228557 -0.10774312 -0.62013845
  0.10279857  0.14552694 -0.46996933  0.20513159  0.26094689 -0.64554325
 -0.01864554  0.38277512  0.02686148  0.03828598 -0.55150712  0.53476282
  0.5529613   0.56372725  0.64272465  0.2332281  -0.1691432   0.57241657
 -0.1745859   0.41622639 -0.61546378  0.12030682  0.34369005 -0.62691084
 -0.00897529 -0.22910928  0.07091158 -0.29732956  0.27740162 -0.48825922
 -0.30053785 -0.82404301 -0.50227925 -0.22671709 -0.1975532 ]
3683,[ 0.20407095  0.10630702 -0.10098306  0.13374541  0.37156068  0.08725477
 -0.04169911  0.64851447  0.3489482  -0.53014707 -0.04500238 -0.11707014
  0.179211    0.43281494 -0.32602191  0.23228669 -0.1077424  -0.62013803
  0.10279781  0.14552774 -0.46996945  0.20513087  0.26094665 -0.64554438
 -0.01864669  0.38277456  0.02686356  0.03828529 -0.55150804  0.53476471
  0.55295949  0.56372774  0.64272549  0.23322814 -0.1691425   0.57241677
 -0.17458666  0.41622588 -0.61546346  0.12030599  0.34369023 -0.62690944
 -0.00897689 -0.22910942  0.07091063 -0.29732984  0.27740264 -0.48825695
 -0.30053914 -0.82404285 -0.50227978 -0.2267169  -0.19755357]
3684,[ 0.20407228  0.10630755 -0.10098648  0.13374615  0.37156144  0.08725395
 -0.04169791  0.6485132   0.34894688 -0.53014651 -0.04500219 -0.1170687
  0.1792103   0.43281628 -0.32602195  0.23228781 -0.10774169 -0.6201376
  0.10279705  0.14552854 -0.46996956  0.20513016  0.26094641 -0.6455455
 -0.01864785  0.382774    0.02686564  0.03828459 -0.55150895  0.53476659
  0.55295767  0.56372823  0.64272632  0.23322817 -0.16914179  0.57241697
 -0.17458743  0.41622537 -0.61546314  0.12030517  0.34369042 -0.62690805
 -0.00897849 -0.22910956  0.07090968 -0.29733012  0.27740365 -0.48825469
 -0.30054043 -0.8240427  -0.5022803  -0.2267167  -0.19755394]
3685,[ 0.20407362  0.10630809 -0.10098989  0.13374689  0.3715622   0.08725314
 -0.04169672  0.64851192  0.34894556 -0.53014596 -0.045002   -0.11706727
  0.17920959  0.43281763 -0.32602199  0.23228894 -0.10774098 -0.62013717
  0.1027963   0.14552934 -0.46996968  0.20512945  0.26094617 -0.64554662
 -0.01864901  0.38277345  0.02686771  0.0382839  -0.55150987  0.53476847
  0.55295586  0.56372872  0.64272715  0.23322821 -0.16914109  0.57241717
 -0.17458819  0.41622486 -0.61546282  0.12030434  0.3436906  -0.62690666
 -0.00898009 -0.22910969  0.07090874 -0.2973304   0.27740466 -0.48825244
 -0.30054172 -0.82404254 -0.50228083 -0.2267165  -0.19755431]
3686,[ 0.20407495  0.10630863 -0.1009933   0.13374762  0.37156296  0.08725232
 -0.04169552  0.64851065  0.34894425 -0.5301454  -0.0450018  -0.11706584
  0.17920889  0.43281897 -0.32602203  0.23229006 -0.10774027 -0.62013675
  0.10279554  0.14553014 -0.4699698   0.20512873  0.26094593 -0.64554775
 -0.01865016  0.38277289  0.02686979  0.03828321 -0.55151079  0.53477036
  0.55295405  0.56372921  0.64272798  0.23322824 -0.16914039  0.57241736
 -0.17458896  0.41622436 -0.6154625   0.12030352  0.34369079 -0.62690528
 -0.00898169 -0.22910983  0.07090779 -0.29733068  0.27740567 -0.48825018
 -0.30054301 -0.82404238 -0.50228135 -0.22671631 -0.19755468]
3687,[ 0.20407627  0.10630916 -0.1009967   0.13374836  0.37156372  0.08725151
 -0.04169433  0.64850937  0.34894293 -0.53014485 -0.04500161 -0.11706442
  0.17920818  0.43282031 -0.32602208  0.23229117 -0.10773956 -0.62013632
  0.10279479  0.14553093 -0.46996991  0.20512802  0.26094569 -0.64554887
 -0.01865132  0.38277234  0.02687186  0.03828251 -0.5515117   0.53477223
  0.55295225  0.5637297   0.64272881  0.23322828 -0.16913969  0.57241756
 -0.17458972  0.41622385 -0.61546217  0.1203027   0.34369097 -0.62690389
 -0.00898329 -0.22910997  0.07090685 -0.29733096  0.27740668 -0.48824793
 -0.3005443  -0.82404223 -0.50228187 -0.22671611 -0.19755505]
3688,[ 0.2040776   0.10630969 -0.10100011  0.13374909  0.37156448  0.08725069
 -0.04169314  0.6485081   0.34894162 -0.5301443  -0.04500142 -0.11706299
  0.17920748  0.43282165 -0.32602212  0.23229229 -0.10773886 -0.6201359
  0.10279404  0.14553173 -0.46997003  0.20512731  0.26094545 -0.64554999
 -0.01865247  0.38277178  0.02687393  0.03828182 -0.55151262  0.53477411
  0.55295044  0.56373018  0.64272964  0.23322831 -0.16913899  0.57241776
 -0.17459049  0.41622335 -0.61546185  0.12030188  0.34369116 -0.6269025
 -0.00898488 -0.2291101   0.07090591 -0.29733123  0.27740769 -0.48824568
 -0.30054559 -0.82404207 -0.5022824  -0.22671592 -0.19755542]
3689,[ 0.20407893  0.10631023 -0.1010035   0.13374983  0.37156524  0.08724988
 -0.04169195  0.64850683  0.34894031 -0.53014374 -0.04500123 -0.11706157
  0.17920678  0.43282299 -0.32602216  0.23229341 -0.10773815 -0.62013548
  0.10279328  0.14553253 -0.46997015  0.2051266   0.26094521 -0.64555111
 -0.01865362  0.38277123  0.02687599  0.03828113 -0.55151353  0.53477598
  0.55294864  0.56373067  0.64273047  0.23322834 -0.16913829  0.57241795
 -0.17459125  0.41622284 -0.61546153  0.12030106  0.34369134 -0.62690112
 -0.00898648 -0.22911024  0.07090497 -0.29733151  0.2774087  -0.48824343
 -0.30054687 -0.82404192 -0.50228292 -0.22671572 -0.19755579]
3690,[ 0.20408025  0.10631076 -0.1010069   0.13375056  0.371566    0.08724907
 -0.04169076  0.64850557  0.348939   -0.53014319 -0.04500103 -0.11706014
  0.17920608  0.43282432 -0.3260222   0.23229452 -0.10773744 -0.62013505
  0.10279253  0.14553332 -0.46997026  0.20512589  0.26094497 -0.64555222
 -0.01865477  0.38277068  0.02687806  0.03828044 -0.55151444  0.53477786
  0.55294684  0.56373116  0.6427313   0.23322838 -0.16913759  0.57241815
 -0.17459201  0.41622234 -0.61546121  0.12030024  0.34369152 -0.62689974
 -0.00898807 -0.22911037  0.07090403 -0.29733179  0.2774097  -0.48824118
 -0.30054816 -0.82404176 -0.50228344 -0.22671553 -0.19755615]
3691,[ 0.20408158  0.10631129 -0.10101029  0.13375129  0.37156675  0.08724826
 -0.04168957  0.6485043   0.34893769 -0.53014264 -0.04500084 -0.11705872
  0.17920538  0.43282566 -0.32602224  0.23229564 -0.10773674 -0.62013463
  0.10279178  0.14553412 -0.46997038  0.20512518  0.26094473 -0.64555334
 -0.01865592  0.38277012  0.02688012  0.03827975 -0.55151535  0.53477973
  0.55294504  0.56373164  0.64273213  0.23322841 -0.16913689  0.57241835
 -0.17459277  0.41622184 -0.61546089  0.12029943  0.34369171 -0.62689836
 -0.00898966 -0.22911051  0.07090309 -0.29733207  0.27741071 -0.48823894
 -0.30054944 -0.8240416  -0.50228396 -0.22671534 -0.19755652]
3692,[ 0.2040829   0.10631183 -0.10101367  0.13375202  0.37156751  0.08724745
 -0.04168838  0.64850303  0.34893639 -0.53014209 -0.04500065 -0.1170573
  0.17920468  0.43282699 -0.32602228  0.23229675 -0.10773603 -0.62013421
  0.10279103  0.14553491 -0.46997049  0.20512447  0.26094449 -0.64555446
 -0.01865706  0.38276957  0.02688218  0.03827906 -0.55151626  0.53478159
  0.55294324  0.56373213  0.64273295  0.23322845 -0.16913619  0.57241854
 -0.17459353  0.41622133 -0.61546057  0.12029861  0.34369189 -0.62689698
 -0.00899125 -0.22911064  0.07090215 -0.29733234  0.27741171 -0.4882367
 -0.30055072 -0.82404145 -0.50228448 -0.22671514 -0.19755689]
3693,[ 0.20408422  0.10631236 -0.10101706  0.13375275  0.37156826  0.08724664
 -0.0416872   0.64850177  0.34893508 -0.53014154 -0.04500046 -0.11705589
  0.17920398  0.43282832 -0.32602232  0.23229786 -0.10773533 -0.62013379
  0.10279028  0.1455357  -0.46997061  0.20512376  0.26094426 -0.64555557
 -0.01865821  0.38276902  0.02688424  0.03827837 -0.55151717  0.53478346
  0.55294145  0.56373261  0.64273378  0.23322848 -0.1691355   0.57241874
 -0.17459429  0.41622083 -0.61546025  0.12029779  0.34369207 -0.6268956
 -0.00899283 -0.22911078  0.07090121 -0.29733262  0.27741272 -0.48823446
 -0.300552   -0.82404129 -0.502285   -0.22671495 -0.19755725]
3694,[ 0.20408554  0.10631289 -0.10102044  0.13375348  0.37156902  0.08724583
 -0.04168601  0.64850051  0.34893378 -0.53014099 -0.04500027 -0.11705447
  0.17920328  0.43282966 -0.32602236  0.23229897 -0.10773462 -0.62013336
  0.10278953  0.14553649 -0.46997072  0.20512306  0.26094402 -0.64555668
 -0.01865935  0.38276847  0.02688629  0.03827769 -0.55151808  0.53478532
  0.55293965  0.5637331   0.6427346   0.23322852 -0.1691348   0.57241893
 -0.17459504  0.41622033 -0.61545994  0.12029698  0.34369226 -0.62689423
 -0.00899442 -0.22911091  0.07090027 -0.2973329   0.27741372 -0.48823223
 -0.30055327 -0.82404114 -0.50228552 -0.22671475 -0.19755762]
3695,[ 0.20408685  0.10631342 -0.10102381  0.13375421  0.37156977  0.08724503
 -0.04168483  0.64849925  0.34893248 -0.53014044 -0.04500008 -0.11705305
  0.17920258  0.43283098 -0.3260224   0.23230008 -0.10773392 -0.62013294
  0.10278879  0.14553728 -0.46997084  0.20512235  0.26094378 -0.64555779
 -0.0186605   0.38276792  0.02688834  0.038277   -0.55151898  0.53478718
  0.55293786  0.56373358  0.64273543  0.23322855 -0.16913411  0.57241913
 -0.1745958   0.41621983 -0.61545962  0.12029616  0.34369244 -0.62689285
 -0.008996   -0.22911105  0.07089934 -0.29733317  0.27741472 -0.48823
 -0.30055455 -0.82404098 -0.50228604 -0.22671456 -0.19755798]
3696,[ 0.20408817  0.10631395 -0.10102718  0.13375494  0.37157052  0.08724422
 -0.04168365  0.64849799  0.34893117 -0.5301399  -0.04499989 -0.11705164
  0.17920188  0.43283231 -0.32602244  0.23230118 -0.10773322 -0.62013252
  0.10278804  0.14553807 -0.46997095  0.20512165  0.26094354 -0.6455589
 -0.01866164  0.38276737  0.0268904   0.03827632 -0.55151989  0.53478904
  0.55293607  0.56373407  0.64273625  0.23322858 -0.16913341  0.57241932
 -0.17459656  0.41621933 -0.6154593   0.12029535  0.34369262 -0.62689148
 -0.00899758 -0.22911118  0.0708984  -0.29733345  0.27741572 -0.48822776
 -0.30055583 -0.82404083 -0.50228656 -0.22671437 -0.19755835]
3697,[ 0.20408948  0.10631448 -0.10103055  0.13375567  0.37157127  0.08724342
 -0.04168247  0.64849673  0.34892988 -0.53013935 -0.0449997  -0.11705023
  0.17920119  0.43283364 -0.32602248  0.23230229 -0.10773252 -0.6201321
  0.1027873   0.14553886 -0.46997107  0.20512094  0.2609433  -0.64556001
 -0.01866278  0.38276682  0.02689244  0.03827563 -0.55152079  0.5347909
  0.55293429  0.56373455  0.64273707  0.23322862 -0.16913272  0.57241952
 -0.17459731  0.41621883 -0.61545898  0.12029454  0.3436928  -0.62689011
 -0.00899916 -0.22911132  0.07089747 -0.29733372  0.27741672 -0.48822554
 -0.3005571  -0.82404068 -0.50228707 -0.22671418 -0.19755871]
3698,[ 0.20409079  0.106315   -0.10103391  0.1337564   0.37157202  0.08724261
 -0.04168129  0.64849547  0.34892858 -0.5301388  -0.04499951 -0.11704882
  0.17920049  0.43283496 -0.32602253  0.2323034  -0.10773182 -0.62013168
  0.10278655  0.14553965 -0.46997118  0.20512024  0.26094307 -0.64556112
 -0.01866392  0.38276627  0.02689449  0.03827495 -0.5515217   0.53479276
  0.5529325   0.56373503  0.64273789  0.23322865 -0.16913203  0.57241971
 -0.17459807  0.41621833 -0.61545866  0.12029373  0.34369298 -0.62688874
 -0.00900074 -0.22911145  0.07089654 -0.297334    0.27741771 -0.48822331
 -0.30055837 -0.82404052 -0.50228759 -0.22671398 -0.19755908]
3699,[ 0.20409211  0.10631553 -0.10103727  0.13375712  0.37157277  0.08724181
 -0.04168011  0.64849422  0.34892728 -0.53013826 -0.04499932 -0.11704741
  0.1791998   0.43283629 -0.32602257  0.2323045  -0.10773112 -0.62013127
  0.10278581  0.14554044 -0.4699713   0.20511953  0.26094283 -0.64556223
 -0.01866506  0.38276572  0.02689653  0.03827426 -0.5515226   0.53479461
  0.55293072  0.56373551  0.64273871  0.23322869 -0.16913134  0.57241991
 -0.17459882  0.41621783 -0.61545835  0.12029292  0.34369317 -0.62688737
 -0.00900231 -0.22911159  0.07089561 -0.29733427  0.27741871 -0.48822109
 -0.30055964 -0.82404037 -0.50228811 -0.22671379 -0.19755944]
3700,[ 0.20409342  0.10631606 -0.10104063  0.13375785  0.37157352  0.08724101
 -0.04167893  0.64849296  0.34892599 -0.53013771 -0.04499913 -0.11704601
  0.1791991   0.43283761 -0.32602261  0.2323056  -0.10773042 -0.62013085
  0.10278506  0.14554122 -0.46997141  0.20511883  0.26094259 -0.64556333
 -0.01866619  0.38276518  0.02689857  0.03827358 -0.5515235   0.53479646
  0.55292894  0.56373599  0.64273953  0.23322872 -0.16913064  0.5724201
 -0.17459957  0.41621733 -0.61545803  0.12029211  0.34369335 -0.62688601
 -0.00900389 -0.22911172  0.07089468 -0.29733455  0.2774197  -0.48821887
 -0.30056091 -0.82404021 -0.50228862 -0.2267136  -0.1975598 ]
3701,[ 0.20409472  0.10631658 -0.10104398  0.13375857  0.37157427  0.0872402
 -0.04167776  0.64849171  0.34892469 -0.53013717 -0.04499894 -0.1170446
  0.17919841  0.43283893 -0.32602265  0.2323067  -0.10772972 -0.62013043
  0.10278432  0.14554201 -0.46997153  0.20511813  0.26094236 -0.64556443
 -0.01866733  0.38276463  0.02690061  0.0382729  -0.5515244   0.53479831
  0.55292716  0.56373647  0.64274035  0.23322875 -0.16912995  0.57242029
 -0.17460032  0.41621683 -0.61545771  0.1202913   0.34369353 -0.62688464
 -0.00900546 -0.22911186  0.07089375 -0.29733482  0.2774207  -0.48821665
 -0.30056218 -0.82404006 -0.50228914 -0.22671341 -0.19756016]
3702,[ 0.20409603  0.10631711 -0.10104733  0.13375929  0.37157501  0.0872394
 -0.04167659  0.64849046  0.3489234  -0.53013662 -0.04499875 -0.1170432
  0.17919772  0.43284025 -0.32602269  0.2323078  -0.10772903 -0.62013001
  0.10278358  0.14554279 -0.46997164  0.20511743  0.26094212 -0.64556554
 -0.01866846  0.38276409  0.02690265  0.03827222 -0.5515253   0.53480016
  0.55292538  0.56373695  0.64274116  0.23322879 -0.16912927  0.57242049
 -0.17460107  0.41621634 -0.6154574   0.12029049  0.34369371 -0.62688328
 -0.00900703 -0.22911199  0.07089282 -0.2973351   0.27742169 -0.48821444
 -0.30056344 -0.82403991 -0.50228965 -0.22671321 -0.19756053]
3703,[ 0.20409734  0.10631764 -0.10105067  0.13376002  0.37157576  0.0872386
 -0.04167541  0.64848921  0.34892211 -0.53013608 -0.04499856 -0.11704179
  0.17919703  0.43284156 -0.32602273  0.2323089  -0.10772833 -0.62012959
  0.10278284  0.14554358 -0.46997176  0.20511673  0.26094188 -0.64556664
 -0.01866959  0.38276354  0.02690468  0.03827154 -0.5515262   0.534802
  0.55292361  0.56373743  0.64274198  0.23322882 -0.16912858  0.57242068
 -0.17460182  0.41621584 -0.61545708  0.12028969  0.34369389 -0.62688192
 -0.0090086  -0.22911212  0.0708919  -0.29733537  0.27742268 -0.48821222
 -0.30056471 -0.82403975 -0.50229016 -0.22671302 -0.19756089]
3704,[ 0.20409864  0.10631816 -0.10105402  0.13376074  0.3715765   0.08723781
 -0.04167424  0.64848796  0.34892082 -0.53013553 -0.04499837 -0.11704039
  0.17919634  0.43284288 -0.32602277  0.23231    -0.10772764 -0.62012918
  0.1027821   0.14554436 -0.46997187  0.20511603  0.26094165 -0.64556774
 -0.01867073  0.382763    0.02690672  0.03827086 -0.5515271   0.53480384
  0.55292183  0.56373791  0.64274279  0.23322886 -0.16912789  0.57242087
 -0.17460257  0.41621534 -0.61545677  0.12028888  0.34369407 -0.62688056
 -0.00901017 -0.22911226  0.07089097 -0.29733564  0.27742367 -0.48821001
 -0.30056597 -0.8240396  -0.50229068 -0.22671283 -0.19756125]
3705,[ 0.20409994  0.10631868 -0.10105735  0.13376146  0.37157725  0.08723701
 -0.04167307  0.64848671  0.34891953 -0.53013499 -0.04499818 -0.117039
  0.17919565  0.43284419 -0.32602281  0.23231109 -0.10772694 -0.62012876
  0.10278136  0.14554514 -0.46997198  0.20511533  0.26094141 -0.64556884
 -0.01867186  0.38276245  0.02690874  0.03827018 -0.55152799  0.53480568
  0.55292006  0.56373839  0.64274361  0.23322889 -0.1691272   0.57242107
 -0.17460332  0.41621485 -0.61545645  0.12028808  0.34369425 -0.6268792
 -0.00901173 -0.22911239  0.07089005 -0.29733592  0.27742466 -0.48820781
 -0.30056723 -0.82403945 -0.50229119 -0.22671264 -0.19756161]
3706,[ 0.20410124  0.10631921 -0.10106069  0.13376218  0.37157799  0.08723621
 -0.0416719   0.64848547  0.34891825 -0.53013445 -0.04499799 -0.1170376
  0.17919496  0.43284551 -0.32602285  0.23231219 -0.10772625 -0.62012835
  0.10278062  0.14554592 -0.4699721   0.20511464  0.26094118 -0.64556993
 -0.01867299  0.38276191  0.02691077  0.0382695  -0.55152889  0.53480752
  0.55291829  0.56373887  0.64274442  0.23322892 -0.16912652  0.57242126
 -0.17460407  0.41621435 -0.61545614  0.12028727  0.34369443 -0.62687784
 -0.00901329 -0.22911252  0.07088912 -0.29733619  0.27742565 -0.4882056
 -0.3005685  -0.82403929 -0.5022917  -0.22671245 -0.19756197]
3707,[ 0.20410254  0.10631973 -0.10106402  0.1337629   0.37157873  0.08723541
 -0.04167074  0.64848422  0.34891696 -0.53013391 -0.0449978  -0.1170362
  0.17919427  0.43284682 -0.32602289  0.23231328 -0.10772556 -0.62012793
  0.10277989  0.1455467  -0.46997221  0.20511394  0.26094094 -0.64557103
 -0.01867411  0.38276137  0.0269128   0.03826883 -0.55152978  0.53480936
  0.55291653  0.56373935  0.64274523  0.23322896 -0.16912583  0.57242145
 -0.17460482  0.41621386 -0.61545582  0.12028647  0.34369461 -0.62687649
 -0.00901486 -0.22911266  0.0708882  -0.29733646  0.27742664 -0.4882034
 -0.30056975 -0.82403914 -0.50229221 -0.22671226 -0.19756233]
3708,[ 0.20410384  0.10632025 -0.10106734  0.13376362  0.37157948  0.08723462
 -0.04166957  0.64848298  0.34891568 -0.53013337 -0.04499761 -0.11703481
  0.17919358  0.43284813 -0.32602293  0.23231437 -0.10772486 -0.62012752
  0.10277915  0.14554748 -0.46997233  0.20511325  0.26094071 -0.64557213
 -0.01867524  0.38276082  0.02691482  0.03826815 -0.55153068  0.53481119
  0.55291476  0.56373982  0.64274605  0.23322899 -0.16912515  0.57242165
 -0.17460556  0.41621337 -0.61545551  0.12028567  0.34369479 -0.62687513
 -0.00901642 -0.22911279  0.07088728 -0.29733673  0.27742762 -0.4882012
 -0.30057101 -0.82403899 -0.50229272 -0.22671207 -0.19756269]
3709,[ 0.20410514  0.10632077 -0.10107066  0.13376433  0.37158022  0.08723382
 -0.04166841  0.64848174  0.3489144  -0.53013283 -0.04499743 -0.11703342
  0.17919289  0.43284944 -0.32602297  0.23231547 -0.10772417 -0.6201271
  0.10277841  0.14554826 -0.46997244  0.20511255  0.26094048 -0.64557322
 -0.01867636  0.38276028  0.02691684  0.03826747 -0.55153157  0.53481303
  0.552913    0.5637403   0.64274686  0.23322903 -0.16912446  0.57242184
 -0.17460631  0.41621287 -0.6154552   0.12028487  0.34369497 -0.62687378
 -0.00901797 -0.22911292  0.07088636 -0.297337    0.27742861 -0.488199
 -0.30057227 -0.82403884 -0.50229323 -0.22671188 -0.19756305]
3710,[ 0.20410643  0.1063213  -0.10107398  0.13376505  0.37158096  0.08723303
 -0.04166725  0.6484805   0.34891312 -0.53013229 -0.04499724 -0.11703203
  0.17919221  0.43285074 -0.32602301  0.23231656 -0.10772348 -0.62012669
  0.10277768  0.14554903 -0.46997255  0.20511186  0.26094024 -0.64557431
 -0.01867749  0.38275974  0.02691886  0.0382668  -0.55153246  0.53481486
  0.55291124  0.56374078  0.64274767  0.23322906 -0.16912378  0.57242203
 -0.17460705  0.41621238 -0.61545488  0.12028407  0.34369515 -0.62687243
 -0.00901953 -0.22911306  0.07088544 -0.29733728  0.27742959 -0.4881968
 -0.30057352 -0.82403868 -0.50229374 -0.22671169 -0.19756341]
3711,[ 0.20410772  0.10632182 -0.1010773   0.13376577  0.3715817   0.08723224
 -0.04166608  0.64847926  0.34891184 -0.53013175 -0.04499705 -0.11703064
  0.17919152  0.43285205 -0.32602305  0.23231764 -0.10772279 -0.62012627
  0.10277695  0.14554981 -0.46997267  0.20511116  0.26094001 -0.6455754
 -0.01867861  0.3827592   0.02692087  0.03826613 -0.55153335  0.53481668
  0.55290948  0.56374125  0.64274847  0.23322909 -0.1691231   0.57242222
 -0.17460779  0.41621189 -0.61545457  0.12028327  0.34369533 -0.62687108
 -0.00902108 -0.22911319  0.07088452 -0.29733755  0.27743057 -0.48819461
 -0.30057478 -0.82403853 -0.50229425 -0.2267115  -0.19756377]
3712,[ 0.20410902  0.10632234 -0.10108061  0.13376648  0.37158243  0.08723145
 -0.04166492  0.64847802  0.34891056 -0.53013121 -0.04499686 -0.11702925
  0.17919084  0.43285335 -0.32602309  0.23231873 -0.1077221  -0.62012586
  0.10277621  0.14555059 -0.46997278  0.20511047  0.26093977 -0.64557649
 -0.01867973  0.38275866  0.02692289  0.03826545 -0.55153424  0.53481851
  0.55290772  0.56374173  0.64274928  0.23322913 -0.16912242  0.57242241
 -0.17460854  0.4162114  -0.61545426  0.12028247  0.34369551 -0.62686973
 -0.00902264 -0.22911332  0.0708836  -0.29733782  0.27743155 -0.48819242
 -0.30057603 -0.82403838 -0.50229476 -0.22671131 -0.19756413]
3713,[ 0.20411031  0.10632286 -0.10108392  0.13376719  0.37158317  0.08723066
 -0.04166376  0.64847679  0.34890928 -0.53013068 -0.04499668 -0.11702786
  0.17919015  0.43285466 -0.32602313  0.23231982 -0.10772141 -0.62012545
  0.10277548  0.14555136 -0.46997289  0.20510978  0.26093954 -0.64557758
 -0.01868085  0.38275812  0.0269249   0.03826478 -0.55153513  0.53482033
  0.55290597  0.5637422   0.64275009  0.23322916 -0.16912173  0.5724226
 -0.17460928  0.4162109  -0.61545395  0.12028167  0.34369569 -0.62686839
 -0.00902419 -0.22911345  0.07088269 -0.29733809  0.27743253 -0.48819023
 -0.30057728 -0.82403823 -0.50229527 -0.22671112 -0.19756449]
3714,[ 0.2041116   0.10632337 -0.10108722  0.13376791  0.37158391  0.08722987
 -0.04166261  0.64847555  0.34890801 -0.53013014 -0.04499649 -0.11702648
  0.17918947  0.43285596 -0.32602317  0.2323209  -0.10772073 -0.62012504
  0.10277475  0.14555214 -0.469973    0.20510909  0.26093931 -0.64557867
 -0.01868197  0.38275758  0.02692691  0.03826411 -0.55153601  0.53482216
  0.55290421  0.56374267  0.64275089  0.23322919 -0.16912105  0.57242279
 -0.17461002  0.41621041 -0.61545364  0.12028087  0.34369587 -0.62686704
 -0.00902574 -0.22911358  0.07088177 -0.29733836  0.27743351 -0.48818805
 -0.30057853 -0.82403808 -0.50229578 -0.22671093 -0.19756484]
3715,[ 0.20411288  0.10632389 -0.10109052  0.13376862  0.37158464  0.08722908
 -0.04166145  0.64847432  0.34890674 -0.5301296  -0.0449963  -0.11702509
  0.17918879  0.43285726 -0.32602321  0.23232199 -0.10772004 -0.62012463
  0.10277402  0.14555291 -0.46997312  0.2051084   0.26093908 -0.64557976
 -0.01868309  0.38275705  0.02692892  0.03826344 -0.5515369   0.53482398
  0.55290246  0.56374315  0.6427517   0.23322923 -0.16912038  0.57242299
 -0.17461076  0.41620992 -0.61545332  0.12028008  0.34369605 -0.6268657
 -0.00902729 -0.22911372  0.07088086 -0.29733863  0.27743449 -0.48818587
 -0.30057978 -0.82403793 -0.50229628 -0.22671074 -0.1975652 ]
3716,[ 0.20411417  0.10632441 -0.10109381  0.13376933  0.37158538  0.08722829
 -0.04166029  0.64847309  0.34890546 -0.53012907 -0.04499612 -0.11702371
  0.17918811  0.43285855 -0.32602325  0.23232307 -0.10771935 -0.62012421
  0.10277329  0.14555368 -0.46997323  0.20510771  0.26093884 -0.64558084
 -0.01868421  0.38275651  0.02693092  0.03826277 -0.55153779  0.53482579
  0.55290071  0.56374362  0.6427525   0.23322926 -0.1691197   0.57242318
 -0.1746115   0.41620943 -0.61545301  0.12027928  0.34369622 -0.62686436
 -0.00902883 -0.22911385  0.07087994 -0.2973389   0.27743547 -0.48818368
 -0.30058102 -0.82403777 -0.50229679 -0.22671055 -0.19756556]
3717,[ 0.20411545  0.10632493 -0.10109711  0.13377004  0.37158611  0.0872275
 -0.04165914  0.64847186  0.34890419 -0.53012853 -0.04499593 -0.11702233
  0.17918743  0.43285985 -0.32602329  0.23232415 -0.10771867 -0.6201238
  0.10277256  0.14555445 -0.46997334  0.20510702  0.26093861 -0.64558193
 -0.01868532  0.38275597  0.02693292  0.0382621  -0.55153867  0.53482761
  0.55289897  0.56374409  0.64275331  0.23322929 -0.16911902  0.57242337
 -0.17461224  0.41620895 -0.6154527   0.12027849  0.3436964  -0.62686302
 -0.00903038 -0.22911398  0.07087903 -0.29733917  0.27743644 -0.48818151
 -0.30058227 -0.82403762 -0.5022973  -0.22671036 -0.19756591]
3718,[ 0.20411674  0.10632544 -0.1011004   0.13377075  0.37158685  0.08722672
 -0.04165799  0.64847063  0.34890293 -0.530128   -0.04499574 -0.11702095
  0.17918675  0.43286115 -0.32602333  0.23232523 -0.10771798 -0.62012339
  0.10277183  0.14555522 -0.46997345  0.20510633  0.26093838 -0.64558301
 -0.01868643  0.38275544  0.02693492  0.03826143 -0.55153955  0.53482942
  0.55289722  0.56374456  0.64275411  0.23322933 -0.16911834  0.57242356
 -0.17461297  0.41620846 -0.61545239  0.1202777   0.34369658 -0.62686168
 -0.00903192 -0.22911411  0.07087812 -0.29733944  0.27743742 -0.48817933
 -0.30058351 -0.82403747 -0.5022978  -0.22671017 -0.19756627]
3719,[ 0.20411802  0.10632596 -0.10110368  0.13377146  0.37158758  0.08722593
 -0.04165684  0.6484694   0.34890166 -0.53012746 -0.04499556 -0.11701958
  0.17918607  0.43286244 -0.32602337  0.23232631 -0.1077173  -0.62012298
  0.1027711   0.14555599 -0.46997357  0.20510564  0.26093815 -0.64558409
 -0.01868755  0.3827549   0.02693692  0.03826076 -0.55154044  0.53483124
  0.55289548  0.56374504  0.64275491  0.23322936 -0.16911767  0.57242375
 -0.17461371  0.41620797 -0.61545208  0.1202769   0.34369676 -0.62686034
 -0.00903346 -0.22911424  0.07087721 -0.2973397   0.27743839 -0.48817716
 -0.30058475 -0.82403732 -0.50229831 -0.22670999 -0.19756662]
3720,[ 0.2041193   0.10632648 -0.10110696  0.13377217  0.37158831  0.08722515
 -0.04165569  0.64846818  0.34890039 -0.53012693 -0.04499537 -0.1170182
  0.17918539  0.43286373 -0.32602341  0.23232739 -0.10771662 -0.62012258
  0.10277038  0.14555676 -0.46997368  0.20510496  0.26093792 -0.64558517
 -0.01868866  0.38275437  0.02693892  0.03826009 -0.55154132  0.53483305
  0.55289374  0.56374551  0.64275571  0.23322939 -0.16911699  0.57242394
 -0.17461445  0.41620748 -0.61545177  0.12027611  0.34369693 -0.62685901
 -0.009035   -0.22911437  0.0708763  -0.29733997  0.27743937 -0.48817499
 -0.30058599 -0.82403717 -0.50229881 -0.2267098  -0.19756698]
3721,[ 0.20412058  0.10632699 -0.10111024  0.13377288  0.37158904  0.08722436
 -0.04165454  0.64846695  0.34889913 -0.5301264  -0.04499519 -0.11701683
  0.17918471  0.43286502 -0.32602345  0.23232846 -0.10771594 -0.62012217
  0.10276965  0.14555753 -0.46997379  0.20510427  0.26093768 -0.64558625
 -0.01868977  0.38275383  0.02694091  0.03825943 -0.5515422   0.53483485
  0.552892    0.56374598  0.64275651  0.23322943 -0.16911632  0.57242413
 -0.17461518  0.416207   -0.61545146  0.12027532  0.34369711 -0.62685767
 -0.00903653 -0.2291145   0.07087539 -0.29734024  0.27744034 -0.48817282
 -0.30058723 -0.82403702 -0.50229931 -0.22670961 -0.19756733]
3722,[ 0.20412186  0.1063275  -0.10111351  0.13377359  0.37158977  0.08722358
 -0.04165339  0.64846573  0.34889786 -0.53012587 -0.044995   -0.11701546
  0.17918404  0.43286631 -0.32602349  0.23232954 -0.10771525 -0.62012176
  0.10276893  0.14555829 -0.4699739   0.20510359  0.26093745 -0.64558733
 -0.01869088  0.3827533   0.0269429   0.03825876 -0.55154308  0.53483666
  0.55289026  0.56374645  0.64275731  0.23322946 -0.16911564  0.57242432
 -0.17461592  0.41620651 -0.61545115  0.12027453  0.34369729 -0.62685634
 -0.00903807 -0.22911464  0.07087448 -0.29734051  0.27744131 -0.48817065
 -0.30058847 -0.82403687 -0.50229982 -0.22670942 -0.19756769]
3723,[ 0.20412313  0.10632802 -0.10111678  0.13377429  0.3715905   0.0872228
 -0.04165224  0.64846451  0.3488966  -0.53012533 -0.04499482 -0.11701408
  0.17918336  0.4328676  -0.32602353  0.23233061 -0.10771457 -0.62012135
  0.1027682   0.14555906 -0.46997401  0.2051029   0.26093722 -0.6455884
 -0.01869198  0.38275276  0.02694489  0.0382581  -0.55154396  0.53483846
  0.55288853  0.56374691  0.64275811  0.23322949 -0.16911497  0.5724245
 -0.17461665  0.41620602 -0.61545085  0.12027374  0.34369747 -0.62685501
 -0.0090396  -0.22911477  0.07087358 -0.29734078  0.27744228 -0.48816849
 -0.30058971 -0.82403672 -0.50230032 -0.22670924 -0.19756804]
3724,[ 0.20412441  0.10632853 -0.10112005  0.133775    0.37159123  0.08722202
 -0.0416511   0.64846329  0.34889534 -0.5301248  -0.04499463 -0.11701272
  0.17918268  0.43286889 -0.32602357  0.23233169 -0.10771389 -0.62012094
  0.10276748  0.14555982 -0.46997413  0.20510222  0.26093699 -0.64558948
 -0.01869309  0.38275223  0.02694688  0.03825743 -0.55154483  0.53484026
  0.55288679  0.56374738  0.6427589   0.23322953 -0.1691143   0.57242469
 -0.17461738  0.41620554 -0.61545054  0.12027296  0.34369764 -0.62685368
 -0.00904113 -0.2291149   0.07087267 -0.29734104  0.27744325 -0.48816633
 -0.30059094 -0.82403657 -0.50230082 -0.22670905 -0.19756839]
3725,[ 0.20412568  0.10632904 -0.10112331  0.1337757   0.37159196  0.08722124
 -0.04164996  0.64846207  0.34889408 -0.53012427 -0.04499445 -0.11701135
  0.17918201  0.43287017 -0.32602361  0.23233276 -0.10771322 -0.62012054
  0.10276676  0.14556059 -0.46997424  0.20510154  0.26093676 -0.64559055
 -0.0186942   0.3827517   0.02694886  0.03825677 -0.55154571  0.53484206
  0.55288506  0.56374785  0.6427597   0.23322956 -0.16911362  0.57242488
 -0.17461811  0.41620506 -0.61545023  0.12027217  0.34369782 -0.62685235
 -0.00904266 -0.22911503  0.07087177 -0.29734131  0.27744421 -0.48816417
 -0.30059218 -0.82403642 -0.50230132 -0.22670886 -0.19756875]
3726,[ 0.20412695  0.10632955 -0.10112657  0.13377641  0.37159268  0.08722046
 -0.04164881  0.64846085  0.34889282 -0.53012374 -0.04499426 -0.11700998
  0.17918134  0.43287146 -0.32602365  0.23233383 -0.10771254 -0.62012013
  0.10276604  0.14556135 -0.46997435  0.20510086  0.26093653 -0.64559163
 -0.0186953   0.38275117  0.02695084  0.03825611 -0.55154659  0.53484386
  0.55288333  0.56374832  0.64276049  0.23322959 -0.16911295  0.57242507
 -0.17461884  0.41620457 -0.61544992  0.12027138  0.34369799 -0.62685102
 -0.00904419 -0.22911516  0.07087087 -0.29734158  0.27744518 -0.48816201
 -0.30059341 -0.82403627 -0.50230182 -0.22670867 -0.1975691 ]
3727,[ 0.20412822  0.10633007 -0.10112983  0.13377711  0.37159341  0.08721968
 -0.04164767  0.64845963  0.34889157 -0.53012321 -0.04499408 -0.11700862
  0.17918066  0.43287274 -0.32602369  0.2323349  -0.10771186 -0.62011972
  0.10276532  0.14556212 -0.46997446  0.20510018  0.2609363  -0.6455927
 -0.0186964   0.38275064  0.02695282  0.03825545 -0.55154746  0.53484566
  0.5528816   0.56374878  0.64276129  0.23322962 -0.16911228  0.57242526
 -0.17461957  0.41620409 -0.61544962  0.1202706   0.34369817 -0.6268497
 -0.00904572 -0.22911529  0.07086996 -0.29734184  0.27744614 -0.48815986
 -0.30059464 -0.82403612 -0.50230232 -0.22670849 -0.19756945]
3728,[ 0.20412949  0.10633058 -0.10113308  0.13377781  0.37159414  0.0872189
 -0.04164653  0.64845842  0.34889031 -0.53012269 -0.04499389 -0.11700725
  0.17917999  0.43287402 -0.32602372  0.23233597 -0.10771118 -0.62011932
  0.1027646   0.14556288 -0.46997457  0.2050995   0.26093607 -0.64559377
 -0.0186975   0.38275011  0.0269548   0.03825478 -0.55154833  0.53484745
  0.55287988  0.56374925  0.64276208  0.23322966 -0.16911161  0.57242545
 -0.1746203   0.4162036  -0.61544931  0.12026981  0.34369835 -0.62684838
 -0.00904725 -0.22911542  0.07086906 -0.29734211  0.27744711 -0.48815771
 -0.30059587 -0.82403597 -0.50230282 -0.2267083  -0.1975698 ]
3729,[ 0.20413076  0.10633109 -0.10113633  0.13377852  0.37159486  0.08721812
 -0.0416454   0.64845721  0.34888906 -0.53012216 -0.04499371 -0.11700589
  0.17917932  0.4328753  -0.32602376  0.23233703 -0.10771051 -0.62011891
  0.10276388  0.14556364 -0.46997468  0.20509882  0.26093584 -0.64559484
 -0.0186986   0.38274958  0.02695678  0.03825412 -0.55154921  0.53484924
  0.55287816  0.56374972  0.64276287  0.23322969 -0.16911095  0.57242564
 -0.17462103  0.41620312 -0.615449    0.12026903  0.34369852 -0.62684705
 -0.00904877 -0.22911555  0.07086816 -0.29734237  0.27744807 -0.48815556
 -0.3005971  -0.82403583 -0.50230332 -0.22670812 -0.19757016]
3730,[ 0.20413203  0.1063316  -0.10113957  0.13377922  0.37159558  0.08721735
 -0.04164426  0.64845599  0.34888781 -0.53012163 -0.04499353 -0.11700453
  0.17917865  0.43287657 -0.3260238   0.2323381  -0.10770983 -0.62011851
  0.10276316  0.1455644  -0.46997479  0.20509814  0.26093562 -0.64559591
 -0.0186997   0.38274905  0.02695875  0.03825346 -0.55155008  0.53485103
  0.55287643  0.56375018  0.64276367  0.23322972 -0.16911028  0.57242582
 -0.17462176  0.41620264 -0.6154487   0.12026825  0.3436987  -0.62684573
 -0.00905029 -0.22911568  0.07086726 -0.29734264  0.27744903 -0.48815341
 -0.30059833 -0.82403568 -0.50230382 -0.22670793 -0.19757051]
3731,[ 0.20413329  0.1063321  -0.10114281  0.13377992  0.37159631  0.08721657
 -0.04164312  0.64845478  0.34888656 -0.5301211  -0.04499334 -0.11700317
  0.17917798  0.43287785 -0.32602384  0.23233916 -0.10770916 -0.6201181
  0.10276244  0.14556516 -0.4699749   0.20509746  0.26093539 -0.64559697
 -0.0187008   0.38274852  0.02696072  0.0382528  -0.55155095  0.53485282
  0.55287471  0.56375065  0.64276446  0.23322976 -0.16910961  0.57242601
 -0.17462249  0.41620216 -0.61544839  0.12026747  0.34369887 -0.62684441
 -0.00905181 -0.22911581  0.07086637 -0.2973429   0.27744999 -0.48815127
 -0.30059955 -0.82403553 -0.50230432 -0.22670774 -0.19757086]
3732,[ 0.20413455  0.10633261 -0.10114605  0.13378062  0.37159703  0.0872158
 -0.04164199  0.64845357  0.34888531 -0.53012058 -0.04499316 -0.11700182
  0.17917731  0.43287913 -0.32602388  0.23234023 -0.10770848 -0.6201177
  0.10276172  0.14556591 -0.46997501  0.20509678  0.26093516 -0.64559804
 -0.0187019   0.38274799  0.02696269  0.03825215 -0.55155182  0.53485461
  0.552873    0.56375111  0.64276525  0.23322979 -0.16910894  0.5724262
 -0.17462321  0.41620168 -0.61544809  0.12026669  0.34369905 -0.6268431
 -0.00905333 -0.22911594  0.07086547 -0.29734317  0.27745095 -0.48814913
 -0.30060078 -0.82403538 -0.50230482 -0.22670756 -0.19757121]
3733,[ 0.20413582  0.10633312 -0.10114928  0.13378131  0.37159775  0.08721503
 -0.04164085  0.64845236  0.34888406 -0.53012005 -0.04499298 -0.11700046
  0.17917664  0.4328804  -0.32602392  0.23234129 -0.10770781 -0.6201173
  0.10276101  0.14556667 -0.46997512  0.20509611  0.26093493 -0.6455991
 -0.01870299  0.38274747  0.02696466  0.03825149 -0.55155269  0.53485639
  0.55287128  0.56375157  0.64276603  0.23322982 -0.16910828  0.57242638
 -0.17462394  0.4162012  -0.61544778  0.12026591  0.34369922 -0.62684178
 -0.00905484 -0.22911607  0.07086457 -0.29734343  0.27745191 -0.48814699
 -0.300602   -0.82403523 -0.50230531 -0.22670737 -0.19757156]
3734,[ 0.20413708  0.10633363 -0.10115251  0.13378201  0.37159847  0.08721425
 -0.04163972  0.64845116  0.34888282 -0.53011953 -0.0449928  -0.11699911
  0.17917597  0.43288167 -0.32602396  0.23234235 -0.10770714 -0.6201169
  0.10276029  0.14556743 -0.46997523  0.20509543  0.2609347  -0.64560017
 -0.01870409  0.38274694  0.02696662  0.03825083 -0.55155355  0.53485817
  0.55286957  0.56375204  0.64276682  0.23322985 -0.16910761  0.57242657
 -0.17462466  0.41620072 -0.61544748  0.12026513  0.3436994  -0.62684046
 -0.00905636 -0.2291162   0.07086368 -0.2973437   0.27745287 -0.48814485
 -0.30060322 -0.82403508 -0.50230581 -0.22670719 -0.19757191]
3735,[ 0.20413833  0.10633413 -0.10115574  0.13378271  0.37159919  0.08721348
 -0.04163859  0.64844995  0.34888157 -0.530119   -0.04499261 -0.11699776
  0.17917531  0.43288294 -0.326024    0.23234341 -0.10770647 -0.62011649
  0.10275958  0.14556818 -0.46997534  0.20509476  0.26093448 -0.64560123
 -0.01870518  0.38274641  0.02696858  0.03825018 -0.55155442  0.53485995
  0.55286785  0.5637525   0.64276761  0.23322989 -0.16910695  0.57242676
 -0.17462538  0.41620024 -0.61544717  0.12026435  0.34369957 -0.62683915
 -0.00905787 -0.22911632  0.07086278 -0.29734396  0.27745383 -0.48814272
 -0.30060444 -0.82403494 -0.5023063  -0.226707   -0.19757226]
3736,[ 0.20413959  0.10633464 -0.10115896  0.1337834   0.37159991  0.08721271
 -0.04163746  0.64844875  0.34888033 -0.53011848 -0.04499243 -0.11699641
  0.17917464  0.43288421 -0.32602404  0.23234447 -0.1077058  -0.62011609
  0.10275886  0.14556894 -0.46997545  0.20509408  0.26093425 -0.64560229
 -0.01870627  0.38274589  0.02697054  0.03824952 -0.55155529  0.53486173
  0.55286614  0.56375296  0.6427684   0.23322992 -0.16910629  0.57242694
 -0.17462611  0.41619976 -0.61544687  0.12026357  0.34369975 -0.62683784
 -0.00905938 -0.22911645  0.07086189 -0.29734423  0.27745478 -0.48814059
 -0.30060566 -0.82403479 -0.5023068  -0.22670682 -0.1975726 ]
3737,[ 0.20414085  0.10633515 -0.10116218  0.1337841   0.37160063  0.08721194
 -0.04163633  0.64844755  0.34887909 -0.53011796 -0.04499225 -0.11699506
  0.17917398  0.43288548 -0.32602408  0.23234552 -0.10770513 -0.62011569
  0.10275815  0.14556969 -0.46997556  0.20509341  0.26093402 -0.64560335
 -0.01870736  0.38274536  0.0269725   0.03824887 -0.55155615  0.5348635
  0.55286444  0.56375342  0.64276918  0.23322995 -0.16910562  0.57242713
 -0.17462683  0.41619928 -0.61544656  0.1202628   0.34369992 -0.62683653
 -0.00906089 -0.22911658  0.070861   -0.29734449  0.27745573 -0.48813846
 -0.30060688 -0.82403464 -0.50230729 -0.22670663 -0.19757295]
3738,[ 0.2041421   0.10633565 -0.1011654   0.13378479  0.37160134  0.08721117
 -0.04163521  0.64844634  0.34887784 -0.53011743 -0.04499207 -0.11699371
  0.17917331  0.43288675 -0.32602412  0.23234658 -0.10770446 -0.62011529
  0.10275744  0.14557045 -0.46997567  0.20509274  0.2609338  -0.64560441
 -0.01870845  0.38274484  0.02697446  0.03824821 -0.55155701  0.53486528
  0.55286273  0.56375388  0.64276996  0.23322998 -0.16910496  0.57242732
 -0.17462755  0.41619881 -0.61544626  0.12026202  0.34370009 -0.62683522
 -0.0090624  -0.22911671  0.07086011 -0.29734475  0.27745669 -0.48813633
 -0.30060809 -0.82403449 -0.50230779 -0.22670645 -0.1975733 ]
3739,[ 0.20414336  0.10633616 -0.10116861  0.13378549  0.37160206  0.08721041
 -0.04163408  0.64844514  0.34887661 -0.53011691 -0.04499188 -0.11699236
  0.17917265  0.43288801 -0.32602415  0.23234764 -0.10770379 -0.62011489
  0.10275673  0.1455712  -0.46997578  0.20509206  0.26093357 -0.64560547
 -0.01870954  0.38274432  0.02697641  0.03824756 -0.55155788  0.53486705
  0.55286103  0.56375435  0.64277075  0.23323002 -0.1691043   0.5724275
 -0.17462827  0.41619833 -0.61544596  0.12026125  0.34370027 -0.62683391
 -0.00906391 -0.22911684  0.07085922 -0.29734501  0.27745764 -0.48813421
 -0.30060931 -0.82403435 -0.50230828 -0.22670627 -0.19757365]
3740,[ 0.20414461  0.10633666 -0.10117182  0.13378618  0.37160277  0.08720964
 -0.04163296  0.64844395  0.34887537 -0.53011639 -0.0449917  -0.11699102
  0.17917198  0.43288927 -0.32602419  0.23234869 -0.10770312 -0.62011449
  0.10275602  0.14557195 -0.46997589  0.20509139  0.26093334 -0.64560652
 -0.01871062  0.38274379  0.02697836  0.03824691 -0.55155874  0.53486882
  0.55285932  0.56375481  0.64277153  0.23323005 -0.16910364  0.57242769
 -0.17462899  0.41619785 -0.61544565  0.12026047  0.34370044 -0.62683261
 -0.00906541 -0.22911697  0.07085833 -0.29734528  0.27745859 -0.48813208
 -0.30061052 -0.8240342  -0.50230877 -0.22670608 -0.197574  ]
3741,[ 0.20414586  0.10633716 -0.10117502  0.13378687  0.37160349  0.08720887
 -0.04163183  0.64844275  0.34887413 -0.53011587 -0.04499152 -0.11698967
  0.17917132  0.43289054 -0.32602423  0.23234974 -0.10770245 -0.62011409
  0.10275531  0.1455727  -0.469976    0.20509072  0.26093312 -0.64560758
 -0.01871171  0.38274327  0.02698031  0.03824626 -0.5515596   0.53487058
  0.55285762  0.56375526  0.64277231  0.23323008 -0.16910298  0.57242787
 -0.17462971  0.41619738 -0.61544535  0.1202597   0.34370061 -0.6268313
 -0.00906691 -0.2291171   0.07085744 -0.29734554  0.27745954 -0.48812996
 -0.30061173 -0.82403405 -0.50230927 -0.2267059  -0.19757434]
3742,[ 0.20414711  0.10633767 -0.10117822  0.13378756  0.3716042   0.08720811
 -0.04163071  0.64844155  0.3488729  -0.53011535 -0.04499134 -0.11698833
  0.17917066  0.4328918  -0.32602427  0.23235079 -0.10770179 -0.62011369
  0.1027546   0.14557345 -0.46997611  0.20509005  0.26093289 -0.64560863
 -0.01871279  0.38274275  0.02698226  0.0382456  -0.55156046  0.53487235
  0.55285592  0.56375572  0.64277309  0.23323011 -0.16910232  0.57242806
 -0.17463043  0.4161969  -0.61544505  0.12025893  0.34370079 -0.62683
 -0.00906842 -0.22911722  0.07085655 -0.2973458   0.27746049 -0.48812785
 -0.30061294 -0.82403391 -0.50230976 -0.22670572 -0.19757469]
3743,[ 0.20414836  0.10633817 -0.10118142  0.13378825  0.37160492  0.08720734
 -0.04162959  0.64844036  0.34887166 -0.53011483 -0.04499116 -0.11698699
  0.17917     0.43289306 -0.32602431  0.23235184 -0.10770112 -0.62011329
  0.10275389  0.1455742  -0.46997622  0.20508938  0.26093267 -0.64560969
 -0.01871387  0.38274223  0.0269842   0.03824495 -0.55156132  0.53487411
  0.55285423  0.56375618  0.64277387  0.23323015 -0.16910166  0.57242824
 -0.17463114  0.41619643 -0.61544475  0.12025816  0.34370096 -0.6268287
 -0.00906992 -0.22911735  0.07085567 -0.29734606  0.27746144 -0.48812573
 -0.30061415 -0.82403376 -0.50231025 -0.22670553 -0.19757503]
3744,[ 0.2041496   0.10633867 -0.10118461  0.13378894  0.37160563  0.08720658
 -0.04162847  0.64843916  0.34887043 -0.53011431 -0.04499098 -0.11698565
  0.17916934  0.43289431 -0.32602435  0.23235289 -0.10770046 -0.62011289
  0.10275319  0.14557495 -0.46997633  0.20508872  0.26093244 -0.64561074
 -0.01871496  0.38274171  0.02698614  0.03824431 -0.55156218  0.53487587
  0.55285253  0.56375664  0.64277465  0.23323018 -0.16910101  0.57242843
 -0.17463186  0.41619595 -0.61544445  0.12025739  0.34370113 -0.6268274
 -0.00907141 -0.22911748  0.07085478 -0.29734632  0.27746238 -0.48812362
 -0.30061536 -0.82403361 -0.50231074 -0.22670535 -0.19757538]
3745,[ 0.20415085  0.10633917 -0.1011878   0.13378963  0.37160634  0.08720582
 -0.04162736  0.64843797  0.3488692  -0.53011379 -0.0449908  -0.11698432
  0.17916868  0.43289557 -0.32602439  0.23235394 -0.10769979 -0.62011249
  0.10275248  0.14557569 -0.46997644  0.20508805  0.26093221 -0.64561179
 -0.01871604  0.38274119  0.02698808  0.03824366 -0.55156303  0.53487763
  0.55285084  0.5637571   0.64277543  0.23323021 -0.16910035  0.57242861
 -0.17463257  0.41619548 -0.61544415  0.12025662  0.34370131 -0.6268261
 -0.00907291 -0.22911761  0.0708539  -0.29734658  0.27746333 -0.48812151
 -0.30061656 -0.82403347 -0.50231123 -0.22670517 -0.19757572]
3746,[ 0.20415209  0.10633967 -0.10119099  0.13379032  0.37160705  0.08720505
 -0.04162624  0.64843678  0.34886797 -0.53011328 -0.04499062 -0.11698298
  0.17916802  0.43289682 -0.32602442  0.23235499 -0.10769913 -0.6201121
  0.10275177  0.14557644 -0.46997655  0.20508738  0.26093199 -0.64561284
 -0.01871712  0.38274067  0.02699002  0.03824301 -0.55156389  0.53487939
  0.55284915  0.56375755  0.64277621  0.23323024 -0.16909969  0.5724288
 -0.17463329  0.41619501 -0.61544385  0.12025585  0.34370148 -0.6268248
 -0.0090744  -0.22911773  0.07085302 -0.29734684  0.27746427 -0.4881194
 -0.30061777 -0.82403332 -0.50231172 -0.22670498 -0.19757607]
3747,[ 0.20415333  0.10634017 -0.10119417  0.13379101  0.37160776  0.08720429
 -0.04162512  0.64843559  0.34886674 -0.53011276 -0.04499044 -0.11698165
  0.17916736  0.43289808 -0.32602446  0.23235603 -0.10769847 -0.6201117
  0.10275107  0.14557719 -0.46997666  0.20508672  0.26093177 -0.64561388
 -0.01871819  0.38274015  0.02699196  0.03824236 -0.55156474  0.53488115
  0.55284746  0.56375801  0.64277698  0.23323028 -0.16909904  0.57242898
 -0.174634    0.41619453 -0.61544355  0.12025508  0.34370165 -0.62682351
 -0.0090759  -0.22911786  0.07085213 -0.2973471   0.27746522 -0.48811729
 -0.30061897 -0.82403317 -0.50231221 -0.2267048  -0.19757641]
3748,[ 0.20415457  0.10634067 -0.10119735  0.1337917   0.37160847  0.08720353
 -0.04162401  0.6484344   0.34886551 -0.53011224 -0.04499026 -0.11698031
  0.1791667   0.43289933 -0.3260245   0.23235708 -0.10769781 -0.6201113
  0.10275037  0.14557793 -0.46997677  0.20508605  0.26093154 -0.64561493
 -0.01871927  0.38273963  0.02699389  0.03824172 -0.5515656   0.5348829
  0.55284577  0.56375847  0.64277776  0.23323031 -0.16909838  0.57242917
 -0.17463471  0.41619406 -0.61544325  0.12025432  0.34370182 -0.62682221
 -0.00907739 -0.22911799  0.07085125 -0.29734736  0.27746616 -0.48811519
 -0.30062017 -0.82403303 -0.5023127  -0.22670462 -0.19757676]
3749,[ 0.20415581  0.10634117 -0.10120053  0.13379238  0.37160918  0.08720277
 -0.0416229   0.64843322  0.34886429 -0.53011173 -0.04499008 -0.11697898
  0.17916605  0.43290058 -0.32602454  0.23235812 -0.10769715 -0.62011091
  0.10274966  0.14557868 -0.46997687  0.20508539  0.26093132 -0.64561598
 -0.01872035  0.38273911  0.02699582  0.03824107 -0.55156645  0.53488465
  0.55284409  0.56375892  0.64277853  0.23323034 -0.16909773  0.57242935
 -0.17463543  0.41619359 -0.61544295  0.12025355  0.34370199 -0.62682092
 -0.00907888 -0.22911812  0.07085037 -0.29734762  0.2774671  -0.48811309
 -0.30062138 -0.82403288 -0.50231318 -0.22670444 -0.1975771 ]
3750,[ 0.20415705  0.10634167 -0.1012037   0.13379307  0.37160988  0.08720202
 -0.04162178  0.64843203  0.34886307 -0.53011121 -0.0449899  -0.11697765
  0.17916539  0.43290183 -0.32602458  0.23235916 -0.10769649 -0.62011051
  0.10274896  0.14557942 -0.46997698  0.20508472  0.26093109 -0.64561702
 -0.01872142  0.3827386   0.02699775  0.03824042 -0.5515673   0.5348864
  0.5528424   0.56375938  0.64277931  0.23323037 -0.16909708  0.57242953
 -0.17463614  0.41619312 -0.61544265  0.12025278  0.34370216 -0.62681963
 -0.00908036 -0.22911824  0.07084949 -0.29734788  0.27746804 -0.48811099
 -0.30062258 -0.82403274 -0.50231367 -0.22670426 -0.19757744]
3751,[ 0.20415829  0.10634216 -0.10120687  0.13379375  0.37161059  0.08720126
 -0.04162067  0.64843085  0.34886184 -0.5301107  -0.04498972 -0.11697633
  0.17916474  0.43290308 -0.32602462  0.2323602  -0.10769583 -0.62011012
  0.10274826  0.14558016 -0.46997709  0.20508406  0.26093087 -0.64561806
 -0.01872249  0.38273808  0.02699968  0.03823978 -0.55156815  0.53488815
  0.55284072  0.56375983  0.64278008  0.2332304  -0.16909642  0.57242972
 -0.17463685  0.41619265 -0.61544235  0.12025202  0.34370234 -0.62681834
 -0.00908185 -0.22911837  0.07084862 -0.29734814  0.27746898 -0.48810889
 -0.30062377 -0.82403259 -0.50231416 -0.22670407 -0.19757779]
3752,[ 0.20415952  0.10634266 -0.10121003  0.13379443  0.3716113   0.0872005
 -0.04161956  0.64842967  0.34886062 -0.53011018 -0.04498954 -0.116975
  0.17916408  0.43290433 -0.32602465  0.23236124 -0.10769517 -0.62010972
  0.10274756  0.1455809  -0.4699772   0.2050834   0.26093065 -0.64561911
 -0.01872357  0.38273756  0.02700161  0.03823914 -0.551569    0.5348899
  0.55283904  0.56376029  0.64278085  0.23323044 -0.16909577  0.5724299
 -0.17463756  0.41619218 -0.61544205  0.12025126  0.34370251 -0.62681705
 -0.00908333 -0.2291185   0.07084774 -0.2973484   0.27746992 -0.4881068
 -0.30062497 -0.82403245 -0.50231464 -0.22670389 -0.19757813]
3753,[ 0.20416076  0.10634316 -0.10121319  0.13379512  0.371612    0.08719975
 -0.04161846  0.64842848  0.3488594  -0.53010967 -0.04498936 -0.11697367
  0.17916343  0.43290557 -0.32602469  0.23236228 -0.10769451 -0.62010933
  0.10274686  0.14558164 -0.46997731  0.20508274  0.26093042 -0.64562015
 -0.01872464  0.38273705  0.02700353  0.03823849 -0.55156985  0.53489164
  0.55283737  0.56376074  0.64278162  0.23323047 -0.16909512  0.57243008
 -0.17463827  0.41619171 -0.61544175  0.1202505   0.34370268 -0.62681576
 -0.00908482 -0.22911862  0.07084686 -0.29734866  0.27747086 -0.48810471
 -0.30062617 -0.8240323  -0.50231513 -0.22670371 -0.19757847]
3754,[ 0.20416199  0.10634365 -0.10121635  0.1337958   0.37161271  0.08719899
 -0.04161735  0.6484273   0.34885818 -0.53010915 -0.04498918 -0.11697235
  0.17916278  0.43290681 -0.32602473  0.23236332 -0.10769385 -0.62010893
  0.10274616  0.14558238 -0.46997741  0.20508208  0.2609302  -0.64562119
 -0.01872571  0.38273653  0.02700545  0.03823785 -0.5515707   0.53489338
  0.55283569  0.56376119  0.64278239  0.2332305  -0.16909447  0.57243026
 -0.17463898  0.41619124 -0.61544145  0.12024973  0.34370285 -0.62681448
 -0.0090863  -0.22911875  0.07084599 -0.29734892  0.27747179 -0.48810262
 -0.30062736 -0.82403216 -0.50231561 -0.22670353 -0.19757881]
3755,[ 0.20416322  0.10634415 -0.10121951  0.13379648  0.37161341  0.08719824
 -0.04161624  0.64842613  0.34885697 -0.53010864 -0.04498901 -0.11697103
  0.17916212  0.43290806 -0.32602477  0.23236435 -0.1076932  -0.62010854
  0.10274546  0.14558312 -0.46997752  0.20508142  0.26092998 -0.64562223
 -0.01872677  0.38273602  0.02700737  0.03823721 -0.55157155  0.53489512
  0.55283402  0.56376164  0.64278316  0.23323053 -0.16909382  0.57243045
 -0.17463968  0.41619077 -0.61544116  0.12024897  0.34370302 -0.62681319
 -0.00908778 -0.22911887  0.07084511 -0.29734918  0.27747273 -0.48810053
 -0.30062855 -0.82403201 -0.5023161  -0.22670335 -0.19757915]
3756,[ 0.20416445  0.10634464 -0.10122266  0.13379716  0.37161411  0.08719748
 -0.04161514  0.64842495  0.34885575 -0.53010813 -0.04498883 -0.11696971
  0.17916147  0.4329093  -0.32602481  0.23236539 -0.10769254 -0.62010815
  0.10274476  0.14558386 -0.46997763  0.20508076  0.26092976 -0.64562326
 -0.01872784  0.38273551  0.02700928  0.03823657 -0.5515724   0.53489686
  0.55283234  0.5637621   0.64278393  0.23323056 -0.16909317  0.57243063
 -0.17464039  0.4161903  -0.61544086  0.12024821  0.34370319 -0.62681191
 -0.00908926 -0.229119    0.07084424 -0.29734943  0.27747366 -0.48809845
 -0.30062974 -0.82403187 -0.50231658 -0.22670317 -0.1975795 ]
3757,[ 0.20416568  0.10634514 -0.1012258   0.13379784  0.37161481  0.08719673
 -0.04161404  0.64842377  0.34885454 -0.53010762 -0.04498865 -0.11696839
  0.17916082  0.43291054 -0.32602485  0.23236642 -0.10769189 -0.62010776
  0.10274407  0.1455846  -0.46997774  0.2050801   0.26092954 -0.6456243
 -0.01872891  0.38273499  0.0270112   0.03823593 -0.55157324  0.53489859
  0.55283067  0.56376255  0.6427847   0.2332306  -0.16909253  0.57243081
 -0.1746411   0.41618984 -0.61544056  0.12024745  0.34370336 -0.62681063
 -0.00909073 -0.22911913  0.07084337 -0.29734969  0.27747459 -0.48809637
 -0.30063093 -0.82403172 -0.50231707 -0.22670299 -0.19757984]
3758,[ 0.2041669   0.10634563 -0.10122895  0.13379852  0.37161552  0.08719598
 -0.04161293  0.6484226   0.34885332 -0.53010711 -0.04498847 -0.11696707
  0.17916017  0.43291177 -0.32602488  0.23236745 -0.10769123 -0.62010736
  0.10274337  0.14558533 -0.46997784  0.20507944  0.26092931 -0.64562533
 -0.01872997  0.38273448  0.02701311  0.03823529 -0.55157409  0.53490033
  0.55282901  0.563763    0.64278547  0.23323063 -0.16909188  0.57243099
 -0.1746418   0.41618937 -0.61544026  0.1202467   0.34370353 -0.62680935
 -0.00909221 -0.22911925  0.0708425  -0.29734995  0.27747553 -0.48809429
 -0.30063212 -0.82403158 -0.50231755 -0.22670281 -0.19758018]
3759,[ 0.20416813  0.10634612 -0.10123209  0.1337992   0.37161622  0.08719523
 -0.04161183  0.64842142  0.34885211 -0.5301066  -0.04498829 -0.11696575
  0.17915952  0.43291301 -0.32602492  0.23236849 -0.10769058 -0.62010697
  0.10274267  0.14558607 -0.46997795  0.20507879  0.26092909 -0.64562637
 -0.01873104  0.38273397  0.02701502  0.03823465 -0.55157493  0.53490206
  0.55282734  0.56376345  0.64278623  0.23323066 -0.16909123  0.57243117
 -0.1746425   0.4161889  -0.61543997  0.12024594  0.3437037  -0.62680807
 -0.00909368 -0.22911938  0.07084163 -0.2973502   0.27747646 -0.48809221
 -0.30063331 -0.82403144 -0.50231803 -0.22670263 -0.19758052]
3760,[ 0.20416935  0.10634662 -0.10123523  0.13379988  0.37161692  0.08719448
 -0.04161074  0.64842025  0.3488509  -0.53010609 -0.04498812 -0.11696444
  0.17915888  0.43291425 -0.32602496  0.23236952 -0.10768992 -0.62010658
  0.10274198  0.1455868  -0.46997806  0.20507813  0.26092887 -0.6456274
 -0.0187321   0.38273346  0.02701693  0.03823401 -0.55157577  0.53490379
  0.55282568  0.5637639   0.642787    0.23323069 -0.16909059  0.57243136
 -0.17464321  0.41618844 -0.61543967  0.12024518  0.34370387 -0.62680679
 -0.00909515 -0.2291195   0.07084076 -0.29735046  0.27747739 -0.48809014
 -0.3006345  -0.82403129 -0.50231851 -0.22670245 -0.19758086]
3761,[ 0.20417058  0.10634711 -0.10123836  0.13380055  0.37161761  0.08719373
 -0.04160964  0.64841908  0.34884969 -0.53010558 -0.04498794 -0.11696313
  0.17915823  0.43291548 -0.326025    0.23237055 -0.10768927 -0.62010619
  0.10274129  0.14558754 -0.46997817  0.20507747  0.26092865 -0.64562843
 -0.01873316  0.38273295  0.02701883  0.03823338 -0.55157661  0.53490552
  0.55282401  0.56376435  0.64278776  0.23323072 -0.16908994  0.57243154
 -0.17464391  0.41618797 -0.61543938  0.12024443  0.34370404 -0.62680552
 -0.00909662 -0.22911963  0.07083989 -0.29735072  0.27747832 -0.48808806
 -0.30063568 -0.82403115 -0.502319   -0.22670227 -0.19758119]
3762,[ 0.2041718   0.1063476  -0.10124149  0.13380123  0.37161831  0.08719298
 -0.04160854  0.64841791  0.34884848 -0.53010507 -0.04498776 -0.11696181
  0.17915758  0.43291671 -0.32602503  0.23237157 -0.10768862 -0.6201058
  0.10274059  0.14558827 -0.46997827  0.20507682  0.26092843 -0.64562946
 -0.01873422  0.38273244  0.02702074  0.03823274 -0.55157745  0.53490724
  0.55282235  0.5637648   0.64278853  0.23323076 -0.1690893   0.57243172
 -0.17464461  0.41618751 -0.61543908  0.12024367  0.34370421 -0.62680425
 -0.00909809 -0.22911975  0.07083902 -0.29735097  0.27747924 -0.48808599
 -0.30063687 -0.824031   -0.50231948 -0.22670209 -0.19758153]
3763,[ 0.20417302  0.10634809 -0.10124461  0.1338019   0.37161901  0.08719223
 -0.04160744  0.64841674  0.34884728 -0.53010456 -0.04498758 -0.1169605
  0.17915693  0.43291794 -0.32602507  0.2323726  -0.10768797 -0.62010541
  0.1027399   0.145589   -0.46997838  0.20507617  0.26092821 -0.64563049
 -0.01873528  0.38273193  0.02702264  0.03823211 -0.55157829  0.53490897
  0.55282069  0.56376524  0.64278929  0.23323079 -0.16908865  0.5724319
 -0.17464531  0.41618704 -0.61543879  0.12024292  0.34370438 -0.62680297
 -0.00909955 -0.22911988  0.07083816 -0.29735123  0.27748017 -0.48808392
 -0.30063805 -0.82403086 -0.50231996 -0.22670191 -0.19758187]
3764,[ 0.20417423  0.10634858 -0.10124774  0.13380258  0.37161971  0.08719149
 -0.04160635  0.64841558  0.34884607 -0.53010405 -0.04498741 -0.1169592
  0.17915629  0.43291917 -0.32602511  0.23237363 -0.10768732 -0.62010502
  0.10273921  0.14558973 -0.46997849  0.20507551  0.26092799 -0.64563152
 -0.01873634  0.38273142  0.02702454  0.03823147 -0.55157913  0.53491069
  0.55281904  0.56376569  0.64279005  0.23323082 -0.16908801  0.57243208
 -0.17464601  0.41618658 -0.61543849  0.12024217  0.34370455 -0.6268017
 -0.00910102 -0.22912     0.07083729 -0.29735148  0.2774811  -0.48808186
 -0.30063923 -0.82403072 -0.50232044 -0.22670173 -0.19758221]
3765,[ 0.20417545  0.10634907 -0.10125086  0.13380325  0.3716204   0.08719074
 -0.04160526  0.64841441  0.34884487 -0.53010355 -0.04498723 -0.11695789
  0.17915564  0.4329204  -0.32602515  0.23237465 -0.10768667 -0.62010463
  0.10273852  0.14559046 -0.46997859  0.20507486  0.26092777 -0.64563255
 -0.01873739  0.38273091  0.02702643  0.03823084 -0.55157997  0.53491241
  0.55281738  0.56376614  0.64279081  0.23323085 -0.16908737  0.57243226
 -0.17464671  0.41618612 -0.6154382   0.12024141  0.34370471 -0.62680043
 -0.00910248 -0.22912013  0.07083643 -0.29735174  0.27748202 -0.4880798
 -0.30064041 -0.82403058 -0.50232091 -0.22670155 -0.19758255]
3766,[ 0.20417667  0.10634956 -0.10125397  0.13380392  0.3716211   0.08719
 -0.04160417  0.64841325  0.34884367 -0.53010304 -0.04498706 -0.11695658
  0.179155    0.43292163 -0.32602519  0.23237567 -0.10768602 -0.62010424
  0.10273783  0.14559119 -0.4699787   0.20507421  0.26092755 -0.64563357
 -0.01873845  0.3827304   0.02702833  0.0382302  -0.55158081  0.53491413
  0.55281573  0.56376659  0.64279157  0.23323088 -0.16908673  0.57243244
 -0.17464741  0.41618566 -0.6154379   0.12024066  0.34370488 -0.62679916
 -0.00910394 -0.22912025  0.07083557 -0.29735199  0.27748294 -0.48807773
 -0.30064159 -0.82403043 -0.50232139 -0.22670138 -0.19758288]
3767,[ 0.20417788  0.10635005 -0.10125708  0.1338046   0.37162179  0.08718925
 -0.04160307  0.64841209  0.34884247 -0.53010254 -0.04498688 -0.11695528
  0.17915436  0.43292286 -0.32602522  0.2323767  -0.10768538 -0.62010386
  0.10273714  0.14559192 -0.4699788   0.20507356  0.26092733 -0.6456346
 -0.0187395   0.38272989  0.02703022  0.03822957 -0.55158164  0.53491585
  0.55281408  0.56376703  0.64279233  0.23323091 -0.16908609  0.57243262
 -0.17464811  0.41618519 -0.61543761  0.12023991  0.34370505 -0.6267979
 -0.0091054  -0.22912038  0.0708347  -0.29735225  0.27748387 -0.48807568
 -0.30064276 -0.82403029 -0.50232187 -0.2267012  -0.19758322]
3768,[ 0.20417909  0.10635054 -0.10126019  0.13380527  0.37162248  0.08718851
 -0.04160199  0.64841092  0.34884127 -0.53010203 -0.0449867  -0.11695397
  0.17915371  0.43292408 -0.32602526  0.23237772 -0.10768473 -0.62010347
  0.10273645  0.14559265 -0.46997891  0.20507291  0.26092711 -0.64563562
 -0.01874055  0.38272939  0.02703211  0.03822894 -0.55158248  0.53491756
  0.55281243  0.56376748  0.64279309  0.23323095 -0.16908545  0.5724328
 -0.17464881  0.41618473 -0.61543732  0.12023916  0.34370522 -0.62679663
 -0.00910686 -0.2291205   0.07083384 -0.2973525   0.27748479 -0.48807362
 -0.30064394 -0.82403015 -0.50232235 -0.22670102 -0.19758356]
3769,[ 0.20418031  0.10635103 -0.1012633   0.13380594  0.37162318  0.08718777
 -0.0416009   0.64840976  0.34884007 -0.53010153 -0.04498653 -0.11695267
  0.17915307  0.4329253  -0.3260253   0.23237874 -0.10768408 -0.62010308
  0.10273577  0.14559338 -0.46997902  0.20507226  0.26092689 -0.64563664
 -0.01874161  0.38272888  0.027034    0.03822831 -0.55158331  0.53491927
  0.55281078  0.56376792  0.64279385  0.23323098 -0.16908481  0.57243298
 -0.1746495   0.41618427 -0.61543702  0.12023841  0.34370539 -0.62679537
 -0.00910831 -0.22912063  0.07083298 -0.29735276  0.27748571 -0.48807156
 -0.30064511 -0.82403    -0.50232283 -0.22670084 -0.19758389]
3770,[ 0.20418152  0.10635151 -0.1012664   0.13380661  0.37162387  0.08718702
 -0.04159981  0.64840861  0.34883887 -0.53010102 -0.04498635 -0.11695137
  0.17915243  0.43292652 -0.32602534  0.23237975 -0.10768344 -0.62010269
  0.10273508  0.1455941  -0.46997912  0.20507161  0.26092667 -0.64563767
 -0.01874266  0.38272838  0.02703589  0.03822768 -0.55158415  0.53492098
  0.55280913  0.56376837  0.6427946   0.23323101 -0.16908417  0.57243316
 -0.1746502   0.41618381 -0.61543673  0.12023767  0.34370556 -0.62679411
 -0.00910977 -0.22912075  0.07083212 -0.29735301  0.27748663 -0.48806951
 -0.30064628 -0.82402986 -0.5023233  -0.22670066 -0.19758423]
3771,[ 0.20418273  0.106352   -0.1012695   0.13380728  0.37162456  0.08718628
 -0.04159872  0.64840745  0.34883768 -0.53010052 -0.04498618 -0.11695007
  0.17915179  0.43292774 -0.32602537  0.23238077 -0.10768279 -0.62010231
  0.10273439  0.14559483 -0.46997923  0.20507096  0.26092645 -0.64563869
 -0.01874371  0.38272787  0.02703777  0.03822705 -0.55158498  0.53492269
  0.55280749  0.56376881  0.64279536  0.23323104 -0.16908353  0.57243334
 -0.17465089  0.41618335 -0.61543644  0.12023692  0.34370572 -0.62679284
 -0.00911122 -0.22912087  0.07083126 -0.29735326  0.27748755 -0.48806746
 -0.30064746 -0.82402972 -0.50232378 -0.22670049 -0.19758456]
3772,[ 0.20418393  0.10635248 -0.10127259  0.13380795  0.37162525  0.08718554
 -0.04159764  0.64840629  0.34883648 -0.53010002 -0.044986   -0.11694878
  0.17915115  0.43292896 -0.32602541  0.23238179 -0.10768215 -0.62010192
  0.10273371  0.14559555 -0.46997933  0.20507031  0.26092624 -0.6456397
 -0.01874475  0.38272737  0.02703965  0.03822642 -0.55158581  0.5349244
  0.55280585  0.56376926  0.64279611  0.23323107 -0.16908289  0.57243352
 -0.17465159  0.41618289 -0.61543615  0.12023617  0.34370589 -0.62679158
 -0.00911267 -0.229121    0.07083041 -0.29735352  0.27748846 -0.48806542
 -0.30064863 -0.82402958 -0.50232425 -0.22670031 -0.1975849 ]
3773,[ 0.20418514  0.10635297 -0.10127568  0.13380861  0.37162594  0.0871848
 -0.04159656  0.64840514  0.34883529 -0.53009951 -0.04498583 -0.11694748
  0.17915051  0.43293018 -0.32602545  0.2323828  -0.10768151 -0.62010154
  0.10273302  0.14559628 -0.46997944  0.20506967  0.26092602 -0.64564072
 -0.0187458   0.38272686  0.02704153  0.03822579 -0.55158664  0.5349261
  0.55280421  0.5637697   0.64279687  0.2332311  -0.16908226  0.5724337
 -0.17465228  0.41618243 -0.61543586  0.12023543  0.34370606 -0.62679033
 -0.00911412 -0.22912112  0.07082955 -0.29735377  0.27748938 -0.48806337
 -0.3006498  -0.82402944 -0.50232473 -0.22670013 -0.19758523]
3774,[ 0.20418634  0.10635345 -0.10127877  0.13380928  0.37162663  0.08718407
 -0.04159547  0.64840398  0.3488341  -0.53009901 -0.04498565 -0.11694619
  0.17914987  0.4329314  -0.32602549  0.23238382 -0.10768086 -0.62010115
  0.10273234  0.145597   -0.46997955  0.20506902  0.2609258  -0.64564174
 -0.01874685  0.38272636  0.02704341  0.03822516 -0.55158747  0.53492781
  0.55280257  0.56377014  0.64279762  0.23323113 -0.16908162  0.57243387
 -0.17465297  0.41618197 -0.61543556  0.12023468  0.34370622 -0.62678907
 -0.00911557 -0.22912124  0.07082869 -0.29735402  0.27749029 -0.48806133
 -0.30065096 -0.8240293  -0.5023252  -0.22669996 -0.19758557]
3775,[ 0.20418755  0.10635394 -0.10128185  0.13380995  0.37162731  0.08718333
 -0.04159439  0.64840283  0.34883291 -0.53009851 -0.04498548 -0.11694489
  0.17914924  0.43293261 -0.32602552  0.23238483 -0.10768022 -0.62010077
  0.10273166  0.14559772 -0.46997965  0.20506838  0.26092558 -0.64564275
 -0.01874789  0.38272586  0.02704529  0.03822453 -0.5515883   0.53492951
  0.55280093  0.56377058  0.64279837  0.23323116 -0.16908099  0.57243405
 -0.17465366  0.41618152 -0.61543527  0.12023394  0.34370639 -0.62678781
 -0.00911702 -0.22912137  0.07082784 -0.29735427  0.27749121 -0.48805929
 -0.30065213 -0.82402915 -0.50232568 -0.22669978 -0.1975859 ]
3776,[ 0.20418875  0.10635442 -0.10128493  0.13381061  0.371628    0.08718259
 -0.04159331  0.64840168  0.34883172 -0.53009801 -0.0449853  -0.1169436
  0.1791486   0.43293382 -0.32602556  0.23238584 -0.10767958 -0.62010038
  0.10273097  0.14559845 -0.46997976  0.20506773  0.26092537 -0.64564377
 -0.01874893  0.38272535  0.02704716  0.03822391 -0.55158912  0.53493121
  0.5527993   0.56377103  0.64279912  0.2332312  -0.16908035  0.57243423
 -0.17465435  0.41618106 -0.61543498  0.1202332   0.34370656 -0.62678656
 -0.00911846 -0.22912149  0.07082699 -0.29735453  0.27749212 -0.48805725
 -0.30065329 -0.82402901 -0.50232615 -0.2266996  -0.19758623]
3777,[ 0.20418995  0.10635491 -0.10128801  0.13381128  0.37162869  0.08718186
 -0.04159224  0.64840053  0.34883053 -0.53009751 -0.04498513 -0.11694231
  0.17914796  0.43293504 -0.3260256   0.23238685 -0.10767894 -0.6201
  0.10273029  0.14559917 -0.46997986  0.20506709  0.26092515 -0.64564478
 -0.01874998  0.38272485  0.02704903  0.03822328 -0.55158995  0.5349329
  0.55279766  0.56377147  0.64279988  0.23323123 -0.16907972  0.57243441
 -0.17465504  0.4161806  -0.61543469  0.12023245  0.34370672 -0.62678531
 -0.0091199  -0.22912161  0.07082613 -0.29735478  0.27749303 -0.48805522
 -0.30065446 -0.82402887 -0.50232662 -0.22669943 -0.19758657]
3778,[ 0.20419115  0.10635539 -0.10129108  0.13381194  0.37162937  0.08718112
 -0.04159116  0.64839938  0.34882935 -0.53009701 -0.04498496 -0.11694103
  0.17914733  0.43293625 -0.32602563  0.23238786 -0.1076783  -0.62009962
  0.10272961  0.14559989 -0.46997997  0.20506645  0.26092493 -0.64564579
 -0.01875102  0.38272435  0.0270509   0.03822266 -0.55159078  0.5349346
  0.55279603  0.56377191  0.64280062  0.23323126 -0.16907909  0.57243459
 -0.17465573  0.41618015 -0.6154344   0.12023171  0.34370689 -0.62678406
 -0.00912135 -0.22912174  0.07082528 -0.29735503  0.27749395 -0.48805318
 -0.30065562 -0.82402873 -0.50232709 -0.22669925 -0.1975869 ]
3779,[ 0.20419235  0.10635587 -0.10129415  0.1338126   0.37163006  0.08718039
 -0.04159008  0.64839823  0.34882816 -0.53009651 -0.04498478 -0.11693974
  0.17914669  0.43293746 -0.32602567  0.23238887 -0.10767766 -0.62009923
  0.10272893  0.14560061 -0.46998007  0.2050658   0.26092472 -0.6456468
 -0.01875206  0.38272385  0.02705277  0.03822203 -0.5515916   0.53493629
  0.5527944   0.56377235  0.64280137  0.23323129 -0.16907846  0.57243476
 -0.17465642  0.41617969 -0.61543411  0.12023097  0.34370706 -0.62678281
 -0.00912279 -0.22912186  0.07082443 -0.29735528  0.27749486 -0.48805115
 -0.30065678 -0.82402859 -0.50232757 -0.22669907 -0.19758723]
3780,[ 0.20419355  0.10635635 -0.10129722  0.13381327  0.37163074  0.08717965
 -0.04158901  0.64839709  0.34882698 -0.53009601 -0.04498461 -0.11693845
  0.17914606  0.43293866 -0.32602571  0.23238988 -0.10767702 -0.62009885
  0.10272825  0.14560132 -0.46998018  0.20506516  0.2609245  -0.64564781
 -0.0187531   0.38272335  0.02705463  0.03822141 -0.55159242  0.53493798
  0.55279278  0.56377279  0.64280212  0.23323132 -0.16907782  0.57243494
 -0.17465711  0.41617923 -0.61543382  0.12023023  0.34370722 -0.62678156
 -0.00912422 -0.22912198  0.07082358 -0.29735553  0.27749576 -0.48804912
 -0.30065794 -0.82402845 -0.50232804 -0.2266989  -0.19758756]
3781,[ 0.20419474  0.10635683 -0.10130028  0.13381393  0.37163142  0.08717892
 -0.04158793  0.64839594  0.3488258  -0.53009551 -0.04498443 -0.11693717
  0.17914543  0.43293987 -0.32602575  0.23239089 -0.10767639 -0.62009847
  0.10272758  0.14560204 -0.46998028  0.20506452  0.26092428 -0.64564882
 -0.01875413  0.38272285  0.0270565   0.03822079 -0.55159325  0.53493967
  0.55279115  0.56377323  0.64280287  0.23323135 -0.16907719  0.57243512
 -0.1746578   0.41617878 -0.61543353  0.12022949  0.34370739 -0.62678031
 -0.00912566 -0.2291221   0.07082273 -0.29735578  0.27749667 -0.4880471
 -0.3006591  -0.82402831 -0.50232851 -0.22669872 -0.19758789]
3782,[ 0.20419593  0.10635731 -0.10130334  0.13381459  0.37163211  0.08717819
 -0.04158686  0.6483948   0.34882462 -0.53009502 -0.04498426 -0.11693589
  0.17914479  0.43294107 -0.32602578  0.23239189 -0.10767575 -0.62009809
  0.1027269   0.14560276 -0.46998038  0.20506388  0.26092407 -0.64564983
 -0.01875517  0.38272235  0.02705836  0.03822016 -0.55159407  0.53494136
  0.55278953  0.56377367  0.64280362  0.23323138 -0.16907656  0.5724353
 -0.17465848  0.41617832 -0.61543325  0.12022876  0.34370755 -0.62677907
 -0.0091271  -0.22912223  0.07082188 -0.29735603  0.27749758 -0.48804507
 -0.30066026 -0.82402817 -0.50232898 -0.22669855 -0.19758823]
3783,[ 0.20419713  0.10635779 -0.1013064   0.13381525  0.37163279  0.08717746
 -0.04158579  0.64839366  0.34882344 -0.53009452 -0.04498409 -0.11693461
  0.17914416  0.43294228 -0.32602582  0.23239289 -0.10767511 -0.62009771
  0.10272622  0.14560347 -0.46998049  0.20506324  0.26092385 -0.64565084
 -0.0187562   0.38272186  0.02706022  0.03821954 -0.55159489  0.53494305
  0.55278791  0.5637741   0.64280436  0.23323141 -0.16907593  0.57243547
 -0.17465917  0.41617787 -0.61543296  0.12022802  0.34370772 -0.62677782
 -0.00912853 -0.22912235  0.07082104 -0.29735628  0.27749849 -0.48804305
 -0.30066141 -0.82402803 -0.50232945 -0.22669837 -0.19758856]
3784,[ 0.20419832  0.10635827 -0.10130945  0.13381591  0.37163347  0.08717673
 -0.04158472  0.64839252  0.34882226 -0.53009402 -0.04498392 -0.11693333
  0.17914353  0.43294348 -0.32602586  0.2323939  -0.10767448 -0.62009733
  0.10272555  0.14560419 -0.46998059  0.2050626   0.26092364 -0.64565184
 -0.01875724  0.38272136  0.02706207  0.03821892 -0.55159571  0.53494473
  0.55278629  0.56377454  0.64280511  0.23323144 -0.16907531  0.57243565
 -0.17465985  0.41617742 -0.61543267  0.12022728  0.34370788 -0.62677658
 -0.00912996 -0.22912247  0.07082019 -0.29735653  0.27749939 -0.48804103
 -0.30066257 -0.82402789 -0.50232992 -0.2266982  -0.19758889]
3785,[ 0.20419951  0.10635875 -0.1013125   0.13381657  0.37163415  0.087176
 -0.04158365  0.64839138  0.34882108 -0.53009353 -0.04498374 -0.11693205
  0.1791429   0.43294468 -0.32602589  0.2323949  -0.10767384 -0.62009695
  0.10272487  0.1456049  -0.4699807   0.20506197  0.26092342 -0.64565285
 -0.01875827  0.38272086  0.02706393  0.0382183  -0.55159653  0.53494641
  0.55278467  0.56377498  0.64280585  0.23323148 -0.16907468  0.57243583
 -0.17466054  0.41617696 -0.61543238  0.12022655  0.34370805 -0.62677534
 -0.00913139 -0.22912259  0.07081935 -0.29735678  0.27750029 -0.48803901
 -0.30066372 -0.82402775 -0.50233039 -0.22669802 -0.19758922]
3786,[ 0.2042007   0.10635923 -0.10131555  0.13381722  0.37163483  0.08717527
 -0.04158258  0.64839024  0.34881991 -0.53009303 -0.04498357 -0.11693077
  0.17914227  0.43294588 -0.32602593  0.2323959  -0.10767321 -0.62009657
  0.1027242   0.14560562 -0.4699808   0.20506133  0.26092321 -0.64565385
 -0.0187593   0.38272036  0.02706578  0.03821768 -0.55159735  0.53494809
  0.55278305  0.56377542  0.64280659  0.23323151 -0.16907405  0.572436
 -0.17466122  0.41617651 -0.61543209  0.12022581  0.34370821 -0.6267741
 -0.00913282 -0.22912271  0.0708185  -0.29735703  0.2775012  -0.488037
 -0.30066487 -0.82402761 -0.50233085 -0.22669785 -0.19758955]
3787,[ 0.20420188  0.10635971 -0.10131859  0.13381788  0.37163551  0.08717454
 -0.04158152  0.6483891   0.34881873 -0.53009254 -0.0449834  -0.1169295
  0.17914164  0.43294708 -0.32602597  0.2323969  -0.10767258 -0.62009619
  0.10272352  0.14560633 -0.46998091  0.20506069  0.26092299 -0.64565485
 -0.01876033  0.38271987  0.02706763  0.03821706 -0.55159817  0.53494977
  0.55278144  0.56377585  0.64280733  0.23323154 -0.16907343  0.57243618
 -0.1746619   0.41617606 -0.61543181  0.12022508  0.34370838 -0.62677286
 -0.00913425 -0.22912284  0.07081766 -0.29735728  0.2775021  -0.48803498
 -0.30066602 -0.82402747 -0.50233132 -0.22669767 -0.19758987]
3788,[ 0.20420307  0.10636019 -0.10132163  0.13381854  0.37163618  0.08717382
 -0.04158045  0.64838797  0.34881756 -0.53009205 -0.04498323 -0.11692822
  0.17914101  0.43294828 -0.326026    0.2323979  -0.10767194 -0.62009581
  0.10272285  0.14560704 -0.46998101  0.20506006  0.26092278 -0.64565585
 -0.01876136  0.38271937  0.02706948  0.03821644 -0.55159898  0.53495145
  0.55277982  0.56377629  0.64280808  0.23323157 -0.1690728   0.57243635
 -0.17466258  0.41617561 -0.61543152  0.12022435  0.34370854 -0.62677162
 -0.00913567 -0.22912296  0.07081682 -0.29735753  0.277503   -0.48803297
 -0.30066717 -0.82402733 -0.50233179 -0.2266975  -0.1975902 ]
3789,[ 0.20420426  0.10636066 -0.10132467  0.13381919  0.37163686  0.08717309
 -0.04157939  0.64838683  0.34881639 -0.53009155 -0.04498306 -0.11692695
  0.17914039  0.43294947 -0.32602604  0.23239889 -0.10767131 -0.62009543
  0.10272218  0.14560775 -0.46998111  0.20505942  0.26092256 -0.64565685
 -0.01876239  0.38271888  0.02707133  0.03821583 -0.5515998   0.53495312
  0.55277821  0.56377672  0.64280882  0.2332316  -0.16907217  0.57243653
 -0.17466326  0.41617516 -0.61543123  0.12022361  0.34370871 -0.62677039
 -0.0091371  -0.22912308  0.07081598 -0.29735778  0.2775039  -0.48803097
 -0.30066832 -0.82402719 -0.50233225 -0.22669733 -0.19759053]
3790,[ 0.20420544  0.10636114 -0.1013277   0.13381985  0.37163754  0.08717237
 -0.04157833  0.6483857   0.34881522 -0.53009106 -0.04498288 -0.11692568
  0.17913976  0.43295067 -0.32602608  0.23239989 -0.10767068 -0.62009505
  0.10272151  0.14560846 -0.46998122  0.20505879  0.26092235 -0.64565785
 -0.01876342  0.38271838  0.02707317  0.03821521 -0.55160061  0.53495479
  0.5527766   0.56377716  0.64280956  0.23323163 -0.16907155  0.5724367
 -0.17466394  0.41617471 -0.61543095  0.12022288  0.34370887 -0.62676915
 -0.00913852 -0.2291232   0.07081514 -0.29735802  0.2775048  -0.48802896
 -0.30066947 -0.82402705 -0.50233272 -0.22669715 -0.19759086]
3791,[ 0.20420662  0.10636161 -0.10133073  0.1338205   0.37163821  0.08717164
 -0.04157726  0.64838457  0.34881405 -0.53009057 -0.04498271 -0.11692441
  0.17913913  0.43295186 -0.32602611  0.23240088 -0.10767005 -0.62009467
  0.10272084  0.14560917 -0.46998132  0.20505815  0.26092214 -0.64565885
 -0.01876444  0.38271789  0.02707501  0.0382146  -0.55160143  0.53495647
  0.552775    0.56377759  0.6428103   0.23323166 -0.16907093  0.57243688
 -0.17466462  0.41617426 -0.61543066  0.12022215  0.34370903 -0.62676792
 -0.00913994 -0.22912332  0.0708143  -0.29735827  0.2775057  -0.48802696
 -0.30067061 -0.82402691 -0.50233318 -0.22669698 -0.19759119]
3792,[ 0.2042078   0.10636209 -0.10133375  0.13382116  0.37163889  0.08717092
 -0.0415762   0.64838344  0.34881288 -0.53009008 -0.04498254 -0.11692314
  0.17913851  0.43295305 -0.32602615  0.23240188 -0.10766942 -0.6200943
  0.10272017  0.14560988 -0.46998142  0.20505752  0.26092192 -0.64565984
 -0.01876547  0.3827174   0.02707685  0.03821398 -0.55160224  0.53495813
  0.55277339  0.56377803  0.64281103  0.23323169 -0.1690703   0.57243706
 -0.1746653   0.41617381 -0.61543038  0.12022142  0.3437092  -0.62676669
 -0.00914136 -0.22912344  0.07081346 -0.29735852  0.27750659 -0.48802495
 -0.30067176 -0.82402677 -0.50233365 -0.22669681 -0.19759151]
3793,[ 0.20420898  0.10636256 -0.10133678  0.13382181  0.37163956  0.0871702
 -0.04157514  0.64838231  0.34881172 -0.53008958 -0.04498237 -0.11692187
  0.17913788  0.43295424 -0.32602619  0.23240287 -0.10766879 -0.62009392
  0.1027195   0.14561059 -0.46998153  0.20505689  0.26092171 -0.64566084
 -0.01876649  0.3827169   0.02707869  0.03821337 -0.55160305  0.5349598
  0.55277179  0.56377846  0.64281177  0.23323172 -0.16906968  0.57243723
 -0.17466598  0.41617336 -0.61543009  0.12022069  0.34370936 -0.62676546
 -0.00914277 -0.22912356  0.07081262 -0.29735877  0.27750749 -0.48802295
 -0.3006729  -0.82402664 -0.50233411 -0.22669663 -0.19759184]
3794,[ 0.20421016  0.10636304 -0.1013398   0.13382246  0.37164023  0.08716948
 -0.04157409  0.64838118  0.34881055 -0.53008909 -0.0449822  -0.11692061
  0.17913726  0.43295543 -0.32602622  0.23240386 -0.10766816 -0.62009354
  0.10271883  0.1456113  -0.46998163  0.20505626  0.2609215  -0.64566183
 -0.01876751  0.38271641  0.02708053  0.03821275 -0.55160386  0.53496147
  0.55277019  0.56377889  0.64281251  0.23323175 -0.16906906  0.5724374
 -0.17466666  0.41617291 -0.61542981  0.12021997  0.34370952 -0.62676423
 -0.00914419 -0.22912368  0.07081178 -0.29735901  0.27750838 -0.48802096
 -0.30067404 -0.8240265  -0.50233458 -0.22669646 -0.19759217]
3795,[ 0.20421134  0.10636351 -0.10134281  0.13382311  0.37164091  0.08716875
 -0.04157303  0.64838005  0.34880939 -0.5300886  -0.04498203 -0.11691934
  0.17913663  0.43295662 -0.32602626  0.23240485 -0.10766754 -0.62009317
  0.10271816  0.145612   -0.46998173  0.20505563  0.26092128 -0.64566282
 -0.01876854  0.38271592  0.02708236  0.03821214 -0.55160467  0.53496313
  0.55276859  0.56377932  0.64281324  0.23323178 -0.16906844  0.57243758
 -0.17466733  0.41617247 -0.61542952  0.12021924  0.34370969 -0.626763
 -0.0091456  -0.2291238   0.07081095 -0.29735926  0.27750928 -0.48801896
 -0.30067518 -0.82402636 -0.50233504 -0.22669629 -0.19759249]
3796,[ 0.20421251  0.10636398 -0.10134582  0.13382376  0.37164158  0.08716803
 -0.04157197  0.64837893  0.34880823 -0.53008811 -0.04498186 -0.11691808
  0.17913601  0.4329578  -0.3260263   0.23240584 -0.10766691 -0.62009279
  0.10271749  0.14561271 -0.46998183  0.205055    0.26092107 -0.64566382
 -0.01876956  0.38271543  0.02708419  0.03821153 -0.55160548  0.53496479
  0.55276699  0.56377976  0.64281398  0.23323181 -0.16906782  0.57243775
 -0.17466801  0.41617202 -0.61542924  0.12021851  0.34370985 -0.62676177
 -0.00914702 -0.22912393  0.07081011 -0.29735951  0.27751017 -0.48801697
 -0.30067632 -0.82402622 -0.5023355  -0.22669611 -0.19759282]
3797,[ 0.20421368  0.10636446 -0.10134883  0.13382441  0.37164225  0.08716731
 -0.04157092  0.64837781  0.34880707 -0.53008763 -0.04498169 -0.11691682
  0.17913539  0.43295899 -0.32602633  0.23240683 -0.10766628 -0.62009242
  0.10271683  0.14561341 -0.46998194  0.20505437  0.26092086 -0.64566481
 -0.01877057  0.38271494  0.02708602  0.03821091 -0.55160629  0.53496645
  0.55276539  0.56378019  0.64281471  0.23323184 -0.1690672   0.57243793
 -0.17466868  0.41617157 -0.61542895  0.12021779  0.34371001 -0.62676055
 -0.00914843 -0.22912405  0.07080928 -0.29735975  0.27751106 -0.48801498
 -0.30067746 -0.82402608 -0.50233597 -0.22669594 -0.19759315]
3798,[ 0.20421486  0.10636493 -0.10135184  0.13382506  0.37164292  0.0871666
 -0.04156987  0.64837668  0.34880591 -0.53008714 -0.04498152 -0.11691556
  0.17913477  0.43296017 -0.32602637  0.23240782 -0.10766566 -0.62009204
  0.10271616  0.14561412 -0.46998204  0.20505374  0.26092065 -0.6456658
 -0.01877159  0.38271445  0.02708785  0.0382103  -0.55160709  0.53496811
  0.5527638   0.56378062  0.64281544  0.23323187 -0.16906658  0.5724381
 -0.17466936  0.41617112 -0.61542867  0.12021706  0.34371017 -0.62675933
 -0.00914984 -0.22912417  0.07080845 -0.29736     0.27751195 -0.48801299
 -0.30067859 -0.82402595 -0.50233643 -0.22669577 -0.19759347]
3799,[ 0.20421603  0.1063654  -0.10135484  0.13382571  0.37164359  0.08716588
 -0.04156881  0.64837556  0.34880475 -0.53008665 -0.04498135 -0.1169143
  0.17913415  0.43296135 -0.32602641  0.2324088  -0.10766503 -0.62009167
  0.1027155   0.14561482 -0.46998214  0.20505311  0.26092044 -0.64566678
 -0.01877261  0.38271396  0.02708968  0.03820969 -0.5516079   0.53496976
  0.5527622   0.56378105  0.64281618  0.2332319  -0.16906596  0.57243827
 -0.17467003  0.41617068 -0.61542839  0.12021634  0.34371034 -0.6267581
 -0.00915125 -0.22912429  0.07080762 -0.29736024  0.27751284 -0.48801101
 -0.30067973 -0.82402581 -0.50233689 -0.2266956  -0.1975938 ]
3800,[ 0.2042172   0.10636587 -0.10135784  0.13382636  0.37164426  0.08716516
 -0.04156776  0.64837444  0.34880359 -0.53008616 -0.04498118 -0.11691305
  0.17913353  0.43296254 -0.32602644  0.23240979 -0.10766441 -0.62009129
  0.10271483  0.14561552 -0.46998225  0.20505248  0.26092022 -0.64566777
 -0.01877362  0.38271347  0.0270915   0.03820908 -0.55160871  0.53497142
  0.55276061  0.56378148  0.64281691  0.23323193 -0.16906535  0.57243845
 -0.1746707   0.41617023 -0.6154281   0.12021562  0.3437105  -0.62675688
 -0.00915265 -0.22912441  0.07080679 -0.29736049  0.27751373 -0.48800902
 -0.30068086 -0.82402567 -0.50233735 -0.22669543 -0.19759412]
3801,[ 0.20421837  0.10636634 -0.10136083  0.133827    0.37164493  0.08716445
 -0.04156671  0.64837332  0.34880243 -0.53008568 -0.04498101 -0.11691179
  0.17913291  0.43296371 -0.32602648  0.23241077 -0.10766378 -0.62009092
  0.10271417  0.14561622 -0.46998235  0.20505186  0.26092001 -0.64566876
 -0.01877464  0.38271298  0.02709332  0.03820847 -0.55160951  0.53497307
  0.55275902  0.56378191  0.64281764  0.23323196 -0.16906473  0.57243862
 -0.17467137  0.41616979 -0.61542782  0.12021489  0.34371066 -0.62675566
 -0.00915406 -0.22912453  0.07080596 -0.29736073  0.27751462 -0.48800704
 -0.30068199 -0.82402553 -0.50233781 -0.22669525 -0.19759444]
3802,[ 0.20421954  0.10636681 -0.10136382  0.13382765  0.37164559  0.08716373
 -0.04156567  0.6483722   0.34880128 -0.53008519 -0.04498084 -0.11691054
  0.17913229  0.43296489 -0.32602651  0.23241175 -0.10766316 -0.62009055
  0.10271351  0.14561692 -0.46998245  0.20505123  0.2609198  -0.64566974
 -0.01877565  0.3827125   0.02709514  0.03820787 -0.55161031  0.53497472
  0.55275743  0.56378234  0.64281837  0.233232   -0.16906411  0.57243879
 -0.17467204  0.41616935 -0.61542754  0.12021417  0.34371082 -0.62675445
 -0.00915546 -0.22912464  0.07080513 -0.29736098  0.27751551 -0.48800506
 -0.30068313 -0.8240254  -0.50233827 -0.22669508 -0.19759477]
3803,[ 0.2042207   0.10636728 -0.10136681  0.1338283   0.37164626  0.08716302
 -0.04156462  0.64837109  0.34880013 -0.5300847  -0.04498067 -0.11690928
  0.17913167  0.43296607 -0.32602655  0.23241274 -0.10766254 -0.62009017
  0.10271285  0.14561762 -0.46998255  0.20505061  0.26091959 -0.64567073
 -0.01877666  0.38271201  0.02709696  0.03820726 -0.55161112  0.53497637
  0.55275585  0.56378277  0.6428191   0.23323203 -0.1690635   0.57243897
 -0.17467271  0.4161689  -0.61542726  0.12021345  0.34371098 -0.62675323
 -0.00915686 -0.22912476  0.0708043  -0.29736122  0.27751639 -0.48800309
 -0.30068426 -0.82402526 -0.50233873 -0.22669491 -0.19759509]
3804,[ 0.20422187  0.10636775 -0.1013698   0.13382894  0.37164693  0.0871623
 -0.04156357  0.64836997  0.34879898 -0.53008422 -0.0449805  -0.11690803
  0.17913106  0.43296725 -0.32602659  0.23241372 -0.10766192 -0.6200898
  0.10271219  0.14561832 -0.46998265  0.20504998  0.26091938 -0.64567171
 -0.01877767  0.38271152  0.02709877  0.03820665 -0.55161192  0.53497801
  0.55275427  0.56378319  0.64281983  0.23323206 -0.16906288  0.57243914
 -0.17467338  0.41616846 -0.61542698  0.12021273  0.34371115 -0.62675201
 -0.00915826 -0.22912488  0.07080347 -0.29736147  0.27751728 -0.48800111
 -0.30068538 -0.82402512 -0.50233919 -0.22669474 -0.19759541]
3805,[ 0.20422303  0.10636822 -0.10137278  0.13382958  0.37164759  0.08716159
 -0.04156253  0.64836886  0.34879783 -0.53008373 -0.04498033 -0.11690678
  0.17913044  0.43296842 -0.32602662  0.2324147  -0.1076613  -0.62008943
  0.10271153  0.14561902 -0.46998276  0.20504936  0.26091917 -0.64567269
 -0.01877868  0.38271104  0.02710059  0.03820605 -0.55161272  0.53497966
  0.55275268  0.56378362  0.64282055  0.23323209 -0.16906227  0.57243931
 -0.17467405  0.41616802 -0.6154267   0.12021201  0.34371131 -0.6267508
 -0.00915966 -0.229125    0.07080265 -0.29736171  0.27751816 -0.48799914
 -0.30068651 -0.82402499 -0.50233964 -0.22669457 -0.19759574]
3806,[ 0.20422419  0.10636869 -0.10137576  0.13383023  0.37164825  0.08716088
 -0.04156148  0.64836774  0.34879668 -0.53008325 -0.04498016 -0.11690554
  0.17912982  0.43296959 -0.32602666  0.23241567 -0.10766068 -0.62008906
  0.10271087  0.14561972 -0.46998286  0.20504874  0.26091896 -0.64567367
 -0.01877969  0.38271055  0.0271024   0.03820544 -0.55161352  0.5349813
  0.5527511   0.56378405  0.64282128  0.23323212 -0.16906166  0.57243948
 -0.17467472  0.41616757 -0.61542641  0.12021129  0.34371147 -0.62674959
 -0.00916106 -0.22912512  0.07080182 -0.29736195  0.27751904 -0.48799717
 -0.30068764 -0.82402485 -0.5023401  -0.2266944  -0.19759606]
3807,[ 0.20422535  0.10636915 -0.10137873  0.13383087  0.37164892  0.08716017
 -0.04156044  0.64836663  0.34879553 -0.53008277 -0.04498    -0.11690429
  0.17912921  0.43297076 -0.32602669  0.23241665 -0.10766006 -0.62008869
  0.10271021  0.14562042 -0.46998296  0.20504811  0.26091875 -0.64567465
 -0.0187807   0.38271007  0.02710421  0.03820483 -0.55161432  0.53498294
  0.55274952  0.56378448  0.64282201  0.23323215 -0.16906105  0.57243966
 -0.17467539  0.41616713 -0.61542613  0.12021058  0.34371163 -0.62674838
 -0.00916245 -0.22912524  0.070801   -0.2973622   0.27751993 -0.4879952
 -0.30068876 -0.82402471 -0.50234056 -0.22669423 -0.19759638]
3808,[ 0.20422651  0.10636962 -0.1013817   0.13383151  0.37164958  0.08715946
 -0.0415594   0.64836552  0.34879438 -0.53008228 -0.04497983 -0.11690304
  0.17912859  0.43297193 -0.32602673  0.23241763 -0.10765944 -0.62008832
  0.10270955  0.14562111 -0.46998306  0.20504749  0.26091854 -0.64567563
 -0.01878171  0.38270958  0.02710602  0.03820423 -0.55161512  0.53498458
  0.55274795  0.5637849   0.64282273  0.23323218 -0.16906043  0.57243983
 -0.17467605  0.41616669 -0.61542585  0.12020986  0.34371179 -0.62674717
 -0.00916384 -0.22912536  0.07080017 -0.29736244  0.27752081 -0.48799323
 -0.30068989 -0.82402458 -0.50234102 -0.22669406 -0.1975967 ]
3809,[ 0.20422767  0.10637009 -0.10138467  0.13383215  0.37165024  0.08715875
 -0.04155836  0.64836441  0.34879324 -0.5300818  -0.04497966 -0.1169018
  0.17912798  0.4329731  -0.32602677  0.2324186  -0.10765882 -0.62008795
  0.10270889  0.14562181 -0.46998316  0.20504687  0.26091833 -0.64567661
 -0.01878271  0.3827091   0.02710782  0.03820363 -0.55161591  0.53498622
  0.55274637  0.56378533  0.64282345  0.23323221 -0.16905982  0.57244
 -0.17467672  0.41616625 -0.61542557  0.12020914  0.34371195 -0.62674596
 -0.00916524 -0.22912548  0.07079935 -0.29736268  0.27752169 -0.48799127
 -0.30069101 -0.82402444 -0.50234147 -0.22669389 -0.19759702]
3810,[ 0.20422883  0.10637055 -0.10138764  0.13383279  0.3716509   0.08715804
 -0.04155732  0.64836331  0.34879209 -0.53008132 -0.04497949 -0.11690056
  0.17912737  0.43297427 -0.3260268   0.23241958 -0.10765821 -0.62008758
  0.10270824  0.1456225  -0.46998326  0.20504625  0.26091812 -0.64567758
 -0.01878372  0.38270861  0.02710962  0.03820302 -0.55161671  0.53498785
  0.5527448   0.56378575  0.64282418  0.23323224 -0.16905921  0.57244017
 -0.17467738  0.41616581 -0.61542529  0.12020843  0.34371211 -0.62674475
 -0.00916663 -0.2291256   0.07079853 -0.29736292  0.27752257 -0.48798931
 -0.30069213 -0.8240243  -0.50234193 -0.22669372 -0.19759734]
3811,[ 0.20422998  0.10637102 -0.1013906   0.13383343  0.37165156  0.08715733
 -0.04155628  0.6483622   0.34879095 -0.53008084 -0.04497933 -0.11689931
  0.17912676  0.43297544 -0.32602684  0.23242055 -0.10765759 -0.62008721
  0.10270758  0.14562319 -0.46998336  0.20504563  0.26091791 -0.64567856
 -0.01878472  0.38270813  0.02711142  0.03820242 -0.55161751  0.53498949
  0.55274323  0.56378618  0.6428249   0.23323227 -0.1690586   0.57244034
 -0.17467805  0.41616537 -0.61542501  0.12020772  0.34371227 -0.62674355
 -0.00916802 -0.22912572  0.07079771 -0.29736317  0.27752344 -0.48798735
 -0.30069325 -0.82402417 -0.50234238 -0.22669355 -0.19759766]
3812,[ 0.20423114  0.10637148 -0.10139355  0.13383407  0.37165222  0.08715662
 -0.04155525  0.64836109  0.34878981 -0.53008036 -0.04497916 -0.11689807
  0.17912614  0.4329766  -0.32602687  0.23242152 -0.10765697 -0.62008684
  0.10270693  0.14562389 -0.46998346  0.20504501  0.26091771 -0.64567953
 -0.01878572  0.38270765  0.02711322  0.03820182 -0.5516183   0.53499112
  0.55274166  0.5637866   0.64282562  0.2332323  -0.16905799  0.57244051
 -0.17467871  0.41616493 -0.61542474  0.120207    0.34371243 -0.62674234
 -0.0091694  -0.22912583  0.07079689 -0.29736341  0.27752432 -0.48798539
 -0.30069437 -0.82402403 -0.50234284 -0.22669338 -0.19759798]
3813,[ 0.20423229  0.10637194 -0.10139651  0.13383471  0.37165288  0.08715591
 -0.04155421  0.64835999  0.34878867 -0.53007988 -0.04497899 -0.11689684
  0.17912553  0.43297777 -0.32602691  0.23242249 -0.10765636 -0.62008647
  0.10270627  0.14562458 -0.46998357  0.20504439  0.2609175  -0.6456805
 -0.01878672  0.38270717  0.02711502  0.03820122 -0.55161909  0.53499275
  0.55274009  0.56378703  0.64282634  0.23323233 -0.16905739  0.57244068
 -0.17467937  0.41616449 -0.61542446  0.12020629  0.34371259 -0.62674114
 -0.00917079 -0.22912595  0.07079607 -0.29736365  0.2775252  -0.48798344
 -0.30069549 -0.8240239  -0.50234329 -0.22669321 -0.1975983 ]
3814,[ 0.20423344  0.10637241 -0.10139946  0.13383535  0.37165354  0.08715521
 -0.04155318  0.64835889  0.34878753 -0.5300794  -0.04497882 -0.1168956
  0.17912492  0.43297893 -0.32602694  0.23242346 -0.10765575 -0.6200861
  0.10270562  0.14562527 -0.46998367  0.20504378  0.26091729 -0.64568148
 -0.01878772  0.38270669  0.02711682  0.03820062 -0.55161989  0.53499438
  0.55273852  0.56378745  0.64282706  0.23323236 -0.16905678  0.57244086
 -0.17468004  0.41616405 -0.61542418  0.12020558  0.34371275 -0.62673994
 -0.00917217 -0.22912607  0.07079525 -0.29736389  0.27752607 -0.48798149
 -0.3006966  -0.82402376 -0.50234374 -0.22669304 -0.19759862]
3815,[ 0.20423459  0.10637287 -0.10140241  0.13383598  0.3716542   0.0871545
 -0.04155214  0.64835779  0.34878639 -0.53007892 -0.04497866 -0.11689436
  0.17912431  0.43298009 -0.32602698  0.23242443 -0.10765513 -0.62008573
  0.10270497  0.14562596 -0.46998377  0.20504316  0.26091708 -0.64568245
 -0.01878872  0.38270621  0.02711861  0.03820002 -0.55162068  0.534996
  0.55273696  0.56378787  0.64282778  0.23323239 -0.16905617  0.57244103
 -0.1746807   0.41616362 -0.6154239   0.12020487  0.34371291 -0.62673874
 -0.00917356 -0.22912619  0.07079444 -0.29736413  0.27752695 -0.48797954
 -0.30069772 -0.82402363 -0.5023442  -0.22669287 -0.19759894]
3816,[ 0.20423574  0.10637333 -0.10140535  0.13383662  0.37165485  0.0871538
 -0.04155111  0.64835669  0.34878526 -0.53007844 -0.04497849 -0.11689313
  0.17912371  0.43298125 -0.32602702  0.2324254  -0.10765452 -0.62008537
  0.10270431  0.14562665 -0.46998387  0.20504254  0.26091687 -0.64568342
 -0.01878972  0.38270573  0.0271204   0.03819942 -0.55162147  0.53499763
  0.5527354   0.56378829  0.6428285   0.23323242 -0.16905557  0.5724412
 -0.17468136  0.41616318 -0.61542362  0.12020416  0.34371307 -0.62673754
 -0.00917494 -0.22912631  0.07079362 -0.29736437  0.27752782 -0.48797759
 -0.30069883 -0.82402349 -0.50234465 -0.2266927  -0.19759926]
3817,[ 0.20423689  0.1063738  -0.1014083   0.13383726  0.37165551  0.0871531
 -0.04155008  0.64835559  0.34878412 -0.53007796 -0.04497832 -0.1168919
  0.1791231   0.43298241 -0.32602705  0.23242636 -0.10765391 -0.620085
  0.10270366  0.14562734 -0.46998397  0.20504193  0.26091667 -0.64568439
 -0.01879071  0.38270525  0.02712219  0.03819882 -0.55162226  0.53499925
  0.55273384  0.56378872  0.64282922  0.23323245 -0.16905496  0.57244137
 -0.17468202  0.41616274 -0.61542334  0.12020345  0.34371323 -0.62673634
 -0.00917632 -0.22912642  0.0707928  -0.29736461  0.27752869 -0.48797564
 -0.30069994 -0.82402336 -0.5023451  -0.22669254 -0.19759958]
3818,[ 0.20423804  0.10637426 -0.10141123  0.13383789  0.37165617  0.08715239
 -0.04154905  0.64835449  0.34878299 -0.53007748 -0.04497816 -0.11689066
  0.17912249  0.43298356 -0.32602709  0.23242733 -0.1076533  -0.62008463
  0.10270301  0.14562803 -0.46998407  0.20504131  0.26091646 -0.64568535
 -0.01879171  0.38270477  0.02712398  0.03819823 -0.55162305  0.53500087
  0.55273228  0.56378914  0.64282993  0.23323248 -0.16905435  0.57244154
 -0.17468267  0.41616231 -0.61542307  0.12020274  0.34371339 -0.62673515
 -0.00917769 -0.22912654  0.07079199 -0.29736485  0.27752956 -0.4879737
 -0.30070105 -0.82402322 -0.50234555 -0.22669237 -0.1975999 ]
3819,[ 0.20423918  0.10637472 -0.10141417  0.13383852  0.37165682  0.08715169
 -0.04154802  0.64835339  0.34878185 -0.53007701 -0.04497799 -0.11688943
  0.17912188  0.43298472 -0.32602712  0.23242829 -0.10765268 -0.62008427
  0.10270236  0.14562872 -0.46998417  0.2050407   0.26091625 -0.64568632
 -0.0187927   0.38270429  0.02712576  0.03819763 -0.55162384  0.53500249
  0.55273072  0.56378956  0.64283065  0.23323251 -0.16905375  0.57244171
 -0.17468333  0.41616187 -0.61542279  0.12020203  0.34371355 -0.62673395
 -0.00917907 -0.22912666  0.07079118 -0.29736509  0.27753043 -0.48797176
 -0.30070216 -0.82402309 -0.502346   -0.2266922  -0.19760021]
3820,[ 0.20424033  0.10637518 -0.1014171   0.13383916  0.37165747  0.08715099
 -0.04154699  0.6483523   0.34878072 -0.53007653 -0.04497783 -0.11688821
  0.17912128  0.43298588 -0.32602716  0.23242925 -0.10765207 -0.6200839
  0.10270171  0.1456294  -0.46998427  0.20504009  0.26091605 -0.64568728
 -0.0187937   0.38270381  0.02712754  0.03819703 -0.55162463  0.5350041
  0.55272916  0.56378998  0.64283136  0.23323253 -0.16905315  0.57244188
 -0.17468399  0.41616143 -0.61542251  0.12020132  0.3437137  -0.62673276
 -0.00918045 -0.22912678  0.07079036 -0.29736533  0.2775313  -0.48796982
 -0.30070327 -0.82402295 -0.50234645 -0.22669203 -0.19760053]
3821,[ 0.20424147  0.10637564 -0.10142003  0.13383979  0.37165813  0.08715029
 -0.04154597  0.6483512   0.34877959 -0.53007606 -0.04497766 -0.11688698
  0.17912067  0.43298703 -0.32602719  0.23243022 -0.10765147 -0.62008354
  0.10270106  0.14563009 -0.46998437  0.20503948  0.26091584 -0.64568825
 -0.01879469  0.38270333  0.02712933  0.03819644 -0.55162541  0.53500572
  0.55272761  0.5637904   0.64283208  0.23323256 -0.16905254  0.57244205
 -0.17468465  0.416161   -0.61542224  0.12020062  0.34371386 -0.62673157
 -0.00918182 -0.22912689  0.07078955 -0.29736557  0.27753217 -0.48796788
 -0.30070438 -0.82402282 -0.5023469  -0.22669186 -0.19760085]
3822,[ 0.20424261  0.1063761  -0.10142295  0.13384042  0.37165878  0.08714959
 -0.04154494  0.64835011  0.34877846 -0.53007558 -0.04497749 -0.11688575
  0.17912007  0.43298818 -0.32602723  0.23243118 -0.10765086 -0.62008317
  0.10270042  0.14563077 -0.46998447  0.20503886  0.26091563 -0.64568921
 -0.01879568  0.38270286  0.0271311   0.03819584 -0.5516262   0.53500733
  0.55272606  0.56379082  0.64283279  0.23323259 -0.16905194  0.57244221
 -0.1746853   0.41616057 -0.61542196  0.12019991  0.34371402 -0.62673038
 -0.00918319 -0.22912701  0.07078874 -0.29736581  0.27753304 -0.48796594
 -0.30070549 -0.82402269 -0.50234735 -0.2266917  -0.19760117]
3823,[ 0.20424375  0.10637656 -0.10142588  0.13384105  0.37165943  0.08714889
 -0.04154392  0.64834902  0.34877734 -0.53007511 -0.04497733 -0.11688453
  0.17911946  0.43298933 -0.32602726  0.23243214 -0.10765025 -0.62008281
  0.10269977  0.14563146 -0.46998457  0.20503825  0.26091543 -0.64569017
 -0.01879667  0.38270238  0.02713288  0.03819525 -0.55162698  0.53500894
  0.55272451  0.56379124  0.64283351  0.23323262 -0.16905134  0.57244238
 -0.17468596  0.41616013 -0.61542169  0.12019921  0.34371418 -0.62672919
 -0.00918456 -0.22912713  0.07078793 -0.29736605  0.2775339  -0.48796401
 -0.30070659 -0.82402255 -0.5023478  -0.22669153 -0.19760148]
3824,[ 0.20424489  0.10637701 -0.10142879  0.13384168  0.37166008  0.0871482
 -0.0415429   0.64834793  0.34877621 -0.53007463 -0.04497716 -0.1168833
  0.17911886  0.43299048 -0.3260273   0.23243309 -0.10764964 -0.62008244
  0.10269912  0.14563214 -0.46998467  0.20503764  0.26091522 -0.64569113
 -0.01879766  0.38270191  0.02713466  0.03819466 -0.55162777  0.53501055
  0.55272296  0.56379165  0.64283422  0.23323265 -0.16905074  0.57244255
 -0.17468661  0.4161597  -0.61542141  0.1201985   0.34371434 -0.626728
 -0.00918593 -0.22912724  0.07078712 -0.29736629  0.27753477 -0.48796208
 -0.30070769 -0.82402242 -0.50234825 -0.22669136 -0.1976018 ]
3825,[ 0.20424603  0.10637747 -0.10143171  0.13384231  0.37166073  0.0871475
 -0.04154187  0.64834684  0.34877509 -0.53007416 -0.044977   -0.11688208
  0.17911826  0.43299163 -0.32602733  0.23243405 -0.10764903 -0.62008208
  0.10269848  0.14563282 -0.46998477  0.20503703  0.26091502 -0.64569209
 -0.01879864  0.38270143  0.02713643  0.03819406 -0.55162855  0.53501216
  0.55272141  0.56379207  0.64283493  0.23323268 -0.16905014  0.57244272
 -0.17468727  0.41615927 -0.61542114  0.1201978   0.34371449 -0.62672681
 -0.0091873  -0.22912736  0.07078632 -0.29736653  0.27753563 -0.48796015
 -0.3007088  -0.82402228 -0.5023487  -0.22669119 -0.19760211]
3826,[ 0.20424716  0.10637793 -0.10143462  0.13384294  0.37166138  0.0871468
 -0.04154085  0.64834575  0.34877396 -0.53007368 -0.04497683 -0.11688086
  0.17911766  0.43299278 -0.32602737  0.23243501 -0.10764843 -0.62008172
  0.10269783  0.14563351 -0.46998487  0.20503642  0.26091481 -0.64569305
 -0.01879963  0.38270096  0.0271382   0.03819347 -0.55162933  0.53501377
  0.55271987  0.56379249  0.64283564  0.23323271 -0.16904954  0.57244289
 -0.17468792  0.41615883 -0.61542086  0.1201971   0.34371465 -0.62672563
 -0.00918866 -0.22912748  0.07078551 -0.29736677  0.27753649 -0.48795823
 -0.3007099  -0.82402215 -0.50234914 -0.22669103 -0.19760243]
3827,[ 0.2042483   0.10637839 -0.10143753  0.13384357  0.37166203  0.08714611
 -0.04153983  0.64834466  0.34877284 -0.53007321 -0.04497667 -0.11687964
  0.17911705  0.43299392 -0.32602741  0.23243596 -0.10764782 -0.62008135
  0.10269719  0.14563419 -0.46998497  0.20503581  0.26091461 -0.64569401
 -0.01880061  0.38270048  0.02713997  0.03819288 -0.55163011  0.53501537
  0.55271832  0.56379291  0.64283635  0.23323274 -0.16904894  0.57244306
 -0.17468857  0.4161584  -0.61542059  0.1201964   0.34371481 -0.62672444
 -0.00919003 -0.22912759  0.0707847  -0.297367    0.27753736 -0.4879563
 -0.300711   -0.82402202 -0.50234959 -0.22669086 -0.19760274]
3828,[ 0.20424943  0.10637884 -0.10144043  0.1338442   0.37166268  0.08714541
 -0.04153882  0.64834358  0.34877172 -0.53007274 -0.04497651 -0.11687842
  0.17911645  0.43299507 -0.32602744  0.23243692 -0.10764722 -0.62008099
  0.10269655  0.14563487 -0.46998507  0.20503521  0.2609144  -0.64569497
 -0.0188016   0.38270001  0.02714174  0.03819229 -0.55163089  0.53501697
  0.55271678  0.56379332  0.64283706  0.23323277 -0.16904834  0.57244323
 -0.17468922  0.41615797 -0.61542031  0.1201957   0.34371497 -0.62672326
 -0.00919139 -0.22912771  0.0707839  -0.29736724  0.27753822 -0.48795438
 -0.3007121  -0.82402188 -0.50235004 -0.22669069 -0.19760306]
3829,[ 0.20425056  0.1063793  -0.10144334  0.13384482  0.37166333  0.08714472
 -0.0415378   0.64834249  0.3487706  -0.53007227 -0.04497634 -0.11687721
  0.17911585  0.43299621 -0.32602748  0.23243787 -0.10764661 -0.62008063
  0.1026959   0.14563555 -0.46998516  0.2050346   0.2609142  -0.64569592
 -0.01880258  0.38269953  0.0271435   0.0381917  -0.55163167  0.53501857
  0.55271524  0.56379374  0.64283776  0.2332328  -0.16904775  0.57244339
 -0.17468987  0.41615754 -0.61542004  0.120195    0.34371512 -0.62672208
 -0.00919275 -0.22912782  0.0707831  -0.29736748  0.27753908 -0.48795246
 -0.30071319 -0.82402175 -0.50235048 -0.22669053 -0.19760337]
3830,[ 0.2042517   0.10637975 -0.10144624  0.13384545  0.37166397  0.08714403
 -0.04153678  0.64834141  0.34876948 -0.5300718  -0.04497618 -0.11687599
  0.17911525  0.43299735 -0.32602751  0.23243882 -0.10764601 -0.62008027
  0.10269526  0.14563623 -0.46998526  0.20503399  0.26091399 -0.64569688
 -0.01880356  0.38269906  0.02714526  0.03819111 -0.55163245  0.53502017
  0.5527137   0.56379416  0.64283847  0.23323283 -0.16904715  0.57244356
 -0.17469052  0.41615711 -0.61541977  0.1201943   0.34371528 -0.6267209
 -0.00919411 -0.22912794  0.07078229 -0.29736772  0.27753994 -0.48795054
 -0.30071429 -0.82402162 -0.50235093 -0.22669036 -0.19760368]
3831,[ 0.20425282  0.10638021 -0.10144913  0.13384608  0.37166462  0.08714333
 -0.04153577  0.64834033  0.34876836 -0.53007133 -0.04497601 -0.11687478
  0.17911466  0.43299849 -0.32602755  0.23243977 -0.10764541 -0.62007991
  0.10269462  0.14563691 -0.46998536  0.20503339  0.26091379 -0.64569783
 -0.01880454  0.38269859  0.02714703  0.03819052 -0.55163323  0.53502177
  0.55271217  0.56379457  0.64283918  0.23323286 -0.16904655  0.57244373
 -0.17469117  0.41615668 -0.61541949  0.1201936   0.34371544 -0.62671972
 -0.00919547 -0.22912806  0.07078149 -0.29736795  0.2775408  -0.48794863
 -0.30071538 -0.82402149 -0.50235137 -0.2266902  -0.197604  ]
3832,[ 0.20425395  0.10638066 -0.10145202  0.1338467   0.37166526  0.08714264
 -0.04153475  0.64833925  0.34876725 -0.53007086 -0.04497585 -0.11687357
  0.17911406  0.43299963 -0.32602758  0.23244072 -0.10764481 -0.62007955
  0.10269398  0.14563758 -0.46998546  0.20503278  0.26091358 -0.64569878
 -0.01880552  0.38269812  0.02714878  0.03818993 -0.55163401  0.53502337
  0.55271063  0.56379499  0.64283988  0.23323289 -0.16904596  0.5724439
 -0.17469182  0.41615625 -0.61541922  0.1201929   0.34371559 -0.62671854
 -0.00919682 -0.22912817  0.07078069 -0.29736819  0.27754165 -0.48794671
 -0.30071648 -0.82402135 -0.50235182 -0.22669003 -0.19760431]
3833,[ 0.20425508  0.10638112 -0.10145491  0.13384732  0.37166591  0.08714195
 -0.04153374  0.64833817  0.34876613 -0.53007039 -0.04497569 -0.11687236
  0.17911346  0.43300077 -0.32602762  0.23244167 -0.10764421 -0.62007919
  0.10269334  0.14563826 -0.46998556  0.20503218  0.26091338 -0.64569973
 -0.0188065   0.38269765  0.02715054  0.03818934 -0.55163478  0.53502496
  0.5527091   0.5637954   0.64284059  0.23323292 -0.16904536  0.57244406
 -0.17469247  0.41615582 -0.61541895  0.12019221  0.34371575 -0.62671737
 -0.00919818 -0.22912829  0.07077989 -0.29736843  0.27754251 -0.4879448
 -0.30071757 -0.82402122 -0.50235226 -0.22668986 -0.19760462]
3834,[ 0.20425621  0.10638157 -0.1014578   0.13384795  0.37166655  0.08714126
 -0.04153273  0.64833709  0.34876502 -0.53006992 -0.04497552 -0.11687115
  0.17911286  0.4330019  -0.32602765  0.23244262 -0.1076436  -0.62007883
  0.1026927   0.14563894 -0.46998566  0.20503158  0.26091318 -0.64570068
 -0.01880748  0.38269718  0.0271523   0.03818876 -0.55163556  0.53502655
  0.55270757  0.56379581  0.64284129  0.23323295 -0.16904477  0.57244423
 -0.17469312  0.41615539 -0.61541867  0.12019151  0.3437159  -0.62671619
 -0.00919953 -0.2291284   0.07077909 -0.29736866  0.27754336 -0.48794289
 -0.30071866 -0.82402109 -0.5023527  -0.2266897  -0.19760494]
3835,[ 0.20425733  0.10638202 -0.10146068  0.13384857  0.37166719  0.08714057
 -0.04153172  0.64833601  0.34876391 -0.53006945 -0.04497536 -0.11686994
  0.17911227  0.43300304 -0.32602768  0.23244357 -0.10764301 -0.62007847
  0.10269206  0.14563961 -0.46998576  0.20503097  0.26091297 -0.64570163
 -0.01880846  0.38269671  0.02715405  0.03818817 -0.55163633  0.53502814
  0.55270604  0.56379623  0.642842    0.23323298 -0.16904418  0.5724444
 -0.17469376  0.41615496 -0.6154184   0.12019081  0.34371606 -0.62671502
 -0.00920088 -0.22912852  0.07077829 -0.2973689   0.27754422 -0.48794099
 -0.30071975 -0.82402096 -0.50235315 -0.22668953 -0.19760525]
3836,[ 0.20425846  0.10638247 -0.10146356  0.13384919  0.37166783  0.08713988
 -0.04153071  0.64833494  0.3487628  -0.53006898 -0.0449752  -0.11686873
  0.17911167  0.43300417 -0.32602772  0.23244451 -0.10764241 -0.62007811
  0.10269143  0.14564028 -0.46998586  0.20503037  0.26091277 -0.64570258
 -0.01880943  0.38269624  0.0271558   0.03818759 -0.55163711  0.53502973
  0.55270451  0.56379664  0.6428427   0.23323301 -0.16904358  0.57244456
 -0.17469441  0.41615454 -0.61541813  0.12019012  0.34371622 -0.62671385
 -0.00920223 -0.22912863  0.07077749 -0.29736913  0.27754507 -0.48793908
 -0.30072084 -0.82402082 -0.50235359 -0.22668937 -0.19760556]
3837,[ 0.20425958  0.10638293 -0.10146644  0.13384981  0.37166848  0.0871392
 -0.0415297   0.64833386  0.34876169 -0.53006851 -0.04497503 -0.11686753
  0.17911108  0.43300531 -0.32602775  0.23244546 -0.10764181 -0.62007775
  0.10269079  0.14564096 -0.46998595  0.20502977  0.26091257 -0.64570353
 -0.0188104   0.38269577  0.02715755  0.038187   -0.55163788  0.53503132
  0.55270298  0.56379705  0.6428434   0.23323303 -0.16904299  0.57244473
 -0.17469505  0.41615411 -0.61541786  0.12018943  0.34371637 -0.62671268
 -0.00920358 -0.22912875  0.07077669 -0.29736937  0.27754593 -0.48793718
 -0.30072193 -0.82402069 -0.50235403 -0.2266892  -0.19760587]
3838,[ 0.2042607   0.10638338 -0.10146931  0.13385043  0.37166912  0.08713851
 -0.0415287   0.64833279  0.34876058 -0.53006805 -0.04497487 -0.11686632
  0.17911048  0.43300644 -0.32602779  0.2324464  -0.10764121 -0.62007739
  0.10269015  0.14564163 -0.46998605  0.20502917  0.26091236 -0.64570447
 -0.01881138  0.3826953   0.0271593   0.03818642 -0.55163865  0.5350329
  0.55270146  0.56379746  0.6428441   0.23323306 -0.1690424   0.5724449
 -0.1746957   0.41615368 -0.61541759  0.12018873  0.34371653 -0.62671151
 -0.00920493 -0.22912886  0.0707759  -0.2973696   0.27754678 -0.48793528
 -0.30072301 -0.82402056 -0.50235447 -0.22668904 -0.19760618]
3839,[ 0.20426182  0.10638383 -0.10147218  0.13385105  0.37166976  0.08713782
 -0.04152769  0.64833172  0.34875947 -0.53006758 -0.04497471 -0.11686512
  0.17910989  0.43300757 -0.32602782  0.23244734 -0.10764061 -0.62007703
  0.10268952  0.1456423  -0.46998615  0.20502857  0.26091216 -0.64570542
 -0.01881235  0.38269483  0.02716104  0.03818583 -0.55163942  0.53503448
  0.55269994  0.56379788  0.6428448   0.23323309 -0.16904181  0.57244506
 -0.17469634  0.41615326 -0.61541732  0.12018804  0.34371668 -0.62671034
 -0.00920628 -0.22912898  0.0707751  -0.29736984  0.27754763 -0.48793338
 -0.3007241  -0.82402043 -0.50235491 -0.22668888 -0.19760649]
3840,[ 0.20426294  0.10638428 -0.10147504  0.13385167  0.3716704   0.08713714
 -0.04152669  0.64833065  0.34875837 -0.53006712 -0.04497455 -0.11686392
  0.1791093   0.4330087  -0.32602786  0.23244828 -0.10764002 -0.62007668
  0.10268888  0.14564297 -0.46998625  0.20502797  0.26091196 -0.64570636
 -0.01881332  0.38269437  0.02716279  0.03818525 -0.55164019  0.53503606
  0.55269842  0.56379829  0.6428455   0.23323312 -0.16904122  0.57244523
 -0.17469698  0.41615283 -0.61541705  0.12018735  0.34371684 -0.62670917
 -0.00920762 -0.22912909  0.07077431 -0.29737007  0.27754848 -0.48793148
 -0.30072518 -0.8240203  -0.50235535 -0.22668871 -0.1976068 ]
3841,[ 0.20426405  0.10638473 -0.10147791  0.13385229  0.37167103  0.08713645
 -0.04152568  0.64832958  0.34875726 -0.53006665 -0.04497439 -0.11686272
  0.17910871  0.43300982 -0.32602789  0.23244923 -0.10763942 -0.62007632
  0.10268825  0.14564365 -0.46998635  0.20502737  0.26091176 -0.6457073
 -0.01881429  0.3826939   0.02716453  0.03818467 -0.55164096  0.53503764
  0.5526969   0.5637987   0.6428462   0.23323315 -0.16904063  0.57244539
 -0.17469763  0.41615241 -0.61541678  0.12018666  0.34371699 -0.62670801
 -0.00920896 -0.22912921  0.07077352 -0.29737031  0.27754933 -0.48792959
 -0.30072627 -0.82402017 -0.50235579 -0.22668855 -0.19760711]
3842,[ 0.20426517  0.10638518 -0.10148077  0.13385291  0.37167167  0.08713577
 -0.04152468  0.64832851  0.34875616 -0.53006619 -0.04497422 -0.11686152
  0.17910812  0.43301095 -0.32602793  0.23245016 -0.10763882 -0.62007596
  0.10268762  0.14564432 -0.46998644  0.20502677  0.26091156 -0.64570825
 -0.01881526  0.38269343  0.02716627  0.03818409 -0.55164173  0.53503922
  0.55269538  0.56379911  0.6428469   0.23323318 -0.16904004  0.57244556
 -0.17469827  0.41615198 -0.61541651  0.12018597  0.34371715 -0.62670684
 -0.0092103  -0.22912932  0.07077272 -0.29737054  0.27755017 -0.4879277
 -0.30072735 -0.82402003 -0.50235623 -0.22668838 -0.19760742]
3843,[ 0.20426628  0.10638562 -0.10148362  0.13385353  0.37167231  0.08713509
 -0.04152368  0.64832744  0.34875506 -0.53006572 -0.04497406 -0.11686032
  0.17910753  0.43301207 -0.32602796  0.2324511  -0.10763823 -0.62007561
  0.10268698  0.14564498 -0.46998654  0.20502617  0.26091135 -0.64570919
 -0.01881623  0.38269297  0.027168    0.03818351 -0.55164249  0.5350408
  0.55269386  0.56379952  0.64284759  0.23323321 -0.16903945  0.57244572
 -0.17469891  0.41615156 -0.61541624  0.12018528  0.3437173  -0.62670568
 -0.00921164 -0.22912944  0.07077193 -0.29737077  0.27755102 -0.48792581
 -0.30072843 -0.8240199  -0.50235667 -0.22668822 -0.19760773]
3844,[ 0.2042674   0.10638607 -0.10148648  0.13385414  0.37167295  0.0871344
 -0.04152268  0.64832637  0.34875395 -0.53006526 -0.0449739  -0.11685913
  0.17910694  0.4330132  -0.326028    0.23245204 -0.10763764 -0.62007525
  0.10268635  0.14564565 -0.46998664  0.20502558  0.26091115 -0.64571013
 -0.01881719  0.3826925   0.02716974  0.03818293 -0.55164326  0.53504237
  0.55269235  0.56379993  0.64284829  0.23323324 -0.16903887  0.57244589
 -0.17469955  0.41615113 -0.61541597  0.12018459  0.34371746 -0.62670452
 -0.00921298 -0.22912955  0.07077114 -0.29737101  0.27755187 -0.48792392
 -0.30072951 -0.82401977 -0.50235711 -0.22668806 -0.19760804]
3845,[ 0.20426851  0.10638652 -0.10148933  0.13385476  0.37167358  0.08713372
 -0.04152168  0.64832531  0.34875285 -0.53006479 -0.04497374 -0.11685793
  0.17910635  0.43301432 -0.32602803  0.23245298 -0.10763704 -0.6200749
  0.10268572  0.14564632 -0.46998674  0.20502498  0.26091095 -0.64571106
 -0.01881816  0.38269204  0.02717147  0.03818235 -0.55164403  0.53504394
  0.55269084  0.56380033  0.64284898  0.23323327 -0.16903828  0.57244605
 -0.17470019  0.41615071 -0.6154157   0.12018391  0.34371761 -0.62670336
 -0.00921432 -0.22912966  0.07077035 -0.29737124  0.27755271 -0.48792204
 -0.30073058 -0.82401964 -0.50235755 -0.22668789 -0.19760835]
3846,[ 0.20426962  0.10638697 -0.10149217  0.13385537  0.37167422  0.08713304
 -0.04152068  0.64832425  0.34875176 -0.53006433 -0.04497358 -0.11685674
  0.17910576  0.43301544 -0.32602807  0.23245391 -0.10763645 -0.62007454
  0.10268509  0.14564699 -0.46998683  0.20502438  0.26091075 -0.645712
 -0.01881912  0.38269157  0.0271732   0.03818177 -0.55164479  0.53504551
  0.55268933  0.56380074  0.64284968  0.2332333  -0.16903769  0.57244622
 -0.17470082  0.41615029 -0.61541543  0.12018322  0.34371776 -0.6267022
 -0.00921565 -0.22912978  0.07076956 -0.29737147  0.27755355 -0.48792015
 -0.30073166 -0.82401951 -0.50235799 -0.22668773 -0.19760865]
3847,[ 0.20427073  0.10638741 -0.10149502  0.13385599  0.37167485  0.08713236
 -0.04151969  0.64832318  0.34875066 -0.53006387 -0.04497342 -0.11685555
  0.17910517  0.43301656 -0.3260281   0.23245485 -0.10763586 -0.62007419
  0.10268446  0.14564765 -0.46998693  0.20502379  0.26091055 -0.64571294
 -0.01882009  0.38269111  0.02717493  0.03818119 -0.55164556  0.53504708
  0.55268782  0.56380115  0.64285037  0.23323332 -0.16903711  0.57244638
 -0.17470146  0.41614987 -0.61541516  0.12018253  0.34371792 -0.62670104
 -0.00921699 -0.22912989  0.07076878 -0.29737171  0.2775544  -0.48791827
 -0.30073274 -0.82401938 -0.50235842 -0.22668757 -0.19760896]
3848,[ 0.20427184  0.10638786 -0.10149786  0.1338566   0.37167548  0.08713168
 -0.04151869  0.64832212  0.34874956 -0.53006341 -0.04497326 -0.11685436
  0.17910458  0.43301768 -0.32602813  0.23245578 -0.10763527 -0.62007383
  0.10268383  0.14564832 -0.46998703  0.2050232   0.26091035 -0.64571387
 -0.01882105  0.38269065  0.02717666  0.03818061 -0.55164632  0.53504865
  0.55268631  0.56380156  0.64285106  0.23323335 -0.16903652  0.57244655
 -0.1747021   0.41614944 -0.61541489  0.12018185  0.34371807 -0.62669988
 -0.00921832 -0.22913     0.07076799 -0.29737194  0.27755524 -0.48791639
 -0.30073381 -0.82401925 -0.50235886 -0.2266874  -0.19760927]
3849,[ 0.20427295  0.10638831 -0.1015007   0.13385721  0.37167612  0.087131
 -0.0415177   0.64832106  0.34874847 -0.53006295 -0.0449731  -0.11685317
  0.179104    0.4330188  -0.32602817  0.23245671 -0.10763468 -0.62007348
  0.1026832   0.14564898 -0.46998712  0.2050226   0.26091015 -0.64571481
 -0.01882201  0.38269018  0.02717839  0.03818004 -0.55164708  0.53505021
  0.5526848   0.56380196  0.64285176  0.23323338 -0.16903594  0.57244671
 -0.17470274  0.41614902 -0.61541463  0.12018117  0.34371822 -0.62669873
 -0.00921965 -0.22913012  0.0707672  -0.29737217  0.27755608 -0.48791451
 -0.30073488 -0.82401912 -0.50235929 -0.22668724 -0.19760958]
3850,[ 0.20427405  0.10638875 -0.10150353  0.13385783  0.37167675  0.08713033
 -0.0415167   0.64832     0.34874737 -0.53006249 -0.04497294 -0.11685198
  0.17910341  0.43301991 -0.3260282   0.23245764 -0.10763409 -0.62007312
  0.10268258  0.14564965 -0.46998722  0.20502201  0.26090995 -0.64571574
 -0.01882297  0.38268972  0.02718011  0.03817946 -0.55164784  0.53505177
  0.5526833   0.56380237  0.64285245  0.23323341 -0.16903536  0.57244688
 -0.17470337  0.4161486  -0.61541436  0.12018048  0.34371838 -0.62669758
 -0.00922098 -0.22913023  0.07076642 -0.2973724   0.27755692 -0.48791264
 -0.30073596 -0.82401899 -0.50235973 -0.22668708 -0.19760988]
3851,[ 0.20427516  0.1063892  -0.10150636  0.13385844  0.37167738  0.08712965
 -0.04151571  0.64831895  0.34874628 -0.53006203 -0.04497278 -0.11685079
  0.17910283  0.43302103 -0.32602824  0.23245857 -0.1076335  -0.62007277
  0.10268195  0.14565031 -0.46998732  0.20502142  0.26090975 -0.64571667
 -0.01882393  0.38268926  0.02718183  0.03817888 -0.5516486   0.53505334
  0.5526818   0.56380278  0.64285314  0.23323344 -0.16903477  0.57244704
 -0.17470401  0.41614818 -0.61541409  0.1201798   0.34371853 -0.62669642
 -0.00922231 -0.22913034  0.07076563 -0.29737263  0.27755776 -0.48791077
 -0.30073703 -0.82401886 -0.50236016 -0.22668692 -0.19761019]
3852,[ 0.20427626  0.10638964 -0.10150919  0.13385905  0.37167801  0.08712897
 -0.04151472  0.64831789  0.34874519 -0.53006157 -0.04497262 -0.11684961
  0.17910224  0.43302214 -0.32602827  0.2324595  -0.10763291 -0.62007242
  0.10268132  0.14565097 -0.46998741  0.20502083  0.26090955 -0.6457176
 -0.01882488  0.3826888   0.02718355  0.03817831 -0.55164936  0.5350549
  0.5526803   0.56380318  0.64285383  0.23323347 -0.16903419  0.5724472
 -0.17470464  0.41614776 -0.61541383  0.12017912  0.34371868 -0.62669527
 -0.00922363 -0.22913046  0.07076485 -0.29737286  0.2775586  -0.4879089
 -0.3007381  -0.82401873 -0.5023606  -0.22668676 -0.1976105 ]
3853,[ 0.20427736  0.10639008 -0.10151201  0.13385966  0.37167864  0.0871283
 -0.04151373  0.64831683  0.3487441  -0.53006111 -0.04497246 -0.11684842
  0.17910166  0.43302326 -0.32602831  0.23246043 -0.10763232 -0.62007207
  0.1026807   0.14565163 -0.46998751  0.20502024  0.26090935 -0.64571853
 -0.01882584  0.38268834  0.02718527  0.03817773 -0.55165012  0.53505645
  0.5526788   0.56380359  0.64285452  0.2332335  -0.16903361  0.57244737
 -0.17470527  0.41614734 -0.61541356  0.12017844  0.34371884 -0.62669412
 -0.00922496 -0.22913057  0.07076407 -0.2973731   0.27755944 -0.48790703
 -0.30073916 -0.8240186  -0.50236103 -0.22668659 -0.1976108 ]
3854,[ 0.20427846  0.10639053 -0.10151483  0.13386027  0.37167927  0.08712762
 -0.04151274  0.64831578  0.34874301 -0.53006065 -0.0449723  -0.11684724
  0.17910107  0.43302437 -0.32602834  0.23246135 -0.10763173 -0.62007172
  0.10268007  0.1456523  -0.46998761  0.20501965  0.26090915 -0.64571946
 -0.0188268   0.38268788  0.02718699  0.03817716 -0.55165088  0.53505801
  0.5526773   0.56380399  0.64285521  0.23323353 -0.16903303  0.57244753
 -0.17470591  0.41614692 -0.61541329  0.12017776  0.34371899 -0.62669297
 -0.00922628 -0.22913068  0.07076328 -0.29737333  0.27756027 -0.48790516
 -0.30074023 -0.82401847 -0.50236147 -0.22668643 -0.19761111]
3855,[ 0.20427956  0.10639097 -0.10151765  0.13386088  0.3716799   0.08712695
 -0.04151175  0.64831473  0.34874192 -0.53006019 -0.04497214 -0.11684606
  0.17910049  0.43302548 -0.32602837  0.23246228 -0.10763115 -0.62007136
  0.10267945  0.14565296 -0.4699877   0.20501906  0.26090896 -0.64572039
 -0.01882775  0.38268742  0.0271887   0.03817659 -0.55165164  0.53505956
  0.55267581  0.5638044   0.64285589  0.23323355 -0.16903245  0.57244769
 -0.17470654  0.41614651 -0.61541303  0.12017708  0.34371914 -0.62669183
 -0.0092276  -0.2291308   0.0707625  -0.29737356  0.27756111 -0.4879033
 -0.3007413  -0.82401834 -0.5023619  -0.22668627 -0.19761141]
3856,[ 0.20428066  0.10639141 -0.10152047  0.13386148  0.37168053  0.08712628
 -0.04151077  0.64831367  0.34874084 -0.53005973 -0.04497198 -0.11684488
  0.17909991  0.43302659 -0.32602841  0.2324632  -0.10763056 -0.62007101
  0.10267883  0.14565361 -0.4699878   0.20501847  0.26090876 -0.64572132
 -0.0188287   0.38268696  0.02719041  0.03817602 -0.55165239  0.53506112
  0.55267431  0.5638048   0.64285658  0.23323358 -0.16903187  0.57244785
 -0.17470717  0.41614609 -0.61541276  0.1201764   0.34371929 -0.62669068
 -0.00922892 -0.22913091  0.07076172 -0.29737379  0.27756194 -0.48790143
 -0.30074236 -0.82401821 -0.50236233 -0.22668611 -0.19761172]
3857,[ 0.20428176  0.10639185 -0.10152328  0.13386209  0.37168115  0.0871256
 -0.04150978  0.64831262  0.34873975 -0.53005928 -0.04497182 -0.1168437
  0.17909933  0.43302769 -0.32602844  0.23246413 -0.10762998 -0.62007066
  0.1026782   0.14565427 -0.46998789  0.20501788  0.26090856 -0.64572224
 -0.01882966  0.3826865   0.02719212  0.03817544 -0.55165315  0.53506267
  0.55267282  0.5638052   0.64285727  0.23323361 -0.16903129  0.57244802
 -0.1747078   0.41614567 -0.6154125   0.12017572  0.34371945 -0.62668954
 -0.00923024 -0.22913102  0.07076094 -0.29737402  0.27756278 -0.48789957
 -0.30074342 -0.82401809 -0.50236276 -0.22668595 -0.19761202]
3858,[ 0.20428286  0.10639229 -0.10152609  0.1338627   0.37168178  0.08712493
 -0.0415088   0.64831157  0.34873867 -0.53005882 -0.04497166 -0.11684252
  0.17909875  0.4330288  -0.32602848  0.23246505 -0.10762939 -0.62007031
  0.10267758  0.14565493 -0.46998799  0.20501729  0.26090836 -0.64572317
 -0.01883061  0.38268605  0.02719383  0.03817487 -0.5516539   0.53506422
  0.55267133  0.56380561  0.64285795  0.23323364 -0.16903071  0.57244818
 -0.17470843  0.41614525 -0.61541223  0.12017504  0.3437196  -0.62668839
 -0.00923156 -0.22913113  0.07076017 -0.29737425  0.27756361 -0.48789772
 -0.30074449 -0.82401796 -0.5023632  -0.22668579 -0.19761232]
3859,[ 0.20428395  0.10639273 -0.10152889  0.1338633   0.3716824   0.08712426
 -0.04150781  0.64831053  0.34873759 -0.53005836 -0.0449715  -0.11684135
  0.17909817  0.4330299  -0.32602851  0.23246597 -0.10762881 -0.62006996
  0.10267696  0.14565559 -0.46998809  0.2050167   0.26090816 -0.64572409
 -0.01883156  0.38268559  0.02719554  0.0381743  -0.55165466  0.53506576
  0.55266984  0.56380601  0.64285864  0.23323367 -0.16903013  0.57244834
 -0.17470906  0.41614484 -0.61541197  0.12017437  0.34371975 -0.62668725
 -0.00923287 -0.22913125  0.07075939 -0.29737448  0.27756444 -0.48789586
 -0.30074555 -0.82401783 -0.50236363 -0.22668563 -0.19761263]
3860,[ 0.20428504  0.10639317 -0.1015317   0.13386391  0.37168303  0.08712359
 -0.04150683  0.64830948  0.34873651 -0.53005791 -0.04497134 -0.11684017
  0.17909759  0.43303101 -0.32602854  0.23246689 -0.10762823 -0.62006961
  0.10267634  0.14565624 -0.46998818  0.20501612  0.26090796 -0.64572501
 -0.01883251  0.38268513  0.02719724  0.03817373 -0.55165541  0.53506731
  0.55266835  0.56380641  0.64285932  0.2332337  -0.16902956  0.5724485
 -0.17470969  0.41614442 -0.6154117   0.12017369  0.3437199  -0.62668611
 -0.00923419 -0.22913136  0.07075861 -0.2973747   0.27756527 -0.48789401
 -0.30074661 -0.8240177  -0.50236406 -0.22668547 -0.19761293]
3861,[ 0.20428614  0.10639361 -0.1015345   0.13386451  0.37168365  0.08712292
 -0.04150585  0.64830843  0.34873543 -0.53005745 -0.04497118 -0.116839
  0.17909701  0.43303211 -0.32602858  0.23246781 -0.10762764 -0.62006926
  0.10267572  0.1456569  -0.46998828  0.20501553  0.26090777 -0.64572594
 -0.01883346  0.38268468  0.02719894  0.03817316 -0.55165616  0.53506885
  0.55266687  0.56380681  0.64286     0.23323372 -0.16902898  0.57244867
 -0.17471031  0.416144   -0.61541144  0.12017301  0.34372005 -0.62668497
 -0.0092355  -0.22913147  0.07075784 -0.29737493  0.2775661  -0.48789215
 -0.30074767 -0.82401757 -0.50236449 -0.22668531 -0.19761323]
3862,[ 0.20428723  0.10639405 -0.10153729  0.13386512  0.37168428  0.08712225
 -0.04150487  0.64830739  0.34873435 -0.530057   -0.04497103 -0.11683783
  0.17909643  0.43303321 -0.32602861  0.23246873 -0.10762706 -0.62006891
  0.1026751   0.14565756 -0.46998837  0.20501495  0.26090757 -0.64572686
 -0.0188344   0.38268422  0.02720065  0.03817259 -0.55165691  0.5350704
  0.55266538  0.56380721  0.64286068  0.23323375 -0.16902841  0.57244883
 -0.17471094  0.41614359 -0.61541117  0.12017234  0.3437202  -0.62668383
 -0.00923681 -0.22913158  0.07075706 -0.29737516  0.27756693 -0.4878903
 -0.30074872 -0.82401744 -0.50236492 -0.22668515 -0.19761354]
3863,[ 0.20428832  0.10639449 -0.10154008  0.13386572  0.3716849   0.08712159
 -0.04150389  0.64830634  0.34873327 -0.53005655 -0.04497087 -0.11683666
  0.17909585  0.43303431 -0.32602864  0.23246965 -0.10762648 -0.62006857
  0.10267448  0.14565821 -0.46998847  0.20501436  0.26090737 -0.64572778
 -0.01883535  0.38268376  0.02720234  0.03817203 -0.55165766  0.53507194
  0.5526639   0.56380761  0.64286137  0.23323378 -0.16902783  0.57244899
 -0.17471157  0.41614317 -0.61541091  0.12017167  0.34372035 -0.6266827
 -0.00923812 -0.22913169  0.07075629 -0.29737539  0.27756776 -0.48788846
 -0.30074978 -0.82401732 -0.50236535 -0.22668499 -0.19761384]
3864,[ 0.20428941  0.10639493 -0.10154287  0.13386632  0.37168552  0.08712092
 -0.04150291  0.6483053   0.34873219 -0.53005609 -0.04497071 -0.11683549
  0.17909528  0.43303541 -0.32602868  0.23247056 -0.1076259  -0.62006822
  0.10267387  0.14565886 -0.46998856  0.20501378  0.26090718 -0.6457287
 -0.01883629  0.38268331  0.02720404  0.03817146 -0.55165841  0.53507348
  0.55266242  0.56380801  0.64286205  0.23323381 -0.16902726  0.57244915
 -0.17471219  0.41614276 -0.61541065  0.12017099  0.3437205  -0.62668156
 -0.00923943 -0.2291318   0.07075551 -0.29737562  0.27756858 -0.48788661
 -0.30075083 -0.82401719 -0.50236577 -0.22668483 -0.19761414]
3865,[ 0.20429049  0.10639537 -0.10154566  0.13386693  0.37168614  0.08712025
 -0.04150194  0.64830426  0.34873112 -0.53005564 -0.04497055 -0.11683432
  0.1790947   0.43303651 -0.32602871  0.23247148 -0.10762532 -0.62006787
  0.10267325  0.14565952 -0.46998866  0.2050132   0.26090698 -0.64572961
 -0.01883724  0.38268286  0.02720574  0.03817089 -0.55165916  0.53507501
  0.55266094  0.56380841  0.64286273  0.23323384 -0.16902668  0.57244931
 -0.17471282  0.41614235 -0.61541039  0.12017032  0.34372066 -0.62668043
 -0.00924074 -0.22913192  0.07075474 -0.29737585  0.27756941 -0.48788477
 -0.30075189 -0.82401706 -0.5023662  -0.22668467 -0.19761444]
3866,[ 0.20429158  0.1063958  -0.10154844  0.13386753  0.37168676  0.08711959
 -0.04150096  0.64830322  0.34873004 -0.53005519 -0.04497039 -0.11683315
  0.17909413  0.4330376  -0.32602875  0.23247239 -0.10762474 -0.62006752
  0.10267263  0.14566017 -0.46998875  0.20501261  0.26090678 -0.64573053
 -0.01883818  0.3826824   0.02720743  0.03817033 -0.55165991  0.53507655
  0.55265947  0.56380881  0.6428634   0.23323387 -0.16902611  0.57244947
 -0.17471344  0.41614193 -0.61541012  0.12016965  0.34372081 -0.62667929
 -0.00924204 -0.22913203  0.07075397 -0.29737607  0.27757024 -0.48788293
 -0.30075294 -0.82401693 -0.50236663 -0.22668451 -0.19761474]
3867,[ 0.20429267  0.10639624 -0.10155123  0.13386813  0.37168738  0.08711892
 -0.04149999  0.64830218  0.34872897 -0.53005474 -0.04497024 -0.11683199
  0.17909355  0.4330387  -0.32602878  0.23247331 -0.10762416 -0.62006718
  0.10267202  0.14566082 -0.46998885  0.20501203  0.26090659 -0.64573144
 -0.01883912  0.38268195  0.02720912  0.03816976 -0.55166065  0.53507808
  0.55265799  0.56380921  0.64286408  0.23323389 -0.16902554  0.57244963
 -0.17471407  0.41614152 -0.61540986  0.12016898  0.34372096 -0.62667816
 -0.00924335 -0.22913214  0.0707532  -0.2973763   0.27757106 -0.48788109
 -0.30075399 -0.8240168  -0.50236706 -0.22668435 -0.19761504]
3868,[ 0.20429375  0.10639668 -0.101554    0.13386873  0.371688    0.08711826
 -0.04149901  0.64830114  0.3487279  -0.53005428 -0.04497008 -0.11683082
  0.17909298  0.43303979 -0.32602881  0.23247422 -0.10762358 -0.62006683
  0.1026714   0.14566147 -0.46998894  0.20501145  0.26090639 -0.64573236
 -0.01884006  0.3826815   0.02721081  0.0381692  -0.5516614   0.53507961
  0.55265652  0.56380961  0.64286476  0.23323392 -0.16902497  0.57244979
 -0.17471469  0.41614111 -0.6154096   0.12016831  0.34372111 -0.62667703
 -0.00924465 -0.22913225  0.07075243 -0.29737653  0.27757188 -0.48787925
 -0.30075504 -0.82401668 -0.50236748 -0.22668419 -0.19761534]
3869,[ 0.20429483  0.10639711 -0.10155678  0.13386933  0.37168862  0.0871176
 -0.04149804  0.64830011  0.34872683 -0.53005383 -0.04496992 -0.11682966
  0.1790924   0.43304088 -0.32602885  0.23247513 -0.10762301 -0.62006649
  0.10267079  0.14566212 -0.46998904  0.20501087  0.2609062  -0.64573327
 -0.018841    0.38268104  0.0272125   0.03816863 -0.55166214  0.53508114
  0.55265504  0.56381001  0.64286544  0.23323395 -0.16902439  0.57244996
 -0.17471531  0.4161407  -0.61540934  0.12016764  0.34372126 -0.6266759
 -0.00924595 -0.22913236  0.07075166 -0.29737676  0.2775727  -0.48787741
 -0.30075609 -0.82401655 -0.50236791 -0.22668403 -0.19761564]
3870,[ 0.20429591  0.10639755 -0.10155955  0.13386992  0.37168924  0.08711693
 -0.04149707  0.64829907  0.34872576 -0.53005338 -0.04496977 -0.1168285
  0.17909183  0.43304198 -0.32602888  0.23247604 -0.10762243 -0.62006614
  0.10267017  0.14566277 -0.46998913  0.20501029  0.260906   -0.64573418
 -0.01884194  0.38268059  0.02721418  0.03816807 -0.55166289  0.53508267
  0.55265357  0.5638104   0.64286611  0.23323398 -0.16902382  0.57245012
 -0.17471593  0.41614028 -0.61540908  0.12016697  0.34372141 -0.62667477
 -0.00924725 -0.22913247  0.07075089 -0.29737698  0.27757353 -0.48787558
 -0.30075714 -0.82401642 -0.50236833 -0.22668387 -0.19761594]
3871,[ 0.20429699  0.10639798 -0.10156232  0.13387052  0.37168986  0.08711627
 -0.0414961   0.64829804  0.34872469 -0.53005293 -0.04496961 -0.11682734
  0.17909126  0.43304307 -0.32602891  0.23247695 -0.10762185 -0.62006579
  0.10266956  0.14566342 -0.46998923  0.20500971  0.26090581 -0.6457351
 -0.01884288  0.38268014  0.02721586  0.03816751 -0.55166363  0.5350842
  0.55265211  0.5638108   0.64286679  0.23323401 -0.16902325  0.57245028
 -0.17471655  0.41613987 -0.61540881  0.12016631  0.34372156 -0.62667365
 -0.00924855 -0.22913258  0.07075013 -0.29737721  0.27757435 -0.48787375
 -0.30075819 -0.8240163  -0.50236876 -0.22668371 -0.19761624]
3872,[ 0.20429807  0.10639842 -0.10156508  0.13387112  0.37169047  0.08711561
 -0.04149513  0.64829701  0.34872362 -0.53005248 -0.04496945 -0.11682618
  0.17909069  0.43304415 -0.32602895  0.23247786 -0.10762128 -0.62006545
  0.10266895  0.14566406 -0.46998932  0.20500914  0.26090561 -0.64573601
 -0.01884381  0.38267969  0.02721755  0.03816694 -0.55166438  0.53508572
  0.55265064  0.5638112   0.64286746  0.23323403 -0.16902268  0.57245044
 -0.17471717  0.41613946 -0.61540855  0.12016564  0.34372171 -0.62667252
 -0.00924984 -0.22913269  0.07074936 -0.29737743  0.27757517 -0.48787192
 -0.30075923 -0.82401617 -0.50236918 -0.22668355 -0.19761654]
3873,[ 0.20429915  0.10639885 -0.10156784  0.13387172  0.37169109  0.08711495
 -0.04149416  0.64829597  0.34872256 -0.53005203 -0.0449693  -0.11682502
  0.17909012  0.43304524 -0.32602898  0.23247876 -0.1076207  -0.62006511
  0.10266834  0.14566471 -0.46998942  0.20500856  0.26090542 -0.64573692
 -0.01884475  0.38267924  0.02721923  0.03816638 -0.55166512  0.53508725
  0.55264917  0.56381159  0.64286814  0.23323406 -0.16902212  0.5724506
 -0.17471779  0.41613905 -0.61540829  0.12016497  0.34372185 -0.6266714
 -0.00925114 -0.2291328   0.0707486  -0.29737766  0.27757598 -0.48787009
 -0.30076028 -0.82401604 -0.50236961 -0.2266834  -0.19761684]
3874,[ 0.20430023  0.10639928 -0.1015706   0.13387231  0.37169171  0.08711429
 -0.0414932   0.64829494  0.34872149 -0.53005159 -0.04496914 -0.11682386
  0.17908955  0.43304633 -0.32602901  0.23247967 -0.10762013 -0.62006476
  0.10266773  0.14566536 -0.46998951  0.20500798  0.26090522 -0.64573782
 -0.01884568  0.38267879  0.0272209   0.03816582 -0.55166586  0.53508877
  0.55264771  0.56381199  0.64286881  0.23323409 -0.16902155  0.57245075
 -0.17471841  0.41613864 -0.61540803  0.12016431  0.343722   -0.62667027
 -0.00925243 -0.22913291  0.07074783 -0.29737789  0.2775768  -0.48786827
 -0.30076132 -0.82401592 -0.50237003 -0.22668324 -0.19761714]
3875,[ 0.2043013   0.10639972 -0.10157336  0.13387291  0.37169232  0.08711363
 -0.04149223  0.64829391  0.34872043 -0.53005114 -0.04496899 -0.11682271
  0.17908898  0.43304741 -0.32602905  0.23248058 -0.10761956 -0.62006442
  0.10266712  0.145666   -0.4699896   0.2050074   0.26090503 -0.64573873
 -0.01884662  0.38267834  0.02722258  0.03816526 -0.5516666   0.53509029
  0.55264625  0.56381238  0.64286948  0.23323412 -0.16902098  0.57245091
 -0.17471903  0.41613823 -0.61540777  0.12016364  0.34372215 -0.62666915
 -0.00925373 -0.22913302  0.07074707 -0.29737811  0.27757762 -0.48786645
 -0.30076236 -0.82401579 -0.50237046 -0.22668308 -0.19761744]
3876,[ 0.20430238  0.10640015 -0.10157611  0.1338735   0.37169293  0.08711297
 -0.04149127  0.64829288  0.34871937 -0.53005069 -0.04496883 -0.11682156
  0.17908841  0.4330485  -0.32602908  0.23248148 -0.10761898 -0.62006407
  0.10266651  0.14566665 -0.4699897   0.20500683  0.26090483 -0.64573964
 -0.01884755  0.38267789  0.02722425  0.0381647  -0.55166734  0.53509181
  0.55264479  0.56381278  0.64287015  0.23323415 -0.16902041  0.57245107
 -0.17471965  0.41613783 -0.61540751  0.12016298  0.3437223  -0.62666803
 -0.00925502 -0.22913313  0.07074631 -0.29737834  0.27757844 -0.48786463
 -0.3007634  -0.82401566 -0.50237088 -0.22668292 -0.19761773]
3877,[ 0.20430345  0.10640058 -0.10157886  0.1338741   0.37169355  0.08711232
 -0.0414903   0.64829186  0.34871831 -0.53005024 -0.04496867 -0.1168204
  0.17908784  0.43304958 -0.32602911  0.23248238 -0.10761841 -0.62006373
  0.1026659   0.14566729 -0.46998979  0.20500625  0.26090464 -0.64574054
 -0.01884848  0.38267744  0.02722593  0.03816414 -0.55166808  0.53509332
  0.55264333  0.56381317  0.64287082  0.23323417 -0.16901985  0.57245123
 -0.17472026  0.41613742 -0.61540725  0.12016232  0.34372245 -0.62666691
 -0.00925631 -0.22913324  0.07074554 -0.29737856  0.27757925 -0.48786281
 -0.30076444 -0.82401554 -0.5023713  -0.22668276 -0.19761803]
3878,[ 0.20430452  0.10640101 -0.1015816   0.13387469  0.37169416  0.08711166
 -0.04148934  0.64829083  0.34871725 -0.5300498  -0.04496852 -0.11681925
  0.17908727  0.43305066 -0.32602915  0.23248328 -0.10761784 -0.62006339
  0.10266529  0.14566793 -0.46998989  0.20500568  0.26090445 -0.64574145
 -0.01884941  0.382677    0.0272276   0.03816358 -0.55166881  0.53509484
  0.55264187  0.56381357  0.64287149  0.2332342  -0.16901928  0.57245139
 -0.17472088  0.41613701 -0.61540699  0.12016165  0.3437226  -0.62666579
 -0.00925759 -0.22913335  0.07074478 -0.29737879  0.27758006 -0.48786099
 -0.30076548 -0.82401541 -0.50237172 -0.22668261 -0.19761833]
3879,[ 0.20430559  0.10640144 -0.10158435  0.13387528  0.37169477  0.087111
 -0.04148838  0.64828981  0.34871619 -0.53004935 -0.04496836 -0.1168181
  0.1790867   0.43305174 -0.32602918  0.23248419 -0.10761727 -0.62006305
  0.10266468  0.14566858 -0.46998998  0.20500511  0.26090425 -0.64574235
 -0.01885034  0.38267655  0.02722926  0.03816303 -0.55166955  0.53509635
  0.55264041  0.56381396  0.64287216  0.23323423 -0.16901872  0.57245155
 -0.17472149  0.4161366  -0.61540674  0.12016099  0.34372275 -0.62666468
 -0.00925888 -0.22913346  0.07074402 -0.29737901  0.27758088 -0.48785918
 -0.30076652 -0.82401529 -0.50237214 -0.22668245 -0.19761863]
3880,[ 0.20430666  0.10640187 -0.10158709  0.13387587  0.37169538  0.08711035
 -0.04148742  0.64828878  0.34871513 -0.53004891 -0.04496821 -0.11681695
  0.17908614  0.43305282 -0.32602921  0.23248509 -0.1076167  -0.62006271
  0.10266408  0.14566922 -0.46999007  0.20500453  0.26090406 -0.64574325
 -0.01885127  0.3826761   0.02723093  0.03816247 -0.55167029  0.53509786
  0.55263896  0.56381435  0.64287283  0.23323426 -0.16901815  0.57245171
 -0.17472211  0.4161362  -0.61540648  0.12016033  0.3437229  -0.62666356
 -0.00926016 -0.22913357  0.07074326 -0.29737923  0.27758169 -0.48785736
 -0.30076755 -0.82401516 -0.50237257 -0.22668229 -0.19761892]
3881,[ 0.20430773  0.1064023  -0.10158982  0.13387646  0.37169599  0.08710969
 -0.04148646  0.64828776  0.34871408 -0.53004846 -0.04496805 -0.11681581
  0.17908557  0.4330539  -0.32602925  0.23248598 -0.10761613 -0.62006236
  0.10266347  0.14566986 -0.46999017  0.20500396  0.26090387 -0.64574415
 -0.01885219  0.38267566  0.02723259  0.03816191 -0.55167102  0.53509937
  0.55263751  0.56381475  0.6428735   0.23323428 -0.16901759  0.57245187
 -0.17472272  0.41613579 -0.61540622  0.12015967  0.34372304 -0.62666245
 -0.00926145 -0.22913368  0.07074251 -0.29737946  0.2775825  -0.48785555
 -0.30076859 -0.82401504 -0.50237299 -0.22668214 -0.19761922]
3882,[ 0.20430879  0.10640273 -0.10159256  0.13387705  0.3716966   0.08710904
 -0.0414855   0.64828674  0.34871302 -0.53004802 -0.0449679  -0.11681466
  0.17908501  0.43305498 -0.32602928  0.23248688 -0.10761556 -0.62006202
  0.10266287  0.1456705  -0.46999026  0.20500339  0.26090367 -0.64574505
 -0.01885312  0.38267521  0.02723426  0.03816136 -0.55167176  0.53510088
  0.55263606  0.56381514  0.64287417  0.23323431 -0.16901703  0.57245202
 -0.17472333  0.41613538 -0.61540596  0.12015901  0.34372319 -0.62666134
 -0.00926273 -0.22913379  0.07074175 -0.29737968  0.27758331 -0.48785374
 -0.30076962 -0.82401491 -0.50237341 -0.22668198 -0.19761951]
3883,[ 0.20430986  0.10640316 -0.10159529  0.13387764  0.37169721  0.08710839
 -0.04148455  0.64828572  0.34871197 -0.53004757 -0.04496774 -0.11681352
  0.17908444  0.43305605 -0.32602931  0.23248778 -0.10761499 -0.62006168
  0.10266226  0.14567114 -0.46999035  0.20500282  0.26090348 -0.64574595
 -0.01885404  0.38267477  0.02723592  0.0381608  -0.55167249  0.53510238
  0.55263461  0.56381553  0.64287483  0.23323434 -0.16901647  0.57245218
 -0.17472395  0.41613498 -0.6154057   0.12015835  0.34372334 -0.62666022
 -0.00926401 -0.2291339   0.07074099 -0.2973799   0.27758412 -0.48785194
 -0.30077065 -0.82401478 -0.50237383 -0.22668182 -0.19761981]
3884,[ 0.20431092  0.10640359 -0.10159802  0.13387823  0.37169782  0.08710773
 -0.04148359  0.6482847   0.34871092 -0.53004713 -0.04496759 -0.11681237
  0.17908388  0.43305713 -0.32602935  0.23248867 -0.10761442 -0.62006134
  0.10266166  0.14567178 -0.46999045  0.20500225  0.26090329 -0.64574685
 -0.01885497  0.38267432  0.02723758  0.03816025 -0.55167322  0.53510389
  0.55263316  0.56381592  0.6428755   0.23323437 -0.16901591  0.57245234
 -0.17472456  0.41613457 -0.61540545  0.1201577   0.34372349 -0.62665911
 -0.00926529 -0.22913401  0.07074024 -0.29738013  0.27758493 -0.48785013
 -0.30077169 -0.82401466 -0.50237424 -0.22668167 -0.19762011]
3885,[ 0.20431199  0.10640402 -0.10160074  0.13387882  0.37169843  0.08710708
 -0.04148263  0.64828368  0.34870987 -0.53004669 -0.04496744 -0.11681123
  0.17908331  0.4330582  -0.32602938  0.23248957 -0.10761386 -0.620061
  0.10266105  0.14567242 -0.46999054  0.20500168  0.2609031  -0.64574775
 -0.01885589  0.38267388  0.02723923  0.03815969 -0.55167395  0.53510539
  0.55263172  0.56381631  0.64287616  0.2332344  -0.16901534  0.5724525
 -0.17472517  0.41613417 -0.61540519  0.12015704  0.34372363 -0.626658
 -0.00926657 -0.22913412  0.07073948 -0.29738035  0.27758574 -0.48784833
 -0.30077272 -0.82401453 -0.50237466 -0.22668151 -0.1976204 ]
3886,[ 0.20431305  0.10640444 -0.10160346  0.13387941  0.37169903  0.08710643
 -0.04148168  0.64828266  0.34870882 -0.53004625 -0.04496728 -0.11681009
  0.17908275  0.43305927 -0.32602941  0.23249046 -0.10761329 -0.62006066
  0.10266045  0.14567305 -0.46999063  0.20500111  0.2609029  -0.64574864
 -0.01885681  0.38267343  0.02724089  0.03815914 -0.55167469  0.53510689
  0.55263027  0.5638167   0.64287683  0.23323442 -0.16901478  0.57245266
 -0.17472578  0.41613376 -0.61540493  0.12015638  0.34372378 -0.6266569
 -0.00926784 -0.22913423  0.07073873 -0.29738057  0.27758654 -0.48784653
 -0.30077374 -0.82401441 -0.50237508 -0.22668135 -0.19762069]
3887,[ 0.20431411  0.10640487 -0.10160618  0.13388     0.37169964  0.08710578
 -0.04148073  0.64828165  0.34870777 -0.5300458  -0.04496713 -0.11680895
  0.17908219  0.43306034 -0.32602944  0.23249136 -0.10761272 -0.62006032
  0.10265985  0.14567369 -0.46999073  0.20500054  0.26090271 -0.64574954
 -0.01885773  0.38267299  0.02724254  0.03815859 -0.55167542  0.53510839
  0.55262883  0.56381709  0.64287749  0.23323445 -0.16901422  0.57245281
 -0.17472639  0.41613336 -0.61540468  0.12015573  0.34372393 -0.62665579
 -0.00926912 -0.22913434  0.07073797 -0.2973808   0.27758735 -0.48784473
 -0.30077477 -0.82401429 -0.5023755  -0.2266812  -0.19762099]
3888,[ 0.20431517  0.1064053  -0.1016089   0.13388058  0.37170025  0.08710513
 -0.04147978  0.64828063  0.34870672 -0.53004536 -0.04496697 -0.11680781
  0.17908163  0.43306141 -0.32602948  0.23249225 -0.10761216 -0.62005999
  0.10265925  0.14567433 -0.46999082  0.20499997  0.26090252 -0.64575043
 -0.01885865  0.38267255  0.02724419  0.03815803 -0.55167614  0.53510989
  0.55262739  0.56381748  0.64287815  0.23323448 -0.16901367  0.57245297
 -0.174727    0.41613296 -0.61540442  0.12015507  0.34372407 -0.62665468
 -0.00927039 -0.22913444  0.07073722 -0.29738102  0.27758815 -0.48784294
 -0.3007758  -0.82401416 -0.50237592 -0.22668104 -0.19762128]
3889,[ 0.20431623  0.10640572 -0.10161161  0.13388117  0.37170085  0.08710448
 -0.04147883  0.64827962  0.34870567 -0.53004492 -0.04496682 -0.11680668
  0.17908107  0.43306248 -0.32602951  0.23249314 -0.1076116  -0.62005965
  0.10265865  0.14567496 -0.46999091  0.2049994   0.26090233 -0.64575133
 -0.01885957  0.38267211  0.02724584  0.03815748 -0.55167687  0.53511139
  0.55262595  0.56381787  0.64287881  0.23323451 -0.16901311  0.57245313
 -0.17472761  0.41613256 -0.61540416  0.12015442  0.34372422 -0.62665358
 -0.00927166 -0.22913455  0.07073647 -0.29738124  0.27758896 -0.48784114
 -0.30077683 -0.82401404 -0.50237633 -0.22668089 -0.19762158]
3890,[ 0.20431729  0.10640615 -0.10161432  0.13388175  0.37170145  0.08710384
 -0.04147788  0.64827861  0.34870463 -0.53004448 -0.04496667 -0.11680554
  0.17908051  0.43306355 -0.32602954  0.23249403 -0.10761103 -0.62005931
  0.10265805  0.1456756  -0.469991    0.20499884  0.26090214 -0.64575222
 -0.01886049  0.38267166  0.02724749  0.03815693 -0.5516776   0.53511288
  0.55262451  0.56381826  0.64287947  0.23323453 -0.16901255  0.57245328
 -0.17472821  0.41613215 -0.61540391  0.12015377  0.34372437 -0.62665248
 -0.00927294 -0.22913466  0.07073572 -0.29738146  0.27758976 -0.48783935
 -0.30077785 -0.82401391 -0.50237675 -0.22668073 -0.19762187]
3891,[ 0.20431834  0.10640657 -0.10161702  0.13388234  0.37170206  0.08710319
 -0.04147693  0.6482776   0.34870358 -0.53004404 -0.04496651 -0.11680441
  0.17907995  0.43306461 -0.32602957  0.23249492 -0.10761047 -0.62005897
  0.10265745  0.14567623 -0.4699911   0.20499827  0.26090195 -0.64575311
 -0.01886141  0.38267122  0.02724914  0.03815638 -0.55167833  0.53511437
  0.55262307  0.56381865  0.64288013  0.23323456 -0.16901199  0.57245344
 -0.17472882  0.41613175 -0.61540365  0.12015311  0.34372451 -0.62665138
 -0.0092742  -0.22913477  0.07073497 -0.29738168  0.27759056 -0.48783756
 -0.30077887 -0.82401379 -0.50237716 -0.22668058 -0.19762216]
3892,[ 0.2043194   0.106407   -0.10161973  0.13388292  0.37170266  0.08710254
 -0.04147598  0.64827659  0.34870254 -0.5300436  -0.04496636 -0.11680327
  0.17907939  0.43306568 -0.32602961  0.23249581 -0.10760991 -0.62005864
  0.10265685  0.14567686 -0.46999119  0.20499771  0.26090176 -0.645754
 -0.01886232  0.38267078  0.02725078  0.03815583 -0.55167905  0.53511586
  0.55262164  0.56381903  0.64288079  0.23323459 -0.16901144  0.5724536
 -0.17472943  0.41613135 -0.6154034   0.12015246  0.34372466 -0.62665028
 -0.00927547 -0.22913488  0.07073422 -0.2973819   0.27759137 -0.48783577
 -0.3007799  -0.82401366 -0.50237758 -0.22668042 -0.19762245]
3893,[ 0.20432045  0.10640742 -0.10162243  0.13388351  0.37170326  0.0871019
 -0.04147503  0.64827558  0.3487015  -0.53004316 -0.04496621 -0.11680214
  0.17907883  0.43306674 -0.32602964  0.23249669 -0.10760934 -0.6200583
  0.10265625  0.1456775  -0.46999128  0.20499714  0.26090157 -0.64575489
 -0.01886324  0.38267034  0.02725242  0.03815528 -0.55167978  0.53511735
  0.55262021  0.56381942  0.64288145  0.23323462 -0.16901088  0.57245375
 -0.17473003  0.41613095 -0.61540314  0.12015181  0.34372481 -0.62664918
 -0.00927674 -0.22913499  0.07073347 -0.29738212  0.27759217 -0.48783398
 -0.30078092 -0.82401354 -0.50237799 -0.22668027 -0.19762275]
3894,[ 0.2043215   0.10640785 -0.10162512  0.13388409  0.37170386  0.08710125
 -0.04147409  0.64827457  0.34870046 -0.53004273 -0.04496606 -0.11680101
  0.17907827  0.4330678  -0.32602967  0.23249758 -0.10760878 -0.62005796
  0.10265566  0.14567813 -0.46999137  0.20499658  0.26090138 -0.64575578
 -0.01886415  0.3826699   0.02725406  0.03815474 -0.5516805   0.53511884
  0.55261878  0.56381981  0.64288211  0.23323464 -0.16901032  0.57245391
 -0.17473064  0.41613055 -0.61540289  0.12015116  0.34372495 -0.62664808
 -0.009278   -0.22913509  0.07073272 -0.29738234  0.27759297 -0.4878322
 -0.30078194 -0.82401342 -0.50237841 -0.22668011 -0.19762304]
3895,[ 0.20432255  0.10640827 -0.10162782  0.13388467  0.37170447  0.08710061
 -0.04147314  0.64827356  0.34869942 -0.53004229 -0.0449659  -0.11679988
  0.17907772  0.43306886 -0.32602971  0.23249846 -0.10760822 -0.62005763
  0.10265506  0.14567876 -0.46999146  0.20499601  0.26090119 -0.64575666
 -0.01886506  0.38266946  0.0272557   0.03815419 -0.55168123  0.53512033
  0.55261735  0.56382019  0.64288277  0.23323467 -0.16900977  0.57245406
 -0.17473124  0.41613015 -0.61540263  0.12015051  0.3437251  -0.62664698
 -0.00927927 -0.2291352   0.07073198 -0.29738256  0.27759376 -0.48783042
 -0.30078295 -0.82401329 -0.50237882 -0.22667996 -0.19762333]
3896,[ 0.2043236   0.10640869 -0.10163051  0.13388525  0.37170507  0.08709997
 -0.0414722   0.64827256  0.34869838 -0.53004185 -0.04496575 -0.11679875
  0.17907716  0.43306992 -0.32602974  0.23249935 -0.10760766 -0.62005729
  0.10265446  0.14567939 -0.46999156  0.20499545  0.260901   -0.64575755
 -0.01886597  0.38266902  0.02725734  0.03815364 -0.55168195  0.53512181
  0.55261592  0.56382058  0.64288342  0.2332347  -0.16900922  0.57245422
 -0.17473184  0.41612975 -0.61540238  0.12014986  0.34372524 -0.62664589
 -0.00928053 -0.22913531  0.07073123 -0.29738279  0.27759456 -0.48782864
 -0.30078397 -0.82401317 -0.50237924 -0.22667981 -0.19762362]
3897,[ 0.20432465  0.10640911 -0.1016332   0.13388583  0.37170566  0.08709932
 -0.04147126  0.64827155  0.34869734 -0.53004141 -0.0449656  -0.11679763
  0.1790766   0.43307098 -0.32602977  0.23250023 -0.1076071  -0.62005696
  0.10265387  0.14568002 -0.46999165  0.20499489  0.26090081 -0.64575843
 -0.01886688  0.38266859  0.02725897  0.03815309 -0.55168267  0.53512329
  0.55261449  0.56382096  0.64288408  0.23323472 -0.16900866  0.57245438
 -0.17473245  0.41612935 -0.61540213  0.12014921  0.34372539 -0.62664479
 -0.00928179 -0.22913542  0.07073049 -0.297383    0.27759536 -0.48782686
 -0.30078499 -0.82401305 -0.50237965 -0.22667965 -0.19762391]
3898,[ 0.2043257   0.10640953 -0.10163588  0.13388641  0.37170626  0.08709868
 -0.04147032  0.64827055  0.34869631 -0.53004098 -0.04496545 -0.1167965
  0.17907605  0.43307204 -0.3260298   0.23250111 -0.10760654 -0.62005662
  0.10265327  0.14568065 -0.46999174  0.20499433  0.26090062 -0.64575932
 -0.01886779  0.38266815  0.02726061  0.03815255 -0.55168339  0.53512477
  0.55261307  0.56382135  0.64288473  0.23323475 -0.16900811  0.57245453
 -0.17473305  0.41612895 -0.61540187  0.12014857  0.34372553 -0.6266437
 -0.00928305 -0.22913552  0.07072974 -0.29738322  0.27759615 -0.48782508
 -0.300786   -0.82401292 -0.50238006 -0.2266795  -0.1976242 ]
3899,[ 0.20432675  0.10640996 -0.10163856  0.13388699  0.37170686  0.08709804
 -0.04146938  0.64826955  0.34869527 -0.53004054 -0.0449653  -0.11679538
  0.1790755   0.4330731  -0.32602984  0.23250199 -0.10760599 -0.62005629
  0.10265268  0.14568128 -0.46999183  0.20499377  0.26090043 -0.6457602
 -0.0188687   0.38266771  0.02726224  0.038152   -0.55168411  0.53512625
  0.55261164  0.56382173  0.64288539  0.23323478 -0.16900756  0.57245469
 -0.17473365  0.41612855 -0.61540162  0.12014792  0.34372568 -0.62664261
 -0.00928431 -0.22913563  0.070729   -0.29738344  0.27759695 -0.48782331
 -0.30078702 -0.8240128  -0.50238047 -0.22667934 -0.19762449]
3900,[ 0.20432779  0.10641038 -0.10164124  0.13388757  0.37170746  0.0870974
 -0.04146844  0.64826855  0.34869424 -0.53004011 -0.04496514 -0.11679425
  0.17907494  0.43307415 -0.32602987  0.23250287 -0.10760543 -0.62005595
  0.10265209  0.1456819  -0.46999192  0.2049932   0.26090024 -0.64576108
 -0.01886961  0.38266727  0.02726387  0.03815146 -0.55168483  0.53512773
  0.55261022  0.56382212  0.64288604  0.23323481 -0.16900701  0.57245484
 -0.17473425  0.41612816 -0.61540137  0.12014727  0.34372582 -0.62664152
 -0.00928556 -0.22913574  0.07072826 -0.29738366  0.27759774 -0.48782154
 -0.30078803 -0.82401268 -0.50238088 -0.22667919 -0.19762478]
3901,[ 0.20432884  0.1064108  -0.10164392  0.13388815  0.37170806  0.08709676
 -0.0414675   0.64826755  0.3486932  -0.53003967 -0.04496499 -0.11679313
  0.17907439  0.4330752  -0.3260299   0.23250375 -0.10760487 -0.62005562
  0.1026515   0.14568253 -0.46999201  0.20499265  0.26090005 -0.64576196
 -0.01887051  0.38266684  0.0272655   0.03815091 -0.55168555  0.53512921
  0.5526088   0.5638225   0.64288669  0.23323483 -0.16900646  0.572455
 -0.17473485  0.41612776 -0.61540112  0.12014663  0.34372597 -0.62664043
 -0.00928682 -0.22913584  0.07072752 -0.29738388  0.27759854 -0.48781977
 -0.30078904 -0.82401256 -0.5023813  -0.22667904 -0.19762507]
3902,[ 0.20432988  0.10641122 -0.10164659  0.13388872  0.37170865  0.08709612
 -0.04146657  0.64826655  0.34869217 -0.53003924 -0.04496484 -0.11679201
  0.17907384  0.43307626 -0.32602993  0.23250463 -0.10760431 -0.62005529
  0.1026509   0.14568316 -0.46999211  0.20499209  0.26089986 -0.64576284
 -0.01887142  0.3826664   0.02726712  0.03815037 -0.55168627  0.53513068
  0.55260738  0.56382289  0.64288735  0.23323486 -0.16900591  0.57245515
 -0.17473545  0.41612736 -0.61540086  0.12014598  0.34372611 -0.62663934
 -0.00928807 -0.22913595  0.07072678 -0.2973841   0.27759933 -0.487818
 -0.30079005 -0.82401243 -0.50238171 -0.22667888 -0.19762536]
3903,[ 0.20433092  0.10641164 -0.10164926  0.1338893   0.37170925  0.08709548
 -0.04146563  0.64826555  0.34869114 -0.5300388  -0.04496469 -0.11679089
  0.17907328  0.43307731 -0.32602996  0.23250551 -0.10760376 -0.62005495
  0.10265031  0.14568378 -0.4699922   0.20499153  0.26089967 -0.64576372
 -0.01887232  0.38266597  0.02726875  0.03814983 -0.55168699  0.53513215
  0.55260597  0.56382327  0.642888    0.23323489 -0.16900536  0.5724553
 -0.17473605  0.41612696 -0.61540061  0.12014534  0.34372626 -0.62663825
 -0.00928932 -0.22913606  0.07072604 -0.29738432  0.27760012 -0.48781623
 -0.30079106 -0.82401231 -0.50238212 -0.22667873 -0.19762565]
3904,[ 0.20433196  0.10641205 -0.10165193  0.13388988  0.37170984  0.08709484
 -0.0414647   0.64826456  0.34869011 -0.53003837 -0.04496454 -0.11678978
  0.17907273  0.43307836 -0.32603     0.23250638 -0.1076032  -0.62005462
  0.10264972  0.14568441 -0.46999229  0.20499097  0.26089949 -0.6457646
 -0.01887323  0.38266553  0.02727037  0.03814928 -0.5516877   0.53513362
  0.55260455  0.56382365  0.64288865  0.23323491 -0.16900481  0.57245546
 -0.17473665  0.41612657 -0.61540036  0.1201447   0.3437264  -0.62663717
 -0.00929057 -0.22913617  0.0707253  -0.29738454  0.27760091 -0.48781447
 -0.30079207 -0.82401219 -0.50238253 -0.22667858 -0.19762594]
3905,[ 0.204333    0.10641247 -0.10165459  0.13389045  0.37171044  0.08709421
 -0.04146376  0.64826356  0.34868909 -0.53003794 -0.04496439 -0.11678866
  0.17907218  0.43307941 -0.32603003  0.23250726 -0.10760265 -0.62005429
  0.10264913  0.14568503 -0.46999238  0.20499041  0.2608993  -0.64576548
 -0.01887413  0.3826651   0.02727199  0.03814874 -0.55168842  0.53513509
  0.55260314  0.56382403  0.6428893   0.23323494 -0.16900426  0.57245561
 -0.17473724  0.41612617 -0.61540011  0.12014405  0.34372655 -0.62663608
 -0.00929182 -0.22913627  0.07072456 -0.29738475  0.2776017  -0.48781271
 -0.30079308 -0.82401207 -0.50238294 -0.22667843 -0.19762623]
3906,[ 0.20433404  0.10641289 -0.10165725  0.13389103  0.37171103  0.08709357
 -0.04146283  0.64826257  0.34868806 -0.5300375  -0.04496424 -0.11678754
  0.17907163  0.43308046 -0.32603006  0.23250813 -0.1076021  -0.62005396
  0.10264854  0.14568565 -0.46999247  0.20498986  0.26089911 -0.64576635
 -0.01887503  0.38266467  0.02727361  0.0381482  -0.55168913  0.53513656
  0.55260173  0.56382441  0.64288995  0.23323497 -0.16900371  0.57245577
 -0.17473784  0.41612578 -0.61539986  0.12014341  0.34372669 -0.626635
 -0.00929307 -0.22913638  0.07072382 -0.29738497  0.27760249 -0.48781094
 -0.30079409 -0.82401194 -0.50238334 -0.22667827 -0.19762651]
3907,[ 0.20433508  0.10641331 -0.10165991  0.1338916   0.37171162  0.08709294
 -0.0414619   0.64826157  0.34868703 -0.53003707 -0.04496409 -0.11678643
  0.17907108  0.4330815  -0.32603009  0.232509   -0.10760154 -0.62005362
  0.10264795  0.14568628 -0.46999256  0.2049893   0.26089892 -0.64576723
 -0.01887593  0.38266423  0.02727522  0.03814766 -0.55168985  0.53513803
  0.55260032  0.5638248   0.6428906   0.23323499 -0.16900316  0.57245592
 -0.17473844  0.41612538 -0.61539961  0.12014277  0.34372683 -0.62663392
 -0.00929432 -0.22913648  0.07072309 -0.29738519  0.27760328 -0.48780919
 -0.30079509 -0.82401182 -0.50238375 -0.22667812 -0.1976268 ]
3908,[ 0.20433611  0.10641372 -0.10166257  0.13389217  0.37171221  0.0870923
 -0.04146097  0.64826058  0.34868601 -0.53003664 -0.04496394 -0.11678532
  0.17907053  0.43308255 -0.32603013  0.23250988 -0.10760099 -0.62005329
  0.10264737  0.1456869  -0.46999265  0.20498874  0.26089874 -0.6457681
 -0.01887683  0.3826638   0.02727684  0.03814712 -0.55169056  0.53513949
  0.55259891  0.56382518  0.64289124  0.23323502 -0.16900262  0.57245607
 -0.17473903  0.41612499 -0.61539936  0.12014213  0.34372698 -0.62663284
 -0.00929556 -0.22913659  0.07072235 -0.29738541  0.27760406 -0.48780743
 -0.30079609 -0.8240117  -0.50238416 -0.22667797 -0.19762709]
3909,[ 0.20433715  0.10641414 -0.10166522  0.13389275  0.37171281  0.08709167
 -0.04146004  0.64825959  0.34868499 -0.53003621 -0.04496379 -0.11678421
  0.17906999  0.43308359 -0.32603016  0.23251075 -0.10760044 -0.62005296
  0.10264678  0.14568752 -0.46999274  0.20498819  0.26089855 -0.64576898
 -0.01887773  0.38266337  0.02727845  0.03814658 -0.55169127  0.53514095
  0.5525975   0.56382556  0.64289189  0.23323505 -0.16900207  0.57245623
 -0.17473963  0.4161246  -0.61539911  0.12014149  0.34372712 -0.62663176
 -0.00929681 -0.2291367   0.07072162 -0.29738562  0.27760485 -0.48780568
 -0.3007971  -0.82401158 -0.50238457 -0.22667782 -0.19762738]
3910,[ 0.20433818  0.10641456 -0.10166787  0.13389332  0.3717134   0.08709103
 -0.04145911  0.6482586   0.34868396 -0.53003578 -0.04496364 -0.1167831
  0.17906944  0.43308464 -0.32603019  0.23251162 -0.10759989 -0.62005263
  0.10264619  0.14568814 -0.46999283  0.20498764  0.26089836 -0.64576985
 -0.01887863  0.38266294  0.02728006  0.03814604 -0.55169199  0.53514241
  0.55259609  0.56382594  0.64289254  0.23323508 -0.16900153  0.57245638
 -0.17474022  0.4161242  -0.61539886  0.12014085  0.34372726 -0.62663068
 -0.00929805 -0.2291368   0.07072088 -0.29738584  0.27760564 -0.48780392
 -0.3007981  -0.82401146 -0.50238497 -0.22667767 -0.19762766]
3911,[ 0.20433921  0.10641497 -0.10167051  0.13389389  0.37171399  0.0870904
 -0.04145818  0.64825761  0.34868294 -0.53003535 -0.04496349 -0.11678199
  0.17906889  0.43308568 -0.32603022  0.23251249 -0.10759934 -0.6200523
  0.10264561  0.14568876 -0.46999292  0.20498708  0.26089818 -0.64577072
 -0.01887952  0.3826625   0.02728167  0.03814551 -0.5516927   0.53514387
  0.55259469  0.56382632  0.64289318  0.2332351  -0.16900098  0.57245653
 -0.17474081  0.41612381 -0.61539861  0.12014021  0.34372741 -0.6266296
 -0.00929929 -0.22913691  0.07072015 -0.29738606  0.27760642 -0.48780217
 -0.3007991  -0.82401134 -0.50238538 -0.22667751 -0.19762795]
3912,[ 0.20434025  0.10641539 -0.10167316  0.13389446  0.37171458  0.08708977
 -0.04145726  0.64825662  0.34868192 -0.53003492 -0.04496334 -0.11678088
  0.17906834  0.43308672 -0.32603025  0.23251335 -0.10759879 -0.62005197
  0.10264502  0.14568938 -0.46999301  0.20498653  0.26089799 -0.64577159
 -0.01888042  0.38266207  0.02728328  0.03814497 -0.55169341  0.53514533
  0.55259329  0.56382669  0.64289383  0.23323513 -0.16900044  0.57245669
 -0.17474141  0.41612342 -0.61539836  0.12013958  0.34372755 -0.62662853
 -0.00930053 -0.22913701  0.07071942 -0.29738627  0.2776072  -0.48780042
 -0.3008001  -0.82401121 -0.50238579 -0.22667736 -0.19762823]
3913,[ 0.20434128  0.1064158  -0.1016758   0.13389503  0.37171516  0.08708914
 -0.04145633  0.64825564  0.34868091 -0.53003449 -0.04496319 -0.11677977
  0.1790678   0.43308776 -0.32603029  0.23251422 -0.10759824 -0.62005164
  0.10264444  0.14569    -0.4699931   0.20498598  0.2608978  -0.64577246
 -0.01888131  0.38266164  0.02728488  0.03814443 -0.55169411  0.53514679
  0.55259189  0.56382707  0.64289447  0.23323516 -0.16899989  0.57245684
 -0.174742    0.41612302 -0.61539811  0.12013894  0.34372769 -0.62662745
 -0.00930177 -0.22913712  0.07071868 -0.29738649  0.27760799 -0.48779868
 -0.3008011  -0.82401109 -0.50238619 -0.22667721 -0.19762852]
3914,[ 0.20434231  0.10641622 -0.10167843  0.1338956   0.37171575  0.08708851
 -0.04145541  0.64825465  0.34867989 -0.53003406 -0.04496304 -0.11677867
  0.17906725  0.4330888  -0.32603032  0.23251509 -0.10759769 -0.62005132
  0.10264385  0.14569061 -0.46999319  0.20498543  0.26089762 -0.64577333
 -0.0188822   0.38266121  0.02728649  0.0381439  -0.55169482  0.53514824
  0.55259049  0.56382745  0.64289511  0.23323518 -0.16899935  0.57245699
 -0.17474259  0.41612263 -0.61539786  0.1201383   0.34372783 -0.62662638
 -0.009303   -0.22913723  0.07071795 -0.2973867   0.27760877 -0.48779693
 -0.30080209 -0.82401097 -0.5023866  -0.22667706 -0.19762881]
3915,[ 0.20434333  0.10641663 -0.10168107  0.13389617  0.37171634  0.08708788
 -0.04145448  0.64825367  0.34867887 -0.53003364 -0.04496289 -0.11677756
  0.17906671  0.43308983 -0.32603035  0.23251595 -0.10759714 -0.62005099
  0.10264327  0.14569123 -0.46999328  0.20498488  0.26089743 -0.64577419
 -0.0188831   0.38266078  0.02728809  0.03814336 -0.55169553  0.5351497
  0.55258909  0.56382783  0.64289576  0.23323521 -0.16899881  0.57245714
 -0.17474318  0.41612224 -0.61539761  0.12013767  0.34372798 -0.62662531
 -0.00930424 -0.22913733  0.07071722 -0.29738692  0.27760955 -0.48779519
 -0.30080309 -0.82401085 -0.502387   -0.22667691 -0.19762909]
3916,[ 0.20434436  0.10641704 -0.1016837   0.13389674  0.37171693  0.08708725
 -0.04145356  0.64825269  0.34867786 -0.53003321 -0.04496274 -0.11677646
  0.17906617  0.43309087 -0.32603038  0.23251682 -0.10759659 -0.62005066
  0.10264269  0.14569185 -0.46999337  0.20498432  0.26089725 -0.64577506
 -0.01888399  0.38266035  0.02728969  0.03814283 -0.55169624  0.53515115
  0.55258769  0.56382821  0.6428964   0.23323524 -0.16899827  0.5724573
 -0.17474377  0.41612185 -0.61539736  0.12013703  0.34372812 -0.62662423
 -0.00930547 -0.22913744  0.07071649 -0.29738713  0.27761033 -0.48779345
 -0.30080409 -0.82401073 -0.50238741 -0.22667676 -0.19762937]
3917,[ 0.20434539  0.10641746 -0.10168633  0.13389731  0.37171751  0.08708662
 -0.04145264  0.6482517   0.34867684 -0.53003278 -0.04496259 -0.11677536
  0.17906562  0.43309191 -0.32603041  0.23251768 -0.10759605 -0.62005033
  0.10264211  0.14569246 -0.46999346  0.20498378  0.26089706 -0.64577593
 -0.01888488  0.38265993  0.02729129  0.03814229 -0.55169694  0.5351526
  0.5525863   0.56382858  0.64289704  0.23323526 -0.16899773  0.57245745
 -0.17474436  0.41612146 -0.61539711  0.1201364   0.34372826 -0.62662317
 -0.00930671 -0.22913754  0.07071577 -0.29738735  0.27761111 -0.48779171
 -0.30080508 -0.82401061 -0.50238781 -0.22667661 -0.19762966]
3918,[ 0.20434641  0.10641787 -0.10168895  0.13389787  0.3717181   0.08708599
 -0.04145172  0.64825072  0.34867583 -0.53003235 -0.04496245 -0.11677426
  0.17906508  0.43309294 -0.32603044  0.23251854 -0.1075955  -0.62005
  0.10264152  0.14569308 -0.46999355  0.20498323  0.26089688 -0.64577679
 -0.01888577  0.3826595   0.02729288  0.03814176 -0.55169765  0.53515404
  0.55258491  0.56382896  0.64289768  0.23323529 -0.16899719  0.5724576
 -0.17474495  0.41612107 -0.61539687  0.12013577  0.3437284  -0.6266221
 -0.00930794 -0.22913765  0.07071504 -0.29738756  0.27761189 -0.48778998
 -0.30080607 -0.82401049 -0.50238821 -0.22667646 -0.19762994]
3919,[ 0.20434743  0.10641828 -0.10169157  0.13389844  0.37171868  0.08708537
 -0.0414508   0.64824974  0.34867482 -0.53003193 -0.0449623  -0.11677316
  0.17906454  0.43309397 -0.32603048  0.2325194  -0.10759495 -0.62004968
  0.10264094  0.14569369 -0.46999364  0.20498268  0.26089669 -0.64577765
 -0.01888665  0.38265907  0.02729448  0.03814122 -0.55169835  0.53515549
  0.55258352  0.56382934  0.64289832  0.23323532 -0.16899665  0.57245775
 -0.17474554  0.41612068 -0.61539662  0.12013514  0.34372855 -0.62662103
 -0.00930917 -0.22913775  0.07071431 -0.29738778  0.27761266 -0.48778824
 -0.30080706 -0.82401037 -0.50238862 -0.22667631 -0.19763023]
3920,[ 0.20434846  0.10641869 -0.10169419  0.13389901  0.37171927  0.08708474
 -0.04144988  0.64824876  0.34867381 -0.5300315  -0.04496215 -0.11677206
  0.179064    0.433095   -0.32603051  0.23252026 -0.10759441 -0.62004935
  0.10264036  0.14569431 -0.46999373  0.20498213  0.26089651 -0.64577852
 -0.01888754  0.38265864  0.02729607  0.03814069 -0.55169906  0.53515693
  0.55258213  0.56382971  0.64289896  0.23323534 -0.16899611  0.5724579
 -0.17474612  0.41612029 -0.61539637  0.1201345   0.34372869 -0.62661996
 -0.00931039 -0.22913786  0.07071359 -0.29738799  0.27761344 -0.48778651
 -0.30080805 -0.82401025 -0.50238902 -0.22667616 -0.19763051]
3921,[ 0.20434948  0.1064191  -0.10169681  0.13389957  0.37171985  0.08708411
 -0.04144897  0.64824779  0.3486728  -0.53003108 -0.044962   -0.11677096
  0.17906345  0.43309603 -0.32603054  0.23252112 -0.10759386 -0.62004902
  0.10263979  0.14569492 -0.46999382  0.20498158  0.26089632 -0.64577938
 -0.01888843  0.38265822  0.02729766  0.03814016 -0.55169976  0.53515838
  0.55258074  0.56383009  0.6428996   0.23323537 -0.16899557  0.57245805
 -0.17474671  0.41611991 -0.61539613  0.12013387  0.34372883 -0.6266189
 -0.00931162 -0.22913796  0.07071286 -0.29738821  0.27761421 -0.48778478
 -0.30080904 -0.82401013 -0.50238942 -0.22667601 -0.19763079]
3922,[ 0.2043505   0.10641951 -0.10169942  0.13390014  0.37172043  0.08708349
 -0.04144805  0.64824681  0.34867179 -0.53003065 -0.04496185 -0.11676987
  0.17906291  0.43309706 -0.32603057  0.23252198 -0.10759332 -0.6200487
  0.10263921  0.14569553 -0.46999391  0.20498104  0.26089614 -0.64578024
 -0.01888931  0.38265779  0.02729925  0.03813963 -0.55170046  0.53515982
  0.55257935  0.56383046  0.64290023  0.2332354  -0.16899503  0.57245821
 -0.1747473   0.41611952 -0.61539588  0.12013324  0.34372897 -0.62661783
 -0.00931285 -0.22913806  0.07071214 -0.29738842  0.27761499 -0.48778305
 -0.30081003 -0.82401001 -0.50238982 -0.22667586 -0.19763108]
3923,[ 0.20435151  0.10641992 -0.10170203  0.1339007   0.37172102  0.08708286
 -0.04144714  0.64824583  0.34867078 -0.53003023 -0.04496171 -0.11676877
  0.17906238  0.43309809 -0.3260306   0.23252284 -0.10759278 -0.62004837
  0.10263863  0.14569614 -0.469994    0.20498049  0.26089595 -0.6457811
 -0.0188902   0.38265737  0.02730084  0.0381391  -0.55170116  0.53516126
  0.55257796  0.56383084  0.64290087  0.23323542 -0.16899449  0.57245836
 -0.17474788  0.41611913 -0.61539563  0.12013261  0.34372911 -0.62661677
 -0.00931407 -0.22913817  0.07071141 -0.29738863  0.27761576 -0.48778132
 -0.30081102 -0.82400989 -0.50239022 -0.22667571 -0.19763136]
3924,[ 0.20435253  0.10642033 -0.10170464  0.13390126  0.3717216   0.08708224
 -0.04144622  0.64824486  0.34866978 -0.5300298  -0.04496156 -0.11676768
  0.17906184  0.43309912 -0.32603063  0.2325237  -0.10759223 -0.62004805
  0.10263805  0.14569675 -0.46999409  0.20497994  0.26089577 -0.64578196
 -0.01889108  0.38265694  0.02730243  0.03813857 -0.55170186  0.5351627
  0.55257658  0.56383121  0.64290151  0.23323545 -0.16899396  0.57245851
 -0.17474847  0.41611874 -0.61539539  0.12013198  0.34372925 -0.62661571
 -0.00931529 -0.22913827  0.07071069 -0.29738885  0.27761654 -0.4877796
 -0.300812   -0.82400977 -0.50239062 -0.22667556 -0.19763164]
3925,[ 0.20435355  0.10642074 -0.10170724  0.13390182  0.37172218  0.08708162
 -0.04144531  0.64824389  0.34866877 -0.53002938 -0.04496141 -0.11676659
  0.1790613   0.43310014 -0.32603067  0.23252455 -0.10759169 -0.62004772
  0.10263747  0.14569736 -0.46999418  0.2049794   0.26089559 -0.64578281
 -0.01889196  0.38265652  0.02730401  0.03813804 -0.55170256  0.53516413
  0.5525752   0.56383158  0.64290214  0.23323547 -0.16899342  0.57245866
 -0.17474905  0.41611836 -0.61539514  0.12013136  0.34372939 -0.62661465
 -0.00931652 -0.22913838  0.07070997 -0.29738906  0.27761731 -0.48777787
 -0.30081299 -0.82400965 -0.50239102 -0.22667541 -0.19763192]
3926,[ 0.20435456  0.10642115 -0.10170985  0.13390239  0.37172276  0.087081
 -0.0414444   0.64824292  0.34866777 -0.53002896 -0.04496126 -0.1167655
  0.17906076  0.43310117 -0.3260307   0.23252541 -0.10759115 -0.6200474
  0.1026369   0.14569797 -0.46999427  0.20497886  0.2608954  -0.64578367
 -0.01889284  0.38265609  0.02730559  0.03813751 -0.55170326  0.53516557
  0.55257382  0.56383196  0.64290278  0.2332355  -0.16899288  0.57245881
 -0.17474963  0.41611797 -0.6153949   0.12013073  0.34372953 -0.62661359
 -0.00931774 -0.22913848  0.07070925 -0.29738927  0.27761808 -0.48777615
 -0.30081397 -0.82400953 -0.50239142 -0.22667526 -0.1976322 ]
3927,[ 0.20435558  0.10642156 -0.10171244  0.13390295  0.37172334  0.08708038
 -0.04144349  0.64824194  0.34866676 -0.53002854 -0.04496112 -0.11676441
  0.17906022  0.43310219 -0.32603073  0.23252626 -0.10759061 -0.62004707
  0.10263632  0.14569858 -0.46999435  0.20497831  0.26089522 -0.64578453
 -0.01889372  0.38265567  0.02730717  0.03813698 -0.55170396  0.535167
  0.55257244  0.56383233  0.64290341  0.23323553 -0.16899235  0.57245896
 -0.17475022  0.41611758 -0.61539465  0.1201301   0.34372967 -0.62661253
 -0.00931895 -0.22913859  0.07070853 -0.29738949  0.27761885 -0.48777443
 -0.30081496 -0.82400941 -0.50239182 -0.22667511 -0.19763248]
3928,[ 0.20435659  0.10642197 -0.10171504  0.13390351  0.37172392  0.08707975
 -0.04144258  0.64824097  0.34866576 -0.53002811 -0.04496097 -0.11676332
  0.17905969  0.43310321 -0.32603076  0.23252711 -0.10759007 -0.62004675
  0.10263575  0.14569919 -0.46999444  0.20497777  0.26089504 -0.64578538
 -0.0188946   0.38265525  0.02730875  0.03813645 -0.55170466  0.53516843
  0.55257106  0.5638327   0.64290404  0.23323555 -0.16899182  0.57245911
 -0.1747508   0.4161172  -0.61539441  0.12012948  0.34372981 -0.62661148
 -0.00932017 -0.22913869  0.07070781 -0.2973897   0.27761962 -0.48777272
 -0.30081594 -0.82400929 -0.50239222 -0.22667496 -0.19763277]
3929,[ 0.2043576   0.10642237 -0.10171763  0.13390407  0.37172449  0.08707913
 -0.04144167  0.64824001  0.34866476 -0.53002769 -0.04496082 -0.11676224
  0.17905915  0.43310424 -0.32603079  0.23252796 -0.10758953 -0.62004643
  0.10263517  0.1456998  -0.46999453  0.20497723  0.26089485 -0.64578623
 -0.01889548  0.38265482  0.02731033  0.03813593 -0.55170535  0.53516986
  0.55256969  0.56383307  0.64290468  0.23323558 -0.16899128  0.57245926
 -0.17475138  0.41611681 -0.61539416  0.12012885  0.34372995 -0.62661042
 -0.00932139 -0.22913879  0.07070709 -0.29738991  0.27762039 -0.487771
 -0.30081692 -0.82400918 -0.50239262 -0.22667481 -0.19763305]
3930,[ 0.20435861  0.10642278 -0.10172022  0.13390463  0.37172507  0.08707852
 -0.04144076  0.64823904  0.34866376 -0.53002727 -0.04496068 -0.11676115
  0.17905861  0.43310526 -0.32603082  0.23252881 -0.10758899 -0.6200461
  0.1026346   0.1457004  -0.46999462  0.20497668  0.26089467 -0.64578709
 -0.01889636  0.3826544   0.0273119   0.0381354  -0.55170605  0.53517129
  0.55256831  0.56383344  0.64290531  0.23323561 -0.16899075  0.57245941
 -0.17475196  0.41611643 -0.61539392  0.12012823  0.34373009 -0.62660937
 -0.0093226  -0.2291389   0.07070637 -0.29739012  0.27762116 -0.48776929
 -0.3008179  -0.82400906 -0.50239302 -0.22667467 -0.19763333]
3931,[ 0.20435962  0.10642319 -0.10172281  0.13390519  0.37172565  0.0870779
 -0.04143985  0.64823807  0.34866276 -0.53002685 -0.04496053 -0.11676007
  0.17905808  0.43310627 -0.32603085  0.23252966 -0.10758845 -0.62004578
  0.10263403  0.14570101 -0.46999471  0.20497614  0.26089449 -0.64578794
 -0.01889723  0.38265398  0.02731348  0.03813487 -0.55170674  0.53517272
  0.55256694  0.56383381  0.64290594  0.23323563 -0.16899022  0.57245956
 -0.17475254  0.41611604 -0.61539367  0.1201276   0.34373023 -0.62660831
 -0.00932382 -0.229139    0.07070566 -0.29739033  0.27762192 -0.48776758
 -0.30081888 -0.82400894 -0.50239341 -0.22667452 -0.19763361]
3932,[ 0.20436063  0.10642359 -0.10172539  0.13390574  0.37172622  0.08707728
 -0.04143895  0.64823711  0.34866177 -0.53002643 -0.04496038 -0.11675898
  0.17905755  0.43310729 -0.32603089  0.23253051 -0.10758792 -0.62004546
  0.10263346  0.14570161 -0.4699948   0.2049756   0.26089431 -0.64578879
 -0.01889811  0.38265356  0.02731505  0.03813435 -0.55170744  0.53517414
  0.55256557  0.56383418  0.64290657  0.23323566 -0.16898968  0.57245971
 -0.17475312  0.41611566 -0.61539343  0.12012698  0.34373037 -0.62660726
 -0.00932503 -0.2291391   0.07070494 -0.29739054  0.27762269 -0.48776587
 -0.30081985 -0.82400882 -0.50239381 -0.22667437 -0.19763389]
3933,[ 0.20436164  0.106424   -0.10172797  0.1339063   0.3717268   0.08707666
 -0.04143804  0.64823614  0.34866077 -0.53002601 -0.04496024 -0.1167579
  0.17905701  0.43310831 -0.32603092  0.23253136 -0.10758738 -0.62004514
  0.10263288  0.14570222 -0.46999488  0.20497506  0.26089412 -0.64578964
 -0.01889898  0.38265314  0.02731662  0.03813382 -0.55170813  0.53517557
  0.5525642   0.56383456  0.6429072   0.23323568 -0.16898915  0.57245986
 -0.1747537   0.41611528 -0.61539319  0.12012636  0.34373051 -0.62660621
 -0.00932624 -0.22913921  0.07070423 -0.29739076  0.27762345 -0.48776416
 -0.30082083 -0.8240087  -0.50239421 -0.22667422 -0.19763417]
3934,[ 0.20436264  0.1064244  -0.10173055  0.13390686  0.37172738  0.08707605
 -0.04143714  0.64823518  0.34865978 -0.53002559 -0.04496009 -0.11675682
  0.17905648  0.43310932 -0.32603095  0.23253221 -0.10758684 -0.62004482
  0.10263231  0.14570282 -0.46999497  0.20497452  0.26089394 -0.64579049
 -0.01889986  0.38265272  0.02731819  0.0381333  -0.55170882  0.53517699
  0.55256283  0.56383492  0.64290783  0.23323571 -0.16898862  0.57246001
 -0.17475428  0.41611489 -0.61539294  0.12012574  0.34373065 -0.62660516
 -0.00932745 -0.22913931  0.07070351 -0.29739097  0.27762422 -0.48776245
 -0.3008218  -0.82400858 -0.5023946  -0.22667407 -0.19763444]
3935,[ 0.20436365  0.10642481 -0.10173313  0.13390742  0.37172795  0.08707543
 -0.04143624  0.64823422  0.34865878 -0.53002517 -0.04495995 -0.11675574
  0.17905595  0.43311034 -0.32603098  0.23253305 -0.10758631 -0.6200445
  0.10263174  0.14570343 -0.46999506  0.20497399  0.26089376 -0.64579134
 -0.01890073  0.3826523   0.02731975  0.03813277 -0.55170952  0.53517841
  0.55256146  0.56383529  0.64290846  0.23323574 -0.16898809  0.57246016
 -0.17475486  0.41611451 -0.6153927   0.12012511  0.34373079 -0.62660411
 -0.00932865 -0.22913941  0.0707028  -0.29739118  0.27762498 -0.48776075
 -0.30082278 -0.82400847 -0.502395   -0.22667393 -0.19763472]
3936,[ 0.20436465  0.10642521 -0.1017357   0.13390797  0.37172852  0.08707481
 -0.04143534  0.64823325  0.34865779 -0.53002476 -0.0449598  -0.11675466
  0.17905542  0.43311135 -0.32603101  0.2325339  -0.10758577 -0.62004417
  0.10263117  0.14570403 -0.46999515  0.20497345  0.26089358 -0.64579218
 -0.0189016   0.38265188  0.02732132  0.03813225 -0.55171021  0.53517983
  0.5525601   0.56383566  0.64290908  0.23323576 -0.16898756  0.5724603
 -0.17475543  0.41611413 -0.61539246  0.12012449  0.34373093 -0.62660307
 -0.00932986 -0.22913951  0.07070209 -0.29739139  0.27762574 -0.48775905
 -0.30082375 -0.82400835 -0.50239539 -0.22667378 -0.197635  ]
3937,[ 0.20436566  0.10642561 -0.10173827  0.13390853  0.3717291   0.0870742
 -0.04143444  0.64823229  0.3486568  -0.53002434 -0.04495966 -0.11675359
  0.17905488  0.43311236 -0.32603104  0.23253474 -0.10758524 -0.62004385
  0.10263061  0.14570463 -0.46999524  0.20497291  0.2608934  -0.64579303
 -0.01890247  0.38265146  0.02732288  0.03813173 -0.5517109   0.53518125
  0.55255874  0.56383603  0.64290971  0.23323579 -0.16898703  0.57246045
 -0.17475601  0.41611375 -0.61539221  0.12012387  0.34373107 -0.62660202
 -0.00933107 -0.22913962  0.07070137 -0.2973916   0.2776265  -0.48775735
 -0.30082472 -0.82400823 -0.50239579 -0.22667363 -0.19763528]
3938,[ 0.20436666  0.10642602 -0.10174084  0.13390908  0.37172967  0.08707359
 -0.04143354  0.64823134  0.34865581 -0.53002392 -0.04495951 -0.11675251
  0.17905435  0.43311337 -0.32603107  0.23253558 -0.1075847  -0.62004353
  0.10263004  0.14570523 -0.46999532  0.20497237  0.26089322 -0.64579387
 -0.01890334  0.38265104  0.02732444  0.03813121 -0.55171159  0.53518266
  0.55255737  0.5638364   0.64291034  0.23323581 -0.1689865   0.5724606
 -0.17475658  0.41611337 -0.61539197  0.12012326  0.34373121 -0.62660098
 -0.00933227 -0.22913972  0.07070066 -0.29739181  0.27762727 -0.48775565
 -0.30082569 -0.82400811 -0.50239618 -0.22667349 -0.19763556]
3939,[ 0.20436766  0.10642642 -0.1017434   0.13390963  0.37173024  0.08707297
 -0.04143264  0.64823038  0.34865482 -0.53002351 -0.04495936 -0.11675144
  0.17905382  0.43311438 -0.3260311   0.23253643 -0.10758417 -0.62004321
  0.10262947  0.14570583 -0.46999541  0.20497184  0.26089304 -0.64579472
 -0.01890421  0.38265062  0.027326    0.03813069 -0.55171227  0.53518408
  0.55255601  0.56383677  0.64291096  0.23323584 -0.16898598  0.57246075
 -0.17475716  0.41611299 -0.61539173  0.12012264  0.34373135 -0.62659993
 -0.00933347 -0.22913982  0.07069995 -0.29739202  0.27762803 -0.48775395
 -0.30082666 -0.82400799 -0.50239658 -0.22667334 -0.19763583]
3940,[ 0.20436866  0.10642682 -0.10174596  0.13391019  0.37173081  0.08707236
 -0.04143174  0.64822942  0.34865383 -0.53002309 -0.04495922 -0.11675036
  0.17905329  0.43311539 -0.32603113  0.23253727 -0.10758363 -0.62004289
  0.1026289   0.14570643 -0.4699955   0.2049713   0.26089286 -0.64579556
 -0.01890507  0.38265021  0.02732756  0.03813016 -0.55171296  0.53518549
  0.55255465  0.56383713  0.64291159  0.23323587 -0.16898545  0.5724609
 -0.17475773  0.41611261 -0.61539149  0.12012202  0.34373149 -0.62659889
 -0.00933467 -0.22913993  0.07069924 -0.29739223  0.27762878 -0.48775226
 -0.30082763 -0.82400788 -0.50239697 -0.22667319 -0.19763611]
3941,[ 0.20436966  0.10642722 -0.10174852  0.13391074  0.37173138  0.08707175
 -0.04143084  0.64822847  0.34865284 -0.53002267 -0.04495908 -0.11674929
  0.17905277  0.4331164  -0.32603116  0.23253811 -0.1075831  -0.62004258
  0.10262834  0.14570703 -0.46999559  0.20497077  0.26089268 -0.6457964
 -0.01890594  0.38264979  0.02732911  0.03812964 -0.55171365  0.5351869
  0.5525533   0.5638375   0.64291221  0.23323589 -0.16898492  0.57246105
 -0.17475831  0.41611223 -0.61539125  0.1201214   0.34373162 -0.62659785
 -0.00933587 -0.22914003  0.07069853 -0.29739244  0.27762954 -0.48775057
 -0.3008286  -0.82400776 -0.50239736 -0.22667305 -0.19763639]
3942,[ 0.20437065  0.10642762 -0.10175107  0.13391129  0.37173195  0.08707114
 -0.04142995  0.64822751  0.34865186 -0.53002226 -0.04495893 -0.11674822
  0.17905224  0.43311741 -0.3260312   0.23253895 -0.10758257 -0.62004226
  0.10262777  0.14570763 -0.46999567  0.20497023  0.2608925  -0.64579725
 -0.01890681  0.38264937  0.02733067  0.03812913 -0.55171434  0.53518831
  0.55255194  0.56383787  0.64291283  0.23323592 -0.1689844   0.57246119
 -0.17475888  0.41611185 -0.61539101  0.12012079  0.34373176 -0.62659681
 -0.00933707 -0.22914013  0.07069783 -0.29739264  0.2776303  -0.48774888
 -0.30082956 -0.82400764 -0.50239776 -0.2266729  -0.19763666]
3943,[ 0.20437165  0.10642802 -0.10175363  0.13391184  0.37173252  0.08707053
 -0.04142905  0.64822656  0.34865087 -0.53002184 -0.04495879 -0.11674715
  0.17905171  0.43311841 -0.32603123  0.23253979 -0.10758204 -0.62004194
  0.10262721  0.14570823 -0.46999576  0.2049697   0.26089232 -0.64579809
 -0.01890767  0.38264896  0.02733222  0.03812861 -0.55171502  0.53518972
  0.55255059  0.56383823  0.64291346  0.23323594 -0.16898387  0.57246134
 -0.17475945  0.41611147 -0.61539077  0.12012017  0.3437319  -0.62659577
 -0.00933827 -0.22914023  0.07069712 -0.29739285  0.27763106 -0.48774719
 -0.30083053 -0.82400753 -0.50239815 -0.22667275 -0.19763694]
3944,[ 0.20437264  0.10642843 -0.10175618  0.13391239  0.37173309  0.08706992
 -0.04142816  0.6482256   0.34864989 -0.53002143 -0.04495864 -0.11674608
  0.17905118  0.43311941 -0.32603126  0.23254062 -0.10758151 -0.62004162
  0.10262664  0.14570882 -0.46999585  0.20496916  0.26089214 -0.64579892
 -0.01890853  0.38264854  0.02733377  0.03812809 -0.55171571  0.53519112
  0.55254923  0.5638386   0.64291408  0.23323597 -0.16898335  0.57246149
 -0.17476002  0.41611109 -0.61539052  0.12011956  0.34373204 -0.62659473
 -0.00933946 -0.22914033  0.07069641 -0.29739306  0.27763181 -0.4877455
 -0.30083149 -0.82400741 -0.50239854 -0.22667261 -0.19763722]
3945,[ 0.20437364  0.10642883 -0.10175872  0.13391294  0.37173366  0.08706931
 -0.04142727  0.64822465  0.34864891 -0.53002102 -0.0449585  -0.11674501
  0.17905066  0.43312042 -0.32603129  0.23254146 -0.10758098 -0.6200413
  0.10262608  0.14570942 -0.46999593  0.20496863  0.26089196 -0.64579976
 -0.0189094   0.38264813  0.02733532  0.03812757 -0.55171639  0.53519253
  0.55254788  0.56383896  0.6429147   0.233236   -0.16898282  0.57246164
 -0.17476059  0.41611071 -0.61539028  0.12011894  0.34373218 -0.62659369
 -0.00934066 -0.22914044  0.07069571 -0.29739327  0.27763257 -0.48774382
 -0.30083246 -0.82400729 -0.50239893 -0.22667246 -0.19763749]
3946,[ 0.20437463  0.10642922 -0.10176127  0.13391349  0.37173422  0.0870687
 -0.04142638  0.6482237   0.34864793 -0.5300206  -0.04495835 -0.11674395
  0.17905013  0.43312142 -0.32603132  0.23254229 -0.10758045 -0.62004099
  0.10262551  0.14571002 -0.46999602  0.2049681   0.26089178 -0.6458006
 -0.01891026  0.38264771  0.02733687  0.03812705 -0.55171707  0.53519393
  0.55254653  0.56383933  0.64291532  0.23323602 -0.1689823   0.57246178
 -0.17476116  0.41611033 -0.61539004  0.12011833  0.34373231 -0.62659266
 -0.00934185 -0.22914054  0.070695   -0.29739348  0.27763332 -0.48774214
 -0.30083342 -0.82400718 -0.50239932 -0.22667231 -0.19763777]
3947,[ 0.20437562  0.10642962 -0.10176381  0.13391404  0.37173479  0.08706809
 -0.04142549  0.64822275  0.34864695 -0.53002019 -0.04495821 -0.11674288
  0.1790496   0.43312242 -0.32603135  0.23254313 -0.10757992 -0.62004067
  0.10262495  0.14571061 -0.46999611  0.20496757  0.2608916  -0.64580144
 -0.01891112  0.3826473   0.02733841  0.03812654 -0.55171776  0.53519533
  0.55254518  0.56383969  0.64291594  0.23323605 -0.16898178  0.57246193
 -0.17476173  0.41610996 -0.61538981  0.12011772  0.34373245 -0.62659162
 -0.00934304 -0.22914064  0.0706943  -0.29739369  0.27763407 -0.48774045
 -0.30083438 -0.82400706 -0.50239971 -0.22667217 -0.19763804]
3948,[ 0.20437661  0.10643002 -0.10176634  0.13391459  0.37173536  0.08706749
 -0.0414246   0.6482218   0.34864597 -0.53001978 -0.04495807 -0.11674182
  0.17904908  0.43312342 -0.32603138  0.23254396 -0.10757939 -0.62004035
  0.10262439  0.14571121 -0.46999619  0.20496704  0.26089142 -0.64580227
 -0.01891198  0.38264688  0.02733996  0.03812602 -0.55171844  0.53519673
  0.55254384  0.56384006  0.64291656  0.23323607 -0.16898125  0.57246208
 -0.1747623   0.41610958 -0.61538957  0.1201171   0.34373259 -0.62659059
 -0.00934423 -0.22914074  0.07069359 -0.29739389  0.27763483 -0.48773878
 -0.30083534 -0.82400694 -0.5024001  -0.22667202 -0.19763832]
3949,[ 0.2043776   0.10643042 -0.10176888  0.13391514  0.37173592  0.08706688
 -0.04142371  0.64822086  0.34864499 -0.53001936 -0.04495792 -0.11674076
  0.17904856  0.43312442 -0.32603141  0.2325448  -0.10757887 -0.62004004
  0.10262383  0.1457118  -0.46999628  0.20496651  0.26089124 -0.64580311
 -0.01891284  0.38264647  0.0273415   0.0381255  -0.55171912  0.53519813
  0.55254249  0.56384042  0.64291718  0.2332361  -0.16898073  0.57246222
 -0.17476287  0.4161092  -0.61538933  0.12011649  0.34373273 -0.62658956
 -0.00934542 -0.22914084  0.07069289 -0.2973941   0.27763558 -0.4877371
 -0.3008363  -0.82400683 -0.50240049 -0.22667188 -0.19763859]
3950,[ 0.20437859  0.10643082 -0.10177141  0.13391568  0.37173649  0.08706628
 -0.04142282  0.64821991  0.34864401 -0.53001895 -0.04495778 -0.11673969
  0.17904803  0.43312542 -0.32603144  0.23254563 -0.10757834 -0.62003972
  0.10262327  0.14571239 -0.46999637  0.20496598  0.26089106 -0.64580394
 -0.01891369  0.38264606  0.02734304  0.03812499 -0.5517198   0.53519953
  0.55254115  0.56384078  0.64291779  0.23323612 -0.16898021  0.57246237
 -0.17476344  0.41610883 -0.61538909  0.12011588  0.34373286 -0.62658853
 -0.00934661 -0.22914094  0.07069219 -0.29739431  0.27763633 -0.48773542
 -0.30083725 -0.82400671 -0.50240088 -0.22667173 -0.19763886]
3951,[ 0.20437958  0.10643121 -0.10177394  0.13391623  0.37173705  0.08706567
 -0.04142193  0.64821897  0.34864304 -0.53001854 -0.04495764 -0.11673863
  0.17904751  0.43312641 -0.32603147  0.23254646 -0.10757781 -0.62003941
  0.10262271  0.14571299 -0.46999645  0.20496545  0.26089088 -0.64580477
 -0.01891455  0.38264564  0.02734458  0.03812448 -0.55172048  0.53520092
  0.55253981  0.56384115  0.64291841  0.23323615 -0.16897969  0.57246252
 -0.17476401  0.41610845 -0.61538885  0.12011527  0.343733   -0.6265875
 -0.0093478  -0.22914104  0.07069149 -0.29739451  0.27763708 -0.48773375
 -0.30083821 -0.82400659 -0.50240127 -0.22667159 -0.19763914]
3952,[ 0.20438056  0.10643161 -0.10177647  0.13391678  0.37173761  0.08706507
 -0.04142105  0.64821802  0.34864206 -0.53001813 -0.04495749 -0.11673757
  0.17904699  0.43312741 -0.3260315   0.23254729 -0.10757729 -0.62003909
  0.10262215  0.14571358 -0.46999654  0.20496492  0.2608907  -0.64580561
 -0.01891541  0.38264523  0.02734611  0.03812396 -0.55172116  0.53520231
  0.55253847  0.56384151  0.64291903  0.23323618 -0.16897917  0.57246266
 -0.17476457  0.41610808 -0.61538861  0.12011466  0.34373314 -0.62658647
 -0.00934898 -0.22914115  0.07069079 -0.29739472  0.27763783 -0.48773208
 -0.30083917 -0.82400648 -0.50240166 -0.22667144 -0.19763941]
3953,[ 0.20438155  0.10643201 -0.10177899  0.13391732  0.37173818  0.08706446
 -0.04142016  0.64821708  0.34864109 -0.53001772 -0.04495735 -0.11673652
  0.17904647  0.4331284  -0.32603153  0.23254812 -0.10757676 -0.62003878
  0.10262159  0.14571417 -0.46999663  0.20496439  0.26089053 -0.64580644
 -0.01891626  0.38264482  0.02734765  0.03812345 -0.55172183  0.53520371
  0.55253713  0.56384187  0.64291964  0.2332362  -0.16897865  0.57246281
 -0.17476514  0.4161077  -0.61538837  0.12011406  0.34373327 -0.62658544
 -0.00935016 -0.22914125  0.07069009 -0.29739493  0.27763858 -0.48773041
 -0.30084012 -0.82400636 -0.50240204 -0.2266713  -0.19763968]
3954,[ 0.20438253  0.1064324  -0.10178151  0.13391787  0.37173874  0.08706386
 -0.04141928  0.64821614  0.34864011 -0.53001731 -0.04495721 -0.11673546
  0.17904594  0.43312939 -0.32603156  0.23254894 -0.10757624 -0.62003846
  0.10262103  0.14571476 -0.46999671  0.20496387  0.26089035 -0.64580727
 -0.01891712  0.38264441  0.02734918  0.03812294 -0.55172251  0.5352051
  0.55253579  0.56384223  0.64292026  0.23323623 -0.16897813  0.57246295
 -0.1747657   0.41610733 -0.61538813  0.12011345  0.34373341 -0.62658442
 -0.00935135 -0.22914135  0.07068939 -0.29739513  0.27763932 -0.48772874
 -0.30084107 -0.82400625 -0.50240243 -0.22667116 -0.19763996]
3955,[ 0.20438351  0.1064328  -0.10178403  0.13391841  0.3717393   0.08706326
 -0.0414184   0.6482152   0.34863914 -0.5300169  -0.04495707 -0.1167344
  0.17904542  0.43313038 -0.32603159  0.23254977 -0.10757571 -0.62003815
  0.10262047  0.14571535 -0.4699968   0.20496334  0.26089017 -0.6458081
 -0.01891797  0.382644    0.02735071  0.03812242 -0.55172319  0.53520649
  0.55253445  0.56384259  0.64292087  0.23323625 -0.16897761  0.5724631
 -0.17476627  0.41610695 -0.6153879   0.12011284  0.34373354 -0.62658339
 -0.00935253 -0.22914145  0.07068869 -0.29739534  0.27764007 -0.48772708
 -0.30084203 -0.82400613 -0.50240282 -0.22667101 -0.19764023]
3956,[ 0.20438449  0.10643319 -0.10178654  0.13391895  0.37173986  0.08706266
 -0.04141752  0.64821426  0.34863817 -0.53001649 -0.04495692 -0.11673335
  0.1790449   0.43313138 -0.32603162  0.2325506  -0.10757519 -0.62003783
  0.10261992  0.14571594 -0.46999688  0.20496281  0.26088999 -0.64580892
 -0.01891882  0.38264359  0.02735224  0.03812191 -0.55172386  0.53520787
  0.55253312  0.56384295  0.64292149  0.23323628 -0.1689771   0.57246325
 -0.17476683  0.41610658 -0.61538766  0.12011223  0.34373368 -0.62658237
 -0.00935371 -0.22914155  0.070688   -0.29739554  0.27764082 -0.48772541
 -0.30084298 -0.82400602 -0.50240321 -0.22667087 -0.1976405 ]
3957,[ 0.20438547  0.10643359 -0.10178906  0.1339195   0.37174042  0.08706206
 -0.04141664  0.64821332  0.3486372  -0.53001609 -0.04495678 -0.1167323
  0.17904438  0.43313236 -0.32603165  0.23255142 -0.10757467 -0.62003752
  0.10261936  0.14571653 -0.46999697  0.20496229  0.26088982 -0.64580975
 -0.01891967  0.38264318  0.02735377  0.0381214  -0.55172454  0.53520926
  0.55253179  0.56384331  0.6429221   0.2332363  -0.16897658  0.57246339
 -0.1747674   0.41610621 -0.61538742  0.12011163  0.34373382 -0.62658135
 -0.00935488 -0.22914165  0.0706873  -0.29739575  0.27764156 -0.48772375
 -0.30084393 -0.8240059  -0.50240359 -0.22667072 -0.19764077]
3958,[ 0.20438645  0.10643398 -0.10179157  0.13392004  0.37174098  0.08706146
 -0.04141576  0.64821238  0.34863623 -0.53001568 -0.04495664 -0.11673125
  0.17904387  0.43313335 -0.32603169  0.23255225 -0.10757414 -0.62003721
  0.10261881  0.14571711 -0.46999706  0.20496176  0.26088964 -0.64581058
 -0.01892052  0.38264277  0.0273553   0.03812089 -0.55172521  0.53521064
  0.55253045  0.56384367  0.64292271  0.23323633 -0.16897606  0.57246354
 -0.17476796  0.41610584 -0.61538719  0.12011102  0.34373395 -0.62658032
 -0.00935606 -0.22914175  0.07068661 -0.29739596  0.2776423  -0.48772209
 -0.30084488 -0.82400579 -0.50240398 -0.22667058 -0.19764105]
3959,[ 0.20438743  0.10643438 -0.10179407  0.13392058  0.37174154  0.08706086
 -0.04141488  0.64821144  0.34863527 -0.53001527 -0.0449565  -0.1167302
  0.17904335  0.43313434 -0.32603172  0.23255307 -0.10757362 -0.6200369
  0.10261825  0.1457177  -0.46999714  0.20496124  0.26088946 -0.6458114
 -0.01892137  0.38264236  0.02735682  0.03812038 -0.55172589  0.53521202
  0.55252912  0.56384403  0.64292332  0.23323635 -0.16897555  0.57246368
 -0.17476852  0.41610546 -0.61538695  0.12011042  0.34373409 -0.6265793
 -0.00935724 -0.22914185  0.07068591 -0.29739616  0.27764305 -0.48772043
 -0.30084582 -0.82400567 -0.50240436 -0.22667044 -0.19764132]
3960,[ 0.20438841  0.10643477 -0.10179658  0.13392112  0.3717421   0.08706026
 -0.041414    0.64821051  0.3486343  -0.53001486 -0.04495636 -0.11672915
  0.17904283  0.43313533 -0.32603175  0.23255389 -0.1075731  -0.62003658
  0.1026177   0.14571829 -0.46999723  0.20496071  0.26088929 -0.64581223
 -0.01892222  0.38264195  0.02735834  0.03811987 -0.55172656  0.53521341
  0.55252779  0.56384439  0.64292393  0.23323638 -0.16897503  0.57246383
 -0.17476908  0.41610509 -0.61538671  0.12010981  0.34373422 -0.62657829
 -0.00935841 -0.22914195  0.07068522 -0.29739636  0.27764379 -0.48771878
 -0.30084677 -0.82400556 -0.50240475 -0.22667029 -0.19764159]
3961,[ 0.20438938  0.10643516 -0.10179908  0.13392166  0.37174266  0.08705966
 -0.04141312  0.64820957  0.34863334 -0.53001446 -0.04495621 -0.1167281
  0.17904231  0.43313631 -0.32603178  0.23255471 -0.10757258 -0.62003627
  0.10261714  0.14571887 -0.46999731  0.20496019  0.26088911 -0.64581305
 -0.01892306  0.38264155  0.02735986  0.03811936 -0.55172723  0.53521478
  0.55252647  0.56384475  0.64292454  0.2332364  -0.16897452  0.57246397
 -0.17476964  0.41610472 -0.61538648  0.12010921  0.34373436 -0.62657727
 -0.00935958 -0.22914205  0.07068452 -0.29739657  0.27764453 -0.48771712
 -0.30084772 -0.82400544 -0.50240513 -0.22667015 -0.19764186]
3962,[ 0.20439036  0.10643555 -0.10180158  0.1339222   0.37174321  0.08705906
 -0.04141225  0.64820864  0.34863237 -0.53001405 -0.04495607 -0.11672705
  0.1790418   0.4331373  -0.32603181  0.23255553 -0.10757206 -0.62003596
  0.10261659  0.14571946 -0.4699974   0.20495967  0.26088893 -0.64581387
 -0.01892391  0.38264114  0.02736138  0.03811886 -0.5517279   0.53521616
  0.55252514  0.56384511  0.64292515  0.23323643 -0.168974    0.57246411
 -0.1747702   0.41610435 -0.61538624  0.12010861  0.34373449 -0.62657625
 -0.00936076 -0.22914215  0.07068383 -0.29739677  0.27764527 -0.48771547
 -0.30084866 -0.82400533 -0.50240551 -0.22667001 -0.19764213]
3963,[ 0.20439133  0.10643595 -0.10180407  0.13392274  0.37174377  0.08705847
 -0.04141137  0.64820771  0.34863141 -0.53001365 -0.04495593 -0.116726
  0.17904128  0.43313828 -0.32603184  0.23255635 -0.10757154 -0.62003565
  0.10261604  0.14572004 -0.46999748  0.20495915  0.26088876 -0.64581469
 -0.01892476  0.38264073  0.0273629   0.03811835 -0.55172857  0.53521754
  0.55252382  0.56384547  0.64292576  0.23323646 -0.16897349  0.57246426
 -0.17477076  0.41610398 -0.61538601  0.12010801  0.34373463 -0.62657523
 -0.00936193 -0.22914225  0.07068314 -0.29739698  0.27764601 -0.48771382
 -0.3008496  -0.82400521 -0.5024059  -0.22666986 -0.1976424 ]
3964,[ 0.20439231  0.10643634 -0.10180656  0.13392328  0.37174433  0.08705787
 -0.0414105   0.64820678  0.34863045 -0.53001324 -0.04495579 -0.11672496
  0.17904077  0.43313926 -0.32603187  0.23255717 -0.10757102 -0.62003534
  0.10261549  0.14572063 -0.46999757  0.20495863  0.26088858 -0.64581552
 -0.0189256   0.38264033  0.02736442  0.03811784 -0.55172924  0.53521891
  0.5525225   0.56384582  0.64292637  0.23323648 -0.16897297  0.5724644
 -0.17477132  0.41610361 -0.61538577  0.12010741  0.34373476 -0.62657422
 -0.00936309 -0.22914235  0.07068245 -0.29739718  0.27764675 -0.48771217
 -0.30085055 -0.8240051  -0.50240628 -0.22666972 -0.19764267]
3965,[ 0.20439328  0.10643673 -0.10180905  0.13392381  0.37174488  0.08705728
 -0.04140963  0.64820585  0.34862949 -0.53001284 -0.04495565 -0.11672392
  0.17904025  0.43314024 -0.3260319   0.23255799 -0.1075705  -0.62003503
  0.10261493  0.14572121 -0.46999765  0.2049581   0.26088841 -0.64581633
 -0.01892644  0.38263992  0.02736593  0.03811734 -0.55172991  0.53522029
  0.55252117  0.56384618  0.64292698  0.23323651 -0.16897246  0.57246455
 -0.17477188  0.41610324 -0.61538554  0.12010681  0.3437349  -0.62657321
 -0.00936426 -0.22914245  0.07068176 -0.29739739  0.27764749 -0.48771052
 -0.30085149 -0.82400498 -0.50240666 -0.22666958 -0.19764294]
3966,[ 0.20439425  0.10643712 -0.10181154  0.13392435  0.37174544  0.08705668
 -0.04140876  0.64820492  0.34862853 -0.53001243 -0.04495551 -0.11672287
  0.17903974  0.43314122 -0.32603193  0.23255881 -0.10756999 -0.62003472
  0.10261438  0.14572179 -0.46999774  0.20495758  0.26088823 -0.64581715
 -0.01892729  0.38263952  0.02736744  0.03811683 -0.55173058  0.53522166
  0.55251985  0.56384654  0.64292758  0.23323653 -0.16897195  0.57246469
 -0.17477244  0.41610287 -0.6153853   0.12010621  0.34373503 -0.62657219
 -0.00936543 -0.22914255  0.07068107 -0.29739759  0.27764822 -0.48770888
 -0.30085243 -0.82400487 -0.50240704 -0.22666943 -0.19764321]
3967,[ 0.20439522  0.10643751 -0.10181402  0.13392489  0.37174599  0.08705609
 -0.04140789  0.64820399  0.34862757 -0.53001203 -0.04495537 -0.11672183
  0.17903922  0.4331422  -0.32603196  0.23255962 -0.10756947 -0.62003441
  0.10261383  0.14572237 -0.46999782  0.20495706  0.26088806 -0.64581797
 -0.01892813  0.38263911  0.02736895  0.03811633 -0.55173125  0.53522303
  0.55251854  0.56384689  0.64292819  0.23323656 -0.16897144  0.57246483
 -0.174773    0.4161025  -0.61538507  0.12010561  0.34373517 -0.62657118
 -0.00936659 -0.22914265  0.07068038 -0.29739779  0.27764896 -0.48770723
 -0.30085337 -0.82400476 -0.50240743 -0.22666929 -0.19764347]
3968,[ 0.20439619  0.1064379  -0.10181651  0.13392542  0.37174654  0.08705549
 -0.04140702  0.64820306  0.34862661 -0.53001163 -0.04495523 -0.11672079
  0.17903871  0.43314317 -0.32603199  0.23256044 -0.10756895 -0.6200341
  0.10261328  0.14572296 -0.46999791  0.20495655  0.26088788 -0.64581879
 -0.01892897  0.38263871  0.02737046  0.03811582 -0.55173191  0.5352244
  0.55251722  0.56384725  0.64292879  0.23323658 -0.16897093  0.57246498
 -0.17477355  0.41610213 -0.61538483  0.12010501  0.3437353  -0.62657017
 -0.00936776 -0.22914275  0.0706797  -0.29739799  0.2776497  -0.48770559
 -0.30085431 -0.82400464 -0.50240781 -0.22666915 -0.19764374]
3969,[ 0.20439715  0.10643829 -0.10181898  0.13392596  0.3717471   0.0870549
 -0.04140615  0.64820214  0.34862565 -0.53001122 -0.04495509 -0.11671975
  0.1790382   0.43314415 -0.32603202  0.23256125 -0.10756844 -0.62003379
  0.10261274  0.14572354 -0.46999799  0.20495603  0.26088771 -0.6458196
 -0.01892981  0.3826383   0.02737197  0.03811532 -0.55173258  0.53522576
  0.5525159   0.56384761  0.6429294   0.23323661 -0.16897042  0.57246512
 -0.17477411  0.41610176 -0.6153846   0.12010441  0.34373543 -0.62656916
 -0.00936892 -0.22914285  0.07067901 -0.2973982   0.27765043 -0.48770395
 -0.30085524 -0.82400453 -0.50240819 -0.22666901 -0.19764401]
3970,[ 0.20439812  0.10643868 -0.10182146  0.13392649  0.37174765  0.08705431
 -0.04140528  0.64820121  0.3486247  -0.53001082 -0.04495495 -0.11671872
  0.17903769  0.43314513 -0.32603205  0.23256207 -0.10756792 -0.62003348
  0.10261219  0.14572412 -0.46999808  0.20495551  0.26088753 -0.64582042
 -0.01893065  0.3826379   0.02737348  0.03811481 -0.55173324  0.53522713
  0.55251459  0.56384796  0.64293     0.23323663 -0.16896991  0.57246526
 -0.17477466  0.4161014  -0.61538437  0.12010381  0.34373557 -0.62656816
 -0.00937008 -0.22914294  0.07067832 -0.2973984   0.27765117 -0.48770231
 -0.30085618 -0.82400442 -0.50240857 -0.22666887 -0.19764428]
3971,[ 0.20439908  0.10643907 -0.10182393  0.13392703  0.3717482   0.08705372
 -0.04140441  0.64820029  0.34862375 -0.53001042 -0.04495481 -0.11671768
  0.17903718  0.4331461  -0.32603208  0.23256288 -0.10756741 -0.62003317
  0.10261164  0.14572469 -0.46999816  0.20495499  0.26088736 -0.64582123
 -0.01893148  0.3826375   0.02737498  0.03811431 -0.55173391  0.53522849
  0.55251328  0.56384832  0.64293061  0.23323666 -0.1689694   0.57246541
 -0.17477522  0.41610103 -0.61538413  0.12010322  0.3437357  -0.62656715
 -0.00937124 -0.22914304  0.07067764 -0.2973986   0.2776519  -0.48770068
 -0.30085712 -0.8240043  -0.50240895 -0.22666872 -0.19764455]
3972,[ 0.20440005  0.10643945 -0.1018264   0.13392756  0.37174875  0.08705313
 -0.04140355  0.64819936  0.34862279 -0.53001002 -0.04495467 -0.11671664
  0.17903666  0.43314707 -0.32603211  0.23256369 -0.10756689 -0.62003286
  0.10261109  0.14572527 -0.46999825  0.20495448  0.26088718 -0.64582205
 -0.01893232  0.38263709  0.02737648  0.03811381 -0.55173457  0.53522986
  0.55251197  0.56384867  0.64293121  0.23323668 -0.16896889  0.57246555
 -0.17477577  0.41610066 -0.6153839   0.12010262  0.34373584 -0.62656614
 -0.0093724  -0.22914314  0.07067695 -0.2973988   0.27765263 -0.48769904
 -0.30085805 -0.82400419 -0.50240933 -0.22666858 -0.19764481]
3973,[ 0.20440101  0.10643984 -0.10182887  0.13392809  0.3717493   0.08705254
 -0.04140268  0.64819844  0.34862184 -0.53000962 -0.04495453 -0.11671561
  0.17903615  0.43314804 -0.32603214  0.2325645  -0.10756638 -0.62003256
  0.10261055  0.14572585 -0.46999833  0.20495396  0.26088701 -0.64582286
 -0.01893315  0.38263669  0.02737798  0.03811331 -0.55173523  0.53523122
  0.55251066  0.56384902  0.64293181  0.23323671 -0.16896838  0.57246569
 -0.17477632  0.4161003  -0.61538367  0.12010203  0.34373597 -0.62656514
 -0.00937356 -0.22914324  0.07067627 -0.29739901  0.27765336 -0.48769741
 -0.30085898 -0.82400408 -0.50240971 -0.22666844 -0.19764508]
3974,[ 0.20440197  0.10644023 -0.10183134  0.13392863  0.37174985  0.08705195
 -0.04140182  0.64819752  0.34862089 -0.53000922 -0.04495439 -0.11671458
  0.17903564  0.43314902 -0.32603217  0.23256531 -0.10756587 -0.62003225
  0.10261     0.14572643 -0.46999841  0.20495344  0.26088684 -0.64582367
 -0.01893399  0.38263629  0.02737948  0.03811281 -0.5517359   0.53523258
  0.55250935  0.56384938  0.64293241  0.23323673 -0.16896788  0.57246584
 -0.17477688  0.41609993 -0.61538343  0.12010143  0.3437361  -0.62656414
 -0.00937471 -0.22914334  0.07067559 -0.29739921  0.27765409 -0.48769578
 -0.30085991 -0.82400396 -0.50241009 -0.2266683  -0.19764535]
3975,[ 0.20440293  0.10644061 -0.1018338   0.13392916  0.3717504   0.08705136
 -0.04140096  0.6481966   0.34861994 -0.53000882 -0.04495425 -0.11671354
  0.17903514  0.43314998 -0.3260322   0.23256612 -0.10756536 -0.62003194
  0.10260946  0.14572701 -0.4699985   0.20495293  0.26088666 -0.64582448
 -0.01893482  0.38263589  0.02738098  0.0381123  -0.55173656  0.53523393
  0.55250804  0.56384973  0.64293301  0.23323676 -0.16896737  0.57246598
 -0.17477743  0.41609957 -0.6153832   0.12010084  0.34373624 -0.62656313
 -0.00937587 -0.22914344  0.0706749  -0.29739941  0.27765482 -0.48769415
 -0.30086085 -0.82400385 -0.50241046 -0.22666816 -0.19764561]
3976,[ 0.20440389  0.106441   -0.10183626  0.13392969  0.37175095  0.08705077
 -0.04140009  0.64819568  0.34861899 -0.53000842 -0.04495411 -0.11671251
  0.17903463  0.43315095 -0.32603223  0.23256693 -0.10756484 -0.62003164
  0.10260891  0.14572758 -0.46999858  0.20495241  0.26088649 -0.64582529
 -0.01893566  0.38263549  0.02738248  0.0381118  -0.55173722  0.53523529
  0.55250674  0.56385008  0.64293361  0.23323678 -0.16896686  0.57246612
 -0.17477798  0.4160992  -0.61538297  0.12010025  0.34373637 -0.62656213
 -0.00937702 -0.22914354  0.07067422 -0.29739961  0.27765555 -0.48769253
 -0.30086178 -0.82400374 -0.50241084 -0.22666802 -0.19764588]
3977,[ 0.20440485  0.10644139 -0.10183871  0.13393022  0.3717515   0.08705018
 -0.04139923  0.64819477  0.34861804 -0.53000802 -0.04495397 -0.11671148
  0.17903412  0.43315192 -0.32603226  0.23256773 -0.10756433 -0.62003133
  0.10260837  0.14572816 -0.46999867  0.2049519   0.26088632 -0.6458261
 -0.01893649  0.38263509  0.02738397  0.03811131 -0.55173788  0.53523665
  0.55250544  0.56385043  0.64293421  0.23323681 -0.16896636  0.57246626
 -0.17477853  0.41609884 -0.61538274  0.12009965  0.3437365  -0.62656113
 -0.00937817 -0.22914363  0.07067354 -0.29739981  0.27765628 -0.4876909
 -0.3008627  -0.82400362 -0.50241122 -0.22666788 -0.19764615]
3978,[ 0.20440581  0.10644177 -0.10184117  0.13393075  0.37175204  0.0870496
 -0.04139837  0.64819385  0.3486171  -0.53000762 -0.04495383 -0.11671046
  0.17903361  0.43315289 -0.32603228  0.23256854 -0.10756382 -0.62003102
  0.10260782  0.14572873 -0.46999875  0.20495139  0.26088614 -0.64582691
 -0.01893732  0.38263469  0.02738546  0.03811081 -0.55173854  0.535238
  0.55250413  0.56385079  0.64293481  0.23323683 -0.16896585  0.5724664
 -0.17477908  0.41609847 -0.61538251  0.12009906  0.34373663 -0.62656013
 -0.00937932 -0.22914373  0.07067286 -0.29740001  0.27765701 -0.48768928
 -0.30086363 -0.82400351 -0.5024116  -0.22666774 -0.19764641]
3979,[ 0.20440677  0.10644216 -0.10184362  0.13393128  0.37175259  0.08704901
 -0.04139751  0.64819293  0.34861615 -0.53000722 -0.04495369 -0.11670943
  0.17903311  0.43315385 -0.32603231  0.23256934 -0.10756331 -0.62003072
  0.10260728  0.14572931 -0.46999883  0.20495088  0.26088597 -0.64582771
 -0.01893815  0.38263429  0.02738695  0.03811031 -0.55173919  0.53523935
  0.55250283  0.56385114  0.64293541  0.23323686 -0.16896535  0.57246655
 -0.17477963  0.41609811 -0.61538228  0.12009847  0.34373677 -0.62655914
 -0.00938047 -0.22914383  0.07067218 -0.29740021  0.27765773 -0.48768766
 -0.30086456 -0.8240034  -0.50241197 -0.2266676  -0.19764668]
3980,[ 0.20440772  0.10644254 -0.10184606  0.13393181  0.37175314  0.08704843
 -0.04139666  0.64819202  0.34861521 -0.53000682 -0.04495356 -0.1167084
  0.1790326   0.43315482 -0.32603234  0.23257015 -0.1075628  -0.62003041
  0.10260674  0.14572988 -0.46999892  0.20495036  0.2608858  -0.64582852
 -0.01893898  0.38263389  0.02738844  0.03810981 -0.55173985  0.5352407
  0.55250153  0.56385149  0.64293601  0.23323688 -0.16896484  0.57246669
 -0.17478018  0.41609774 -0.61538204  0.12009788  0.3437369  -0.62655814
 -0.00938162 -0.22914393  0.07067151 -0.29740041  0.27765846 -0.48768604
 -0.30086548 -0.82400329 -0.50241235 -0.22666746 -0.19764694]
3981,[ 0.20440867  0.10644292 -0.10184851  0.13393234  0.37175368  0.08704784
 -0.0413958   0.6481911   0.34861426 -0.53000642 -0.04495342 -0.11670738
  0.17903209  0.43315578 -0.32603237  0.23257095 -0.10756229 -0.62003011
  0.1026062   0.14573045 -0.469999    0.20494985  0.26088562 -0.64582933
 -0.01893981  0.38263349  0.02738993  0.03810931 -0.55174051  0.53524205
  0.55250024  0.56385184  0.6429366   0.23323691 -0.16896434  0.57246683
 -0.17478073  0.41609738 -0.61538181  0.12009729  0.34373703 -0.62655714
 -0.00938277 -0.22914403  0.07067083 -0.29740061  0.27765918 -0.48768442
 -0.30086641 -0.82400318 -0.50241272 -0.22666732 -0.19764721]
3982,[ 0.20440963  0.10644331 -0.10185095  0.13393286  0.37175423  0.08704726
 -0.04139494  0.64819019  0.34861332 -0.53000603 -0.04495328 -0.11670635
  0.17903159  0.43315674 -0.3260324   0.23257175 -0.10756178 -0.6200298
  0.10260566  0.14573102 -0.46999908  0.20494934  0.26088545 -0.64583013
 -0.01894063  0.38263309  0.02739141  0.03810882 -0.55174116  0.5352434
  0.55249894  0.56385219  0.6429372   0.23323693 -0.16896384  0.57246697
 -0.17478128  0.41609702 -0.61538158  0.1200967   0.34373716 -0.62655615
 -0.00938391 -0.22914412  0.07067015 -0.29740081  0.27765991 -0.4876828
 -0.30086733 -0.82400306 -0.5024131  -0.22666718 -0.19764747]
3983,[ 0.20441058  0.10644369 -0.10185339  0.13393339  0.37175477  0.08704667
 -0.04139409  0.64818928  0.34861238 -0.53000563 -0.04495314 -0.11670533
  0.17903109  0.4331577  -0.32603243  0.23257255 -0.10756128 -0.6200295
  0.10260512  0.1457316  -0.46999917  0.20494883  0.26088528 -0.64583093
 -0.01894146  0.38263269  0.0273929   0.03810832 -0.55174182  0.53524474
  0.55249765  0.56385254  0.64293779  0.23323695 -0.16896333  0.57246711
 -0.17478182  0.41609666 -0.61538135  0.12009611  0.34373729 -0.62655516
 -0.00938506 -0.22914422  0.07066948 -0.29740101  0.27766063 -0.48768119
 -0.30086826 -0.82400295 -0.50241347 -0.22666704 -0.19764773]
3984,[ 0.20441153  0.10644407 -0.10185583  0.13393392  0.37175531  0.08704609
 -0.04139323  0.64818837  0.34861144 -0.53000524 -0.044953   -0.11670431
  0.17903058  0.43315866 -0.32603246  0.23257335 -0.10756077 -0.62002919
  0.10260458  0.14573217 -0.46999925  0.20494832  0.26088511 -0.64583174
 -0.01894229  0.3826323   0.02739438  0.03810783 -0.55174247  0.53524609
  0.55249635  0.56385289  0.64293839  0.23323698 -0.16896283  0.57246725
 -0.17478237  0.41609629 -0.61538112  0.12009553  0.34373743 -0.62655417
 -0.0093862  -0.22914432  0.0706688  -0.29740121  0.27766135 -0.48767958
 -0.30086918 -0.82400284 -0.50241385 -0.2266669  -0.197648  ]
3985,[ 0.20441248  0.10644446 -0.10185826  0.13393444  0.37175586  0.08704551
 -0.04139238  0.64818746  0.3486105  -0.53000484 -0.04495287 -0.11670329
  0.17903008  0.43315962 -0.32603249  0.23257415 -0.10756026 -0.62002889
  0.10260404  0.14573274 -0.46999933  0.20494781  0.26088494 -0.64583254
 -0.01894311  0.3826319   0.02739586  0.03810733 -0.55174313  0.53524743
  0.55249506  0.56385324  0.64293898  0.233237   -0.16896233  0.57246739
 -0.17478292  0.41609593 -0.61538089  0.12009494  0.34373756 -0.62655317
 -0.00938734 -0.22914442  0.07066813 -0.29740141  0.27766207 -0.48767797
 -0.3008701  -0.82400273 -0.50241422 -0.22666676 -0.19764826]
3986,[ 0.20441343  0.10644484 -0.1018607   0.13393497  0.3717564   0.08704493
 -0.04139153  0.64818655  0.34860956 -0.53000444 -0.04495273 -0.11670227
  0.17902958  0.43316058 -0.32603252  0.23257495 -0.10755976 -0.62002859
  0.1026035   0.14573331 -0.46999942  0.2049473   0.26088477 -0.64583334
 -0.01894393  0.3826315   0.02739734  0.03810684 -0.55174378  0.53524877
  0.55249377  0.56385359  0.64293957  0.23323703 -0.16896183  0.57246753
 -0.17478346  0.41609557 -0.61538066  0.12009435  0.34373769 -0.62655218
 -0.00938848 -0.22914451  0.07066745 -0.29740161  0.2776628  -0.48767636
 -0.30087102 -0.82400262 -0.5024146  -0.22666662 -0.19764852]
3987,[ 0.20441438  0.10644522 -0.10186312  0.13393549  0.37175694  0.08704435
 -0.04139068  0.64818564  0.34860862 -0.53000405 -0.04495259 -0.11670125
  0.17902907  0.43316153 -0.32603255  0.23257575 -0.10755925 -0.62002829
  0.10260296  0.14573387 -0.4699995   0.20494679  0.26088459 -0.64583414
 -0.01894476  0.38263111  0.02739882  0.03810634 -0.55174443  0.53525011
  0.55249248  0.56385393  0.64294017  0.23323705 -0.16896133  0.57246767
 -0.174784    0.41609521 -0.61538044  0.12009377  0.34373782 -0.6265512
 -0.00938962 -0.22914461  0.07066678 -0.29740181  0.27766352 -0.48767475
 -0.30087194 -0.82400251 -0.50241497 -0.22666648 -0.19764879]
3988,[ 0.20441532  0.1064456  -0.10186555  0.13393602  0.37175748  0.08704377
 -0.04138983  0.64818474  0.34860769 -0.53000366 -0.04495245 -0.11670024
  0.17902857  0.43316249 -0.32603258  0.23257655 -0.10755875 -0.62002798
  0.10260243  0.14573444 -0.46999958  0.20494629  0.26088442 -0.64583494
 -0.01894558  0.38263071  0.02740029  0.03810585 -0.55174509  0.53525145
  0.55249119  0.56385428  0.64294076  0.23323708 -0.16896083  0.57246782
 -0.17478455  0.41609485 -0.61538021  0.12009318  0.34373795 -0.62655021
 -0.00939076 -0.22914471  0.07066611 -0.29740201  0.27766423 -0.48767315
 -0.30087285 -0.82400239 -0.50241534 -0.22666634 -0.19764905]
3989,[ 0.20441627  0.10644598 -0.10186797  0.13393654  0.37175802  0.08704319
 -0.04138898  0.64818383  0.34860675 -0.53000326 -0.04495232 -0.11669922
  0.17902807  0.43316344 -0.32603261  0.23257734 -0.10755824 -0.62002768
  0.10260189  0.14573501 -0.46999967  0.20494578  0.26088425 -0.64583573
 -0.0189464   0.38263032  0.02740177  0.03810536 -0.55174574  0.53525278
  0.55248991  0.56385463  0.64294135  0.2332371  -0.16896033  0.57246796
 -0.17478509  0.41609449 -0.61537998  0.1200926   0.34373808 -0.62654922
 -0.00939189 -0.2291448   0.07066543 -0.2974022   0.27766495 -0.48767154
 -0.30087377 -0.82400228 -0.50241571 -0.2266662  -0.19764931]
3990,[ 0.20441721  0.10644636 -0.10187039  0.13393706  0.37175856  0.08704261
 -0.04138813  0.64818293  0.34860582 -0.53000287 -0.04495218 -0.11669821
  0.17902757  0.4331644  -0.32603264  0.23257814 -0.10755774 -0.62002738
  0.10260135  0.14573558 -0.46999975  0.20494527  0.26088408 -0.64583653
 -0.01894722  0.38262992  0.02740324  0.03810486 -0.55174639  0.53525412
  0.55248862  0.56385498  0.64294194  0.23323713 -0.16895984  0.5724681
 -0.17478564  0.41609413 -0.61537975  0.12009201  0.34373821 -0.62654824
 -0.00939303 -0.2291449   0.07066476 -0.2974024   0.27766567 -0.48766994
 -0.30087468 -0.82400217 -0.50241609 -0.22666606 -0.19764957]
3991,[ 0.20441816  0.10644674 -0.10187281  0.13393758  0.3717591   0.08704203
 -0.04138728  0.64818202  0.34860489 -0.53000248 -0.04495204 -0.11669719
  0.17902707  0.43316535 -0.32603267  0.23257893 -0.10755724 -0.62002708
  0.10260082  0.14573614 -0.46999983  0.20494477  0.26088391 -0.64583733
 -0.01894804  0.38262953  0.02740471  0.03810437 -0.55174704  0.53525545
  0.55248734  0.56385532  0.64294253  0.23323715 -0.16895934  0.57246824
 -0.17478618  0.41609377 -0.61537952  0.12009143  0.34373834 -0.62654725
 -0.00939416 -0.229145    0.07066409 -0.2974026   0.27766639 -0.48766834
 -0.3008756  -0.82400206 -0.50241646 -0.22666592 -0.19764983]
3992,[ 0.2044191   0.10644712 -0.10187523  0.13393811  0.37175964  0.08704145
 -0.04138644  0.64818112  0.34860395 -0.53000208 -0.04495191 -0.11669618
  0.17902657  0.4331663  -0.3260327   0.23257972 -0.10755673 -0.62002678
  0.10260028  0.14573671 -0.46999991  0.20494426  0.26088374 -0.64583812
 -0.01894885  0.38262913  0.02740618  0.03810388 -0.55174769  0.53525679
  0.55248606  0.56385567  0.64294312  0.23323718 -0.16895884  0.57246837
 -0.17478672  0.41609341 -0.61537929  0.12009085  0.34373848 -0.62654627
 -0.0093953  -0.22914509  0.07066343 -0.2974028   0.2776671  -0.48766675
 -0.30087651 -0.82400195 -0.50241683 -0.22666579 -0.1976501 ]
3993,[ 0.20442004  0.1064475  -0.10187764  0.13393863  0.37176018  0.08704088
 -0.04138559  0.64818022  0.34860302 -0.53000169 -0.04495177 -0.11669517
  0.17902607  0.43316725 -0.32603273  0.23258052 -0.10755623 -0.62002648
  0.10259975  0.14573727 -0.47        0.20494376  0.26088357 -0.64583892
 -0.01894967  0.38262874  0.02740765  0.03810339 -0.55174833  0.53525812
  0.55248478  0.56385602  0.64294371  0.2332372  -0.16895834  0.57246851
 -0.17478726  0.41609306 -0.61537907  0.12009027  0.34373861 -0.62654529
 -0.00939643 -0.22914519  0.07066276 -0.29740299  0.27766782 -0.48766515
 -0.30087742 -0.82400184 -0.5024172  -0.22666565 -0.19765036]
3994,[ 0.20442098  0.10644788 -0.10188005  0.13393915  0.37176071  0.0870403
 -0.04138475  0.64817932  0.34860209 -0.5300013  -0.04495163 -0.11669416
  0.17902557  0.4331682  -0.32603275  0.23258131 -0.10755573 -0.62002617
  0.10259922  0.14573784 -0.47000008  0.20494325  0.2608834  -0.64583971
 -0.01895049  0.38262835  0.02740911  0.0381029  -0.55174898  0.53525944
  0.5524835   0.56385636  0.6429443   0.23323723 -0.16895785  0.57246865
 -0.1747878   0.4160927  -0.61537884  0.12008969  0.34373874 -0.62654431
 -0.00939756 -0.22914529  0.07066209 -0.29740319  0.27766853 -0.48766356
 -0.30087834 -0.82400173 -0.50241757 -0.22666551 -0.19765062]
3995,[ 0.20442192  0.10644826 -0.10188246  0.13393967  0.37176125  0.08703973
 -0.0413839   0.64817842  0.34860116 -0.53000091 -0.0449515  -0.11669315
  0.17902508  0.43316915 -0.32603278  0.2325821  -0.10755523 -0.62002587
  0.10259868  0.1457384  -0.47000016  0.20494275  0.26088323 -0.6458405
 -0.0189513   0.38262796  0.02741057  0.03810241 -0.55174963  0.53526077
  0.55248222  0.56385671  0.64294488  0.23323725 -0.16895735  0.57246879
 -0.17478834  0.41609234 -0.61537861  0.1200891   0.34373887 -0.62654333
 -0.00939869 -0.22914538  0.07066142 -0.29740339  0.27766925 -0.48766196
 -0.30087925 -0.82400162 -0.50241794 -0.22666537 -0.19765088]
3996,[ 0.20442286  0.10644863 -0.10188486  0.13394019  0.37176179  0.08703915
 -0.04138306  0.64817752  0.34860024 -0.53000052 -0.04495136 -0.11669214
  0.17902458  0.4331701  -0.32603281  0.23258289 -0.10755473 -0.62002557
  0.10259815  0.14573897 -0.47000024  0.20494225  0.26088306 -0.64584129
 -0.01895212  0.38262756  0.02741204  0.03810192 -0.55175027  0.5352621
  0.55248095  0.56385705  0.64294547  0.23323727 -0.16895686  0.57246893
 -0.17478888  0.41609198 -0.61537838  0.12008853  0.343739   -0.62654235
 -0.00939981 -0.22914548  0.07066076 -0.29740358  0.27766996 -0.48766037
 -0.30088015 -0.82400151 -0.50241831 -0.22666523 -0.19765114]
3997,[ 0.2044238   0.10644901 -0.10188726  0.13394071  0.37176232  0.08703858
 -0.04138222  0.64817663  0.34859931 -0.53000013 -0.04495123 -0.11669113
  0.17902408  0.43317104 -0.32603284  0.23258368 -0.10755423 -0.62002528
  0.10259762  0.14573953 -0.47000032  0.20494175  0.26088289 -0.64584208
 -0.01895293  0.38262717  0.0274135   0.03810143 -0.55175092  0.53526342
  0.55247967  0.5638574   0.64294605  0.2332373  -0.16895636  0.57246907
 -0.17478942  0.41609163 -0.61537816  0.12008795  0.34373913 -0.62654137
 -0.00940094 -0.22914558  0.07066009 -0.29740378  0.27767067 -0.48765878
 -0.30088106 -0.8240014  -0.50241868 -0.2266651  -0.1976514 ]
3998,[ 0.20442473  0.10644939 -0.10188966  0.13394122  0.37176286  0.087038
 -0.04138138  0.64817573  0.34859838 -0.52999974 -0.04495109 -0.11669013
  0.17902359  0.43317199 -0.32603287  0.23258447 -0.10755373 -0.62002498
  0.10259709  0.14574009 -0.47000041  0.20494124  0.26088272 -0.64584287
 -0.01895374  0.38262678  0.02741496  0.03810095 -0.55175156  0.53526475
  0.5524784   0.56385774  0.64294664  0.23323732 -0.16895587  0.57246921
 -0.17478996  0.41609127 -0.61537793  0.12008737  0.34373926 -0.62654039
 -0.00940207 -0.22914567  0.07065943 -0.29740398  0.27767138 -0.4876572
 -0.30088197 -0.82400129 -0.50241905 -0.22666496 -0.19765166]
3999,[ 0.20442567  0.10644976 -0.10189206  0.13394174  0.37176339  0.08703743
 -0.04138054  0.64817483  0.34859746 -0.52999935 -0.04495095 -0.11668912
  0.17902309  0.43317293 -0.3260329   0.23258525 -0.10755323 -0.62002468
  0.10259656  0.14574065 -0.47000049  0.20494074  0.26088255 -0.64584366
 -0.01895455  0.38262639  0.02741641  0.03810046 -0.55175221  0.53526607
  0.55247713  0.56385808  0.64294722  0.23323735 -0.16895538  0.57246935
 -0.17479049  0.41609092 -0.61537771  0.12008679  0.34373939 -0.62653942
 -0.00940319 -0.22914577  0.07065876 -0.29740417  0.27767209 -0.48765561
 -0.30088288 -0.82400118 -0.50241941 -0.22666482 -0.19765192]
4000,[ 0.2044266   0.10645014 -0.10189445  0.13394226  0.37176393  0.08703686
 -0.0413797   0.64817394  0.34859654 -0.52999896 -0.04495082 -0.11668812
  0.1790226   0.43317387 -0.32603293  0.23258604 -0.10755273 -0.62002438
  0.10259603  0.14574121 -0.47000057  0.20494024  0.26088238 -0.64584445
 -0.01895537  0.382626    0.02741787  0.03809997 -0.55175285  0.53526739
  0.55247586  0.56385843  0.64294781  0.23323737 -0.16895488  0.57246949
 -0.17479103  0.41609056 -0.61537748  0.12008621  0.34373951 -0.62653844
 -0.00940431 -0.22914586  0.0706581  -0.29740437  0.2776728  -0.48765403
 -0.30088378 -0.82400107 -0.50241978 -0.22666469 -0.19765218]
4001,[ 0.20442753  0.10645051 -0.10189684  0.13394277  0.37176446  0.08703629
 -0.04137886  0.64817305  0.34859561 -0.52999857 -0.04495068 -0.11668712
  0.1790221   0.43317481 -0.32603296  0.23258682 -0.10755223 -0.62002408
  0.1025955   0.14574177 -0.47000065  0.20493974  0.26088222 -0.64584524
 -0.01895618  0.38262561  0.02741932  0.03809949 -0.55175349  0.53526871
  0.55247459  0.56385877  0.64294839  0.2332374  -0.16895439  0.57246963
 -0.17479157  0.41609021 -0.61537725  0.12008564  0.34373964 -0.62653747
 -0.00940543 -0.22914596  0.07065744 -0.29740456  0.27767351 -0.48765245
 -0.30088469 -0.82400096 -0.50242015 -0.22666455 -0.19765243]
4002,[ 0.20442847  0.10645089 -0.10189923  0.13394329  0.37176499  0.08703571
 -0.04137802  0.64817215  0.34859469 -0.52999818 -0.04495055 -0.11668612
  0.17902161  0.43317575 -0.32603299  0.23258761 -0.10755174 -0.62002378
  0.10259497  0.14574233 -0.47000073  0.20493924  0.26088205 -0.64584603
 -0.01895698  0.38262522  0.02742078  0.038099   -0.55175413  0.53527002
  0.55247332  0.56385911  0.64294897  0.23323742 -0.1689539   0.57246976
 -0.1747921   0.41608985 -0.61537703  0.12008506  0.34373977 -0.6265365
 -0.00940655 -0.22914605  0.07065677 -0.29740476  0.27767422 -0.48765087
 -0.30088559 -0.82400085 -0.50242052 -0.22666441 -0.19765269]
4003,[ 0.2044294   0.10645126 -0.10190161  0.13394381  0.37176552  0.08703514
 -0.04137719  0.64817126  0.34859377 -0.52999779 -0.04495041 -0.11668512
  0.17902112  0.43317669 -0.32603302  0.23258839 -0.10755124 -0.62002349
  0.10259444  0.14574289 -0.47000081  0.20493874  0.26088188 -0.64584681
 -0.01895779  0.38262483  0.02742223  0.03809852 -0.55175477  0.53527134
  0.55247206  0.56385945  0.64294956  0.23323744 -0.16895341  0.5724699
 -0.17479264  0.4160895  -0.6153768   0.12008448  0.3437399  -0.62653553
 -0.00940767 -0.22914615  0.07065611 -0.29740495  0.27767493 -0.48764929
 -0.30088649 -0.82400074 -0.50242088 -0.22666427 -0.19765295]
4004,[ 0.20443033  0.10645164 -0.101904    0.13394432  0.37176605  0.08703457
 -0.04137635  0.64817037  0.34859285 -0.52999741 -0.04495028 -0.11668412
  0.17902062  0.43317763 -0.32603304  0.23258917 -0.10755075 -0.62002319
  0.10259391  0.14574345 -0.4700009   0.20493825  0.26088171 -0.6458476
 -0.0189586   0.38262444  0.02742368  0.03809803 -0.55175541  0.53527265
  0.55247079  0.5638598   0.64295014  0.23323747 -0.16895292  0.57247004
 -0.17479317  0.41608914 -0.61537658  0.12008391  0.34374003 -0.62653456
 -0.00940879 -0.22914624  0.07065545 -0.29740515  0.27767563 -0.48764771
 -0.30088739 -0.82400063 -0.50242125 -0.22666414 -0.19765321]
4005,[ 0.20443126  0.10645201 -0.10190638  0.13394483  0.37176659  0.08703401
 -0.04137552  0.64816948  0.34859193 -0.52999702 -0.04495014 -0.11668312
  0.17902013  0.43317857 -0.32603307  0.23258996 -0.10755025 -0.62002289
  0.10259339  0.14574401 -0.47000098  0.20493775  0.26088154 -0.64584838
 -0.0189594   0.38262406  0.02742512  0.03809755 -0.55175605  0.53527397
  0.55246953  0.56386014  0.64295072  0.23323749 -0.16895243  0.57247018
 -0.1747937   0.41608879 -0.61537635  0.12008334  0.34374016 -0.62653359
 -0.0094099  -0.22914634  0.07065479 -0.29740534  0.27767634 -0.48764614
 -0.30088829 -0.82400052 -0.50242161 -0.226664   -0.19765347]
4006,[ 0.20443218  0.10645239 -0.10190875  0.13394535  0.37176712  0.08703344
 -0.04137469  0.64816859  0.34859102 -0.52999663 -0.04495001 -0.11668213
  0.17901964  0.43317951 -0.3260331   0.23259074 -0.10754976 -0.6200226
  0.10259286  0.14574456 -0.47000106  0.20493725  0.26088138 -0.64584916
 -0.01896021  0.38262367  0.02742657  0.03809706 -0.55175669  0.53527528
  0.55246827  0.56386048  0.6429513   0.23323752 -0.16895194  0.57247031
 -0.17479424  0.41608844 -0.61537613  0.12008276  0.34374029 -0.62653262
 -0.00941102 -0.22914643  0.07065414 -0.29740554  0.27767704 -0.48764457
 -0.30088919 -0.82400041 -0.50242198 -0.22666387 -0.19765372]
4007,[ 0.20443311  0.10645276 -0.10191113  0.13394586  0.37176764  0.08703287
 -0.04137385  0.64816771  0.3485901  -0.52999625 -0.04494988 -0.11668113
  0.17901915  0.43318044 -0.32603313  0.23259152 -0.10754926 -0.6200223
  0.10259233  0.14574512 -0.47000114  0.20493675  0.26088121 -0.64584994
 -0.01896101  0.38262328  0.02742801  0.03809658 -0.55175733  0.53527659
  0.55246701  0.56386082  0.64295188  0.23323754 -0.16895145  0.57247045
 -0.17479477  0.41608808 -0.61537591  0.12008219  0.34374042 -0.62653165
 -0.00941213 -0.22914653  0.07065348 -0.29740573  0.27767775 -0.48764299
 -0.30089009 -0.8240003  -0.50242234 -0.22666373 -0.19765398]
4008,[ 0.20443404  0.10645313 -0.1019135   0.13394637  0.37176817  0.0870323
 -0.04137302  0.64816682  0.34858919 -0.52999586 -0.04494974 -0.11668014
  0.17901866  0.43318137 -0.32603316  0.2325923  -0.10754877 -0.620022
  0.10259181  0.14574567 -0.47000122  0.20493626  0.26088104 -0.64585072
 -0.01896182  0.3826229   0.02742946  0.0380961  -0.55175797  0.5352779
  0.55246575  0.56386116  0.64295246  0.23323756 -0.16895096  0.57247059
 -0.1747953   0.41608773 -0.61537568  0.12008162  0.34374055 -0.62653069
 -0.00941325 -0.22914662  0.07065282 -0.29740593  0.27767845 -0.48764143
 -0.30089099 -0.8240002  -0.50242271 -0.22666359 -0.19765424]
4009,[ 0.20443496  0.1064535  -0.10191587  0.13394688  0.3717687   0.08703174
 -0.04137219  0.64816594  0.34858827 -0.52999548 -0.04494961 -0.11667914
  0.17901817  0.43318231 -0.32603319  0.23259307 -0.10754827 -0.62002171
  0.10259128  0.14574623 -0.4700013   0.20493576  0.26088087 -0.6458515
 -0.01896262  0.38262251  0.0274309   0.03809562 -0.5517586   0.5352792
  0.55246449  0.5638615   0.64295303  0.23323759 -0.16895047  0.57247073
 -0.17479583  0.41608738 -0.61537546  0.12008105  0.34374067 -0.62652972
 -0.00941436 -0.22914672  0.07065216 -0.29740612  0.27767915 -0.48763986
 -0.30089188 -0.82400009 -0.50242307 -0.22666346 -0.19765449]
4010,[ 0.20443588  0.10645387 -0.10191824  0.1339474   0.37176923  0.08703117
 -0.04137136  0.64816505  0.34858736 -0.52999509 -0.04494947 -0.11667815
  0.17901768  0.43318324 -0.32603322  0.23259385 -0.10754778 -0.62002141
  0.10259076  0.14574678 -0.47000138  0.20493527  0.26088071 -0.64585228
 -0.01896342  0.38262212  0.02743234  0.03809514 -0.55175924  0.53528051
  0.55246324  0.56386184  0.64295361  0.23323761 -0.16894999  0.57247086
 -0.17479636  0.41608703 -0.61537524  0.12008048  0.3437408  -0.62652876
 -0.00941547 -0.22914681  0.07065151 -0.29740631  0.27767985 -0.48763829
 -0.30089278 -0.82399998 -0.50242344 -0.22666332 -0.19765475]
4011,[ 0.20443681  0.10645425 -0.1019206   0.13394791  0.37176976  0.0870306
 -0.04137053  0.64816417  0.34858645 -0.52999471 -0.04494934 -0.11667716
  0.17901719  0.43318417 -0.32603325  0.23259463 -0.10754729 -0.62002112
  0.10259024  0.14574734 -0.47000146  0.20493477  0.26088054 -0.64585306
 -0.01896422  0.38262174  0.02743377  0.03809466 -0.55175987  0.53528181
  0.55246198  0.56386218  0.64295419  0.23323764 -0.1689495   0.572471
 -0.17479689  0.41608668 -0.61537501  0.12007991  0.34374093 -0.6265278
 -0.00941658 -0.22914691  0.07065085 -0.29740651  0.27768055 -0.48763673
 -0.30089367 -0.82399987 -0.5024238  -0.22666319 -0.19765501]
4012,[ 0.20443773  0.10645462 -0.10192296  0.13394842  0.37177028  0.08703004
 -0.04136971  0.64816329  0.34858553 -0.52999433 -0.04494921 -0.11667617
  0.1790167   0.4331851  -0.32603327  0.2325954  -0.1075468  -0.62002082
  0.10258971  0.14574789 -0.47000154  0.20493428  0.26088037 -0.64585384
 -0.01896502  0.38262135  0.02743521  0.03809417 -0.55176051  0.53528311
  0.55246073  0.56386252  0.64295476  0.23323766 -0.16894901  0.57247114
 -0.17479742  0.41608633 -0.61537479  0.12007934  0.34374106 -0.62652684
 -0.00941768 -0.229147    0.0706502  -0.2974067   0.27768125 -0.48763517
 -0.30089456 -0.82399976 -0.50242416 -0.22666305 -0.19765526]
4013,[ 0.20443865  0.10645499 -0.10192532  0.13394893  0.37177081  0.08702948
 -0.04136888  0.6481624   0.34858462 -0.52999394 -0.04494907 -0.11667518
  0.17901622  0.43318603 -0.3260333   0.23259618 -0.10754631 -0.62002053
  0.10258919  0.14574844 -0.47000162  0.20493379  0.26088021 -0.64585462
 -0.01896582  0.38262097  0.02743665  0.0380937  -0.55176114  0.53528441
  0.55245948  0.56386285  0.64295534  0.23323768 -0.16894853  0.57247127
 -0.17479795  0.41608598 -0.61537457  0.12007877  0.34374118 -0.62652588
 -0.00941879 -0.2291471   0.07064954 -0.29740689  0.27768195 -0.48763361
 -0.30089546 -0.82399965 -0.50242452 -0.22666292 -0.19765552]
4014,[ 0.20443957  0.10645536 -0.10192768  0.13394943  0.37177134  0.08702891
 -0.04136805  0.64816152  0.34858372 -0.52999356 -0.04494894 -0.11667419
  0.17901573  0.43318696 -0.32603333  0.23259695 -0.10754582 -0.62002024
  0.10258867  0.14574899 -0.4700017   0.20493329  0.26088004 -0.64585539
 -0.01896662  0.38262058  0.02743808  0.03809322 -0.55176177  0.53528571
  0.55245823  0.56386319  0.64295591  0.23323771 -0.16894804  0.57247141
 -0.17479848  0.41608563 -0.61537435  0.1200782   0.34374131 -0.62652492
 -0.00941989 -0.22914719  0.07064889 -0.29740709  0.27768265 -0.48763205
 -0.30089635 -0.82399955 -0.50242489 -0.22666278 -0.19765577]
4015,[ 0.20444049  0.10645573 -0.10193003  0.13394994  0.37177186  0.08702835
 -0.04136723  0.64816065  0.34858281 -0.52999318 -0.04494881 -0.11667321
  0.17901524  0.43318788 -0.32603336  0.23259773 -0.10754533 -0.62001994
  0.10258815  0.14574955 -0.47000178  0.2049328   0.26087988 -0.64585617
 -0.01896742  0.3826202   0.02743951  0.03809274 -0.55176241  0.53528701
  0.55245698  0.56386353  0.64295649  0.23323773 -0.16894756  0.57247154
 -0.17479901  0.41608528 -0.61537412  0.12007763  0.34374144 -0.62652396
 -0.009421   -0.22914729  0.07064824 -0.29740728  0.27768335 -0.48763049
 -0.30089724 -0.82399944 -0.50242525 -0.22666265 -0.19765603]
4016,[ 0.2044414   0.1064561  -0.10193238  0.13395045  0.37177238  0.08702779
 -0.04136641  0.64815977  0.3485819  -0.52999279 -0.04494867 -0.11667222
  0.17901476  0.43318881 -0.32603339  0.2325985  -0.10754484 -0.62001965
  0.10258763  0.1457501  -0.47000186  0.20493231  0.26087971 -0.64585694
 -0.01896821  0.38261982  0.02744094  0.03809226 -0.55176304  0.53528831
  0.55245573  0.56386387  0.64295706  0.23323776 -0.16894707  0.57247168
 -0.17479953  0.41608493 -0.6153739   0.12007707  0.34374157 -0.626523
 -0.0094221  -0.22914738  0.07064759 -0.29740747  0.27768405 -0.48762894
 -0.30089812 -0.82399933 -0.50242561 -0.22666251 -0.19765628]
4017,[ 0.20444232  0.10645646 -0.10193473  0.13395096  0.37177291  0.08702723
 -0.04136558  0.64815889  0.34858099 -0.52999241 -0.04494854 -0.11667124
  0.17901427  0.43318974 -0.32603342  0.23259927 -0.10754435 -0.62001936
  0.10258711  0.14575065 -0.47000194  0.20493182  0.26087954 -0.64585771
 -0.01896901  0.38261944  0.02744237  0.03809178 -0.55176367  0.5352896
  0.55245448  0.5638642   0.64295763  0.23323778 -0.16894659  0.57247182
 -0.17480006  0.41608458 -0.61537368  0.1200765   0.34374169 -0.62652205
 -0.0094232  -0.22914747  0.07064694 -0.29740766  0.27768474 -0.48762738
 -0.30089901 -0.82399922 -0.50242597 -0.22666238 -0.19765653]
4018,[ 0.20444324  0.10645683 -0.10193707  0.13395146  0.37177343  0.08702667
 -0.04136476  0.64815801  0.34858009 -0.52999203 -0.04494841 -0.11667026
  0.17901379  0.43319066 -0.32603344  0.23260004 -0.10754386 -0.62001906
  0.10258659  0.1457512  -0.47000202  0.20493133  0.26087938 -0.64585849
 -0.0189698   0.38261905  0.02744379  0.03809131 -0.5517643   0.5352909
  0.55245324  0.56386454  0.64295821  0.2332378  -0.16894611  0.57247195
 -0.17480059  0.41608423 -0.61537346  0.12007593  0.34374182 -0.62652109
 -0.0094243  -0.22914757  0.07064629 -0.29740785  0.27768544 -0.48762583
 -0.3008999  -0.82399912 -0.50242633 -0.22666224 -0.19765679]
4019,[ 0.20444415  0.1064572  -0.10193942  0.13395197  0.37177395  0.08702611
 -0.04136394  0.64815714  0.34857919 -0.52999165 -0.04494827 -0.11666927
  0.1790133   0.43319158 -0.32603347  0.23260081 -0.10754337 -0.62001877
  0.10258607  0.14575174 -0.4700021   0.20493084  0.26087921 -0.64585926
 -0.01897059  0.38261867  0.02744522  0.03809083 -0.55176493  0.53529219
  0.552452    0.56386487  0.64295878  0.23323783 -0.16894563  0.57247209
 -0.17480111  0.41608388 -0.61537324  0.12007537  0.34374195 -0.62652014
 -0.0094254  -0.22914766  0.07064564 -0.29740805  0.27768613 -0.48762428
 -0.30090079 -0.82399901 -0.50242669 -0.22666211 -0.19765704]
4020,[ 0.20444506  0.10645757 -0.10194176  0.13395248  0.37177448  0.08702555
 -0.04136312  0.64815626  0.34857828 -0.52999127 -0.04494814 -0.11666829
  0.17901282  0.4331925  -0.3260335   0.23260158 -0.10754289 -0.62001848
  0.10258555  0.14575229 -0.47000218  0.20493035  0.26087905 -0.64586003
 -0.01897139  0.38261829  0.02744664  0.03809035 -0.55176556  0.53529348
  0.55245076  0.56386521  0.64295935  0.23323785 -0.16894514  0.57247222
 -0.17480164  0.41608354 -0.61537302  0.1200748   0.34374207 -0.62651919
 -0.0094265  -0.22914775  0.07064499 -0.29740824  0.27768682 -0.48762273
 -0.30090167 -0.8239989  -0.50242705 -0.22666198 -0.19765729]
4021,[ 0.20444597  0.10645794 -0.10194409  0.13395298  0.371775    0.08702499
 -0.0413623   0.64815539  0.34857738 -0.52999089 -0.04494801 -0.11666731
  0.17901233  0.43319342 -0.32603353  0.23260234 -0.1075424  -0.62001819
  0.10258504  0.14575284 -0.47000226  0.20492986  0.26087888 -0.6458608
 -0.01897218  0.38261791  0.02744806  0.03808988 -0.55176618  0.53529477
  0.55244951  0.56386555  0.64295992  0.23323787 -0.16894466  0.57247236
 -0.17480216  0.41608319 -0.6153728   0.12007424  0.3437422  -0.62651823
 -0.00942759 -0.22914785  0.07064434 -0.29740843  0.27768752 -0.48762119
 -0.30090255 -0.82399879 -0.50242741 -0.22666184 -0.19765755]
4022,[ 0.20444689  0.1064583  -0.10194643  0.13395349  0.37177552  0.08702443
 -0.04136148  0.64815452  0.34857648 -0.52999051 -0.04494788 -0.11666633
  0.17901185  0.43319434 -0.32603356  0.23260311 -0.10754191 -0.6200179
  0.10258452  0.14575339 -0.47000234  0.20492937  0.26087872 -0.64586157
 -0.01897297  0.38261753  0.02744948  0.0380894  -0.55176681  0.53529606
  0.55244828  0.56386588  0.64296049  0.2332379  -0.16894418  0.57247249
 -0.17480269  0.41608284 -0.61537258  0.12007368  0.34374233 -0.62651728
 -0.00942869 -0.22914794  0.0706437  -0.29740862  0.27768821 -0.48761964
 -0.30090344 -0.82399869 -0.50242777 -0.22666171 -0.1976578 ]
4023,[ 0.2044478   0.10645867 -0.10194876  0.13395399  0.37177604  0.08702387
 -0.04136067  0.64815365  0.34857558 -0.52999013 -0.04494775 -0.11666536
  0.17901137  0.43319526 -0.32603359  0.23260388 -0.10754143 -0.62001761
  0.102584    0.14575393 -0.47000242  0.20492888  0.26087855 -0.64586233
 -0.01897376  0.38261715  0.0274509   0.03808893 -0.55176744  0.53529734
  0.55244704  0.56386621  0.64296106  0.23323792 -0.1689437   0.57247263
 -0.17480321  0.4160825  -0.61537236  0.12007312  0.34374245 -0.62651634
 -0.00942978 -0.22914803  0.07064305 -0.29740881  0.2776889  -0.4876181
 -0.30090432 -0.82399858 -0.50242812 -0.22666157 -0.19765805]
4024,[ 0.2044487   0.10645903 -0.10195109  0.13395449  0.37177656  0.08702331
 -0.04135985  0.64815278  0.34857468 -0.52998975 -0.04494761 -0.11666438
  0.17901089  0.43319618 -0.32603361  0.23260464 -0.10754094 -0.62001732
  0.10258349  0.14575448 -0.4700025   0.2049284   0.26087839 -0.6458631
 -0.01897455  0.38261677  0.02745232  0.03808846 -0.55176806  0.53529863
  0.5524458   0.56386655  0.64296163  0.23323794 -0.16894322  0.57247276
 -0.17480373  0.41608215 -0.61537214  0.12007255  0.34374258 -0.62651539
 -0.00943087 -0.22914813  0.0706424  -0.297409    0.27768959 -0.48761656
 -0.3009052  -0.82399847 -0.50242848 -0.22666144 -0.1976583 ]
4025,[ 0.20444961  0.1064594  -0.10195342  0.13395499  0.37177708  0.08702276
 -0.04135903  0.64815191  0.34857378 -0.52998938 -0.04494748 -0.1166634
  0.17901041  0.4331971  -0.32603364  0.23260541 -0.10754046 -0.62001703
  0.10258297  0.14575502 -0.47000258  0.20492791  0.26087823 -0.64586387
 -0.01897534  0.38261639  0.02745373  0.03808798 -0.55176869  0.53529991
  0.55244457  0.56386688  0.64296219  0.23323797 -0.16894274  0.5724729
 -0.17480425  0.4160818  -0.61537192  0.12007199  0.3437427  -0.62651444
 -0.00943197 -0.22914822  0.07064176 -0.29740919  0.27769028 -0.48761502
 -0.30090608 -0.82399837 -0.50242884 -0.22666131 -0.19765856]
4026,[ 0.20445052  0.10645976 -0.10195574  0.1339555   0.37177759  0.0870222
 -0.04135822  0.64815104  0.34857289 -0.529989   -0.04494735 -0.11666243
  0.17900993  0.43319801 -0.32603367  0.23260617 -0.10753998 -0.62001674
  0.10258246  0.14575557 -0.47000266  0.20492742  0.26087806 -0.64586463
 -0.01897612  0.38261601  0.02745515  0.03808751 -0.55176931  0.53530119
  0.55244333  0.56386722  0.64296276  0.23323799 -0.16894227  0.57247303
 -0.17480477  0.41608146 -0.6153717   0.12007143  0.34374283 -0.62651349
 -0.00943306 -0.22914831  0.07064112 -0.29740938  0.27769097 -0.48761348
 -0.30090696 -0.82399826 -0.5024292  -0.22666117 -0.19765881]
4027,[ 0.20445143  0.10646013 -0.10195806  0.133956    0.37177811  0.08702165
 -0.0413574   0.64815017  0.34857199 -0.52998862 -0.04494722 -0.11666146
  0.17900945  0.43319893 -0.3260337   0.23260693 -0.10753949 -0.62001645
  0.10258194  0.14575611 -0.47000274  0.20492694  0.2608779  -0.6458654
 -0.01897691  0.38261563  0.02745656  0.03808704 -0.55176994  0.53530247
  0.5524421   0.56386755  0.64296333  0.23323802 -0.16894179  0.57247317
 -0.17480529  0.41608111 -0.61537148  0.12007087  0.34374295 -0.62651255
 -0.00943415 -0.22914841  0.07064047 -0.29740957  0.27769166 -0.48761194
 -0.30090784 -0.82399815 -0.50242955 -0.22666104 -0.19765906]
4028,[ 0.20445233  0.10646049 -0.10196038  0.1339565   0.37177863  0.08702109
 -0.04135659  0.6481493   0.3485711  -0.52998824 -0.04494709 -0.11666049
  0.17900897  0.43319984 -0.32603373  0.23260769 -0.10753901 -0.62001616
  0.10258143  0.14575666 -0.47000282  0.20492645  0.26087774 -0.64586616
 -0.0189777   0.38261525  0.02745797  0.03808657 -0.55177056  0.53530375
  0.55244087  0.56386788  0.64296389  0.23323804 -0.16894131  0.5724733
 -0.17480581  0.41608077 -0.61537126  0.12007031  0.34374308 -0.6265116
 -0.00943523 -0.2291485   0.07063983 -0.29740976  0.27769235 -0.48761041
 -0.30090871 -0.82399805 -0.50242991 -0.22666091 -0.19765931]
4029,[ 0.20445324  0.10646086 -0.1019627   0.133957    0.37177915  0.08702054
 -0.04135578  0.64814844  0.3485702  -0.52998787 -0.04494696 -0.11665951
  0.17900849  0.43320075 -0.32603375  0.23260846 -0.10753853 -0.62001587
  0.10258092  0.1457572  -0.4700029   0.20492597  0.26087757 -0.64586692
 -0.01897848  0.38261488  0.02745938  0.03808609 -0.55177118  0.53530503
  0.55243964  0.56386821  0.64296446  0.23323806 -0.16894083  0.57247343
 -0.17480633  0.41608043 -0.61537104  0.12006975  0.34374321 -0.62651066
 -0.00943632 -0.22914859  0.07063919 -0.29740995  0.27769303 -0.48760888
 -0.30090959 -0.82399794 -0.50243027 -0.22666078 -0.19765956]
4030,[ 0.20445414  0.10646122 -0.10196501  0.1339575   0.37177966  0.08701999
 -0.04135497  0.64814757  0.34856931 -0.52998749 -0.04494683 -0.11665854
  0.17900801  0.43320166 -0.32603378  0.23260922 -0.10753805 -0.62001558
  0.1025804   0.14575774 -0.47000298  0.20492548  0.26087741 -0.64586768
 -0.01897926  0.3826145   0.02746079  0.03808562 -0.5517718   0.53530631
  0.55243841  0.56386855  0.64296502  0.23323809 -0.16894036  0.57247357
 -0.17480685  0.41608008 -0.61537082  0.1200692   0.34374333 -0.62650972
 -0.0094374  -0.22914868  0.07063855 -0.29741014  0.27769372 -0.48760735
 -0.30091046 -0.82399783 -0.50243062 -0.22666064 -0.19765981]
4031,[ 0.20445504  0.10646158 -0.10196733  0.133958    0.37178018  0.08701943
 -0.04135416  0.64814671  0.34856842 -0.52998712 -0.0449467  -0.11665758
  0.17900753  0.43320257 -0.32603381  0.23260997 -0.10753757 -0.62001529
  0.10257989  0.14575828 -0.47000306  0.204925    0.26087725 -0.64586845
 -0.01898005  0.38261412  0.02746219  0.03808515 -0.55177242  0.53530758
  0.55243719  0.56386888  0.64296559  0.23323811 -0.16893988  0.5724737
 -0.17480737  0.41607974 -0.6153706   0.12006864  0.34374346 -0.62650878
 -0.00943849 -0.22914878  0.07063791 -0.29741033  0.2776944  -0.48760582
 -0.30091134 -0.82399773 -0.50243098 -0.22666051 -0.19766006]
4032,[ 0.20445594  0.10646195 -0.10196963  0.1339585   0.37178069  0.08701888
 -0.04135335  0.64814585  0.34856753 -0.52998674 -0.04494657 -0.11665661
  0.17900706  0.43320348 -0.32603384  0.23261073 -0.10753709 -0.620015
  0.10257938  0.14575882 -0.47000314  0.20492452  0.26087708 -0.64586921
 -0.01898083  0.38261375  0.0274636   0.03808468 -0.55177304  0.53530886
  0.55243596  0.56386921  0.64296615  0.23323813 -0.16893941  0.57247384
 -0.17480789  0.4160794  -0.61537039  0.12006808  0.34374358 -0.62650784
 -0.00943957 -0.22914887  0.07063727 -0.29741052  0.27769509 -0.48760429
 -0.30091221 -0.82399762 -0.50243133 -0.22666038 -0.19766031]
4033,[ 0.20445684  0.10646231 -0.10197194  0.133959    0.37178121  0.08701833
 -0.04135254  0.64814499  0.34856664 -0.52998637 -0.04494643 -0.11665564
  0.17900658  0.43320439 -0.32603387  0.23261149 -0.10753661 -0.62001472
  0.10257887  0.14575936 -0.47000322  0.20492403  0.26087692 -0.64586997
 -0.01898161  0.38261337  0.027465    0.03808422 -0.55177366  0.53531013
  0.55243474  0.56386954  0.64296671  0.23323816 -0.16893893  0.57247397
 -0.17480841  0.41607905 -0.61537017  0.12006753  0.3437437  -0.6265069
 -0.00944065 -0.22914896  0.07063663 -0.2974107   0.27769577 -0.48760277
 -0.30091308 -0.82399752 -0.50243168 -0.22666025 -0.19766056]
4034,[ 0.20445774  0.10646267 -0.10197424  0.13395949  0.37178172  0.08701778
 -0.04135173  0.64814413  0.34856575 -0.52998599 -0.0449463  -0.11665468
  0.1790061   0.4332053  -0.32603389  0.23261225 -0.10753613 -0.62001443
  0.10257836  0.1457599  -0.47000329  0.20492355  0.26087676 -0.64587072
 -0.01898239  0.38261299  0.0274664   0.03808375 -0.55177428  0.5353114
  0.55243352  0.56386987  0.64296727  0.23323818 -0.16893846  0.5724741
 -0.17480892  0.41607871 -0.61536995  0.12006697  0.34374383 -0.62650596
 -0.00944173 -0.22914905  0.07063599 -0.29741089  0.27769645 -0.48760124
 -0.30091396 -0.82399741 -0.50243204 -0.22666011 -0.19766081]
4035,[ 0.20445864  0.10646303 -0.10197654  0.13395999  0.37178223  0.08701723
 -0.04135093  0.64814327  0.34856486 -0.52998562 -0.04494617 -0.11665371
  0.17900563  0.4332062  -0.32603392  0.232613   -0.10753565 -0.62001414
  0.10257785  0.14576044 -0.47000337  0.20492307  0.2608766  -0.64587148
 -0.01898317  0.38261262  0.0274678   0.03808328 -0.5517749   0.53531267
  0.5524323   0.5638702   0.64296783  0.2332382  -0.16893798  0.57247424
 -0.17480944  0.41607837 -0.61536974  0.12006642  0.34374395 -0.62650503
 -0.00944281 -0.22914915  0.07063535 -0.29741108  0.27769714 -0.48759972
 -0.30091483 -0.82399731 -0.50243239 -0.22665998 -0.19766106]
4036,[ 0.20445953  0.10646339 -0.10197884  0.13396049  0.37178275  0.08701668
 -0.04135012  0.64814241  0.34856397 -0.52998524 -0.04494604 -0.11665275
  0.17900515  0.43320711 -0.32603395  0.23261376 -0.10753517 -0.62001386
  0.10257734  0.14576098 -0.47000345  0.20492259  0.26087643 -0.64587224
 -0.01898395  0.38261224  0.0274692   0.03808281 -0.55177552  0.53531393
  0.55243108  0.56387053  0.64296839  0.23323823 -0.16893751  0.57247437
 -0.17480995  0.41607803 -0.61536952  0.12006586  0.34374408 -0.62650409
 -0.00944389 -0.22914924  0.07063471 -0.29741127  0.27769782 -0.4875982
 -0.30091569 -0.8239972  -0.50243275 -0.22665985 -0.19766131]
4037,[ 0.20446043  0.10646375 -0.10198114  0.13396098  0.37178326  0.08701613
 -0.04134932  0.64814155  0.34856309 -0.52998487 -0.04494591 -0.11665179
  0.17900468  0.43320801 -0.32603398  0.23261451 -0.10753469 -0.62001357
  0.10257683  0.14576152 -0.47000353  0.20492211  0.26087627 -0.64587299
 -0.01898473  0.38261187  0.02747059  0.03808235 -0.55177613  0.5353152
  0.55242986  0.56387086  0.64296895  0.23323825 -0.16893704  0.5724745
 -0.17481047  0.41607769 -0.6153693   0.12006531  0.3437442  -0.62650316
 -0.00944497 -0.22914933  0.07063408 -0.29741146  0.2776985  -0.48759668
 -0.30091656 -0.8239971  -0.5024331  -0.22665972 -0.19766155]
4038,[ 0.20446133  0.10646411 -0.10198343  0.13396148  0.37178377  0.08701558
 -0.04134851  0.64814069  0.3485622  -0.5299845  -0.04494578 -0.11665082
  0.1790042   0.43320892 -0.326034    0.23261526 -0.10753421 -0.62001328
  0.10257633  0.14576205 -0.47000361  0.20492163  0.26087611 -0.64587375
 -0.0189855   0.3826115   0.02747199  0.03808188 -0.55177675  0.53531647
  0.55242864  0.56387119  0.64296951  0.23323827 -0.16893657  0.57247463
 -0.17481098  0.41607735 -0.61536909  0.12006475  0.34374433 -0.62650222
 -0.00944604 -0.22914942  0.07063344 -0.29741164  0.27769918 -0.48759516
 -0.30091743 -0.82399699 -0.50243345 -0.22665959 -0.1976618 ]
4039,[ 0.20446222  0.10646447 -0.10198572  0.13396197  0.37178428  0.08701503
 -0.04134771  0.64813984  0.34856132 -0.52998413 -0.04494565 -0.11664986
  0.17900373  0.43320982 -0.32603403  0.23261602 -0.10753374 -0.620013
  0.10257582  0.14576259 -0.47000369  0.20492115  0.26087595 -0.6458745
 -0.01898628  0.38261112  0.02747338  0.03808141 -0.55177737  0.53531773
  0.55242743  0.56387151  0.64297007  0.2332383  -0.16893609  0.57247477
 -0.1748115   0.41607701 -0.61536887  0.1200642   0.34374445 -0.62650129
 -0.00944712 -0.22914951  0.07063281 -0.29741183  0.27769986 -0.48759365
 -0.3009183  -0.82399689 -0.5024338  -0.22665946 -0.19766205]
4040,[ 0.20446311  0.10646483 -0.10198801  0.13396247  0.37178479  0.08701449
 -0.04134691  0.64813898  0.34856044 -0.52998375 -0.04494553 -0.11664891
  0.17900326  0.43321072 -0.32603406  0.23261677 -0.10753326 -0.62001271
  0.10257531  0.14576313 -0.47000376  0.20492067  0.26087579 -0.64587526
 -0.01898705  0.38261075  0.02747477  0.03808095 -0.55177798  0.53531899
  0.55242621  0.56387184  0.64297063  0.23323832 -0.16893562  0.5724749
 -0.17481201  0.41607667 -0.61536865  0.12006365  0.34374457 -0.62650036
 -0.00944819 -0.2291496   0.07063217 -0.29741202  0.27770054 -0.48759213
 -0.30091916 -0.82399678 -0.50243415 -0.22665933 -0.1976623 ]
4041,[ 0.204464    0.10646519 -0.1019903   0.13396296  0.3717853   0.08701394
 -0.04134611  0.64813813  0.34855955 -0.52998338 -0.0449454  -0.11664795
  0.17900278  0.43321162 -0.32603409  0.23261752 -0.10753279 -0.62001243
  0.10257481  0.14576366 -0.47000384  0.20492019  0.26087563 -0.64587601
 -0.01898783  0.38261038  0.02747616  0.03808048 -0.55177859  0.53532025
  0.552425    0.56387217  0.64297119  0.23323834 -0.16893515  0.57247503
 -0.17481252  0.41607633 -0.61536844  0.1200631   0.3437447  -0.62649943
 -0.00944926 -0.2291497   0.07063154 -0.29741221  0.27770121 -0.48759062
 -0.30092003 -0.82399668 -0.5024345  -0.22665919 -0.19766255]
4042,[ 0.20446489  0.10646555 -0.10199258  0.13396345  0.37178581  0.0870134
 -0.04134531  0.64813727  0.34855867 -0.52998301 -0.04494527 -0.11664699
  0.17900231  0.43321252 -0.32603412  0.23261827 -0.10753231 -0.62001214
  0.1025743   0.1457642  -0.47000392  0.20491972  0.26087547 -0.64587676
 -0.0189886   0.38261001  0.02747755  0.03808002 -0.55177921  0.53532151
  0.55242379  0.5638725   0.64297175  0.23323837 -0.16893468  0.57247516
 -0.17481303  0.41607599 -0.61536822  0.12006255  0.34374482 -0.6264985
 -0.00945033 -0.22914979  0.07063091 -0.29741239  0.27770189 -0.48758911
 -0.30092089 -0.82399657 -0.50243486 -0.22665906 -0.19766279]
4043,[ 0.20446578  0.10646591 -0.10199486  0.13396395  0.37178632  0.08701285
 -0.04134451  0.64813642  0.34855779 -0.52998264 -0.04494514 -0.11664603
  0.17900184  0.43321342 -0.32603414  0.23261902 -0.10753184 -0.62001186
  0.1025738   0.14576473 -0.470004    0.20491924  0.2608753  -0.64587751
 -0.01898937  0.38260963  0.02747894  0.03807956 -0.55177982  0.53532277
  0.55242258  0.56387282  0.6429723   0.23323839 -0.16893421  0.57247529
 -0.17481354  0.41607565 -0.61536801  0.120062    0.34374494 -0.62649757
 -0.0094514  -0.22914988  0.07063028 -0.29741258  0.27770257 -0.4875876
 -0.30092175 -0.82399647 -0.50243521 -0.22665893 -0.19766304]
4044,[ 0.20446667  0.10646626 -0.10199714  0.13396444  0.37178682  0.08701231
 -0.04134371  0.64813557  0.34855691 -0.52998227 -0.04494501 -0.11664508
  0.17900137  0.43321431 -0.32603417  0.23261977 -0.10753136 -0.62001157
  0.10257329  0.14576526 -0.47000408  0.20491876  0.26087514 -0.64587826
 -0.01899014  0.38260926  0.02748032  0.03807909 -0.55178043  0.53532402
  0.55242137  0.56387315  0.64297286  0.23323841 -0.16893374  0.57247543
 -0.17481406  0.41607531 -0.61536779  0.12006145  0.34374507 -0.62649664
 -0.00945247 -0.22914997  0.07062965 -0.29741277  0.27770324 -0.4875861
 -0.30092261 -0.82399636 -0.50243556 -0.2266588  -0.19766329]
4045,[ 0.20446756  0.10646662 -0.10199941  0.13396493  0.37178733  0.08701176
 -0.04134291  0.64813472  0.34855604 -0.5299819  -0.04494488 -0.11664413
  0.1790009   0.43321521 -0.3260342   0.23262051 -0.10753089 -0.62001129
  0.10257279  0.1457658  -0.47000415  0.20491829  0.26087498 -0.64587901
 -0.01899091  0.38260889  0.02748171  0.03807863 -0.55178104  0.53532528
  0.55242016  0.56387348  0.64297341  0.23323843 -0.16893328  0.57247556
 -0.17481457  0.41607498 -0.61536758  0.1200609   0.34374519 -0.62649572
 -0.00945354 -0.22915006  0.07062902 -0.29741295  0.27770392 -0.48758459
 -0.30092347 -0.82399626 -0.5024359  -0.22665867 -0.19766353]
4046,[ 0.20446845  0.10646698 -0.10200168  0.13396542  0.37178784  0.08701122
 -0.04134212  0.64813387  0.34855516 -0.52998153 -0.04494475 -0.11664317
  0.17900043  0.4332161  -0.32603423  0.23262126 -0.10753042 -0.62001101
  0.10257229  0.14576633 -0.47000423  0.20491781  0.26087482 -0.64587976
 -0.01899168  0.38260852  0.02748309  0.03807817 -0.55178165  0.53532653
  0.55241896  0.5638738   0.64297397  0.23323846 -0.16893281  0.57247569
 -0.17481508  0.41607464 -0.61536736  0.12006035  0.34374531 -0.62649479
 -0.0094546  -0.22915015  0.07062839 -0.29741314  0.27770459 -0.48758309
 -0.30092433 -0.82399615 -0.50243625 -0.22665854 -0.19766378]
4047,[ 0.20446933  0.10646734 -0.10200395  0.13396591  0.37178835  0.08701068
 -0.04134132  0.64813302  0.34855428 -0.52998116 -0.04494462 -0.11664222
  0.17899996  0.433217   -0.32603425  0.23262201 -0.10752994 -0.62001072
  0.10257178  0.14576686 -0.47000431  0.20491734  0.26087466 -0.64588051
 -0.01899245  0.38260815  0.02748447  0.03807771 -0.55178226  0.53532778
  0.55241775  0.56387413  0.64297452  0.23323848 -0.16893234  0.57247582
 -0.17481558  0.4160743  -0.61536715  0.12005981  0.34374544 -0.62649387
 -0.00945567 -0.22915024  0.07062776 -0.29741332  0.27770526 -0.48758159
 -0.30092519 -0.82399605 -0.5024366  -0.22665841 -0.19766402]
4048,[ 0.20447022  0.10646769 -0.10200622  0.1339664   0.37178885  0.08701013
 -0.04134053  0.64813218  0.34855341 -0.5299808  -0.0449445  -0.11664127
  0.17899949  0.43321789 -0.32603428  0.23262275 -0.10752947 -0.62001044
  0.10257128  0.14576739 -0.47000439  0.20491686  0.2608745  -0.64588125
 -0.01899322  0.38260778  0.02748585  0.03807725 -0.55178287  0.53532904
  0.55241655  0.56387445  0.64297507  0.2332385  -0.16893187  0.57247595
 -0.17481609  0.41607396 -0.61536694  0.12005926  0.34374556 -0.62649295
 -0.00945673 -0.22915033  0.07062713 -0.29741351  0.27770593 -0.48758009
 -0.30092605 -0.82399595 -0.50243695 -0.22665828 -0.19766427]
4049,[ 0.2044711   0.10646805 -0.10200849  0.13396689  0.37178936  0.08700959
 -0.04133973  0.64813133  0.34855253 -0.52998043 -0.04494437 -0.11664032
  0.17899902  0.43321878 -0.32603431  0.23262349 -0.107529   -0.62001016
  0.10257078  0.14576792 -0.47000446  0.20491639  0.26087434 -0.645882
 -0.01899399  0.38260741  0.02748723  0.03807679 -0.55178348  0.53533028
  0.55241535  0.56387478  0.64297563  0.23323853 -0.16893141  0.57247608
 -0.1748166   0.41607363 -0.61536672  0.12005871  0.34374568 -0.62649202
 -0.00945779 -0.22915042  0.0706265  -0.29741369  0.27770661 -0.48757859
 -0.3009269  -0.82399584 -0.5024373  -0.22665815 -0.19766451]
4050,[ 0.20447199  0.1064684  -0.10201075  0.13396738  0.37178986  0.08700905
 -0.04133894  0.64813049  0.34855166 -0.52998006 -0.04494424 -0.11663937
  0.17899856  0.43321967 -0.32603433  0.23262424 -0.10752853 -0.62000988
  0.10257028  0.14576845 -0.47000454  0.20491592  0.26087418 -0.64588274
 -0.01899475  0.38260704  0.0274886   0.03807633 -0.55178409  0.53533153
  0.55241414  0.5638751   0.64297618  0.23323855 -0.16893094  0.57247621
 -0.17481711  0.41607329 -0.61536651  0.12005817  0.3437458  -0.6264911
 -0.00945885 -0.22915051  0.07062587 -0.29741388  0.27770728 -0.48757709
 -0.30092776 -0.82399574 -0.50243765 -0.22665802 -0.19766476]
4051,[ 0.20447287  0.10646876 -0.10201301  0.13396787  0.37179036  0.08700851
 -0.04133815  0.64812964  0.34855079 -0.52997969 -0.04494411 -0.11663843
  0.17899809  0.43322056 -0.32603436  0.23262498 -0.10752806 -0.6200096
  0.10256978  0.14576898 -0.47000462  0.20491544  0.26087402 -0.64588349
 -0.01899552  0.38260668  0.02748998  0.03807587 -0.5517847   0.53533278
  0.55241295  0.56387543  0.64297673  0.23323857 -0.16893048  0.57247634
 -0.17481761  0.41607296 -0.6153663   0.12005762  0.34374593 -0.62649018
 -0.00945991 -0.2291506   0.07062525 -0.29741406  0.27770795 -0.4875756
 -0.30092861 -0.82399563 -0.50243799 -0.22665789 -0.197665  ]
4052,[ 0.20447375  0.10646911 -0.10201527  0.13396835  0.37179087  0.08700797
 -0.04133736  0.6481288   0.34854992 -0.52997933 -0.04494398 -0.11663748
  0.17899762  0.43322145 -0.32603439  0.23262572 -0.10752759 -0.62000931
  0.10256928  0.14576951 -0.47000469  0.20491497  0.26087387 -0.64588423
 -0.01899628  0.38260631  0.02749135  0.03807541 -0.5517853   0.53533402
  0.55241175  0.56387575  0.64297728  0.23323859 -0.16893001  0.57247648
 -0.17481812  0.41607262 -0.61536608  0.12005708  0.34374605 -0.62648926
 -0.00946097 -0.22915069  0.07062462 -0.29741425  0.27770861 -0.4875741
 -0.30092947 -0.82399553 -0.50243834 -0.22665776 -0.19766525]
4053,[ 0.20447463  0.10646947 -0.10201752  0.13396884  0.37179137  0.08700743
 -0.04133657  0.64812796  0.34854905 -0.52997896 -0.04494386 -0.11663654
  0.17899716  0.43322234 -0.32603442  0.23262646 -0.10752712 -0.62000903
  0.10256878  0.14577004 -0.47000477  0.2049145   0.26087371 -0.64588497
 -0.01899705  0.38260594  0.02749272  0.03807495 -0.55178591  0.53533527
  0.55241055  0.56387607  0.64297783  0.23323862 -0.16892955  0.57247661
 -0.17481863  0.41607229 -0.61536587  0.12005653  0.34374617 -0.62648835
 -0.00946203 -0.22915078  0.070624   -0.29741443  0.27770928 -0.48757261
 -0.30093032 -0.82399543 -0.50243869 -0.22665763 -0.19766549]
4054,[ 0.20447551  0.10646982 -0.10201977  0.13396933  0.37179187  0.08700689
 -0.04133578  0.64812711  0.34854818 -0.52997859 -0.04494373 -0.11663559
  0.17899669  0.43322323 -0.32603444  0.2326272  -0.10752665 -0.62000875
  0.10256828  0.14577057 -0.47000485  0.20491403  0.26087355 -0.64588571
 -0.01899781  0.38260557  0.02749409  0.03807449 -0.55178651  0.53533651
  0.55240936  0.5638764   0.64297838  0.23323864 -0.16892909  0.57247674
 -0.17481913  0.41607195 -0.61536566  0.12005599  0.34374629 -0.62648743
 -0.00946308 -0.22915087  0.07062337 -0.29741462  0.27770995 -0.48757112
 -0.30093117 -0.82399532 -0.50243903 -0.22665751 -0.19766573]
4055,[ 0.20447638  0.10647017 -0.10202202  0.13396981  0.37179237  0.08700636
 -0.04133499  0.64812627  0.34854731 -0.52997823 -0.0449436  -0.11663465
  0.17899623  0.43322411 -0.32603447  0.23262794 -0.10752618 -0.62000847
  0.10256778  0.14577109 -0.47000493  0.20491356  0.26087339 -0.64588645
 -0.01899857  0.38260521  0.02749546  0.03807403 -0.55178712  0.53533775
  0.55240816  0.56387672  0.64297893  0.23323866 -0.16892862  0.57247687
 -0.17481964  0.41607162 -0.61536544  0.12005545  0.34374641 -0.62648651
 -0.00946414 -0.22915096  0.07062275 -0.2974148   0.27771062 -0.48756963
 -0.30093202 -0.82399522 -0.50243938 -0.22665738 -0.19766598]
4056,[ 0.20447726  0.10647053 -0.10202427  0.1339703   0.37179288  0.08700582
 -0.0413342   0.64812543  0.34854645 -0.52997786 -0.04494347 -0.11663371
  0.17899576  0.433225   -0.3260345   0.23262868 -0.10752572 -0.62000819
  0.10256729  0.14577162 -0.470005    0.20491309  0.26087323 -0.64588719
 -0.01899933  0.38260484  0.02749683  0.03807358 -0.55178772  0.53533899
  0.55240697  0.56387704  0.64297948  0.23323869 -0.16892816  0.572477
 -0.17482014  0.41607129 -0.61536523  0.12005491  0.34374653 -0.6264856
 -0.00946519 -0.22915105  0.07062213 -0.29741498  0.27771128 -0.48756815
 -0.30093287 -0.82399512 -0.50243972 -0.22665725 -0.19766622]
4057,[ 0.20447814  0.10647088 -0.10202651  0.13397078  0.37179338  0.08700528
 -0.04133342  0.64812459  0.34854558 -0.5299775  -0.04494335 -0.11663277
  0.1789953   0.43322588 -0.32603453  0.23262942 -0.10752525 -0.62000791
  0.10256679  0.14577215 -0.47000508  0.20491262  0.26087307 -0.64588793
 -0.01900009  0.38260447  0.02749819  0.03807312 -0.55178832  0.53534023
  0.55240578  0.56387736  0.64298002  0.23323871 -0.1689277   0.57247713
 -0.17482064  0.41607095 -0.61536502  0.12005437  0.34374666 -0.62648468
 -0.00946625 -0.22915114  0.07062151 -0.29741517  0.27771195 -0.48756666
 -0.30093372 -0.82399501 -0.50244007 -0.22665712 -0.19766646]
4058,[ 0.20447901  0.10647123 -0.10202876  0.13397127  0.37179388  0.08700475
 -0.04133263  0.64812376  0.34854471 -0.52997713 -0.04494322 -0.11663183
  0.17899483  0.43322677 -0.32603455  0.23263015 -0.10752478 -0.62000763
  0.10256629  0.14577267 -0.47000516  0.20491215  0.26087291 -0.64588867
 -0.01900085  0.38260411  0.02749955  0.03807266 -0.55178893  0.53534146
  0.55240459  0.56387769  0.64298057  0.23323873 -0.16892724  0.57247726
 -0.17482115  0.41607062 -0.61536481  0.12005383  0.34374678 -0.62648377
 -0.0094673  -0.22915123  0.07062088 -0.29741535  0.27771261 -0.48756518
 -0.30093457 -0.82399491 -0.50244041 -0.22665699 -0.19766671]
4059,[ 0.20447989  0.10647158 -0.102031    0.13397175  0.37179438  0.08700421
 -0.04133185  0.64812292  0.34854385 -0.52997677 -0.04494309 -0.11663089
  0.17899437  0.43322765 -0.32603458  0.23263089 -0.10752432 -0.62000735
  0.1025658   0.14577319 -0.47000523  0.20491168  0.26087276 -0.64588941
 -0.01900161  0.38260374  0.02750092  0.03807221 -0.55178953  0.5353427
  0.5524034   0.56387801  0.64298112  0.23323875 -0.16892677  0.57247738
 -0.17482165  0.41607029 -0.6153646   0.12005329  0.3437469  -0.62648286
 -0.00946835 -0.22915132  0.07062026 -0.29741553  0.27771328 -0.4875637
 -0.30093542 -0.82399481 -0.50244076 -0.22665686 -0.19766695]
4060,[ 0.20448076  0.10647193 -0.10203323  0.13397223  0.37179487  0.08700367
 -0.04133106  0.64812208  0.34854299 -0.52997641 -0.04494297 -0.11662995
  0.17899391  0.43322853 -0.32603461  0.23263162 -0.10752385 -0.62000707
  0.1025653   0.14577372 -0.47000531  0.20491121  0.2608726  -0.64589015
 -0.01900237  0.38260338  0.02750228  0.03807175 -0.55179013  0.53534393
  0.55240221  0.56387833  0.64298166  0.23323878 -0.16892631  0.57247751
 -0.17482215  0.41606995 -0.61536439  0.12005275  0.34374702 -0.62648195
 -0.0094694  -0.22915141  0.07061964 -0.29741572  0.27771394 -0.48756222
 -0.30093626 -0.82399471 -0.5024411  -0.22665673 -0.19766719]
4061,[ 0.20448163  0.10647228 -0.10203547  0.13397272  0.37179537  0.08700314
 -0.04133028  0.64812125  0.34854212 -0.52997604 -0.04494284 -0.11662901
  0.17899345  0.43322941 -0.32603463  0.23263236 -0.10752339 -0.62000679
  0.10256481  0.14577424 -0.47000538  0.20491075  0.26087244 -0.64589088
 -0.01900313  0.38260301  0.02750364  0.0380713  -0.55179073  0.53534517
  0.55240103  0.56387865  0.64298221  0.2332388  -0.16892585  0.57247764
 -0.17482265  0.41606962 -0.61536418  0.12005221  0.34374714 -0.62648104
 -0.00947045 -0.2291515   0.07061903 -0.2974159   0.2777146  -0.48756074
 -0.30093711 -0.8239946  -0.50244144 -0.22665661 -0.19766743]
4062,[ 0.2044825   0.10647263 -0.1020377   0.1339732   0.37179587  0.08700261
 -0.0413295   0.64812042  0.34854126 -0.52997568 -0.04494271 -0.11662808
  0.17899298  0.43323029 -0.32603466  0.23263309 -0.10752292 -0.62000652
  0.10256431  0.14577477 -0.47000546  0.20491028  0.26087228 -0.64589162
 -0.01900388  0.38260265  0.02750499  0.03807085 -0.55179133  0.5353464
  0.55239984  0.56387897  0.64298275  0.23323882 -0.16892539  0.57247777
 -0.17482315  0.41606929 -0.61536397  0.12005167  0.34374726 -0.62648013
 -0.00947149 -0.22915159  0.07061841 -0.29741608  0.27771526 -0.48755926
 -0.30093795 -0.8239945  -0.50244179 -0.22665648 -0.19766767]
4063,[ 0.20448337  0.10647298 -0.10203993  0.13397368  0.37179637  0.08700207
 -0.04132871  0.64811958  0.3485404  -0.52997532 -0.04494259 -0.11662714
  0.17899252  0.43323117 -0.32603469  0.23263382 -0.10752246 -0.62000624
  0.10256382  0.14577529 -0.47000554  0.20490981  0.26087213 -0.64589235
 -0.01900464  0.38260229  0.02750635  0.03807039 -0.55179193  0.53534763
  0.55239866  0.56387929  0.6429833   0.23323884 -0.16892494  0.5724779
 -0.17482365  0.41606896 -0.61536376  0.12005113  0.34374738 -0.62647922
 -0.00947254 -0.22915168  0.07061779 -0.29741626  0.27771593 -0.48755779
 -0.30093879 -0.8239944  -0.50244213 -0.22665635 -0.19766792]
4064,[ 0.20448424  0.10647333 -0.10204216  0.13397416  0.37179686  0.08700154
 -0.04132793  0.64811875  0.34853954 -0.52997496 -0.04494246 -0.11662621
  0.17899206  0.43323204 -0.32603471  0.23263455 -0.10752199 -0.62000596
  0.10256333  0.14577581 -0.47000561  0.20490935  0.26087197 -0.64589308
 -0.01900539  0.38260192  0.0275077   0.03806994 -0.55179252  0.53534885
  0.55239748  0.56387961  0.64298384  0.23323887 -0.16892448  0.57247803
 -0.17482415  0.41606863 -0.61536355  0.12005059  0.3437475  -0.62647832
 -0.00947358 -0.22915177  0.07061717 -0.29741645  0.27771659 -0.48755631
 -0.30093964 -0.8239943  -0.50244247 -0.22665622 -0.19766816]
4065,[ 0.20448511  0.10647368 -0.10204438  0.13397464  0.37179736  0.08700101
 -0.04132715  0.64811792  0.34853869 -0.52997459 -0.04494234 -0.11662528
  0.1789916   0.43323292 -0.32603474  0.23263528 -0.10752153 -0.62000568
  0.10256283  0.14577633 -0.47000569  0.20490888  0.26087181 -0.64589382
 -0.01900614  0.38260156  0.02750906  0.03806949 -0.55179312  0.53535008
  0.5523963   0.56387993  0.64298438  0.23323889 -0.16892402  0.57247816
 -0.17482465  0.4160683  -0.61536334  0.12005006  0.34374762 -0.62647741
 -0.00947463 -0.22915186  0.07061656 -0.29741663  0.27771725 -0.48755484
 -0.30094048 -0.8239942  -0.50244281 -0.2266561  -0.1976684 ]
4066,[ 0.20448598  0.10647403 -0.1020466   0.13397512  0.37179786  0.08700048
 -0.04132638  0.64811709  0.34853783 -0.52997423 -0.04494221 -0.11662435
  0.17899114  0.43323379 -0.32603477  0.23263601 -0.10752107 -0.62000541
  0.10256234  0.14577685 -0.47000577  0.20490842  0.26087166 -0.64589455
 -0.0190069   0.3826012   0.02751041  0.03806903 -0.55179372  0.53535131
  0.55239512  0.56388024  0.64298492  0.23323891 -0.16892356  0.57247829
 -0.17482515  0.41606797 -0.61536313  0.12004952  0.34374774 -0.62647651
 -0.00947567 -0.22915195  0.07061594 -0.29741681  0.2777179  -0.48755337
 -0.30094132 -0.82399409 -0.50244315 -0.22665597 -0.19766864]
4067,[ 0.20448684  0.10647438 -0.10204882  0.1339756   0.37179835  0.08699995
 -0.0413256   0.64811626  0.34853697 -0.52997387 -0.04494209 -0.11662342
  0.17899069  0.43323467 -0.3260348   0.23263674 -0.10752061 -0.62000513
  0.10256185  0.14577737 -0.47000584  0.20490795  0.2608715  -0.64589528
 -0.01900765  0.38260084  0.02751176  0.03806858 -0.55179431  0.53535253
  0.55239394  0.56388056  0.64298547  0.23323893 -0.16892311  0.57247842
 -0.17482564  0.41606764 -0.61536292  0.12004899  0.34374786 -0.6264756
 -0.00947671 -0.22915204  0.07061532 -0.29741699  0.27771856 -0.4875519
 -0.30094216 -0.82399399 -0.50244349 -0.22665584 -0.19766888]
4068,[ 0.20448771  0.10647473 -0.10205104  0.13397608  0.37179885  0.08699942
 -0.04132482  0.64811543  0.34853612 -0.52997351 -0.04494196 -0.11662249
  0.17899023  0.43323554 -0.32603482  0.23263747 -0.10752014 -0.62000485
  0.10256136  0.14577789 -0.47000592  0.20490749  0.26087134 -0.64589601
 -0.0190084   0.38260048  0.02751311  0.03806813 -0.55179491  0.53535375
  0.55239277  0.56388088  0.64298601  0.23323896 -0.16892265  0.57247854
 -0.17482614  0.41606731 -0.61536271  0.12004845  0.34374798 -0.6264747
 -0.00947775 -0.22915212  0.07061471 -0.29741717  0.27771922 -0.48755044
 -0.30094299 -0.82399389 -0.50244384 -0.22665571 -0.19766912]
4069,[ 0.20448857  0.10647508 -0.10205325  0.13397656  0.37179934  0.08699889
 -0.04132404  0.6481146   0.34853526 -0.52997315 -0.04494183 -0.11662156
  0.17898977  0.43323641 -0.32603485  0.2326382  -0.10751968 -0.62000458
  0.10256087  0.14577841 -0.47000599  0.20490703  0.26087119 -0.64589674
 -0.01900915  0.38260012  0.02751445  0.03806768 -0.55179551  0.53535498
  0.55239159  0.5638812   0.64298655  0.23323898 -0.16892219  0.57247867
 -0.17482664  0.41606698 -0.6153625   0.12004792  0.3437481  -0.6264738
 -0.00947879 -0.22915221  0.0706141  -0.29741735  0.27771988 -0.48754897
 -0.30094383 -0.82399379 -0.50244418 -0.22665559 -0.19766936]
4070,[ 0.20448943  0.10647542 -0.10205546  0.13397704  0.37179983  0.08699836
 -0.04132327  0.64811378  0.34853441 -0.52997279 -0.04494171 -0.11662063
  0.17898931  0.43323728 -0.32603488  0.23263892 -0.10751922 -0.6200043
  0.10256038  0.14577893 -0.47000607  0.20490656  0.26087103 -0.64589747
 -0.0190099   0.38259975  0.0275158   0.03806723 -0.5517961   0.5353562
  0.55239042  0.56388152  0.64298709  0.233239   -0.16892174  0.5724788
 -0.17482713  0.41606665 -0.61536229  0.12004738  0.34374822 -0.6264729
 -0.00947982 -0.2291523   0.07061348 -0.29741754  0.27772053 -0.48754751
 -0.30094467 -0.82399369 -0.50244452 -0.22665546 -0.1976696 ]
4071,[ 0.2044903   0.10647577 -0.10205767  0.13397751  0.37180033  0.08699783
 -0.0413225   0.64811295  0.34853356 -0.52997243 -0.04494158 -0.11661971
  0.17898886  0.43323816 -0.3260349   0.23263965 -0.10751876 -0.62000403
  0.10255989  0.14577944 -0.47000614  0.2049061   0.26087087 -0.64589819
 -0.01901065  0.38259939  0.02751714  0.03806678 -0.55179669  0.53535741
  0.55238924  0.56388183  0.64298762  0.23323902 -0.16892128  0.57247893
 -0.17482763  0.41606633 -0.61536208  0.12004685  0.34374834 -0.626472
 -0.00948086 -0.22915239  0.07061287 -0.29741772  0.27772119 -0.48754605
 -0.3009455  -0.82399359 -0.50244485 -0.22665533 -0.19766983]
4072,[ 0.20449116  0.10647612 -0.10205988  0.13397799  0.37180082  0.0869973
 -0.04132172  0.64811213  0.3485327  -0.52997208 -0.04494146 -0.11661878
  0.1789884   0.43323902 -0.32603493  0.23264037 -0.1075183  -0.62000375
  0.1025594   0.14577996 -0.47000622  0.20490564  0.26087072 -0.64589892
 -0.01901139  0.38259903  0.02751848  0.03806633 -0.55179729  0.53535863
  0.55238807  0.56388215  0.64298816  0.23323905 -0.16892083  0.57247906
 -0.17482812  0.416066   -0.61536187  0.12004632  0.34374846 -0.6264711
 -0.00948189 -0.22915248  0.07061226 -0.2974179   0.27772184 -0.48754459
 -0.30094634 -0.82399349 -0.50244519 -0.22665521 -0.19767007]
4073,[ 0.20449202  0.10647646 -0.10206209  0.13397847  0.37180131  0.08699678
 -0.04132095  0.6481113   0.34853185 -0.52997172 -0.04494133 -0.11661786
  0.17898794  0.43323989 -0.32603496  0.2326411  -0.10751785 -0.62000348
  0.10255891  0.14578048 -0.47000629  0.20490518  0.26087056 -0.64589965
 -0.01901214  0.38259868  0.02751983  0.03806589 -0.55179788  0.53535985
  0.5523869   0.56388246  0.6429887   0.23323907 -0.16892037  0.57247918
 -0.17482862  0.41606567 -0.61536167  0.12004579  0.34374858 -0.6264702
 -0.00948293 -0.22915257  0.07061165 -0.29741808  0.27772249 -0.48754313
 -0.30094717 -0.82399338 -0.50244553 -0.22665508 -0.19767031]
4074,[ 0.20449288  0.10647681 -0.10206429  0.13397894  0.3718018   0.08699625
 -0.04132018  0.64811048  0.348531   -0.52997136 -0.04494121 -0.11661693
  0.17898749  0.43324076 -0.32603498  0.23264182 -0.10751739 -0.6200032
  0.10255843  0.14578099 -0.47000637  0.20490472  0.26087041 -0.64590037
 -0.01901289  0.38259832  0.02752116  0.03806544 -0.55179847  0.53536106
  0.55238573  0.56388278  0.64298924  0.23323909 -0.16891992  0.57247931
 -0.17482911  0.41606534 -0.61536146  0.12004526  0.3437487  -0.62646931
 -0.00948396 -0.22915265  0.07061104 -0.29741826  0.27772315 -0.48754167
 -0.300948   -0.82399328 -0.50244587 -0.22665496 -0.19767055]
4075,[ 0.20449374  0.10647716 -0.10206649  0.13397942  0.37180229  0.08699572
 -0.04131941  0.64810966  0.34853016 -0.529971   -0.04494109 -0.11661601
  0.17898703  0.43324163 -0.32603501  0.23264254 -0.10751693 -0.62000293
  0.10255794  0.14578151 -0.47000644  0.20490426  0.26087025 -0.64590109
 -0.01901363  0.38259796  0.0275225   0.03806499 -0.55179906  0.53536227
  0.55238457  0.5638831   0.64298977  0.23323911 -0.16891947  0.57247944
 -0.17482961  0.41606502 -0.61536125  0.12004473  0.34374882 -0.62646841
 -0.00948499 -0.22915274  0.07061043 -0.29741844  0.2777238  -0.48754022
 -0.30094884 -0.82399318 -0.50244621 -0.22665483 -0.19767079]
4076,[ 0.20449459  0.1064775  -0.10206868  0.13397989  0.37180278  0.0869952
 -0.04131864  0.64810884  0.34852931 -0.52997064 -0.04494096 -0.11661509
  0.17898658  0.43324249 -0.32603504  0.23264327 -0.10751647 -0.62000265
  0.10255745  0.14578202 -0.47000652  0.2049038   0.2608701  -0.64590182
 -0.01901437  0.3825976   0.02752384  0.03806454 -0.55179965  0.53536349
  0.5523834   0.56388341  0.64299031  0.23323914 -0.16891902  0.57247956
 -0.1748301   0.41606469 -0.61536104  0.1200442   0.34374894 -0.62646752
 -0.00948602 -0.22915283  0.07060982 -0.29741862  0.27772445 -0.48753876
 -0.30094967 -0.82399308 -0.50244655 -0.2266547  -0.19767103]
4077,[ 0.20449545  0.10647784 -0.10207088  0.13398036  0.37180327  0.08699467
 -0.04131787  0.64810802  0.34852846 -0.52997029 -0.04494084 -0.11661417
  0.17898613  0.43324336 -0.32603506  0.23264399 -0.10751602 -0.62000238
  0.10255697  0.14578254 -0.47000659  0.20490334  0.26086994 -0.64590254
 -0.01901512  0.38259724  0.02752517  0.0380641  -0.55180024  0.5353647
  0.55238224  0.56388373  0.64299085  0.23323916 -0.16891856  0.57247969
 -0.17483059  0.41606436 -0.61536084  0.12004367  0.34374905 -0.62646663
 -0.00948705 -0.22915292  0.07060921 -0.2974188   0.2777251  -0.48753731
 -0.3009505  -0.82399298 -0.50244688 -0.22665458 -0.19767126]
4078,[ 0.2044963   0.10647819 -0.10207307  0.13398084  0.37180376  0.08699415
 -0.0413171   0.6481072   0.34852761 -0.52996993 -0.04494071 -0.11661325
  0.17898567  0.43324422 -0.32603509  0.23264471 -0.10751556 -0.62000211
  0.10255648  0.14578305 -0.47000667  0.20490288  0.26086979 -0.64590326
 -0.01901586  0.38259688  0.02752651  0.03806365 -0.55180083  0.53536591
  0.55238107  0.56388404  0.64299138  0.23323918 -0.16891811  0.57247982
 -0.17483108  0.41606404 -0.61536063  0.12004314  0.34374917 -0.62646573
 -0.00948808 -0.22915301  0.07060861 -0.29741897  0.27772575 -0.48753586
 -0.30095133 -0.82399288 -0.50244722 -0.22665445 -0.1976715 ]
4079,[ 0.20449716  0.10647853 -0.10207526  0.13398131  0.37180425  0.08699363
 -0.04131633  0.64810638  0.34852677 -0.52996958 -0.04494059 -0.11661233
  0.17898522  0.43324508 -0.32603511  0.23264543 -0.1075151  -0.62000183
  0.102556    0.14578356 -0.47000674  0.20490242  0.26086963 -0.64590398
 -0.0190166   0.38259653  0.02752784  0.03806321 -0.55180142  0.53536711
  0.55237991  0.56388435  0.64299191  0.2332392  -0.16891766  0.57247995
 -0.17483157  0.41606371 -0.61536042  0.12004261  0.34374929 -0.62646484
 -0.00948911 -0.22915309  0.070608   -0.29741915  0.2777264  -0.48753441
 -0.30095215 -0.82399278 -0.50244756 -0.22665433 -0.19767174]
4080,[ 0.20449801  0.10647888 -0.10207745  0.13398178  0.37180473  0.0869931
 -0.04131557  0.64810556  0.34852593 -0.52996922 -0.04494047 -0.11661142
  0.17898477  0.43324594 -0.32603514  0.23264614 -0.10751465 -0.62000156
  0.10255551  0.14578408 -0.47000682  0.20490197  0.26086948 -0.6459047
 -0.01901734  0.38259617  0.02752917  0.03806276 -0.551802    0.53536832
  0.55237875  0.56388467  0.64299245  0.23323922 -0.16891721  0.57248007
 -0.17483206  0.41606339 -0.61536022  0.12004208  0.34374941 -0.62646395
 -0.00949013 -0.22915318  0.07060739 -0.29741933  0.27772705 -0.48753297
 -0.30095298 -0.82399268 -0.50244789 -0.2266542  -0.19767197]
4081,[ 0.20449887  0.10647922 -0.10207963  0.13398225  0.37180522  0.08699258
 -0.0413148   0.64810475  0.34852508 -0.52996887 -0.04494034 -0.1166105
  0.17898432  0.4332468  -0.32603517  0.23264686 -0.10751419 -0.62000129
  0.10255503  0.14578459 -0.47000689  0.20490151  0.26086933 -0.64590542
 -0.01901808  0.38259582  0.0275305   0.03806232 -0.55180259  0.53536953
  0.55237759  0.56388498  0.64299298  0.23323925 -0.16891676  0.5724802
 -0.17483255  0.41606307 -0.61536001  0.12004156  0.34374953 -0.62646306
 -0.00949116 -0.22915327  0.07060679 -0.29741951  0.27772769 -0.48753152
 -0.30095381 -0.82399258 -0.50244823 -0.22665408 -0.19767221]
4082,[ 0.20449972  0.10647956 -0.10208181  0.13398273  0.37180571  0.08699206
 -0.04131404  0.64810393  0.34852424 -0.52996851 -0.04494022 -0.11660959
  0.17898386  0.43324766 -0.32603519  0.23264758 -0.10751374 -0.62000102
  0.10255454  0.1457851  -0.47000697  0.20490105  0.26086917 -0.64590614
 -0.01901882  0.38259546  0.02753182  0.03806188 -0.55180318  0.53537073
  0.55237643  0.56388529  0.64299351  0.23323927 -0.16891631  0.57248032
 -0.17483304  0.41606274 -0.6153598   0.12004103  0.34374965 -0.62646217
 -0.00949218 -0.22915335  0.07060618 -0.29741969  0.27772834 -0.48753008
 -0.30095463 -0.82399248 -0.50244856 -0.22665395 -0.19767245]
4083,[ 0.20450057  0.1064799  -0.10208399  0.1339832   0.37180619  0.08699154
 -0.04131327  0.64810312  0.3485234  -0.52996816 -0.0449401  -0.11660867
  0.17898341  0.43324852 -0.32603522  0.23264829 -0.10751329 -0.62000074
  0.10255406  0.14578561 -0.47000704  0.2049006   0.26086902 -0.64590686
 -0.01901956  0.3825951   0.02753315  0.03806143 -0.55180376  0.53537193
  0.55237528  0.56388561  0.64299405  0.23323929 -0.16891586  0.57248045
 -0.17483353  0.41606242 -0.6153596   0.1200405   0.34374976 -0.62646129
 -0.0094932  -0.22915344  0.07060558 -0.29741987  0.27772899 -0.48752864
 -0.30095546 -0.82399238 -0.5024489  -0.22665383 -0.19767268]
4084,[ 0.20450142  0.10648025 -0.10208617  0.13398367  0.37180668  0.08699102
 -0.04131251  0.6481023   0.34852256 -0.5299678  -0.04493997 -0.11660776
  0.17898296  0.43324938 -0.32603525  0.23264901 -0.10751283 -0.62000047
  0.10255358  0.14578612 -0.47000712  0.20490014  0.26086887 -0.64590758
 -0.0190203   0.38259475  0.02753447  0.03806099 -0.55180435  0.53537313
  0.55237412  0.56388592  0.64299458  0.23323931 -0.16891542  0.57248058
 -0.17483402  0.41606209 -0.61535939  0.12003998  0.34374988 -0.6264604
 -0.00949422 -0.22915353  0.07060498 -0.29742005  0.27772963 -0.4875272
 -0.30095628 -0.82399228 -0.50244923 -0.2266537  -0.19767292]
4085,[ 0.20450227  0.10648059 -0.10208835  0.13398414  0.37180717  0.0869905
 -0.04131175  0.64810149  0.34852172 -0.52996745 -0.04493985 -0.11660685
  0.17898251  0.43325023 -0.32603527  0.23264972 -0.10751238 -0.6200002
  0.1025531   0.14578663 -0.47000719  0.20489969  0.26086871 -0.64590829
 -0.01902103  0.38259439  0.0275358   0.03806055 -0.55180493  0.53537433
  0.55237297  0.56388623  0.64299511  0.23323934 -0.16891497  0.5724807
 -0.17483451  0.41606177 -0.61535919  0.12003946  0.34375    -0.62645951
 -0.00949524 -0.22915362  0.07060437 -0.29742022  0.27773028 -0.48752576
 -0.3009571  -0.82399218 -0.50244957 -0.22665358 -0.19767315]
4086,[ 0.20450311  0.10648093 -0.10209052  0.13398461  0.37180765  0.08698998
 -0.04131098  0.64810068  0.34852088 -0.5299671  -0.04493973 -0.11660594
  0.17898207  0.43325109 -0.3260353   0.23265044 -0.10751193 -0.61999993
  0.10255262  0.14578714 -0.47000726  0.20489923  0.26086856 -0.64590901
 -0.01902177  0.38259404  0.02753712  0.03806011 -0.55180552  0.53537553
  0.55237182  0.56388654  0.64299564  0.23323936 -0.16891452  0.57248083
 -0.17483499  0.41606145 -0.61535898  0.12003893  0.34375012 -0.62645863
 -0.00949626 -0.2291537   0.07060377 -0.2974204   0.27773092 -0.48752432
 -0.30095792 -0.82399208 -0.5024499  -0.22665345 -0.19767339]
4087,[ 0.20450396  0.10648127 -0.10209269  0.13398507  0.37180813  0.08698946
 -0.04131022  0.64809987  0.34852005 -0.52996674 -0.0449396  -0.11660503
  0.17898162  0.43325194 -0.32603533  0.23265115 -0.10751148 -0.61999966
  0.10255214  0.14578765 -0.47000734  0.20489878  0.26086841 -0.64590972
 -0.0190225   0.38259369  0.02753844  0.03805966 -0.5518061   0.53537673
  0.55237066  0.56388685  0.64299617  0.23323938 -0.16891408  0.57248095
 -0.17483548  0.41606113 -0.61535878  0.12003841  0.34375023 -0.62645775
 -0.00949728 -0.22915379  0.07060317 -0.29742058  0.27773157 -0.48752288
 -0.30095874 -0.82399198 -0.50245023 -0.22665333 -0.19767362]
4088,[ 0.20450481  0.10648161 -0.10209486  0.13398554  0.37180862  0.08698894
 -0.04130946  0.64809906  0.34851921 -0.52996639 -0.04493948 -0.11660412
  0.17898117  0.4332528  -0.32603535  0.23265186 -0.10751103 -0.61999939
  0.10255166  0.14578815 -0.47000741  0.20489832  0.26086825 -0.64591044
 -0.01902324  0.38259333  0.02753976  0.03805922 -0.55180668  0.53537792
  0.55236951  0.56388716  0.64299669  0.2332394  -0.16891363  0.57248108
 -0.17483597  0.4160608  -0.61535857  0.12003789  0.34375035 -0.62645686
 -0.0094983  -0.22915388  0.07060257 -0.29742076  0.27773221 -0.48752145
 -0.30095956 -0.82399188 -0.50245057 -0.2266532  -0.19767386]
4089,[ 0.20450565  0.10648195 -0.10209702  0.13398601  0.3718091   0.08698842
 -0.04130871  0.64809825  0.34851837 -0.52996604 -0.04493936 -0.11660321
  0.17898072  0.43325365 -0.32603538  0.23265257 -0.10751058 -0.61999912
  0.10255118  0.14578866 -0.47000749  0.20489787  0.2608681  -0.64591115
 -0.01902397  0.38259298  0.02754107  0.03805878 -0.55180726  0.53537912
  0.55236836  0.56388747  0.64299722  0.23323942 -0.16891318  0.5724812
 -0.17483645  0.41606048 -0.61535837  0.12003736  0.34375047 -0.62645598
 -0.00949931 -0.22915396  0.07060197 -0.29742093  0.27773285 -0.48752002
 -0.30096038 -0.82399178 -0.5024509  -0.22665308 -0.19767409]
4090,[ 0.2045065   0.10648229 -0.10209918  0.13398648  0.37180958  0.08698791
 -0.04130795  0.64809744  0.34851754 -0.52996569 -0.04493924 -0.11660231
  0.17898027  0.4332545  -0.3260354   0.23265328 -0.10751013 -0.61999885
  0.1025507   0.14578917 -0.47000756  0.20489742  0.26086795 -0.64591186
 -0.0190247   0.38259263  0.02754239  0.03805834 -0.55180784  0.53538031
  0.55236722  0.56388778  0.64299775  0.23323945 -0.16891274  0.57248133
 -0.17483694  0.41606016 -0.61535817  0.12003684  0.34375059 -0.6264551
 -0.00950033 -0.22915405  0.07060137 -0.29742111  0.27773349 -0.48751859
 -0.3009612  -0.82399168 -0.50245123 -0.22665296 -0.19767433]
4091,[ 0.20450734  0.10648263 -0.10210134  0.13398694  0.37181006  0.08698739
 -0.04130719  0.64809664  0.34851671 -0.52996534 -0.04493911 -0.1166014
  0.17897983  0.43325535 -0.32603543  0.23265399 -0.10750968 -0.61999858
  0.10255022  0.14578967 -0.47000763  0.20489697  0.2608678  -0.64591257
 -0.01902544  0.38259228  0.0275437   0.0380579  -0.55180842  0.5353815
  0.55236607  0.56388809  0.64299828  0.23323947 -0.16891229  0.57248145
 -0.17483742  0.41605984 -0.61535796  0.12003632  0.3437507  -0.62645422
 -0.00950134 -0.22915414  0.07060077 -0.29742129  0.27773413 -0.48751716
 -0.30096202 -0.82399158 -0.50245156 -0.22665283 -0.19767456]
4092,[ 0.20450818  0.10648297 -0.1021035   0.13398741  0.37181054  0.08698687
 -0.04130643  0.64809583  0.34851587 -0.52996499 -0.04493899 -0.1166005
  0.17897938  0.4332562  -0.32603546  0.2326547  -0.10750923 -0.61999831
  0.10254974  0.14579018 -0.47000771  0.20489652  0.26086764 -0.64591328
 -0.01902617  0.38259192  0.02754502  0.03805747 -0.551809    0.53538269
  0.55236493  0.5638884   0.6429988   0.23323949 -0.16891185  0.57248158
 -0.17483791  0.41605952 -0.61535776  0.1200358   0.34375082 -0.62645335
 -0.00950235 -0.22915422  0.07060017 -0.29742146  0.27773477 -0.48751573
 -0.30096283 -0.82399149 -0.50245189 -0.22665271 -0.19767479]
4093,[ 0.20450902  0.10648331 -0.10210566  0.13398788  0.37181103  0.08698636
 -0.04130568  0.64809502  0.34851504 -0.52996464 -0.04493887 -0.11659959
  0.17897894  0.43325705 -0.32603548  0.23265541 -0.10750878 -0.61999804
  0.10254927  0.14579068 -0.47000778  0.20489607  0.26086749 -0.64591399
 -0.0190269   0.38259157  0.02754633  0.03805703 -0.55180958  0.53538388
  0.55236378  0.56388871  0.64299933  0.23323951 -0.16891141  0.5724817
 -0.17483839  0.4160592  -0.61535755  0.12003528  0.34375094 -0.62645247
 -0.00950336 -0.22915431  0.07059958 -0.29742164  0.27773541 -0.48751431
 -0.30096365 -0.82399139 -0.50245223 -0.22665259 -0.19767503]
4094,[ 0.20450986  0.10648364 -0.10210781  0.13398834  0.37181151  0.08698584
 -0.04130492  0.64809422  0.34851421 -0.52996429 -0.04493875 -0.11659869
  0.17897849  0.4332579  -0.32603551  0.23265612 -0.10750833 -0.61999777
  0.10254879  0.14579119 -0.47000786  0.20489561  0.26086734 -0.6459147
 -0.01902763  0.38259122  0.02754764  0.03805659 -0.55181016  0.53538507
  0.55236264  0.56388902  0.64299985  0.23323953 -0.16891096  0.57248183
 -0.17483887  0.41605888 -0.61535735  0.12003476  0.34375105 -0.62645159
 -0.00950437 -0.22915439  0.07059898 -0.29742182  0.27773605 -0.48751288
 -0.30096446 -0.82399129 -0.50245256 -0.22665246 -0.19767526]
4095,[ 0.2045107   0.10648398 -0.10210996  0.13398881  0.37181199  0.08698533
 -0.04130417  0.64809342  0.34851338 -0.52996394 -0.04493863 -0.11659779
  0.17897805  0.43325875 -0.32603553  0.23265682 -0.10750788 -0.61999751
  0.10254831  0.14579169 -0.47000793  0.20489517  0.26086719 -0.64591541
 -0.01902835  0.38259087  0.02754894  0.03805615 -0.55181074  0.53538625
  0.5523615   0.56388933  0.64300038  0.23323955 -0.16891052  0.57248195
 -0.17483935  0.41605856 -0.61535715  0.12003424  0.34375117 -0.62645072
 -0.00950538 -0.22915448  0.07059838 -0.29742199  0.27773669 -0.48751146
 -0.30096528 -0.82399119 -0.50245289 -0.22665234 -0.19767549]
4096,[ 0.20451154  0.10648432 -0.10211211  0.13398927  0.37181246  0.08698482
 -0.04130342  0.64809261  0.34851255 -0.52996359 -0.0449385  -0.11659689
  0.1789776   0.43325959 -0.32603556  0.23265753 -0.10750744 -0.61999724
  0.10254784  0.14579219 -0.470008    0.20489472  0.26086704 -0.64591612
 -0.01902908  0.38259052  0.02755025  0.03805572 -0.55181131  0.53538744
  0.55236036  0.56388964  0.6430009   0.23323958 -0.16891008  0.57248208
 -0.17483984  0.41605824 -0.61535695  0.12003373  0.34375128 -0.62644984
 -0.00950639 -0.22915457  0.07059779 -0.29742217  0.27773732 -0.48751004
 -0.30096609 -0.82399109 -0.50245322 -0.22665222 -0.19767572]
4097,[ 0.20451238  0.10648466 -0.10211425  0.13398973  0.37181294  0.0869843
 -0.04130267  0.64809181  0.34851172 -0.52996324 -0.04493838 -0.11659599
  0.17897716  0.43326044 -0.32603559  0.23265823 -0.10750699 -0.61999697
  0.10254736  0.1457927  -0.47000808  0.20489427  0.26086688 -0.64591682
 -0.01902981  0.38259017  0.02755155  0.03805528 -0.55181189  0.53538862
  0.55235922  0.56388995  0.64300143  0.2332396  -0.16890964  0.5724822
 -0.17484032  0.41605792 -0.61535674  0.12003321  0.3437514  -0.62644897
 -0.00950739 -0.22915465  0.07059719 -0.29742234  0.27773796 -0.48750862
 -0.3009669  -0.82399099 -0.50245355 -0.22665209 -0.19767596]
4098,[ 0.20451321  0.10648499 -0.1021164   0.1339902   0.37181342  0.08698379
 -0.04130191  0.64809101  0.3485109  -0.52996289 -0.04493826 -0.11659509
  0.17897672  0.43326128 -0.32603561  0.23265894 -0.10750654 -0.6199967
  0.10254689  0.1457932  -0.47000815  0.20489382  0.26086673 -0.64591753
 -0.01903053  0.38258982  0.02755286  0.03805484 -0.55181247  0.5353898
  0.55235808  0.56389025  0.64300195  0.23323962 -0.16890919  0.57248232
 -0.1748408   0.41605761 -0.61535654  0.12003269  0.34375152 -0.6264481
 -0.0095084  -0.22915474  0.0705966  -0.29742252  0.27773859 -0.4875072
 -0.30096771 -0.82399089 -0.50245388 -0.22665197 -0.19767619]
4099,[ 0.20451405  0.10648533 -0.10211854  0.13399066  0.3718139   0.08698328
 -0.04130116  0.64809021  0.34851007 -0.52996254 -0.04493814 -0.11659419
  0.17897627  0.43326213 -0.32603564  0.23265964 -0.1075061  -0.61999644
  0.10254641  0.1457937  -0.47000822  0.20489337  0.26086658 -0.64591823
 -0.01903126  0.38258947  0.02755416  0.03805441 -0.55181304  0.53539098
  0.55235695  0.56389056  0.64300247  0.23323964 -0.16890875  0.57248245
 -0.17484128  0.41605729 -0.61535634  0.12003217  0.34375163 -0.62644722
 -0.0095094  -0.22915482  0.07059601 -0.29742269  0.27773923 -0.48750578
 -0.30096852 -0.8239908  -0.5024542  -0.22665185 -0.19767642]
4100,[ 0.20451488  0.10648566 -0.10212068  0.13399112  0.37181438  0.08698277
 -0.04130042  0.64808941  0.34850925 -0.5299622  -0.04493802 -0.1165933
  0.17897583  0.43326297 -0.32603566  0.23266034 -0.10750565 -0.61999617
  0.10254594  0.1457942  -0.47000829  0.20489292  0.26086643 -0.64591894
 -0.01903198  0.38258912  0.02755546  0.03805397 -0.55181362  0.53539216
  0.55235581  0.56389087  0.64300299  0.23323966 -0.16890831  0.57248257
 -0.17484176  0.41605697 -0.61535614  0.12003166  0.34375175 -0.62644635
 -0.00951041 -0.22915491  0.07059541 -0.29742287  0.27773986 -0.48750437
 -0.30096933 -0.8239907  -0.50245453 -0.22665173 -0.19767665]
4101,[ 0.20451572  0.106486   -0.10212281  0.13399158  0.37181485  0.08698226
 -0.04129967  0.64808861  0.34850842 -0.52996185 -0.0449379  -0.1165924
  0.17897539  0.43326381 -0.32603569  0.23266104 -0.10750521 -0.6199959
  0.10254547  0.1457947  -0.47000837  0.20489248  0.26086628 -0.64591964
 -0.01903271  0.38258878  0.02755676  0.03805354 -0.55181419  0.53539334
  0.55235468  0.56389117  0.64300351  0.23323968 -0.16890787  0.5724827
 -0.17484224  0.41605665 -0.61535594  0.12003114  0.34375186 -0.62644548
 -0.00951141 -0.22915499  0.07059482 -0.29742304  0.2777405  -0.48750296
 -0.30097014 -0.8239906  -0.50245486 -0.2266516  -0.19767688]
4102,[ 0.20451655  0.10648634 -0.10212495  0.13399204  0.37181533  0.08698175
 -0.04129892  0.64808782  0.3485076  -0.5299615  -0.04493778 -0.11659151
  0.17897495  0.43326465 -0.32603572  0.23266175 -0.10750476 -0.61999564
  0.102545    0.1457952  -0.47000844  0.20489203  0.26086613 -0.64592034
 -0.01903343  0.38258843  0.02755806  0.0380531  -0.55181476  0.53539452
  0.55235355  0.56389148  0.64300404  0.23323971 -0.16890743  0.57248282
 -0.17484271  0.41605634 -0.61535573  0.12003063  0.34375198 -0.62644462
 -0.00951241 -0.22915508  0.07059423 -0.29742322  0.27774113 -0.48750154
 -0.30097094 -0.8239905  -0.50245519 -0.22665148 -0.19767711]
4103,[ 0.20451738  0.10648667 -0.10212708  0.1339925   0.3718158   0.08698124
 -0.04129817  0.64808702  0.34850678 -0.52996116 -0.04493766 -0.11659061
  0.17897451  0.43326549 -0.32603574  0.23266245 -0.10750432 -0.61999537
  0.10254452  0.1457957  -0.47000851  0.20489158  0.26086598 -0.64592104
 -0.01903415  0.38258808  0.02755935  0.03805267 -0.55181534  0.53539569
  0.55235242  0.56389178  0.64300455  0.23323973 -0.168907    0.57248294
 -0.17484319  0.41605602 -0.61535553  0.12003012  0.34375209 -0.62644375
 -0.00951341 -0.22915516  0.07059364 -0.29742339  0.27774176 -0.48750013
 -0.30097175 -0.8239904  -0.50245552 -0.22665136 -0.19767734]
4104,[ 0.20451821  0.106487   -0.10212921  0.13399296  0.37181628  0.08698073
 -0.04129743  0.64808622  0.34850595 -0.52996081 -0.04493754 -0.11658972
  0.17897407  0.43326633 -0.32603577  0.23266314 -0.10750388 -0.61999511
  0.10254405  0.1457962  -0.47000859  0.20489114  0.26086583 -0.64592175
 -0.01903487  0.38258773  0.02756065  0.03805224 -0.55181591  0.53539687
  0.55235129  0.56389209  0.64300507  0.23323975 -0.16890656  0.57248307
 -0.17484367  0.4160557  -0.61535533  0.1200296   0.34375221 -0.62644288
 -0.00951441 -0.22915525  0.07059305 -0.29742357  0.27774239 -0.48749873
 -0.30097255 -0.82399031 -0.50245584 -0.22665124 -0.19767757]
4105,[ 0.20451904  0.10648734 -0.10213133  0.13399342  0.37181675  0.08698022
 -0.04129668  0.64808543  0.34850513 -0.52996046 -0.04493742 -0.11658883
  0.17897363  0.43326716 -0.32603579  0.23266384 -0.10750343 -0.61999484
  0.10254358  0.1457967  -0.47000866  0.20489069  0.26086568 -0.64592245
 -0.01903559  0.38258739  0.02756194  0.03805181 -0.55181648  0.53539804
  0.55235016  0.56389239  0.64300559  0.23323977 -0.16890612  0.57248319
 -0.17484415  0.41605539 -0.61535513  0.12002909  0.34375232 -0.62644202
 -0.0095154  -0.22915533  0.07059246 -0.29742374  0.27774302 -0.48749732
 -0.30097336 -0.82399021 -0.50245617 -0.22665111 -0.1976778 ]
4106,[ 0.20451987  0.10648767 -0.10213346  0.13399388  0.37181723  0.08697971
 -0.04129594  0.64808464  0.34850431 -0.52996012 -0.0449373  -0.11658794
  0.17897319  0.433268   -0.32603582  0.23266454 -0.10750299 -0.61999458
  0.10254311  0.14579719 -0.47000873  0.20489025  0.26086553 -0.64592314
 -0.01903631  0.38258704  0.02756323  0.03805137 -0.55181705  0.53539921
  0.55234903  0.5638927   0.64300611  0.23323979 -0.16890568  0.57248331
 -0.17484462  0.41605507 -0.61535493  0.12002858  0.34375244 -0.62644115
 -0.0095164  -0.22915542  0.07059187 -0.29742391  0.27774365 -0.48749591
 -0.30097416 -0.82399011 -0.5024565  -0.22665099 -0.19767803]
4107,[ 0.2045207   0.10648801 -0.10213558  0.13399434  0.3718177   0.0869792
 -0.04129519  0.64808384  0.3485035  -0.52995977 -0.04493718 -0.11658705
  0.17897275  0.43326884 -0.32603584  0.23266524 -0.10750255 -0.61999431
  0.10254264  0.14579769 -0.4700088   0.20488981  0.26086538 -0.64592384
 -0.01903703  0.3825867   0.02756452  0.03805094 -0.55181762  0.53540038
  0.5523479   0.563893    0.64300663  0.23323981 -0.16890525  0.57248343
 -0.1748451   0.41605476 -0.61535473  0.12002807  0.34375255 -0.62644029
 -0.0095174  -0.2291555   0.07059129 -0.29742409  0.27774428 -0.48749451
 -0.30097496 -0.82399001 -0.50245682 -0.22665087 -0.19767826]
4108,[ 0.20452152  0.10648834 -0.1021377   0.1339948   0.37181817  0.0869787
 -0.04129445  0.64808305  0.34850268 -0.52995943 -0.04493706 -0.11658616
  0.17897231  0.43326967 -0.32603587  0.23266593 -0.10750211 -0.61999405
  0.10254217  0.14579819 -0.47000888  0.20488936  0.26086523 -0.64592454
 -0.01903775  0.38258635  0.02756581  0.03805051 -0.55181819  0.53540155
  0.55234678  0.56389331  0.64300715  0.23323984 -0.16890481  0.57248356
 -0.17484557  0.41605444 -0.61535453  0.12002755  0.34375267 -0.62643943
 -0.00951839 -0.22915559  0.0705907  -0.29742426  0.27774491 -0.48749311
 -0.30097576 -0.82398992 -0.50245715 -0.22665075 -0.19767849]
4109,[ 0.20452235  0.10648867 -0.10213981  0.13399525  0.37181864  0.08697819
 -0.04129371  0.64808226  0.34850186 -0.52995909 -0.04493694 -0.11658528
  0.17897187  0.4332705  -0.3260359   0.23266663 -0.10750167 -0.61999378
  0.1025417   0.14579868 -0.47000895  0.20488892  0.26086508 -0.64592524
 -0.01903847  0.38258601  0.0275671   0.03805008 -0.55181876  0.53540272
  0.55234566  0.56389361  0.64300766  0.23323986 -0.16890437  0.57248368
 -0.17484605  0.41605413 -0.61535433  0.12002704  0.34375278 -0.62643856
 -0.00951938 -0.22915567  0.07059011 -0.29742443  0.27774553 -0.48749171
 -0.30097657 -0.82398982 -0.50245747 -0.22665063 -0.19767872]
4110,[ 0.20452318  0.106489   -0.10214193  0.13399571  0.37181911  0.08697769
 -0.04129297  0.64808147  0.34850105 -0.52995874 -0.04493682 -0.11658439
  0.17897144  0.43327134 -0.32603592  0.23266732 -0.10750123 -0.61999352
  0.10254124  0.14579918 -0.47000902  0.20488848  0.26086493 -0.64592593
 -0.01903918  0.38258566  0.02756839  0.03804965 -0.55181932  0.53540389
  0.55234453  0.56389391  0.64300818  0.23323988 -0.16890394  0.5724838
 -0.17484652  0.41605382 -0.61535413  0.12002653  0.3437529  -0.6264377
 -0.00952037 -0.22915576  0.07058953 -0.29742461  0.27774616 -0.48749031
 -0.30097736 -0.82398972 -0.5024578  -0.22665051 -0.19767895]
4111,[ 0.204524    0.10648933 -0.10214404  0.13399617  0.37181959  0.08697718
 -0.04129223  0.64808068  0.34850023 -0.5299584  -0.0449367  -0.1165835
  0.178971    0.43327217 -0.32603595  0.23266802 -0.10750079 -0.61999326
  0.10254077  0.14579967 -0.47000909  0.20488804  0.26086478 -0.64592663
 -0.0190399   0.38258532  0.02756967  0.03804922 -0.55181989  0.53540505
  0.55234341  0.56389422  0.64300869  0.2332399  -0.1689035   0.57248392
 -0.174847    0.4160535  -0.61535393  0.12002602  0.34375301 -0.62643684
 -0.00952136 -0.22915584  0.07058894 -0.29742478  0.27774679 -0.48748891
 -0.30097816 -0.82398963 -0.50245812 -0.22665039 -0.19767918]
4112,[ 0.20452482  0.10648967 -0.10214615  0.13399662  0.37182006  0.08697668
 -0.04129149  0.64807989  0.34849942 -0.52995806 -0.04493658 -0.11658262
  0.17897057  0.433273   -0.32603597  0.23266871 -0.10750035 -0.61999299
  0.1025403   0.14580017 -0.47000916  0.2048876   0.26086464 -0.64592732
 -0.01904061  0.38258497  0.02757095  0.03804879 -0.55182046  0.53540621
  0.55234229  0.56389452  0.64300921  0.23323992 -0.16890307  0.57248405
 -0.17484747  0.41605319 -0.61535373  0.12002552  0.34375312 -0.62643598
 -0.00952235 -0.22915593  0.07058836 -0.29742495  0.27774741 -0.48748752
 -0.30097896 -0.82398953 -0.50245845 -0.22665027 -0.19767941]
4113,[ 0.20452565  0.10649    -0.10214826  0.13399708  0.37182053  0.08697617
 -0.04129075  0.64807911  0.3484986  -0.52995771 -0.04493646 -0.11658174
  0.17897013  0.43327383 -0.326036    0.2326694  -0.10749991 -0.61999273
  0.10253983  0.14580066 -0.47000924  0.20488715  0.26086449 -0.64592802
 -0.01904133  0.38258463  0.02757224  0.03804836 -0.55182102  0.53540738
  0.55234118  0.56389482  0.64300972  0.23323994 -0.16890264  0.57248417
 -0.17484794  0.41605288 -0.61535354  0.12002501  0.34375324 -0.62643513
 -0.00952334 -0.22915601  0.07058777 -0.29742512  0.27774804 -0.48748612
 -0.30097976 -0.82398943 -0.50245877 -0.22665015 -0.19767964]
4114,[ 0.20452647  0.10649033 -0.10215036  0.13399753  0.371821    0.08697567
 -0.04129001  0.64807832  0.34849779 -0.52995737 -0.04493634 -0.11658085
  0.17896969  0.43327466 -0.32603602  0.23267009 -0.10749947 -0.61999247
  0.10253937  0.14580115 -0.47000931  0.20488671  0.26086434 -0.64592871
 -0.01904204  0.38258429  0.02757352  0.03804794 -0.55182159  0.53540854
  0.55234006  0.56389512  0.64301024  0.23323996 -0.1689022   0.57248429
 -0.17484841  0.41605256 -0.61535334  0.1200245   0.34375335 -0.62643427
 -0.00952433 -0.2291561   0.07058719 -0.2974253   0.27774866 -0.48748473
 -0.30098055 -0.82398934 -0.50245909 -0.22665002 -0.19767986]
4115,[ 0.20452729  0.10649066 -0.10215247  0.13399799  0.37182146  0.08697517
 -0.04128927  0.64807753  0.34849698 -0.52995703 -0.04493622 -0.11657997
  0.17896926  0.43327549 -0.32603605  0.23267078 -0.10749904 -0.61999221
  0.1025389   0.14580165 -0.47000938  0.20488627  0.26086419 -0.6459294
 -0.01904275  0.38258394  0.02757479  0.03804751 -0.55182216  0.5354097
  0.55233894  0.56389542  0.64301075  0.23323998 -0.16890177  0.57248441
 -0.17484889  0.41605225 -0.61535314  0.12002399  0.34375347 -0.62643341
 -0.00952531 -0.22915618  0.07058661 -0.29742547  0.27774929 -0.48748334
 -0.30098135 -0.82398924 -0.50245942 -0.2266499  -0.19768009]
4116,[ 0.20452811  0.10649099 -0.10215457  0.13399844  0.37182193  0.08697466
 -0.04128854  0.64807675  0.34849617 -0.52995669 -0.0449361  -0.11657909
  0.17896883  0.43327631 -0.32603607  0.23267147 -0.1074986  -0.61999194
  0.10253844  0.14580214 -0.47000945  0.20488584  0.26086404 -0.64593009
 -0.01904346  0.3825836   0.02757607  0.03804708 -0.55182272  0.53541086
  0.55233783  0.56389573  0.64301126  0.23324001 -0.16890134  0.57248453
 -0.17484936  0.41605194 -0.61535294  0.12002349  0.34375358 -0.62643256
 -0.0095263  -0.22915626  0.07058602 -0.29742564  0.27774991 -0.48748195
 -0.30098214 -0.82398914 -0.50245974 -0.22664978 -0.19768032]
4117,[ 0.20452893  0.10649132 -0.10215666  0.13399889  0.3718224   0.08697416
 -0.0412878   0.64807597  0.34849536 -0.52995635 -0.04493598 -0.11657821
  0.17896839  0.43327714 -0.3260361   0.23267216 -0.10749816 -0.61999168
  0.10253797  0.14580263 -0.47000952  0.2048854   0.26086389 -0.64593079
 -0.01904417  0.38258326  0.02757735  0.03804666 -0.55182328  0.53541201
  0.55233672  0.56389603  0.64301177  0.23324003 -0.16890091  0.57248465
 -0.17484983  0.41605163 -0.61535274  0.12002298  0.34375369 -0.6264317
 -0.00952728 -0.22915635  0.07058544 -0.29742581  0.27775053 -0.48748056
 -0.30098294 -0.82398905 -0.50246006 -0.22664966 -0.19768054]
4118,[ 0.20452974  0.10649165 -0.10215876  0.13399935  0.37182287  0.08697366
 -0.04128707  0.64807518  0.34849455 -0.52995601 -0.04493587 -0.11657734
  0.17896796  0.43327797 -0.32603612  0.23267285 -0.10749773 -0.61999142
  0.10253751  0.14580312 -0.47000959  0.20488496  0.26086375 -0.64593148
 -0.01904488  0.38258292  0.02757862  0.03804623 -0.55182385  0.53541317
  0.5523356   0.56389633  0.64301228  0.23324005 -0.16890047  0.57248478
 -0.1748503   0.41605132 -0.61535254  0.12002248  0.34375381 -0.62643085
 -0.00952827 -0.22915643  0.07058486 -0.29742598  0.27775115 -0.48747918
 -0.30098373 -0.82398895 -0.50246038 -0.22664954 -0.19768077]
4119,[ 0.20453056  0.10649197 -0.10216085  0.1339998   0.37182333  0.08697316
 -0.04128633  0.6480744   0.34849374 -0.52995567 -0.04493575 -0.11657646
  0.17896753  0.43327879 -0.32603615  0.23267354 -0.10749729 -0.61999116
  0.10253705  0.14580361 -0.47000967  0.20488452  0.2608636  -0.64593216
 -0.01904559  0.38258258  0.0275799   0.0380458  -0.55182441  0.53541432
  0.55233449  0.56389663  0.64301279  0.23324007 -0.16890004  0.5724849
 -0.17485077  0.41605101 -0.61535235  0.12002197  0.34375392 -0.62643
 -0.00952925 -0.22915652  0.07058428 -0.29742615  0.27775177 -0.48747779
 -0.30098452 -0.82398886 -0.5024607  -0.22664942 -0.197681  ]
4120,[ 0.20453138  0.1064923  -0.10216294  0.13400025  0.3718238   0.08697266
 -0.0412856   0.64807362  0.34849294 -0.52995533 -0.04493563 -0.11657558
  0.17896709  0.43327961 -0.32603617  0.23267423 -0.10749686 -0.6199909
  0.10253658  0.1458041  -0.47000974  0.20488408  0.26086345 -0.64593285
 -0.0190463   0.38258224  0.02758117  0.03804538 -0.55182497  0.53541548
  0.55233338  0.56389693  0.6430133   0.23324009 -0.16889961  0.57248502
 -0.17485124  0.4160507  -0.61535215  0.12002147  0.34375403 -0.62642915
 -0.00953023 -0.2291566   0.0705837  -0.29742632  0.27775239 -0.48747641
 -0.30098531 -0.82398876 -0.50246103 -0.2266493  -0.19768122]
4121,[ 0.20453219  0.10649263 -0.10216503  0.1340007   0.37182427  0.08697216
 -0.04128487  0.64807284  0.34849213 -0.52995499 -0.04493551 -0.11657471
  0.17896666  0.43328044 -0.3260362   0.23267491 -0.10749642 -0.61999064
  0.10253612  0.14580459 -0.47000981  0.20488365  0.2608633  -0.64593354
 -0.01904701  0.38258189  0.02758244  0.03804495 -0.55182553  0.53541663
  0.55233228  0.56389723  0.64301381  0.23324011 -0.16889918  0.57248514
 -0.1748517   0.41605039 -0.61535195  0.12002096  0.34375415 -0.6264283
 -0.00953121 -0.22915668  0.07058312 -0.29742649  0.27775301 -0.48747503
 -0.3009861  -0.82398866 -0.50246135 -0.22664918 -0.19768145]
4122,[ 0.204533    0.10649296 -0.10216712  0.13400115  0.37182473  0.08697166
 -0.04128414  0.64807206  0.34849133 -0.52995465 -0.04493539 -0.11657383
  0.17896623  0.43328126 -0.32603623  0.2326756  -0.10749599 -0.61999038
  0.10253566  0.14580508 -0.47000988  0.20488321  0.26086316 -0.64593423
 -0.01904771  0.38258155  0.02758371  0.03804453 -0.55182609  0.53541778
  0.55233117  0.56389753  0.64301432  0.23324013 -0.16889875  0.57248526
 -0.17485217  0.41605008 -0.61535176  0.12002046  0.34375426 -0.62642745
 -0.00953219 -0.22915677  0.07058255 -0.29742667  0.27775363 -0.48747365
 -0.30098689 -0.82398857 -0.50246167 -0.22664906 -0.19768168]
4123,[ 0.20453382  0.10649329 -0.1021692   0.1340016   0.3718252   0.08697116
 -0.04128341  0.64807128  0.34849052 -0.52995431 -0.04493527 -0.11657296
  0.1789658   0.43328208 -0.32603625  0.23267628 -0.10749555 -0.61999012
  0.1025352   0.14580557 -0.47000995  0.20488277  0.26086301 -0.64593491
 -0.01904842  0.38258122  0.02758497  0.03804411 -0.55182665  0.53541893
  0.55233006  0.56389782  0.64301483  0.23324015 -0.16889832  0.57248538
 -0.17485264  0.41604977 -0.61535156  0.12001996  0.34375437 -0.6264266
 -0.00953316 -0.22915685  0.07058197 -0.29742684  0.27775425 -0.48747227
 -0.30098768 -0.82398847 -0.50246199 -0.22664895 -0.1976819 ]
4124,[ 0.20453463  0.10649361 -0.10217128  0.13400205  0.37182566  0.08697067
 -0.04128268  0.6480705   0.34848972 -0.52995397 -0.04493516 -0.11657209
  0.17896537  0.4332829  -0.32603628  0.23267696 -0.10749512 -0.61998986
  0.10253474  0.14580605 -0.47001002  0.20488234  0.26086286 -0.6459356
 -0.01904912  0.38258088  0.02758624  0.03804368 -0.55182721  0.53542008
  0.55232896  0.56389812  0.64301534  0.23324018 -0.1688979   0.5724855
 -0.17485311  0.41604946 -0.61535136  0.12001946  0.34375448 -0.62642575
 -0.00953414 -0.22915693  0.07058139 -0.29742701  0.27775486 -0.48747089
 -0.30098846 -0.82398838 -0.50246231 -0.22664883 -0.19768213]
4125,[ 0.20453544  0.10649394 -0.10217336  0.1340025   0.37182612  0.08697017
 -0.04128195  0.64806973  0.34848892 -0.52995363 -0.04493504 -0.11657121
  0.17896494  0.43328372 -0.3260363   0.23267765 -0.10749469 -0.6199896
  0.10253428  0.14580654 -0.47001009  0.2048819   0.26086272 -0.64593628
 -0.01904983  0.38258054  0.0275875   0.03804326 -0.55182777  0.53542122
  0.55232785  0.56389842  0.64301585  0.2332402  -0.16889747  0.57248562
 -0.17485357  0.41604915 -0.61535117  0.12001895  0.3437546  -0.62642491
 -0.00953511 -0.22915702  0.07058082 -0.29742718  0.27775548 -0.48746952
 -0.30098925 -0.82398828 -0.50246263 -0.22664871 -0.19768235]
4126,[ 0.20453625  0.10649426 -0.10217544  0.13400295  0.37182659  0.08696967
 -0.04128122  0.64806895  0.34848812 -0.5299533  -0.04493492 -0.11657034
  0.17896451  0.43328453 -0.32603633  0.23267833 -0.10749426 -0.61998934
  0.10253382  0.14580703 -0.47001016  0.20488147  0.26086257 -0.64593697
 -0.01905053  0.3825802   0.02758877  0.03804284 -0.55182833  0.53542237
  0.55232675  0.56389872  0.64301635  0.23324022 -0.16889704  0.57248574
 -0.17485404  0.41604884 -0.61535097  0.12001845  0.34375471 -0.62642406
 -0.00953609 -0.2291571   0.07058024 -0.29742735  0.27775609 -0.48746814
 -0.30099004 -0.82398819 -0.50246295 -0.22664859 -0.19768258]
4127,[ 0.20453706  0.10649459 -0.10217751  0.1340034   0.37182705  0.08696918
 -0.0412805   0.64806818  0.34848732 -0.52995296 -0.0449348  -0.11656947
  0.17896408  0.43328535 -0.32603635  0.23267901 -0.10749382 -0.61998908
  0.10253336  0.14580751 -0.47001024  0.20488104  0.26086242 -0.64593765
 -0.01905123  0.38257986  0.02759003  0.03804242 -0.55182888  0.53542351
  0.55232565  0.56389902  0.64301686  0.23324024 -0.16889661  0.57248586
 -0.1748545   0.41604853 -0.61535078  0.12001795  0.34375482 -0.62642322
 -0.00953706 -0.22915718  0.07057967 -0.29742752  0.27775671 -0.48746677
 -0.30099082 -0.82398809 -0.50246326 -0.22664847 -0.1976828 ]
4128,[ 0.20453787  0.10649492 -0.10217958  0.13400384  0.37182751  0.08696868
 -0.04127977  0.6480674   0.34848652 -0.52995262 -0.04493469 -0.11656861
  0.17896365  0.43328617 -0.32603638  0.23267969 -0.10749339 -0.61998882
  0.1025329   0.145808   -0.47001031  0.2048806   0.26086228 -0.64593833
 -0.01905193  0.38257952  0.02759129  0.038042   -0.55182944  0.53542465
  0.55232455  0.56389931  0.64301736  0.23324026 -0.16889619  0.57248598
 -0.17485497  0.41604822 -0.61535058  0.12001745  0.34375493 -0.62642237
 -0.00953803 -0.22915726  0.07057909 -0.29742768  0.27775732 -0.4874654
 -0.3009916  -0.823988   -0.50246358 -0.22664835 -0.19768302]
4129,[ 0.20453868  0.10649524 -0.10218165  0.13400429  0.37182797  0.08696819
 -0.04127904  0.64806663  0.34848572 -0.52995229 -0.04493457 -0.11656774
  0.17896323  0.43328698 -0.3260364   0.23268037 -0.10749296 -0.61998857
  0.10253244  0.14580848 -0.47001038  0.20488017  0.26086213 -0.64593901
 -0.01905264  0.38257919  0.02759255  0.03804157 -0.55183     0.5354258
  0.55232345  0.56389961  0.64301787  0.23324028 -0.16889576  0.5724861
 -0.17485543  0.41604792 -0.61535038  0.12001695  0.34375504 -0.62642153
 -0.009539   -0.22915735  0.07057852 -0.29742785  0.27775794 -0.48746403
 -0.30099239 -0.8239879  -0.5024639  -0.22664823 -0.19768325]
4130,[ 0.20453948  0.10649557 -0.10218372  0.13400474  0.37182843  0.08696769
 -0.04127832  0.64806586  0.34848492 -0.52995195 -0.04493445 -0.11656687
  0.1789628   0.4332878  -0.32603643  0.23268105 -0.10749253 -0.61998831
  0.10253198  0.14580897 -0.47001045  0.20487974  0.26086199 -0.64593969
 -0.01905334  0.38257885  0.0275938   0.03804115 -0.55183055  0.53542694
  0.55232236  0.56389991  0.64301837  0.2332403  -0.16889534  0.57248622
 -0.17485589  0.41604761 -0.61535019  0.12001646  0.34375516 -0.62642069
 -0.00953997 -0.22915743  0.07057795 -0.29742802  0.27775855 -0.48746266
 -0.30099317 -0.82398781 -0.50246422 -0.22664811 -0.19768347]
4131,[ 0.20454029  0.10649589 -0.10218579  0.13400518  0.37182889  0.0869672
 -0.0412776   0.64806508  0.34848412 -0.52995161 -0.04493434 -0.11656601
  0.17896237  0.43328861 -0.32603645  0.23268173 -0.1074921  -0.61998805
  0.10253153  0.14580945 -0.47001052  0.2048793   0.26086184 -0.64594037
 -0.01905404  0.38257851  0.02759506  0.03804073 -0.55183111  0.53542807
  0.55232126  0.5639002   0.64301888  0.23324032 -0.16889491  0.57248634
 -0.17485636  0.4160473  -0.61534999  0.12001596  0.34375527 -0.62641985
 -0.00954094 -0.22915751  0.07057737 -0.29742819  0.27775916 -0.4874613
 -0.30099395 -0.82398771 -0.50246453 -0.226648   -0.1976837 ]
4132,[ 0.20454109  0.10649621 -0.10218785  0.13400563  0.37182935  0.08696671
 -0.04127687  0.64806431  0.34848333 -0.52995128 -0.04493422 -0.11656514
  0.17896194  0.43328942 -0.32603648  0.23268241 -0.10749167 -0.61998779
  0.10253107  0.14580993 -0.47001059  0.20487887  0.2608617  -0.64594105
 -0.01905473  0.38257818  0.02759632  0.03804031 -0.55183166  0.53542921
  0.55232017  0.5639005   0.64301938  0.23324034 -0.16889449  0.57248646
 -0.17485682  0.416047   -0.6153498   0.12001546  0.34375538 -0.62641901
 -0.00954191 -0.22915759  0.0705768  -0.29742836  0.27775977 -0.48745993
 -0.30099473 -0.82398762 -0.50246485 -0.22664788 -0.19768392]
4133,[ 0.2045419   0.10649654 -0.10218991  0.13400607  0.37182981  0.08696621
 -0.04127615  0.64806354  0.34848253 -0.52995094 -0.0449341  -0.11656428
  0.17896152  0.43329023 -0.3260365   0.23268308 -0.10749124 -0.61998754
  0.10253061  0.14581042 -0.47001066  0.20487844  0.26086155 -0.64594173
 -0.01905543  0.38257784  0.02759757  0.0380399  -0.55183221  0.53543035
  0.55231907  0.56390079  0.64301988  0.23324036 -0.16889406  0.57248658
 -0.17485728  0.41604669 -0.61534961  0.12001496  0.34375549 -0.62641817
 -0.00954288 -0.22915768  0.07057623 -0.29742853  0.27776038 -0.48745857
 -0.30099551 -0.82398752 -0.50246517 -0.22664776 -0.19768414]
4134,[ 0.2045427   0.10649686 -0.10219197  0.13400652  0.37183027  0.08696572
 -0.04127543  0.64806277  0.34848174 -0.52995061 -0.04493399 -0.11656342
  0.17896109  0.43329104 -0.32603653  0.23268376 -0.10749082 -0.61998728
  0.10253016  0.1458109  -0.47001073  0.20487801  0.2608614  -0.64594241
 -0.01905613  0.3825775   0.02759882  0.03803948 -0.55183277  0.53543148
  0.55231798  0.56390109  0.64302038  0.23324039 -0.16889364  0.5724867
 -0.17485774  0.41604639 -0.61534941  0.12001447  0.3437556  -0.62641733
 -0.00954384 -0.22915776  0.07057566 -0.2974287   0.27776099 -0.48745721
 -0.30099629 -0.82398743 -0.50246548 -0.22664764 -0.19768436]
4135,[ 0.2045435   0.10649718 -0.10219402  0.13400696  0.37183073  0.08696523
 -0.04127471  0.64806201  0.34848094 -0.52995028 -0.04493387 -0.11656255
  0.17896067  0.43329185 -0.32603655  0.23268443 -0.10749039 -0.61998702
  0.1025297   0.14581138 -0.4700108   0.20487758  0.26086126 -0.64594309
 -0.01905683  0.38257717  0.02760007  0.03803906 -0.55183332  0.53543262
  0.55231689  0.56390138  0.64302089  0.23324041 -0.16889322  0.57248681
 -0.1748582   0.41604608 -0.61534922  0.12001397  0.34375571 -0.6264165
 -0.0095448  -0.22915784  0.07057509 -0.29742887  0.2777616  -0.48745585
 -0.30099706 -0.82398734 -0.5024658  -0.22664752 -0.19768459]
4136,[ 0.20454431  0.10649751 -0.10219608  0.13400741  0.37183119  0.08696474
 -0.04127399  0.64806124  0.34848015 -0.52994994 -0.04493375 -0.11656169
  0.17896024  0.43329266 -0.32603658  0.23268511 -0.10748996 -0.61998677
  0.10252925  0.14581186 -0.47001087  0.20487715  0.26086112 -0.64594376
 -0.01905752  0.38257683  0.02760132  0.03803864 -0.55183387  0.53543375
  0.5523158   0.56390168  0.64302139  0.23324043 -0.16889279  0.57248693
 -0.17485866  0.41604578 -0.61534902  0.12001348  0.34375582 -0.62641566
 -0.00954577 -0.22915792  0.07057452 -0.29742903  0.27776221 -0.48745449
 -0.30099784 -0.82398724 -0.50246612 -0.22664741 -0.19768481]
4137,[ 0.20454511  0.10649783 -0.10219813  0.13400785  0.37183165  0.08696425
 -0.04127327  0.64806047  0.34847936 -0.52994961 -0.04493364 -0.11656083
  0.17895982  0.43329347 -0.3260366   0.23268578 -0.10748953 -0.61998651
  0.10252879  0.14581234 -0.47001094  0.20487672  0.26086097 -0.64594444
 -0.01905822  0.3825765   0.02760257  0.03803822 -0.55183442  0.53543488
  0.55231471  0.56390197  0.64302189  0.23324045 -0.16889237  0.57248705
 -0.17485912  0.41604547 -0.61534883  0.12001298  0.34375594 -0.62641483
 -0.00954673 -0.22915801  0.07057395 -0.2974292   0.27776282 -0.48745313
 -0.30099862 -0.82398715 -0.50246643 -0.22664729 -0.19768503]
4138,[ 0.20454591  0.10649815 -0.10220018  0.13400829  0.3718321   0.08696376
 -0.04127255  0.64805971  0.34847857 -0.52994928 -0.04493352 -0.11655997
  0.1789594   0.43329428 -0.32603662  0.23268645 -0.10748911 -0.61998626
  0.10252834  0.14581282 -0.47001101  0.20487629  0.26086083 -0.64594511
 -0.01905891  0.38257617  0.02760381  0.03803781 -0.55183497  0.53543601
  0.55231363  0.56390227  0.64302239  0.23324047 -0.16889195  0.57248717
 -0.17485958  0.41604517 -0.61534864  0.12001249  0.34375605 -0.62641399
 -0.00954769 -0.22915809  0.07057339 -0.29742937  0.27776343 -0.48745178
 -0.30099939 -0.82398705 -0.50246675 -0.22664717 -0.19768525]
4139,[ 0.2045467   0.10649847 -0.10220222  0.13400873  0.37183256  0.08696327
 -0.04127184  0.64805894  0.34847778 -0.52994894 -0.04493341 -0.11655912
  0.17895897  0.43329508 -0.32603665  0.23268713 -0.10748868 -0.619986
  0.10252789  0.1458133  -0.47001108  0.20487587  0.26086068 -0.64594579
 -0.0190596   0.38257583  0.02760506  0.03803739 -0.55183552  0.53543714
  0.55231254  0.56390256  0.64302289  0.23324049 -0.16889153  0.57248729
 -0.17486004  0.41604486 -0.61534844  0.12001199  0.34375616 -0.62641316
 -0.00954865 -0.22915817  0.07057282 -0.29742954  0.27776403 -0.48745042
 -0.30100017 -0.82398696 -0.50246706 -0.22664705 -0.19768547]
4140,[ 0.2045475   0.10649879 -0.10220427  0.13400917  0.37183302  0.08696278
 -0.04127112  0.64805818  0.34847699 -0.52994861 -0.04493329 -0.11655826
  0.17895855  0.43329589 -0.32603667  0.2326878  -0.10748826 -0.61998575
  0.10252743  0.14581378 -0.47001115  0.20487544  0.26086054 -0.64594646
 -0.01906029  0.3825755   0.0276063   0.03803698 -0.55183607  0.53543827
  0.55231145  0.56390285  0.64302338  0.23324051 -0.16889111  0.57248741
 -0.1748605   0.41604456 -0.61534825  0.1200115   0.34375627 -0.62641233
 -0.00954961 -0.22915825  0.07057225 -0.2974297   0.27776464 -0.48744907
 -0.30100094 -0.82398687 -0.50246737 -0.22664694 -0.19768569]
4141,[ 0.2045483   0.10649911 -0.10220631  0.13400962  0.37183347  0.08696229
 -0.0412704   0.64805742  0.3484762  -0.52994828 -0.04493317 -0.1165574
  0.17895813  0.43329669 -0.3260367   0.23268847 -0.10748783 -0.61998549
  0.10252698  0.14581426 -0.47001122  0.20487501  0.26086039 -0.64594713
 -0.01906099  0.38257517  0.02760754  0.03803656 -0.55183662  0.53543939
  0.55231037  0.56390315  0.64302388  0.23324053 -0.16889069  0.57248753
 -0.17486096  0.41604426 -0.61534806  0.12001101  0.34375638 -0.6264115
 -0.00955057 -0.22915833  0.07057169 -0.29742987  0.27776525 -0.48744772
 -0.30100171 -0.82398677 -0.50246769 -0.22664682 -0.19768592]
4142,[ 0.20454909  0.10649943 -0.10220835  0.13401006  0.37183393  0.0869618
 -0.04126969  0.64805665  0.34847542 -0.52994795 -0.04493306 -0.11655655
  0.17895771  0.4332975  -0.32603672  0.23268914 -0.10748741 -0.61998524
  0.10252653  0.14581474 -0.47001129  0.20487459  0.26086025 -0.6459478
 -0.01906168  0.38257483  0.02760878  0.03803615 -0.55183717  0.53544052
  0.55230929  0.56390344  0.64302438  0.23324055 -0.16889027  0.57248764
 -0.17486142  0.41604395 -0.61534787  0.12001052  0.34375649 -0.62641067
 -0.00955152 -0.22915841  0.07057112 -0.29743004  0.27776585 -0.48744637
 -0.30100248 -0.82398668 -0.502468   -0.2266467  -0.19768614]
4143,[ 0.20454989  0.10649975 -0.10221039  0.1340105   0.37183438  0.08696132
 -0.04126898  0.64805589  0.34847463 -0.52994762 -0.04493294 -0.1165557
  0.17895729  0.4332983  -0.32603675  0.23268981 -0.10748698 -0.61998498
  0.10252608  0.14581521 -0.47001136  0.20487416  0.26086011 -0.64594847
 -0.01906237  0.3825745   0.02761002  0.03803573 -0.55183771  0.53544164
  0.55230821  0.56390373  0.64302488  0.23324057 -0.16888985  0.57248776
 -0.17486187  0.41604365 -0.61534767  0.12001003  0.3437566  -0.62640984
 -0.00955248 -0.2291585   0.07057056 -0.2974302   0.27776645 -0.48744502
 -0.30100325 -0.82398659 -0.50246831 -0.22664659 -0.19768636]
4144,[ 0.20455068  0.10650007 -0.10221242  0.13401094  0.37183483  0.08696083
 -0.04126826  0.64805513  0.34847385 -0.52994729 -0.04493283 -0.11655484
  0.17895687  0.4332991  -0.32603677  0.23269048 -0.10748656 -0.61998473
  0.10252563  0.14581569 -0.47001143  0.20487373  0.26085996 -0.64594914
 -0.01906306  0.38257417  0.02761126  0.03803532 -0.55183826  0.53544277
  0.55230713  0.56390402  0.64302537  0.23324059 -0.16888943  0.57248788
 -0.17486233  0.41604335 -0.61534748  0.12000954  0.34375671 -0.62640901
 -0.00955343 -0.22915858  0.07056999 -0.29743037  0.27776706 -0.48744368
 -0.30100402 -0.82398649 -0.50246863 -0.22664647 -0.19768658]
4145,[ 0.20455148  0.10650039 -0.10221445  0.13401137  0.37183529  0.08696034
 -0.04126755  0.64805437  0.34847306 -0.52994696 -0.04493271 -0.11655399
  0.17895645  0.4332999  -0.3260368   0.23269114 -0.10748614 -0.61998448
  0.10252518  0.14581617 -0.4700115   0.20487331  0.26085982 -0.64594981
 -0.01906374  0.38257384  0.0276125   0.03803491 -0.55183881  0.53544389
  0.55230605  0.56390431  0.64302587  0.23324061 -0.16888901  0.572488
 -0.17486279  0.41604305 -0.61534729  0.12000904  0.34375682 -0.62640818
 -0.00955439 -0.22915866  0.07056943 -0.29743054  0.27776766 -0.48744233
 -0.30100479 -0.8239864  -0.50246894 -0.22664635 -0.1976868 ]
4146,[ 0.20455227  0.10650071 -0.10221648  0.13401181  0.37183574  0.08695986
 -0.04126684  0.64805361  0.34847228 -0.52994663 -0.0449326  -0.11655314
  0.17895603  0.4333007  -0.32603682  0.23269181 -0.10748571 -0.61998422
  0.10252473  0.14581664 -0.47001157  0.20487288  0.26085968 -0.64595048
 -0.01906443  0.38257351  0.02761373  0.03803449 -0.55183935  0.53544501
  0.55230497  0.5639046   0.64302636  0.23324063 -0.16888859  0.57248811
 -0.17486324  0.41604275 -0.6153471   0.12000856  0.34375693 -0.62640735
 -0.00955534 -0.22915874  0.07056887 -0.2974307   0.27776826 -0.48744099
 -0.30100556 -0.82398631 -0.50246925 -0.22664624 -0.19768702]
4147,[ 0.20455306  0.10650103 -0.10221851  0.13401225  0.37183619  0.08695937
 -0.04126613  0.64805286  0.3484715  -0.5299463  -0.04493248 -0.11655229
  0.17895561  0.4333015  -0.32603685  0.23269248 -0.10748529 -0.61998397
  0.10252428  0.14581712 -0.47001164  0.20487246  0.26085953 -0.64595115
 -0.01906512  0.38257318  0.02761496  0.03803408 -0.5518399   0.53544612
  0.5523039   0.5639049   0.64302686  0.23324065 -0.16888817  0.57248823
 -0.1748637   0.41604244 -0.61534691  0.12000807  0.34375704 -0.62640653
 -0.00955629 -0.22915882  0.07056831 -0.29743087  0.27776886 -0.48743965
 -0.30100632 -0.82398621 -0.50246956 -0.22664612 -0.19768724]
4148,[ 0.20455385  0.10650135 -0.10222054  0.13401269  0.37183664  0.08695889
 -0.04126542  0.6480521   0.34847071 -0.52994597 -0.04493237 -0.11655144
  0.17895519  0.4333023  -0.32603687  0.23269314 -0.10748487 -0.61998372
  0.10252383  0.14581759 -0.4700117   0.20487204  0.26085939 -0.64595182
 -0.01906581  0.38257285  0.0276162   0.03803367 -0.55184044  0.53544724
  0.55230282  0.56390519  0.64302735  0.23324067 -0.16888776  0.57248835
 -0.17486415  0.41604214 -0.61534672  0.12000758  0.34375715 -0.6264057
 -0.00955724 -0.2291589   0.07056774 -0.29743103  0.27776946 -0.48743831
 -0.30100709 -0.82398612 -0.50246987 -0.226646   -0.19768745]
4149,[ 0.20455464  0.10650166 -0.10222256  0.13401313  0.3718371   0.08695841
 -0.04126471  0.64805134  0.34846993 -0.52994564 -0.04493226 -0.11655059
  0.17895477  0.43330309 -0.3260369   0.23269381 -0.10748445 -0.61998346
  0.10252338  0.14581807 -0.47001177  0.20487161  0.26085925 -0.64595248
 -0.01906649  0.38257252  0.02761743  0.03803326 -0.55184098  0.53544836
  0.55230175  0.56390548  0.64302785  0.2332407  -0.16888734  0.57248847
 -0.1748646   0.41604184 -0.61534653  0.12000709  0.34375726 -0.62640488
 -0.00955819 -0.22915898  0.07056718 -0.2974312   0.27777006 -0.48743697
 -0.30100786 -0.82398603 -0.50247018 -0.22664589 -0.19768767]
4150,[ 0.20455543  0.10650198 -0.10222458  0.13401356  0.37183755  0.08695792
 -0.041264    0.64805059  0.34846915 -0.52994531 -0.04493214 -0.11654974
  0.17895435  0.43330389 -0.32603692  0.23269447 -0.10748403 -0.61998321
  0.10252294  0.14581854 -0.47001184  0.20487119  0.2608591  -0.64595315
 -0.01906717  0.38257219  0.02761866  0.03803285 -0.55184153  0.53544947
  0.55230067  0.56390577  0.64302834  0.23324072 -0.16888692  0.57248858
 -0.17486506  0.41604154 -0.61534633  0.1200066   0.34375737 -0.62640406
 -0.00955914 -0.22915906  0.07056662 -0.29743136  0.27777066 -0.48743563
 -0.30100862 -0.82398593 -0.50247049 -0.22664577 -0.19768789]
4151,[ 0.20455622  0.1065023  -0.1022266   0.134014    0.371838    0.08695744
 -0.04126329  0.64804983  0.34846837 -0.52994498 -0.04493203 -0.1165489
  0.17895393  0.43330468 -0.32603694  0.23269513 -0.10748361 -0.61998296
  0.10252249  0.14581901 -0.47001191  0.20487077  0.26085896 -0.64595381
 -0.01906786  0.38257186  0.02761988  0.03803244 -0.55184207  0.53545059
  0.5522996   0.56390606  0.64302883  0.23324074 -0.16888651  0.5724887
 -0.17486551  0.41604124 -0.61534614  0.12000612  0.34375747 -0.62640323
 -0.00956008 -0.22915914  0.07056606 -0.29743153  0.27777126 -0.4874343
 -0.30100938 -0.82398584 -0.5024708  -0.22664566 -0.19768811]
4152,[ 0.204557    0.10650262 -0.10222862  0.13401443  0.37183845  0.08695696
 -0.04126259  0.64804908  0.3484676  -0.52994465 -0.04493191 -0.11654805
  0.17895352  0.43330548 -0.32603697  0.2326958  -0.10748319 -0.61998271
  0.10252204  0.14581948 -0.47001198  0.20487035  0.26085882 -0.64595448
 -0.01906854  0.38257153  0.02762111  0.03803203 -0.55184261  0.5354517
  0.55229853  0.56390634  0.64302932  0.23324076 -0.16888609  0.57248882
 -0.17486596  0.41604094 -0.61534595  0.12000563  0.34375758 -0.62640241
 -0.00956103 -0.22915923  0.07056551 -0.29743169  0.27777186 -0.48743296
 -0.30101015 -0.82398575 -0.50247111 -0.22664554 -0.19768833]
4153,[ 0.20455779  0.10650293 -0.10223063  0.13401487  0.3718389   0.08695648
 -0.04126188  0.64804833  0.34846682 -0.52994433 -0.0449318  -0.11654721
  0.1789531   0.43330627 -0.32603699  0.23269646 -0.10748277 -0.61998246
  0.1025216   0.14581996 -0.47001205  0.20486992  0.26085868 -0.64595514
 -0.01906922  0.3825712   0.02762234  0.03803162 -0.55184315  0.53545281
  0.55229746  0.56390663  0.64302982  0.23324078 -0.16888568  0.57248893
 -0.17486641  0.41604065 -0.61534576  0.12000514  0.34375769 -0.62640159
 -0.00956197 -0.22915931  0.07056495 -0.29743186  0.27777246 -0.48743163
 -0.30101091 -0.82398566 -0.50247142 -0.22664543 -0.19768855]
4154,[ 0.20455858  0.10650325 -0.10223265  0.1340153   0.37183934  0.086956
 -0.04126117  0.64804758  0.34846604 -0.529944   -0.04493168 -0.11654637
  0.17895268  0.43330706 -0.32603702  0.23269712 -0.10748235 -0.61998221
  0.10252115  0.14582043 -0.47001212  0.2048695   0.26085854 -0.6459558
 -0.01906991  0.38257087  0.02762356  0.03803121 -0.55184369  0.53545392
  0.5522964   0.56390692  0.64303031  0.2332408  -0.16888526  0.57248905
 -0.17486686  0.41604035 -0.61534557  0.12000466  0.3437578  -0.62640077
 -0.00956292 -0.22915939  0.07056439 -0.29743202  0.27777305 -0.4874303
 -0.30101167 -0.82398556 -0.50247173 -0.22664531 -0.19768876]
4155,[ 0.20455936  0.10650356 -0.10223466  0.13401574  0.37183979  0.08695551
 -0.04126047  0.64804682  0.34846527 -0.52994367 -0.04493157 -0.11654552
  0.17895227  0.43330786 -0.32603704  0.23269778 -0.10748193 -0.61998196
  0.10252071  0.1458209  -0.47001219  0.20486908  0.26085839 -0.64595646
 -0.01907059  0.38257055  0.02762478  0.0380308  -0.55184423  0.53545503
  0.55229533  0.56390721  0.6430308   0.23324082 -0.16888485  0.57248917
 -0.17486732  0.41604005 -0.61534538  0.12000417  0.34375791 -0.62639996
 -0.00956386 -0.22915947  0.07056383 -0.29743219  0.27777365 -0.48742897
 -0.30101243 -0.82398547 -0.50247204 -0.2266452  -0.19768898]
4156,[ 0.20456014  0.10650388 -0.10223666  0.13401617  0.37184024  0.08695503
 -0.04125977  0.64804607  0.34846449 -0.52994335 -0.04493146 -0.11654468
  0.17895185  0.43330865 -0.32603707  0.23269844 -0.10748151 -0.61998171
  0.10252026  0.14582137 -0.47001226  0.20486866  0.26085825 -0.64595713
 -0.01907127  0.38257022  0.027626    0.03803039 -0.55184477  0.53545614
  0.55229426  0.5639075   0.64303129  0.23324084 -0.16888444  0.57248928
 -0.17486777  0.41603975 -0.6153452   0.12000369  0.34375802 -0.62639914
 -0.0095648  -0.22915955  0.07056328 -0.29743235  0.27777424 -0.48742764
 -0.30101319 -0.82398538 -0.50247235 -0.22664508 -0.1976892 ]
4157,[ 0.20456093  0.10650419 -0.10223867  0.1340166   0.37184069  0.08695456
 -0.04125906  0.64804533  0.34846372 -0.52994302 -0.04493134 -0.11654384
  0.17895144  0.43330944 -0.32603709  0.2326991  -0.1074811  -0.61998146
  0.10251982  0.14582184 -0.47001232  0.20486824  0.26085811 -0.64595779
 -0.01907195  0.38256989  0.02762722  0.03802998 -0.55184531  0.53545724
  0.5522932   0.56390779  0.64303178  0.23324086 -0.16888402  0.5724894
 -0.17486822  0.41603945 -0.61534501  0.12000321  0.34375813 -0.62639832
 -0.00956574 -0.22915963  0.07056272 -0.29743252  0.27777484 -0.48742631
 -0.30101395 -0.82398529 -0.50247266 -0.22664497 -0.19768942]
4158,[ 0.20456171  0.10650451 -0.10224067  0.13401704  0.37184113  0.08695408
 -0.04125836  0.64804458  0.34846295 -0.5299427  -0.04493123 -0.116543
  0.17895103  0.43331023 -0.32603711  0.23269976 -0.10748068 -0.61998121
  0.10251937  0.14582231 -0.47001239  0.20486782  0.26085797 -0.64595845
 -0.01907262  0.38256957  0.02762844  0.03802957 -0.55184585  0.53545835
  0.55229214  0.56390807  0.64303226  0.23324088 -0.16888361  0.57248951
 -0.17486866  0.41603915 -0.61534482  0.12000272  0.34375824 -0.62639751
 -0.00956668 -0.22915971  0.07056217 -0.29743268  0.27777543 -0.48742499
 -0.3010147  -0.8239852  -0.50247297 -0.22664485 -0.19768963]
4159,[ 0.20456249  0.10650482 -0.10224267  0.13401747  0.37184158  0.0869536
 -0.04125766  0.64804383  0.34846217 -0.52994237 -0.04493112 -0.11654216
  0.17895061  0.43331101 -0.32603714  0.23270041 -0.10748026 -0.61998096
  0.10251893  0.14582278 -0.47001246  0.20486741  0.26085783 -0.6459591
 -0.0190733   0.38256924  0.02762966  0.03802917 -0.55184639  0.53545945
  0.55229108  0.56390836  0.64303275  0.2332409  -0.1688832   0.57248963
 -0.17486911  0.41603886 -0.61534463  0.12000224  0.34375834 -0.62639669
 -0.00956762 -0.22915979  0.07056161 -0.29743284  0.27777603 -0.48742366
 -0.30101546 -0.82398511 -0.50247327 -0.22664474 -0.19768985]
4160,[ 0.20456327  0.10650514 -0.10224467  0.1340179   0.37184203  0.08695312
 -0.04125696  0.64804308  0.3484614  -0.52994205 -0.044931   -0.11654132
  0.1789502   0.4333118  -0.32603716  0.23270107 -0.10747985 -0.61998071
  0.10251849  0.14582324 -0.47001253  0.20486699  0.26085769 -0.64595976
 -0.01907398  0.38256891  0.02763087  0.03802876 -0.55184692  0.53546055
  0.55229001  0.56390865  0.64303324  0.23324092 -0.16888279  0.57248974
 -0.17486956  0.41603856 -0.61534444  0.12000176  0.34375845 -0.62639588
 -0.00956856 -0.22915987  0.07056106 -0.29743301  0.27777662 -0.48742234
 -0.30101622 -0.82398501 -0.50247358 -0.22664462 -0.19769007]
4161,[ 0.20456405  0.10650545 -0.10224667  0.13401833  0.37184247  0.08695264
 -0.04125626  0.64804234  0.34846063 -0.52994172 -0.04493089 -0.11654049
  0.17894979  0.43331259 -0.32603719  0.23270172 -0.10747943 -0.61998046
  0.10251805  0.14582371 -0.4700126   0.20486657  0.26085755 -0.64596042
 -0.01907465  0.38256859  0.02763209  0.03802836 -0.55184746  0.53546165
  0.55228896  0.56390893  0.64303373  0.23324094 -0.16888238  0.57248986
 -0.17487001  0.41603826 -0.61534425  0.12000128  0.34375856 -0.62639507
 -0.00956949 -0.22915995  0.0705605  -0.29743317  0.27777721 -0.48742102
 -0.30101697 -0.82398492 -0.50247389 -0.22664451 -0.19769028]
4162,[ 0.20456483  0.10650576 -0.10224866  0.13401876  0.37184292  0.08695217
 -0.04125556  0.64804159  0.34845986 -0.5299414  -0.04493078 -0.11653965
  0.17894937  0.43331337 -0.32603721  0.23270238 -0.10747902 -0.61998021
  0.1025176   0.14582418 -0.47001266  0.20486615  0.26085741 -0.64596108
 -0.01907533  0.38256826  0.0276333   0.03802795 -0.55184799  0.53546275
  0.5522879   0.56390922  0.64303421  0.23324096 -0.16888197  0.57248998
 -0.17487046  0.41603797 -0.61534406  0.1200008   0.34375867 -0.62639426
 -0.00957043 -0.22916003  0.07055995 -0.29743333  0.2777778  -0.4874197
 -0.30101773 -0.82398483 -0.50247419 -0.22664439 -0.1976905 ]
4163,[ 0.2045656   0.10650608 -0.10225065  0.13401919  0.37184336  0.08695169
 -0.04125486  0.64804085  0.34845909 -0.52994107 -0.04493067 -0.11653882
  0.17894896  0.43331416 -0.32603724  0.23270303 -0.1074786  -0.61997996
  0.10251716  0.14582465 -0.47001273  0.20486574  0.26085727 -0.64596173
 -0.019076    0.38256794  0.02763451  0.03802754 -0.55184853  0.53546385
  0.55228684  0.5639095   0.6430347   0.23324098 -0.16888156  0.57249009
 -0.1748709   0.41603767 -0.61534388  0.12000032  0.34375878 -0.62639344
 -0.00957136 -0.22916011  0.0705594  -0.2974335   0.27777839 -0.48741838
 -0.30101848 -0.82398474 -0.5024745  -0.22664428 -0.19769071]
4164,[ 0.20456638  0.10650639 -0.10225264  0.13401962  0.3718438   0.08695121
 -0.04125417  0.6480401   0.34845833 -0.52994075 -0.04493055 -0.11653798
  0.17894855  0.43331494 -0.32603726  0.23270369 -0.10747819 -0.61997971
  0.10251672  0.14582511 -0.4700128   0.20486532  0.26085713 -0.64596239
 -0.01907668  0.38256761  0.02763572  0.03802714 -0.55184906  0.53546495
  0.55228578  0.56390979  0.64303519  0.233241   -0.16888115  0.57249021
 -0.17487135  0.41603738 -0.61534369  0.11999984  0.34375888 -0.62639263
 -0.0095723  -0.22916019  0.07055885 -0.29743366  0.27777898 -0.48741707
 -0.30101923 -0.82398465 -0.50247481 -0.22664417 -0.19769093]
4165,[ 0.20456715  0.1065067  -0.10225463  0.13402005  0.37184425  0.08695074
 -0.04125347  0.64803936  0.34845756 -0.52994043 -0.04493044 -0.11653715
  0.17894814  0.43331572 -0.32603728  0.23270434 -0.10747777 -0.61997947
  0.10251628  0.14582558 -0.47001287  0.20486491  0.26085699 -0.64596304
 -0.01907735  0.38256729  0.02763693  0.03802674 -0.5518496   0.53546605
  0.55228473  0.56391007  0.64303567  0.23324102 -0.16888074  0.57249032
 -0.17487179  0.41603708 -0.6153435   0.11999936  0.34375899 -0.62639183
 -0.00957323 -0.22916027  0.0705583  -0.29743382  0.27777957 -0.48741575
 -0.30101998 -0.82398456 -0.50247511 -0.22664405 -0.19769114]
4166,[ 0.20456793  0.10650701 -0.10225662  0.13402048  0.37184469  0.08695026
 -0.04125277  0.64803862  0.34845679 -0.5299401  -0.04493033 -0.11653632
  0.17894773  0.4333165  -0.32603731  0.23270499 -0.10747736 -0.61997922
  0.10251584  0.14582604 -0.47001294  0.20486449  0.26085685 -0.64596369
 -0.01907802  0.38256697  0.02763814  0.03802633 -0.55185013  0.53546714
  0.55228368  0.56391036  0.64303615  0.23324104 -0.16888033  0.57249044
 -0.17487224  0.41603679 -0.61534331  0.11999888  0.3437591  -0.62639102
 -0.00957416 -0.22916034  0.07055775 -0.29743398  0.27778016 -0.48741444
 -0.30102073 -0.82398447 -0.50247542 -0.22664394 -0.19769136]
4167,[ 0.2045687   0.10650732 -0.1022586   0.13402091  0.37184513  0.08694979
 -0.04125208  0.64803788  0.34845603 -0.52993978 -0.04493022 -0.11653549
  0.17894732  0.43331729 -0.32603733  0.23270564 -0.10747695 -0.61997897
  0.1025154   0.14582651 -0.470013    0.20486408  0.26085671 -0.64596435
 -0.0190787   0.38256664  0.02763935  0.03802593 -0.55185066  0.53546823
  0.55228262  0.56391064  0.64303664  0.23324106 -0.16887992  0.57249055
 -0.17487268  0.41603649 -0.61534313  0.1199984   0.34375921 -0.62639021
 -0.00957509 -0.22916042  0.0705572  -0.29743415  0.27778075 -0.48741313
 -0.30102148 -0.82398437 -0.50247572 -0.22664382 -0.19769157]
4168,[ 0.20456948  0.10650763 -0.10226058  0.13402134  0.37184557  0.08694932
 -0.04125138  0.64803714  0.34845526 -0.52993946 -0.0449301  -0.11653466
  0.17894691  0.43331807 -0.32603736  0.23270629 -0.10747654 -0.61997872
  0.10251497  0.14582697 -0.47001307  0.20486366  0.26085657 -0.645965
 -0.01907937  0.38256632  0.02764055  0.03802553 -0.5518512   0.53546933
  0.55228157  0.56391093  0.64303712  0.23324108 -0.16887951  0.57249066
 -0.17487313  0.4160362  -0.61534294  0.11999792  0.34375931 -0.6263894
 -0.00957602 -0.2291605   0.07055665 -0.29743431  0.27778133 -0.48741182
 -0.30102223 -0.82398428 -0.50247602 -0.22664371 -0.19769179]
4169,[ 0.20457025  0.10650795 -0.10226256  0.13402176  0.37184602  0.08694884
 -0.04125069  0.6480364   0.3484545  -0.52993914 -0.04492999 -0.11653383
  0.1789465   0.43331885 -0.32603738  0.23270694 -0.10747613 -0.61997848
  0.10251453  0.14582743 -0.47001314  0.20486325  0.26085643 -0.64596565
 -0.01908004  0.382566    0.02764175  0.03802512 -0.55185173  0.53547042
  0.55228052  0.56391121  0.6430376   0.2332411  -0.16887911  0.57249078
 -0.17487357  0.41603591 -0.61534275  0.11999744  0.34375942 -0.6263886
 -0.00957695 -0.22916058  0.0705561  -0.29743447  0.27778192 -0.48741051
 -0.30102298 -0.82398419 -0.50247633 -0.2266436  -0.197692  ]
4170,[ 0.20457102  0.10650826 -0.10226453  0.13402219  0.37184646  0.08694837
 -0.04125     0.64803566  0.34845374 -0.52993882 -0.04492988 -0.116533
  0.17894609  0.43331962 -0.3260374   0.23270759 -0.10747571 -0.61997823
  0.10251409  0.1458279  -0.47001321  0.20486283  0.26085629 -0.6459663
 -0.01908071  0.38256568  0.02764296  0.03802472 -0.55185226  0.53547151
  0.55227947  0.56391149  0.64303809  0.23324112 -0.1688787   0.57249089
 -0.17487402  0.41603561 -0.61534257  0.11999697  0.34375953 -0.62638779
 -0.00957787 -0.22916066  0.07055555 -0.29743463  0.27778251 -0.4874092
 -0.30102373 -0.8239841  -0.50247663 -0.22664348 -0.19769221]
4171,[ 0.20457179  0.10650857 -0.10226651  0.13402262  0.3718469   0.0869479
 -0.04124931  0.64803492  0.34845298 -0.5299385  -0.04492977 -0.11653217
  0.17894568  0.4333204  -0.32603743  0.23270824 -0.1074753  -0.61997798
  0.10251365  0.14582836 -0.47001327  0.20486242  0.26085615 -0.64596695
 -0.01908137  0.38256535  0.02764416  0.03802432 -0.55185279  0.5354726
  0.55227843  0.56391178  0.64303857  0.23324114 -0.16887829  0.57249101
 -0.17487446  0.41603532 -0.61534238  0.11999649  0.34375963 -0.62638699
 -0.0095788  -0.22916074  0.07055501 -0.29743479  0.27778309 -0.4874079
 -0.30102447 -0.82398401 -0.50247693 -0.22664337 -0.19769243]
4172,[ 0.20457256  0.10650888 -0.10226848  0.13402304  0.37184734  0.08694743
 -0.04124862  0.64803419  0.34845222 -0.52993818 -0.04492966 -0.11653135
  0.17894528  0.43332118 -0.32603745  0.23270889 -0.10747489 -0.61997774
  0.10251322  0.14582882 -0.47001334  0.20486201  0.26085601 -0.6459676
 -0.01908204  0.38256503  0.02764535  0.03802392 -0.55185332  0.53547368
  0.55227738  0.56391206  0.64303905  0.23324116 -0.16887789  0.57249112
 -0.1748749   0.41603503 -0.61534219  0.11999602  0.34375974 -0.62638619
 -0.00957972 -0.22916082  0.07055446 -0.29743495  0.27778368 -0.48740659
 -0.30102522 -0.82398392 -0.50247724 -0.22664326 -0.19769264]
4173,[ 0.20457333  0.10650918 -0.10227045  0.13402347  0.37184777  0.08694696
 -0.04124793  0.64803345  0.34845146 -0.52993786 -0.04492955 -0.11653052
  0.17894487  0.43332195 -0.32603747  0.23270954 -0.10747448 -0.61997749
  0.10251278  0.14582928 -0.47001341  0.2048616   0.26085587 -0.64596825
 -0.01908271  0.38256471  0.02764655  0.03802352 -0.55185385  0.53547477
  0.55227634  0.56391234  0.64303953  0.23324118 -0.16887748  0.57249124
 -0.17487534  0.41603473 -0.61534201  0.11999554  0.34375985 -0.62638539
 -0.00958065 -0.2291609   0.07055392 -0.29743512  0.27778426 -0.48740529
 -0.30102596 -0.82398383 -0.50247754 -0.22664315 -0.19769285]
4174,[ 0.2045741   0.10650949 -0.10227242  0.13402389  0.37184821  0.08694649
 -0.04124724  0.64803272  0.3484507  -0.52993754 -0.04492943 -0.1165297
  0.17894446  0.43332273 -0.3260375   0.23271018 -0.10747407 -0.61997725
  0.10251235  0.14582974 -0.47001348  0.20486118  0.26085573 -0.6459689
 -0.01908338  0.38256439  0.02764775  0.03802312 -0.55185438  0.53547586
  0.55227529  0.56391262  0.64304001  0.2332412  -0.16887708  0.57249135
 -0.17487578  0.41603444 -0.61534182  0.11999507  0.34375995 -0.62638459
 -0.00958157 -0.22916098  0.07055337 -0.29743528  0.27778484 -0.48740399
 -0.30102671 -0.82398374 -0.50247784 -0.22664303 -0.19769307]
4175,[ 0.20457486  0.1065098  -0.10227438  0.13402432  0.37184865  0.08694602
 -0.04124655  0.64803198  0.34844994 -0.52993722 -0.04492932 -0.11652887
  0.17894406  0.4333235  -0.32603752  0.23271083 -0.10747366 -0.619977
  0.10251191  0.1458302  -0.47001354  0.20486077  0.26085559 -0.64596954
 -0.01908404  0.38256407  0.02764894  0.03802272 -0.5518549   0.53547694
  0.55227425  0.56391291  0.64304049  0.23324122 -0.16887667  0.57249146
 -0.17487622  0.41603415 -0.61534164  0.11999459  0.34376006 -0.62638379
 -0.00958249 -0.22916105  0.07055283 -0.29743544  0.27778542 -0.48740269
 -0.30102745 -0.82398365 -0.50247814 -0.22664292 -0.19769328]
4176,[ 0.20457563  0.10651011 -0.10227634  0.13402474  0.37184909  0.08694555
 -0.04124586  0.64803125  0.34844918 -0.5299369  -0.04492921 -0.11652805
  0.17894365  0.43332427 -0.32603755  0.23271147 -0.10747326 -0.61997676
  0.10251148  0.14583066 -0.47001361  0.20486036  0.26085545 -0.64597019
 -0.01908471  0.38256375  0.02765014  0.03802232 -0.55185543  0.53547802
  0.55227321  0.56391319  0.64304097  0.23324124 -0.16887627  0.57249158
 -0.17487666  0.41603386 -0.61534145  0.11999412  0.34376016 -0.62638299
 -0.00958341 -0.22916113  0.07055228 -0.2974356   0.27778601 -0.48740139
 -0.30102819 -0.82398356 -0.50247845 -0.22664281 -0.19769349]
4177,[ 0.20457639  0.10651042 -0.10227831  0.13402517  0.37184953  0.08694508
 -0.04124517  0.64803052  0.34844842 -0.52993658 -0.0449291  -0.11652723
  0.17894325  0.43332505 -0.32603757  0.23271212 -0.10747285 -0.61997651
  0.10251104  0.14583112 -0.47001368  0.20485995  0.26085532 -0.64597084
 -0.01908537  0.38256343  0.02765133  0.03802192 -0.55185596  0.5354791
  0.55227217  0.56391347  0.64304145  0.23324126 -0.16887587  0.57249169
 -0.1748771   0.41603357 -0.61534127  0.11999365  0.34376027 -0.62638219
 -0.00958433 -0.22916121  0.07055174 -0.29743576  0.27778659 -0.48740009
 -0.30102894 -0.82398347 -0.50247875 -0.2266427  -0.1976937 ]
4178,[ 0.20457716  0.10651073 -0.10228026  0.13402559  0.37184996  0.08694461
 -0.04124449  0.64802978  0.34844767 -0.52993626 -0.04492899 -0.11652641
  0.17894284  0.43332582 -0.32603759  0.23271276 -0.10747244 -0.61997627
  0.10251061  0.14583158 -0.47001374  0.20485954  0.26085518 -0.64597148
 -0.01908603  0.38256311  0.02765252  0.03802152 -0.55185648  0.53548018
  0.55227113  0.56391375  0.64304192  0.23324128 -0.16887546  0.5724918
 -0.17487754  0.41603328 -0.61534108  0.11999318  0.34376038 -0.62638139
 -0.00958525 -0.22916129  0.0705512  -0.29743592  0.27778717 -0.4873988
 -0.30102968 -0.82398338 -0.50247905 -0.22664258 -0.19769392]
4179,[ 0.20457792  0.10651103 -0.10228222  0.13402601  0.3718504   0.08694414
 -0.0412438   0.64802905  0.34844691 -0.52993594 -0.04492888 -0.11652559
  0.17894244  0.43332659 -0.32603762  0.2327134  -0.10747203 -0.61997603
  0.10251017  0.14583204 -0.47001381  0.20485913  0.26085504 -0.64597213
 -0.0190867   0.38256279  0.02765371  0.03802113 -0.55185701  0.53548126
  0.55227009  0.56391403  0.6430424   0.2332413  -0.16887506  0.57249192
 -0.17487798  0.41603299 -0.6153409   0.1199927   0.34376048 -0.62638059
 -0.00958617 -0.22916137  0.07055065 -0.29743608  0.27778775 -0.4873975
 -0.30103042 -0.82398329 -0.50247935 -0.22664247 -0.19769413]
4180,[ 0.20457868  0.10651134 -0.10228417  0.13402643  0.37185084  0.08694367
 -0.04124311  0.64802832  0.34844616 -0.52993563 -0.04492877 -0.11652477
  0.17894203  0.43332736 -0.32603764  0.23271404 -0.10747163 -0.61997578
  0.10250974  0.1458325  -0.47001388  0.20485873  0.2608549  -0.64597277
 -0.01908736  0.38256247  0.0276549   0.03802073 -0.55185753  0.53548234
  0.55226905  0.56391431  0.64304288  0.23324132 -0.16887466  0.57249203
 -0.17487842  0.4160327  -0.61534071  0.11999223  0.34376059 -0.6263798
 -0.00958708 -0.22916145  0.07055011 -0.29743624  0.27778833 -0.48739621
 -0.30103115 -0.8239832  -0.50247965 -0.22664236 -0.19769434]
4181,[ 0.20457945  0.10651165 -0.10228613  0.13402685  0.37185127  0.08694321
 -0.04124243  0.64802759  0.34844541 -0.52993531 -0.04492866 -0.11652395
  0.17894163  0.43332813 -0.32603766  0.23271468 -0.10747122 -0.61997554
  0.10250931  0.14583295 -0.47001394  0.20485832  0.26085477 -0.64597341
 -0.01908802  0.38256216  0.02765609  0.03802033 -0.55185806  0.53548342
  0.55226802  0.56391459  0.64304335  0.23324134 -0.16887426  0.57249214
 -0.17487886  0.41603241 -0.61534053  0.11999176  0.34376069 -0.626379
 -0.009588   -0.22916152  0.07054957 -0.2974364   0.27778891 -0.48739492
 -0.30103189 -0.82398311 -0.50247995 -0.22664225 -0.19769455]
4182,[ 0.20458021  0.10651195 -0.10228808  0.13402728  0.37185171  0.08694274
 -0.04124175  0.64802686  0.34844465 -0.52993499 -0.04492855 -0.11652313
  0.17894123  0.4333289  -0.32603769  0.23271533 -0.10747081 -0.6199753
  0.10250888  0.14583341 -0.47001401  0.20485791  0.26085463 -0.64597405
 -0.01908868  0.38256184  0.02765727  0.03801994 -0.55185858  0.53548449
  0.55226698  0.56391487  0.64304383  0.23324136 -0.16887385  0.57249225
 -0.17487929  0.41603212 -0.61534034  0.11999129  0.3437608  -0.62637821
 -0.00958891 -0.2291616   0.07054903 -0.29743656  0.27778948 -0.48739363
 -0.30103263 -0.82398302 -0.50248025 -0.22664214 -0.19769476]
4183,[ 0.20458097  0.10651226 -0.10229002  0.1340277   0.37185214  0.08694228
 -0.04124107  0.64802614  0.3484439  -0.52993468 -0.04492844 -0.11652232
  0.17894082  0.43332966 -0.32603771  0.23271596 -0.10747041 -0.61997505
  0.10250845  0.14583387 -0.47001408  0.2048575   0.26085449 -0.64597469
 -0.01908934  0.38256152  0.02765846  0.03801954 -0.55185911  0.53548557
  0.55226595  0.56391515  0.6430443   0.23324138 -0.16887345  0.57249237
 -0.17487973  0.41603183 -0.61534016  0.11999082  0.3437609  -0.62637742
 -0.00958983 -0.22916168  0.07054849 -0.29743672  0.27779006 -0.48739234
 -0.30103337 -0.82398293 -0.50248055 -0.22664202 -0.19769497]
4184,[ 0.20458173  0.10651256 -0.10229197  0.13402812  0.37185257  0.08694181
 -0.04124038  0.64802541  0.34844315 -0.52993436 -0.04492833 -0.1165215
  0.17894042  0.43333043 -0.32603773  0.2327166  -0.10747    -0.61997481
  0.10250802  0.14583432 -0.47001414  0.2048571   0.26085435 -0.64597533
 -0.01909     0.3825612   0.02765964  0.03801914 -0.55185963  0.53548664
  0.55226492  0.56391543  0.64304478  0.2332414  -0.16887305  0.57249248
 -0.17488017  0.41603154 -0.61533998  0.11999035  0.34376101 -0.62637663
 -0.00959074 -0.22916176  0.07054795 -0.29743687  0.27779064 -0.48739105
 -0.3010341  -0.82398285 -0.50248085 -0.22664191 -0.19769518]
4185,[ 0.20458248  0.10651287 -0.10229391  0.13402854  0.37185301  0.08694135
 -0.0412397   0.64802468  0.3484424  -0.52993404 -0.04492822 -0.11652069
  0.17894002  0.43333119 -0.32603776  0.23271724 -0.1074696  -0.61997457
  0.10250759  0.14583478 -0.47001421  0.20485669  0.26085422 -0.64597597
 -0.01909066  0.38256089  0.02766082  0.03801875 -0.55186015  0.53548771
  0.55226389  0.56391571  0.64304525  0.23324142 -0.16887265  0.57249259
 -0.1748806   0.41603125 -0.61533979  0.11998988  0.34376111 -0.62637584
 -0.00959165 -0.22916184  0.07054741 -0.29743703  0.27779121 -0.48738977
 -0.30103484 -0.82398276 -0.50248114 -0.2266418  -0.19769539]
4186,[ 0.20458324  0.10651317 -0.10229585  0.13402896  0.37185344  0.08694088
 -0.04123902  0.64802396  0.34844165 -0.52993373 -0.04492811 -0.11651987
  0.17893962  0.43333196 -0.32603778  0.23271788 -0.1074692  -0.61997433
  0.10250716  0.14583523 -0.47001428  0.20485628  0.26085408 -0.64597661
 -0.01909131  0.38256057  0.027662    0.03801835 -0.55186067  0.53548878
  0.55226286  0.56391599  0.64304573  0.23324144 -0.16887225  0.5724927
 -0.17488104  0.41603096 -0.61533961  0.11998942  0.34376122 -0.62637504
 -0.00959256 -0.22916191  0.07054688 -0.29743719  0.27779179 -0.48738848
 -0.30103557 -0.82398267 -0.50248144 -0.22664169 -0.1976956 ]
4187,[ 0.204584    0.10651348 -0.10229779  0.13402937  0.37185387  0.08694042
 -0.04123834  0.64802323  0.34844091 -0.52993341 -0.044928   -0.11651906
  0.17893922  0.43333272 -0.32603781  0.23271852 -0.10746879 -0.61997408
  0.10250673  0.14583569 -0.47001434  0.20485588  0.26085394 -0.64597725
 -0.01909197  0.38256025  0.02766318  0.03801796 -0.55186119  0.53548985
  0.55226183  0.56391626  0.6430462   0.23324146 -0.16887185  0.57249282
 -0.17488147  0.41603067 -0.61533943  0.11998895  0.34376132 -0.62637426
 -0.00959347 -0.22916199  0.07054634 -0.29743735  0.27779236 -0.4873872
 -0.3010363  -0.82398258 -0.50248174 -0.22664158 -0.19769581]
4188,[ 0.20458475  0.10651378 -0.10229973  0.13402979  0.3718543   0.08693996
 -0.04123766  0.64802251  0.34844016 -0.5299331  -0.04492789 -0.11651825
  0.17893882  0.43333348 -0.32603783  0.23271915 -0.10746839 -0.61997384
  0.1025063   0.14583614 -0.47001441  0.20485547  0.26085381 -0.64597789
 -0.01909263  0.38255994  0.02766436  0.03801757 -0.55186171  0.53549092
  0.5522608   0.56391654  0.64304667  0.23324148 -0.16887146  0.57249293
 -0.17488191  0.41603039 -0.61533925  0.11998848  0.34376143 -0.62637347
 -0.00959438 -0.22916207  0.0705458  -0.29743751  0.27779294 -0.48738592
 -0.30103704 -0.82398249 -0.50248204 -0.22664147 -0.19769602]
4189,[ 0.20458551  0.10651409 -0.10230166  0.13403021  0.37185474  0.08693949
 -0.04123699  0.64802179  0.34843941 -0.52993278 -0.04492778 -0.11651744
  0.17893842  0.43333425 -0.32603785  0.23271979 -0.10746799 -0.6199736
  0.10250587  0.14583659 -0.47001447  0.20485507  0.26085367 -0.64597853
 -0.01909328  0.38255962  0.02766554  0.03801717 -0.55186223  0.53549199
  0.55225977  0.56391682  0.64304714  0.2332415  -0.16887106  0.57249304
 -0.17488234  0.4160301  -0.61533906  0.11998801  0.34376153 -0.62637268
 -0.00959528 -0.22916215  0.07054527 -0.29743767  0.27779351 -0.48738464
 -0.30103777 -0.8239824  -0.50248234 -0.22664136 -0.19769623]
4190,[ 0.20458626  0.10651439 -0.10230359  0.13403063  0.37185517  0.08693903
 -0.04123631  0.64802107  0.34843867 -0.52993247 -0.04492767 -0.11651663
  0.17893802  0.43333501 -0.32603788  0.23272042 -0.10746758 -0.61997336
  0.10250544  0.14583705 -0.47001454  0.20485466  0.26085353 -0.64597916
 -0.01909393  0.38255931  0.02766671  0.03801678 -0.55186275  0.53549305
  0.55225875  0.5639171   0.64304761  0.23324152 -0.16887066  0.57249315
 -0.17488277  0.41602981 -0.61533888  0.11998755  0.34376164 -0.62637189
 -0.00959619 -0.22916222  0.07054473 -0.29743783  0.27779408 -0.48738336
 -0.3010385  -0.82398231 -0.50248263 -0.22664125 -0.19769644]
4191,[ 0.20458702  0.10651469 -0.10230552  0.13403104  0.3718556   0.08693857
 -0.04123563  0.64802035  0.34843792 -0.52993216 -0.04492756 -0.11651582
  0.17893762  0.43333577 -0.3260379   0.23272106 -0.10746718 -0.61997312
  0.10250501  0.1458375  -0.47001461  0.20485426  0.2608534  -0.6459798
 -0.01909459  0.38255899  0.02766789  0.03801639 -0.55186327  0.53549412
  0.55225772  0.56391737  0.64304808  0.23324154 -0.16887026  0.57249326
 -0.17488321  0.41602953 -0.6153387   0.11998708  0.34376174 -0.62637111
 -0.0095971  -0.2291623   0.0705442  -0.29743798  0.27779466 -0.48738208
 -0.30103923 -0.82398222 -0.50248293 -0.22664114 -0.19769665]
4192,[ 0.20458777  0.106515   -0.10230745  0.13403146  0.37185603  0.08693811
 -0.04123496  0.64801962  0.34843718 -0.52993184 -0.04492745 -0.11651501
  0.17893722  0.43333653 -0.32603792  0.23272169 -0.10746678 -0.61997288
  0.10250459  0.14583795 -0.47001467  0.20485386  0.26085326 -0.64598043
 -0.01909524  0.38255868  0.02766906  0.038016   -0.55186379  0.53549518
  0.5522567   0.56391765  0.64304856  0.23324156 -0.16886987  0.57249338
 -0.17488364  0.41602924 -0.61533852  0.11998662  0.34376185 -0.62637032
 -0.009598   -0.22916238  0.07054366 -0.29743814  0.27779523 -0.48738081
 -0.30103996 -0.82398214 -0.50248322 -0.22664103 -0.19769686]
4193,[ 0.20458852  0.1065153  -0.10230938  0.13403188  0.37185646  0.08693765
 -0.04123428  0.64801891  0.34843643 -0.52993153 -0.04492734 -0.1165142
  0.17893682  0.43333728 -0.32603795  0.23272232 -0.10746638 -0.61997264
  0.10250416  0.1458384  -0.47001474  0.20485345  0.26085313 -0.64598107
 -0.01909589  0.38255837  0.02767023  0.0380156  -0.5518643   0.53549624
  0.55225568  0.56391792  0.64304902  0.23324157 -0.16886947  0.57249349
 -0.17488407  0.41602895 -0.61533834  0.11998615  0.34376195 -0.62636954
 -0.0095989  -0.22916245  0.07054313 -0.2974383   0.2777958  -0.48737953
 -0.30104069 -0.82398205 -0.50248352 -0.22664092 -0.19769707]
4194,[ 0.20458927  0.1065156  -0.1023113   0.13403229  0.37185689  0.08693719
 -0.04123361  0.64801819  0.34843569 -0.52993122 -0.04492723 -0.1165134
  0.17893642  0.43333804 -0.32603797  0.23272295 -0.10746598 -0.6199724
  0.10250374  0.14583885 -0.4700148   0.20485305  0.26085299 -0.6459817
 -0.01909654  0.38255805  0.0276714   0.03801521 -0.55186482  0.5354973
  0.55225466  0.5639182   0.64304949  0.23324159 -0.16886907  0.5724936
 -0.1748845   0.41602867 -0.61533815  0.11998569  0.34376205 -0.62636876
 -0.00959981 -0.22916253  0.0705426  -0.29743846  0.27779637 -0.48737826
 -0.30104141 -0.82398196 -0.50248382 -0.22664081 -0.19769727]
4195,[ 0.20459002  0.1065159  -0.10231322  0.13403271  0.37185731  0.08693673
 -0.04123293  0.64801747  0.34843495 -0.52993091 -0.04492713 -0.11651259
  0.17893603  0.4333388  -0.32603799  0.23272358 -0.10746558 -0.61997216
  0.10250331  0.1458393  -0.47001487  0.20485265  0.26085285 -0.64598233
 -0.0190972   0.38255774  0.02767257  0.03801482 -0.55186534  0.53549836
  0.55225364  0.56391848  0.64304996  0.23324161 -0.16886868  0.57249371
 -0.17488493  0.41602838 -0.61533797  0.11998523  0.34376216 -0.62636797
 -0.00960071 -0.22916261  0.07054206 -0.29743861  0.27779694 -0.48737699
 -0.30104214 -0.82398187 -0.50248411 -0.2266407  -0.19769748]
4196,[ 0.20459077  0.1065162  -0.10231514  0.13403312  0.37185774  0.08693627
 -0.04123226  0.64801675  0.34843421 -0.52993059 -0.04492702 -0.11651179
  0.17893563  0.43333955 -0.32603801  0.23272422 -0.10746518 -0.61997192
  0.10250289  0.14583975 -0.47001494  0.20485225  0.26085272 -0.64598296
 -0.01909785  0.38255743  0.02767374  0.03801443 -0.55186585  0.53549942
  0.55225262  0.56391875  0.64305043  0.23324163 -0.16886828  0.57249382
 -0.17488536  0.4160281  -0.61533779  0.11998476  0.34376226 -0.62636719
 -0.00960161 -0.22916268  0.07054153 -0.29743877  0.27779751 -0.48737572
 -0.30104287 -0.82398178 -0.50248441 -0.22664059 -0.19769769]
4197,[ 0.20459152  0.1065165  -0.10231706  0.13403354  0.37185817  0.08693581
 -0.04123159  0.64801604  0.34843347 -0.52993028 -0.04492691 -0.11651098
  0.17893523  0.43334031 -0.32603804  0.23272484 -0.10746478 -0.61997168
  0.10250246  0.1458402  -0.470015    0.20485185  0.26085258 -0.6459836
 -0.01909849  0.38255711  0.0276749   0.03801404 -0.55186637  0.53550048
  0.5522516   0.56391903  0.6430509   0.23324165 -0.16886789  0.57249393
 -0.17488579  0.41602781 -0.61533761  0.1199843   0.34376237 -0.62636641
 -0.00960251 -0.22916276  0.070541   -0.29743893  0.27779808 -0.48737445
 -0.30104359 -0.82398169 -0.5024847  -0.22664048 -0.1976979 ]
4198,[ 0.20459226  0.1065168  -0.10231897  0.13403395  0.3718586   0.08693535
 -0.04123092  0.64801532  0.34843273 -0.52992997 -0.0449268  -0.11651018
  0.17893484  0.43334106 -0.32603806  0.23272547 -0.10746438 -0.61997144
  0.10250204  0.14584065 -0.47001507  0.20485145  0.26085245 -0.64598423
 -0.01909914  0.3825568   0.02767607  0.03801365 -0.55186688  0.53550153
  0.55225059  0.5639193   0.64305137  0.23324167 -0.16886749  0.57249404
 -0.17488622  0.41602753 -0.61533743  0.11998384  0.34376247 -0.62636563
 -0.0096034  -0.22916284  0.07054047 -0.29743908  0.27779864 -0.48737319
 -0.30104431 -0.82398161 -0.50248499 -0.22664037 -0.1976981 ]
4199,[ 0.20459301  0.10651711 -0.10232089  0.13403436  0.37185902  0.0869349
 -0.04123025  0.64801461  0.34843199 -0.52992966 -0.04492669 -0.11650938
  0.17893444  0.43334182 -0.32603808  0.2327261  -0.10746399 -0.6199712
  0.10250161  0.1458411  -0.47001513  0.20485105  0.26085231 -0.64598486
 -0.01909979  0.38255649  0.02767723  0.03801326 -0.5518674   0.53550259
  0.55224957  0.56391958  0.64305183  0.23324169 -0.1688671   0.57249415
 -0.17488665  0.41602724 -0.61533725  0.11998338  0.34376257 -0.62636485
 -0.0096043  -0.22916291  0.07053994 -0.29743924  0.27779921 -0.48737192
 -0.30104504 -0.82398152 -0.50248529 -0.22664026 -0.19769831]
4200,[ 0.20459376  0.10651741 -0.1023228   0.13403477  0.37185945  0.08693444
 -0.04122958  0.64801389  0.34843126 -0.52992935 -0.04492658 -0.11650858
  0.17893405  0.43334257 -0.32603811  0.23272673 -0.10746359 -0.61997097
  0.10250119  0.14584154 -0.4700152   0.20485065  0.26085218 -0.64598549
 -0.01910044  0.38255618  0.02767839  0.03801288 -0.55186791  0.53550364
  0.55224856  0.56391985  0.6430523   0.23324171 -0.16886671  0.57249426
 -0.17488708  0.41602696 -0.61533707  0.11998292  0.34376268 -0.62636408
 -0.0096052  -0.22916299  0.07053941 -0.2974394   0.27779978 -0.48737066
 -0.30104576 -0.82398143 -0.50248558 -0.22664015 -0.19769852]
4201,[ 0.2045945   0.1065177  -0.10232471  0.13403519  0.37185987  0.08693398
 -0.04122891  0.64801318  0.34843052 -0.52992904 -0.04492648 -0.11650778
  0.17893365  0.43334332 -0.32603813  0.23272736 -0.10746319 -0.61997073
  0.10250077  0.14584199 -0.47001526  0.20485025  0.26085204 -0.64598611
 -0.01910108  0.38255587  0.02767955  0.03801249 -0.55186842  0.5355047
  0.55224754  0.56392012  0.64305276  0.23324173 -0.16886631  0.57249437
 -0.17488751  0.41602668 -0.61533689  0.11998246  0.34376278 -0.6263633
 -0.00960609 -0.22916307  0.07053888 -0.29743955  0.27780034 -0.4873694
 -0.30104648 -0.82398134 -0.50248588 -0.22664004 -0.19769872]
4202,[ 0.20459524  0.106518   -0.10232661  0.1340356   0.3718603   0.08693353
 -0.04122824  0.64801247  0.34842979 -0.52992873 -0.04492637 -0.11650698
  0.17893326  0.43334407 -0.32603815  0.23272798 -0.10746279 -0.61997049
  0.10250035  0.14584244 -0.47001533  0.20484985  0.26085191 -0.64598674
 -0.01910173  0.38255556  0.02768071  0.0380121  -0.55186893  0.53550575
  0.55224653  0.5639204   0.64305323  0.23324175 -0.16886592  0.57249448
 -0.17488794  0.41602639 -0.61533671  0.119982    0.34376288 -0.62636252
 -0.00960699 -0.22916314  0.07053835 -0.29743971  0.27780091 -0.48736813
 -0.3010472  -0.82398126 -0.50248617 -0.22663993 -0.19769893]
4203,[ 0.20459599  0.1065183  -0.10232852  0.13403601  0.37186072  0.08693307
 -0.04122757  0.64801175  0.34842905 -0.52992842 -0.04492626 -0.11650618
  0.17893287  0.43334482 -0.32603818  0.23272861 -0.1074624  -0.61997025
  0.10249992  0.14584288 -0.47001539  0.20484945  0.26085178 -0.64598737
 -0.01910238  0.38255525  0.02768187  0.03801171 -0.55186944  0.5355068
  0.55224552  0.56392067  0.64305369  0.23324177 -0.16886553  0.57249459
 -0.17488836  0.41602611 -0.61533653  0.11998154  0.34376299 -0.62636175
 -0.00960788 -0.22916322  0.07053783 -0.29743986  0.27780147 -0.48736687
 -0.30104792 -0.82398117 -0.50248646 -0.22663982 -0.19769914]
4204,[ 0.20459673  0.1065186  -0.10233042  0.13403642  0.37186115  0.08693262
 -0.04122691  0.64801104  0.34842832 -0.52992811 -0.04492615 -0.11650538
  0.17893247  0.43334557 -0.3260382   0.23272923 -0.107462   -0.61997002
  0.1024995   0.14584333 -0.47001546  0.20484905  0.26085164 -0.64598799
 -0.01910302  0.38255494  0.02768303  0.03801133 -0.55186996  0.53550785
  0.55224451  0.56392094  0.64305416  0.23324179 -0.16886514  0.5724947
 -0.17488879  0.41602583 -0.61533635  0.11998108  0.34376309 -0.62636097
 -0.00960877 -0.2291633   0.0705373  -0.29744002  0.27780204 -0.48736562
 -0.30104864 -0.82398108 -0.50248675 -0.22663971 -0.19769934]
4205,[ 0.20459747  0.1065189  -0.10233232  0.13403683  0.37186157  0.08693216
 -0.04122624  0.64801033  0.34842758 -0.5299278  -0.04492605 -0.11650459
  0.17893208  0.43334632 -0.32603822  0.23272986 -0.10746161 -0.61996978
  0.10249908  0.14584377 -0.47001552  0.20484866  0.26085151 -0.64598862
 -0.01910366  0.38255463  0.02768418  0.03801094 -0.55187047  0.53550889
  0.55224351  0.56392121  0.64305462  0.23324181 -0.16886475  0.57249481
 -0.17488921  0.41602555 -0.61533617  0.11998062  0.34376319 -0.6263602
 -0.00960966 -0.22916337  0.07053677 -0.29744017  0.2778026  -0.48736436
 -0.30104936 -0.823981   -0.50248704 -0.2266396  -0.19769955]
4206,[ 0.20459821  0.1065192  -0.10233422  0.13403724  0.371862    0.08693171
 -0.04122558  0.64800962  0.34842685 -0.52992749 -0.04492594 -0.11650379
  0.17893169  0.43334707 -0.32603825  0.23273048 -0.10746121 -0.61996954
  0.10249866  0.14584422 -0.47001559  0.20484826  0.26085137 -0.64598924
 -0.01910431  0.38255432  0.02768534  0.03801055 -0.55187098  0.53550994
  0.5522425   0.56392149  0.64305508  0.23324183 -0.16886436  0.57249492
 -0.17488964  0.41602527 -0.61533599  0.11998016  0.34376329 -0.62635943
 -0.00961055 -0.22916345  0.07053625 -0.29744033  0.27780316 -0.4873631
 -0.30105008 -0.82398091 -0.50248734 -0.22663949 -0.19769975]
4207,[ 0.20459895  0.1065195  -0.10233611  0.13403765  0.37186242  0.08693126
 -0.04122491  0.64800892  0.34842612 -0.52992719 -0.04492583 -0.116503
  0.1789313   0.43334781 -0.32603827  0.2327311  -0.10746082 -0.61996931
  0.10249824  0.14584466 -0.47001565  0.20484786  0.26085124 -0.64598987
 -0.01910495  0.38255401  0.02768649  0.03801017 -0.55187148  0.53551099
  0.55224149  0.56392176  0.64305555  0.23324185 -0.16886397  0.57249503
 -0.17489007  0.41602498 -0.61533581  0.11997971  0.3437634  -0.62635866
 -0.00961144 -0.22916352  0.07053572 -0.29744048  0.27780372 -0.48736185
 -0.30105079 -0.82398082 -0.50248763 -0.22663938 -0.19769996]
4208,[ 0.20459969  0.10651979 -0.102338    0.13403806  0.37186284  0.0869308
 -0.04122425  0.64800821  0.34842539 -0.52992688 -0.04492572 -0.1165022
  0.1789309   0.43334856 -0.32603829  0.23273172 -0.10746042 -0.61996907
  0.10249782  0.14584511 -0.47001572  0.20484747  0.26085111 -0.64599049
 -0.01910559  0.3825537   0.02768764  0.03800978 -0.55187199  0.53551203
  0.55224049  0.56392203  0.64305601  0.23324186 -0.16886358  0.57249514
 -0.17489049  0.4160247  -0.61533563  0.11997925  0.3437635  -0.62635789
 -0.00961233 -0.2291636   0.0705352  -0.29744064  0.27780428 -0.4873606
 -0.30105151 -0.82398073 -0.50248792 -0.22663928 -0.19770016]
4209,[ 0.20460043  0.10652009 -0.1023399   0.13403847  0.37186326  0.08693035
 -0.04122359  0.6480075   0.34842466 -0.52992657 -0.04492562 -0.11650141
  0.17893051  0.4333493  -0.32603831  0.23273235 -0.10746003 -0.61996883
  0.10249741  0.14584555 -0.47001578  0.20484707  0.26085097 -0.64599111
 -0.01910623  0.38255339  0.02768879  0.0380094  -0.5518725   0.53551307
  0.55223948  0.5639223   0.64305647  0.23324188 -0.16886319  0.57249525
 -0.17489091  0.41602442 -0.61533546  0.1199788   0.3437636  -0.62635712
 -0.00961322 -0.22916367  0.07053467 -0.29744079  0.27780485 -0.48735935
 -0.30105223 -0.82398065 -0.50248821 -0.22663917 -0.19770037]
4210,[ 0.20460117  0.10652039 -0.10234178  0.13403888  0.37186368  0.0869299
 -0.04122292  0.6480068   0.34842393 -0.52992626 -0.04492551 -0.11650062
  0.17893012  0.43335005 -0.32603834  0.23273297 -0.10745964 -0.6199686
  0.10249699  0.14584599 -0.47001584  0.20484668  0.26085084 -0.64599174
 -0.01910687  0.38255308  0.02768994  0.03800901 -0.55187301  0.53551412
  0.55223848  0.56392257  0.64305693  0.2332419  -0.1688628   0.57249536
 -0.17489134  0.41602414 -0.61533528  0.11997834  0.3437637  -0.62635635
 -0.0096141  -0.22916375  0.07053415 -0.29744095  0.27780541 -0.4873581
 -0.30105294 -0.82398056 -0.5024885  -0.22663906 -0.19770057]
4211,[ 0.2046019   0.10652068 -0.10234367  0.13403928  0.3718641   0.08692945
 -0.04122226  0.64800609  0.3484232  -0.52992596 -0.0449254  -0.11649983
  0.17892973  0.43335079 -0.32603836  0.23273359 -0.10745924 -0.61996836
  0.10249657  0.14584643 -0.47001591  0.20484628  0.26085071 -0.64599236
 -0.01910751  0.38255278  0.02769109  0.03800863 -0.55187352  0.53551516
  0.55223748  0.56392284  0.64305739  0.23324192 -0.16886241  0.57249547
 -0.17489176  0.41602386 -0.6153351   0.11997788  0.34376381 -0.62635558
 -0.00961499 -0.22916383  0.07053363 -0.2974411   0.27780596 -0.48735685
 -0.30105365 -0.82398047 -0.50248879 -0.22663895 -0.19770078]
4212,[ 0.20460264  0.10652098 -0.10234556  0.13403969  0.37186452  0.086929
 -0.0412216   0.64800539  0.34842248 -0.52992565 -0.0449253  -0.11649904
  0.17892934  0.43335153 -0.32603838  0.2327342  -0.10745885 -0.61996813
  0.10249615  0.14584687 -0.47001597  0.20484589  0.26085057 -0.64599298
 -0.01910815  0.38255247  0.02769223  0.03800825 -0.55187402  0.5355162
  0.55223648  0.56392311  0.64305785  0.23324194 -0.16886202  0.57249558
 -0.17489218  0.41602358 -0.61533492  0.11997743  0.34376391 -0.62635481
 -0.00961587 -0.2291639   0.0705331  -0.29744126  0.27780652 -0.4873556
 -0.30105437 -0.82398039 -0.50248908 -0.22663884 -0.19770098]
4213,[ 0.20460337  0.10652127 -0.10234744  0.1340401   0.37186494  0.08692855
 -0.04122094  0.64800468  0.34842175 -0.52992535 -0.04492519 -0.11649825
  0.17892895  0.43335227 -0.32603841  0.23273482 -0.10745846 -0.61996789
  0.10249573  0.14584732 -0.47001604  0.20484549  0.26085044 -0.6459936
 -0.01910878  0.38255216  0.02769338  0.03800786 -0.55187453  0.53551724
  0.55223548  0.56392338  0.64305831  0.23324196 -0.16886163  0.57249569
 -0.17489261  0.4160233  -0.61533474  0.11997698  0.34376401 -0.62635405
 -0.00961675 -0.22916398  0.07053258 -0.29744141  0.27780708 -0.48735436
 -0.30105508 -0.8239803  -0.50248937 -0.22663873 -0.19770118]
4214,[ 0.20460411  0.10652157 -0.10234932  0.1340405   0.37186536  0.0869281
 -0.04122028  0.64800398  0.34842102 -0.52992504 -0.04492508 -0.11649746
  0.17892857  0.43335302 -0.32603843  0.23273544 -0.10745807 -0.61996766
  0.10249532  0.14584776 -0.4700161   0.2048451   0.26085031 -0.64599422
 -0.01910942  0.38255185  0.02769452  0.03800748 -0.55187503  0.53551827
  0.55223448  0.56392365  0.64305877  0.23324198 -0.16886125  0.5724958
 -0.17489303  0.41602302 -0.61533457  0.11997652  0.34376411 -0.62635328
 -0.00961764 -0.22916405  0.07053206 -0.29744156  0.27780764 -0.48735311
 -0.30105579 -0.82398022 -0.50248966 -0.22663863 -0.19770139]
4215,[ 0.20460484  0.10652187 -0.1023512   0.13404091  0.37186578  0.08692765
 -0.04121963  0.64800328  0.3484203  -0.52992473 -0.04492498 -0.11649667
  0.17892818  0.43335376 -0.32603845  0.23273606 -0.10745768 -0.61996742
  0.1024949   0.1458482  -0.47001617  0.20484471  0.26085018 -0.64599484
 -0.01911006  0.38255155  0.02769566  0.0380071  -0.55187554  0.53551931
  0.55223349  0.56392392  0.64305923  0.233242   -0.16886086  0.57249591
 -0.17489345  0.41602274 -0.61533439  0.11997607  0.34376421 -0.62635252
 -0.00961852 -0.22916413  0.07053154 -0.29744172  0.2778082  -0.48735187
 -0.3010565  -0.82398013 -0.50248994 -0.22663852 -0.19770159]
4216,[ 0.20460557  0.10652216 -0.10235307  0.13404131  0.3718662   0.0869272
 -0.04121897  0.64800258  0.34841957 -0.52992443 -0.04492487 -0.11649589
  0.17892779  0.43335449 -0.32603847  0.23273667 -0.10745729 -0.61996719
  0.10249449  0.14584864 -0.47001623  0.20484431  0.26085004 -0.64599545
 -0.01911069  0.38255124  0.02769681  0.03800672 -0.55187604  0.53552034
  0.55223249  0.56392419  0.64305968  0.23324202 -0.16886047  0.57249601
 -0.17489387  0.41602247 -0.61533421  0.11997562  0.34376431 -0.62635175
 -0.0096194  -0.2291642   0.07053102 -0.29744187  0.27780875 -0.48735063
 -0.30105721 -0.82398004 -0.50249023 -0.22663841 -0.19770179]
4217,[ 0.2046063   0.10652245 -0.10235495  0.13404172  0.37186662  0.08692675
 -0.04121831  0.64800188  0.34841885 -0.52992412 -0.04492477 -0.1164951
  0.1789274   0.43335523 -0.3260385   0.23273729 -0.1074569  -0.61996696
  0.10249407  0.14584907 -0.47001629  0.20484392  0.26084991 -0.64599607
 -0.01911133  0.38255094  0.02769795  0.03800634 -0.55187655  0.53552138
  0.5522315   0.56392446  0.64306014  0.23324204 -0.16886009  0.57249612
 -0.17489429  0.41602219 -0.61533404  0.11997516  0.34376441 -0.62635099
 -0.00962028 -0.22916428  0.0705305  -0.29744202  0.27780931 -0.48734939
 -0.30105792 -0.82397996 -0.50249052 -0.2266383  -0.197702  ]
4218,[ 0.20460703  0.10652275 -0.10235682  0.13404212  0.37186704  0.0869263
 -0.04121765  0.64800118  0.34841813 -0.52992382 -0.04492466 -0.11649432
  0.17892701  0.43335597 -0.32603852  0.2327379  -0.10745651 -0.61996672
  0.10249366  0.14584951 -0.47001636  0.20484353  0.26084978 -0.64599669
 -0.01911196  0.38255063  0.02769908  0.03800596 -0.55187705  0.53552241
  0.5522305   0.56392473  0.6430606   0.23324206 -0.1688597   0.57249623
 -0.17489471  0.41602191 -0.61533386  0.11997471  0.34376452 -0.62635023
 -0.00962115 -0.22916435  0.07052998 -0.29744218  0.27780986 -0.48734815
 -0.30105863 -0.82397987 -0.50249081 -0.2266382  -0.1977022 ]
4219,[ 0.20460776  0.10652304 -0.10235869  0.13404253  0.37186745  0.08692586
 -0.041217    0.64800048  0.34841741 -0.52992352 -0.04492455 -0.11649353
  0.17892663  0.43335671 -0.32603854  0.23273852 -0.10745612 -0.61996649
  0.10249324  0.14584995 -0.47001642  0.20484314  0.26084965 -0.6459973
 -0.0191126   0.38255033  0.02770022  0.03800558 -0.55187755  0.53552344
  0.55222951  0.563925    0.64306105  0.23324207 -0.16885932  0.57249634
 -0.17489513  0.41602163 -0.61533368  0.11997426  0.34376462 -0.62634947
 -0.00962203 -0.22916443  0.07052946 -0.29744233  0.27781042 -0.48734691
 -0.30105933 -0.82397979 -0.5024911  -0.22663809 -0.1977024 ]
4220,[ 0.20460849  0.10652334 -0.10236056  0.13404293  0.37186787  0.08692541
 -0.04121634  0.64799978  0.34841669 -0.52992321 -0.04492445 -0.11649275
  0.17892624  0.43335744 -0.32603856  0.23273913 -0.10745573 -0.61996626
  0.10249283  0.14585039 -0.47001649  0.20484275  0.26084952 -0.64599792
 -0.01911323  0.38255002  0.02770136  0.0380052  -0.55187805  0.53552447
  0.55222852  0.56392526  0.64306151  0.23324209 -0.16885893  0.57249645
 -0.17489555  0.41602135 -0.61533351  0.11997381  0.34376472 -0.6263487
 -0.00962291 -0.2291645   0.07052895 -0.29744248  0.27781097 -0.48734568
 -0.30106004 -0.8239797  -0.50249138 -0.22663798 -0.1977026 ]
4221,[ 0.20460922  0.10652363 -0.10236243  0.13404333  0.37186829  0.08692496
 -0.04121569  0.64799908  0.34841597 -0.52992291 -0.04492434 -0.11649197
  0.17892586  0.43335818 -0.32603859  0.23273975 -0.10745534 -0.61996602
  0.10249242  0.14585083 -0.47001655  0.20484236  0.26084938 -0.64599853
 -0.01911386  0.38254972  0.02770249  0.03800482 -0.55187855  0.5355255
  0.55222753  0.56392553  0.64306197  0.23324211 -0.16885855  0.57249656
 -0.17489597  0.41602108 -0.61533333  0.11997336  0.34376482 -0.62634795
 -0.00962378 -0.22916458  0.07052843 -0.29744264  0.27781152 -0.48734444
 -0.30106075 -0.82397961 -0.50249167 -0.22663788 -0.19770281]
4222,[ 0.20460995  0.10652392 -0.10236429  0.13404374  0.3718687   0.08692452
 -0.04121504  0.64799839  0.34841525 -0.52992261 -0.04492424 -0.11649119
  0.17892547  0.43335891 -0.32603861  0.23274036 -0.10745495 -0.61996579
  0.102492    0.14585126 -0.47001661  0.20484197  0.26084925 -0.64599915
 -0.01911449  0.38254941  0.02770363  0.03800444 -0.55187905  0.53552653
  0.55222654  0.5639258   0.64306242  0.23324213 -0.16885817  0.57249666
 -0.17489638  0.4160208  -0.61533315  0.11997291  0.34376492 -0.62634719
 -0.00962466 -0.22916465  0.07052791 -0.29744279  0.27781208 -0.48734321
 -0.30106145 -0.82397953 -0.50249196 -0.22663777 -0.19770301]
4223,[ 0.20461067  0.10652421 -0.10236615  0.13404414  0.37186912  0.08692407
 -0.04121438  0.64799769  0.34841453 -0.5299223  -0.04492413 -0.11649041
  0.17892509  0.43335964 -0.32603863  0.23274097 -0.10745457 -0.61996556
  0.10249159  0.1458517  -0.47001668  0.20484158  0.26084912 -0.64599976
 -0.01911512  0.38254911  0.02770476  0.03800406 -0.55187955  0.53552756
  0.55222555  0.56392607  0.64306287  0.23324215 -0.16885778  0.57249677
 -0.1748968   0.41602052 -0.61533298  0.11997246  0.34376502 -0.62634643
 -0.00962553 -0.22916472  0.0705274  -0.29744294  0.27781263 -0.48734198
 -0.30106215 -0.82397944 -0.50249224 -0.22663766 -0.19770321]
4224,[ 0.2046114   0.10652451 -0.10236801  0.13404454  0.37186953  0.08692363
 -0.04121373  0.647997    0.34841381 -0.529922   -0.04492403 -0.11648963
  0.1789247   0.43336038 -0.32603865  0.23274158 -0.10745418 -0.61996533
  0.10249118  0.14585213 -0.47001674  0.20484119  0.26084899 -0.64600037
 -0.01911575  0.38254881  0.02770589  0.03800368 -0.55188005  0.53552858
  0.55222456  0.56392633  0.64306333  0.23324217 -0.1688574   0.57249688
 -0.17489722  0.41602025 -0.6153328   0.11997202  0.34376512 -0.62634567
 -0.0096264  -0.2291648   0.07052688 -0.29744309  0.27781318 -0.48734075
 -0.30106286 -0.82397936 -0.50249253 -0.22663756 -0.19770341]
4225,[ 0.20461212  0.1065248  -0.10236987  0.13404494  0.37186995  0.08692319
 -0.04121308  0.6479963   0.34841309 -0.5299217  -0.04492392 -0.11648885
  0.17892432  0.43336111 -0.32603868  0.23274219 -0.10745379 -0.6199651
  0.10249077  0.14585257 -0.4700168   0.2048408   0.26084886 -0.64600098
 -0.01911638  0.38254851  0.02770702  0.0380033  -0.55188055  0.53552961
  0.55222358  0.5639266   0.64306378  0.23324219 -0.16885702  0.57249699
 -0.17489764  0.41601997 -0.61533263  0.11997157  0.34376522 -0.62634492
 -0.00962727 -0.22916487  0.07052637 -0.29744324  0.27781373 -0.48733952
 -0.30106356 -0.82397927 -0.50249281 -0.22663745 -0.19770361]
4226,[ 0.20461285  0.10652509 -0.10237172  0.13404534  0.37187036  0.08692274
 -0.04121243  0.64799561  0.34841238 -0.5299214  -0.04492382 -0.11648807
  0.17892393  0.43336184 -0.3260387   0.2327428  -0.10745341 -0.61996486
  0.10249036  0.145853   -0.47001687  0.20484041  0.26084873 -0.64600159
 -0.01911701  0.3825482   0.02770815  0.03800293 -0.55188105  0.53553063
  0.55222259  0.56392686  0.64306423  0.23324221 -0.16885663  0.57249709
 -0.17489805  0.4160197  -0.61533245  0.11997112  0.34376532 -0.62634416
 -0.00962814 -0.22916495  0.07052585 -0.2974434   0.27781428 -0.48733829
 -0.30106426 -0.82397919 -0.5024931  -0.22663734 -0.19770381]
4227,[ 0.20461357  0.10652538 -0.10237358  0.13404574  0.37187077  0.0869223
 -0.04121178  0.64799492  0.34841166 -0.5299211  -0.04492371 -0.11648729
  0.17892355  0.43336257 -0.32603872  0.23274341 -0.10745302 -0.61996463
  0.10248995  0.14585344 -0.47001693  0.20484003  0.2608486  -0.6460022
 -0.01911764  0.3825479   0.02770928  0.03800255 -0.55188155  0.53553165
  0.55222161  0.56392713  0.64306469  0.23324223 -0.16885625  0.5724972
 -0.17489847  0.41601942 -0.61533228  0.11997067  0.34376542 -0.62634341
 -0.00962901 -0.22916502  0.07052534 -0.29744355  0.27781483 -0.48733706
 -0.30106496 -0.8239791  -0.50249338 -0.22663724 -0.19770401]
4228,[ 0.20461429  0.10652567 -0.10237543  0.13404614  0.37187119  0.08692186
 -0.04121113  0.64799423  0.34841095 -0.5299208  -0.04492361 -0.11648652
  0.17892317  0.4333633  -0.32603874  0.23274402 -0.10745264 -0.6199644
  0.10248954  0.14585387 -0.47001699  0.20483964  0.26084847 -0.64600281
 -0.01911826  0.3825476   0.0277104   0.03800217 -0.55188205  0.53553267
  0.55222063  0.5639274   0.64306514  0.23324224 -0.16885587  0.57249731
 -0.17489888  0.41601915 -0.6153321   0.11997023  0.34376552 -0.62634265
 -0.00962988 -0.2291651   0.07052483 -0.2974437   0.27781538 -0.48733584
 -0.30106566 -0.82397902 -0.50249367 -0.22663713 -0.19770421]
4229,[ 0.20461502  0.10652596 -0.10237728  0.13404654  0.3718716   0.08692141
 -0.04121049  0.64799354  0.34841024 -0.5299205  -0.0449235  -0.11648574
  0.17892279  0.43336403 -0.32603877  0.23274462 -0.10745225 -0.61996417
  0.10248913  0.1458543  -0.47001706  0.20483925  0.26084834 -0.64600342
 -0.01911889  0.3825473   0.02771153  0.0380018  -0.55188254  0.53553369
  0.55221965  0.56392766  0.64306559  0.23324226 -0.16885549  0.57249741
 -0.1748993   0.41601887 -0.61533193  0.11996978  0.34376562 -0.6263419
 -0.00963075 -0.22916517  0.07052431 -0.29744385  0.27781593 -0.48733462
 -0.30106636 -0.82397893 -0.50249395 -0.22663703 -0.19770441]
4230,[ 0.20461574  0.10652625 -0.10237912  0.13404694  0.37187201  0.08692097
 -0.04120984  0.64799285  0.34840952 -0.5299202  -0.0449234  -0.11648497
  0.1789224   0.43336475 -0.32603879  0.23274523 -0.10745187 -0.61996394
  0.10248872  0.14585474 -0.47001712  0.20483887  0.26084821 -0.64600403
 -0.01911952  0.382547    0.02771265  0.03800142 -0.55188304  0.53553471
  0.55221867  0.56392793  0.64306604  0.23324228 -0.16885511  0.57249752
 -0.17489971  0.4160186  -0.61533176  0.11996934  0.34376572 -0.62634115
 -0.00963161 -0.22916524  0.0705238  -0.297444    0.27781647 -0.48733339
 -0.30106706 -0.82397885 -0.50249423 -0.22663692 -0.19770461]
4231,[ 0.20461646  0.10652654 -0.10238097  0.13404734  0.37187242  0.08692053
 -0.04120919  0.64799216  0.34840881 -0.5299199  -0.04492329 -0.11648419
  0.17892202  0.43336548 -0.32603881  0.23274584 -0.10745148 -0.61996371
  0.10248831  0.14585517 -0.47001718  0.20483848  0.26084808 -0.64600464
 -0.01912014  0.3825467   0.02771377  0.03800105 -0.55188353  0.53553573
  0.55221769  0.56392819  0.64306649  0.2332423  -0.16885473  0.57249763
 -0.17490012  0.41601832 -0.61533158  0.11996889  0.34376582 -0.6263404
 -0.00963248 -0.22916532  0.07052329 -0.29744415  0.27781702 -0.48733217
 -0.30106776 -0.82397876 -0.50249452 -0.22663681 -0.19770481]
4232,[ 0.20461718  0.10652683 -0.10238281  0.13404774  0.37187283  0.08692009
 -0.04120855  0.64799147  0.3484081  -0.5299196  -0.04492319 -0.11648342
  0.17892164  0.43336621 -0.32603883  0.23274644 -0.1074511  -0.61996348
  0.1024879   0.1458556  -0.47001725  0.20483809  0.26084795 -0.64600525
 -0.01912076  0.3825464   0.02771489  0.03800067 -0.55188403  0.53553674
  0.55221671  0.56392845  0.64306694  0.23324232 -0.16885435  0.57249773
 -0.17490054  0.41601805 -0.61533141  0.11996845  0.34376592 -0.62633965
 -0.00963334 -0.22916539  0.07052278 -0.2974443   0.27781757 -0.48733096
 -0.30106845 -0.82397868 -0.5024948  -0.22663671 -0.19770501]
4233,[ 0.20461789  0.10652712 -0.10238465  0.13404813  0.37187324  0.08691965
 -0.0412079   0.64799078  0.34840739 -0.5299193  -0.04492308 -0.11648265
  0.17892126  0.43336693 -0.32603886  0.23274705 -0.10745072 -0.61996325
  0.1024875   0.14585603 -0.47001731  0.20483771  0.26084782 -0.64600585
 -0.01912139  0.3825461   0.02771601  0.0380003  -0.55188452  0.53553776
  0.55221573  0.56392872  0.64306739  0.23324234 -0.16885397  0.57249784
 -0.17490095  0.41601778 -0.61533123  0.119968    0.34376602 -0.6263389
 -0.00963421 -0.22916546  0.07052227 -0.29744445  0.27781811 -0.48732974
 -0.30106915 -0.8239786  -0.50249508 -0.2266366  -0.19770521]
4234,[ 0.20461861  0.10652741 -0.10238649  0.13404853  0.37187365  0.08691921
 -0.04120726  0.64799009  0.34840668 -0.529919   -0.04492298 -0.11648188
  0.17892088  0.43336765 -0.32603888  0.23274765 -0.10745033 -0.61996302
  0.10248709  0.14585646 -0.47001737  0.20483732  0.26084769 -0.64600646
 -0.01912201  0.3825458   0.02771713  0.03799992 -0.55188502  0.53553877
  0.55221476  0.56392898  0.64306784  0.23324236 -0.16885359  0.57249795
 -0.17490136  0.4160175  -0.61533106  0.11996756  0.34376612 -0.62633815
 -0.00963507 -0.22916554  0.07052176 -0.2974446   0.27781866 -0.48732852
 -0.30106985 -0.82397851 -0.50249537 -0.2266365  -0.19770541]
4235,[ 0.20461933  0.1065277  -0.10238833  0.13404893  0.37187406  0.08691877
 -0.04120661  0.64798941  0.34840597 -0.5299187  -0.04492288 -0.11648111
  0.1789205   0.43336838 -0.3260389   0.23274825 -0.10744995 -0.61996279
  0.10248668  0.14585689 -0.47001743  0.20483694  0.26084756 -0.64600706
 -0.01912263  0.3825455   0.02771825  0.03799955 -0.55188551  0.53553979
  0.55221378  0.56392925  0.64306828  0.23324237 -0.16885322  0.57249805
 -0.17490177  0.41601723 -0.61533089  0.11996712  0.34376622 -0.6263374
 -0.00963593 -0.22916561  0.07052125 -0.29744475  0.2778192  -0.48732731
 -0.30107054 -0.82397843 -0.50249565 -0.22663639 -0.19770561]
4236,[ 0.20462004  0.10652798 -0.10239016  0.13404932  0.37187447  0.08691833
 -0.04120597  0.64798872  0.34840526 -0.5299184  -0.04492277 -0.11648034
  0.17892012  0.4333691  -0.32603892  0.23274886 -0.10744957 -0.61996257
  0.10248628  0.14585732 -0.4700175   0.20483656  0.26084743 -0.64600767
 -0.01912325  0.3825452   0.02771936  0.03799918 -0.551886    0.5355408
  0.55221281  0.56392951  0.64306873  0.23324239 -0.16885284  0.57249816
 -0.17490219  0.41601696 -0.61533071  0.11996667  0.34376632 -0.62633665
 -0.00963679 -0.22916568  0.07052074 -0.2974449   0.27781975 -0.48732609
 -0.30107123 -0.82397834 -0.50249593 -0.22663629 -0.19770581]
4237,[ 0.20462076  0.10652827 -0.102392    0.13404972  0.37187488  0.08691789
 -0.04120533  0.64798804  0.34840456 -0.5299181  -0.04492267 -0.11647957
  0.17891974  0.43336982 -0.32603894  0.23274946 -0.10744919 -0.61996234
  0.10248587  0.14585775 -0.47001756  0.20483617  0.2608473  -0.64600827
 -0.01912387  0.3825449   0.02772048  0.03799881 -0.5518865   0.53554181
  0.55221184  0.56392977  0.64306918  0.23324241 -0.16885246  0.57249827
 -0.1749026   0.41601669 -0.61533054  0.11996623  0.34376642 -0.62633591
 -0.00963765 -0.22916576  0.07052024 -0.29744505  0.27782029 -0.48732488
 -0.30107193 -0.82397826 -0.50249621 -0.22663618 -0.197706  ]
4238,[ 0.20462147  0.10652856 -0.10239383  0.13405012  0.37187529  0.08691746
 -0.04120469  0.64798735  0.34840385 -0.52991781 -0.04492257 -0.11647881
  0.17891936  0.43337054 -0.32603897  0.23275006 -0.10744881 -0.61996211
  0.10248546  0.14585818 -0.47001762  0.20483579  0.26084717 -0.64600887
 -0.01912449  0.3825446   0.02772159  0.03799843 -0.55188699  0.53554282
  0.55221087  0.56393003  0.64306962  0.23324243 -0.16885209  0.57249837
 -0.17490301  0.41601642 -0.61533037  0.11996579  0.34376652 -0.62633516
 -0.00963851 -0.22916583  0.07051973 -0.2974452   0.27782083 -0.48732367
 -0.30107262 -0.82397818 -0.50249649 -0.22663608 -0.1977062 ]
4239,[ 0.20462219  0.10652885 -0.10239565  0.13405051  0.3718757   0.08691702
 -0.04120405  0.64798667  0.34840314 -0.52991751 -0.04492246 -0.11647804
  0.17891899  0.43337126 -0.32603899  0.23275066 -0.10744843 -0.61996188
  0.10248506  0.14585861 -0.47001768  0.20483541  0.26084704 -0.64600947
 -0.01912511  0.3825443   0.0277227   0.03799806 -0.55188748  0.53554383
  0.5522099   0.5639303   0.64307007  0.23324245 -0.16885171  0.57249848
 -0.17490342  0.41601614 -0.6153302   0.11996535  0.34376662 -0.62633442
 -0.00963936 -0.2291659   0.07051922 -0.29744535  0.27782137 -0.48732246
 -0.30107331 -0.82397809 -0.50249677 -0.22663597 -0.1977064 ]
4240,[ 0.2046229   0.10652913 -0.10239748  0.13405091  0.3718761   0.08691658
 -0.0412034   0.64798599  0.34840244 -0.52991721 -0.04492236 -0.11647727
  0.17891861  0.43337198 -0.32603901  0.23275126 -0.10744805 -0.61996165
  0.10248466  0.14585904 -0.47001775  0.20483503  0.26084691 -0.64601007
 -0.01912573  0.382544    0.02772381  0.03799769 -0.55188797  0.53554484
  0.55220893  0.56393056  0.64307052  0.23324247 -0.16885133  0.57249858
 -0.17490383  0.41601587 -0.61533002  0.11996491  0.34376671 -0.62633368
 -0.00964022 -0.22916598  0.07051872 -0.2974455   0.27782191 -0.48732125
 -0.301074   -0.82397801 -0.50249705 -0.22663587 -0.1977066 ]
4241,[ 0.20462361  0.10652942 -0.1023993   0.1340513   0.37187651  0.08691615
 -0.04120277  0.6479853   0.34840174 -0.52991692 -0.04492226 -0.11647651
  0.17891823  0.4333727  -0.32603903  0.23275186 -0.10744767 -0.61996143
  0.10248425  0.14585946 -0.47001781  0.20483464  0.26084678 -0.64601068
 -0.01912635  0.38254371  0.02772492  0.03799732 -0.55188846  0.53554584
  0.55220796  0.56393082  0.64307096  0.23324249 -0.16885096  0.57249869
 -0.17490424  0.4160156  -0.61532985  0.11996447  0.34376681 -0.62633293
 -0.00964108 -0.22916605  0.07051821 -0.29744565  0.27782246 -0.48732004
 -0.30107469 -0.82397792 -0.50249733 -0.22663576 -0.1977068 ]
4242,[ 0.20462432  0.10652971 -0.10240113  0.13405169  0.37187692  0.08691571
 -0.04120213  0.64798462  0.34840103 -0.52991662 -0.04492215 -0.11647575
  0.17891786  0.43337342 -0.32603905  0.23275246 -0.10744729 -0.6199612
  0.10248385  0.14585989 -0.47001787  0.20483426  0.26084666 -0.64601128
 -0.01912697  0.38254341  0.02772603  0.03799695 -0.55188895  0.53554685
  0.55220699  0.56393108  0.64307141  0.2332425  -0.16885058  0.57249879
 -0.17490464  0.41601533 -0.61532968  0.11996403  0.34376691 -0.62633219
 -0.00964193 -0.22916612  0.07051771 -0.2974458   0.277823   -0.48731884
 -0.30107538 -0.82397784 -0.50249761 -0.22663566 -0.19770699]
4243,[ 0.20462503  0.10652999 -0.10240295  0.13405209  0.37187732  0.08691528
 -0.04120149  0.64798394  0.34840033 -0.52991632 -0.04492205 -0.11647498
  0.17891748  0.43337414 -0.32603908  0.23275305 -0.10744691 -0.61996097
  0.10248345  0.14586032 -0.47001793  0.20483388  0.26084653 -0.64601187
 -0.01912758  0.38254311  0.02772714  0.03799658 -0.55188944  0.53554785
  0.55220603  0.56393134  0.64307185  0.23324252 -0.16885021  0.5724989
 -0.17490505  0.41601506 -0.61532951  0.11996359  0.34376701 -0.62633145
 -0.00964279 -0.2291662   0.0705172  -0.29744595  0.27782354 -0.48731763
 -0.30107607 -0.82397776 -0.50249789 -0.22663556 -0.19770719]
4244,[ 0.20462574  0.10653028 -0.10240477  0.13405248  0.37187773  0.08691484
 -0.04120085  0.64798326  0.34839963 -0.52991603 -0.04492195 -0.11647422
  0.1789171   0.43337485 -0.3260391   0.23275365 -0.10744653 -0.61996074
  0.10248304  0.14586074 -0.470018    0.2048335   0.2608464  -0.64601247
 -0.0191282   0.38254282  0.02772824  0.03799621 -0.55188993  0.53554885
  0.55220506  0.5639316   0.64307229  0.23324254 -0.16884983  0.572499
 -0.17490546  0.41601479 -0.61532934  0.11996315  0.34376711 -0.62633071
 -0.00964364 -0.22916627  0.0705167  -0.2974461   0.27782407 -0.48731643
 -0.30107676 -0.82397767 -0.50249817 -0.22663545 -0.19770739]
4245,[ 0.20462645  0.10653056 -0.10240658  0.13405287  0.37187813  0.08691441
 -0.04120022  0.64798259  0.34839893 -0.52991573 -0.04492184 -0.11647346
  0.17891673  0.43337557 -0.32603912  0.23275425 -0.10744615 -0.61996052
  0.10248264  0.14586117 -0.47001806  0.20483312  0.26084627 -0.64601307
 -0.01912881  0.38254252  0.02772935  0.03799584 -0.55189041  0.53554986
  0.5522041   0.56393186  0.64307274  0.23324256 -0.16884946  0.57249911
 -0.17490587  0.41601452 -0.61532916  0.11996271  0.34376721 -0.62632997
 -0.00964449 -0.22916634  0.0705162  -0.29744625  0.27782461 -0.48731523
 -0.30107744 -0.82397759 -0.50249845 -0.22663535 -0.19770758]
4246,[ 0.20462716  0.10653085 -0.1024084   0.13405326  0.37187854  0.08691397
 -0.04119958  0.64798191  0.34839823 -0.52991544 -0.04492174 -0.1164727
  0.17891635  0.43337628 -0.32603914  0.23275484 -0.10744577 -0.61996029
  0.10248224  0.14586159 -0.47001812  0.20483274  0.26084614 -0.64601367
 -0.01912943  0.38254223  0.02773045  0.03799547 -0.5518909   0.53555086
  0.55220313  0.56393212  0.64307318  0.23324258 -0.16884909  0.57249921
 -0.17490627  0.41601425 -0.61532899  0.11996228  0.3437673  -0.62632923
 -0.00964534 -0.22916641  0.07051569 -0.2974464   0.27782515 -0.48731403
 -0.30107813 -0.82397751 -0.50249873 -0.22663524 -0.19770778]
4247,[ 0.20462787  0.10653113 -0.10241021  0.13405365  0.37187894  0.08691354
 -0.04119894  0.64798123  0.34839753 -0.52991515 -0.04492164 -0.11647194
  0.17891598  0.43337699 -0.32603916  0.23275544 -0.1074454  -0.61996007
  0.10248184  0.14586202 -0.47001818  0.20483236  0.26084602 -0.64601427
 -0.01913004  0.38254193  0.02773155  0.0379951  -0.55189139  0.53555186
  0.55220217  0.56393238  0.64307362  0.2332426  -0.16884871  0.57249932
 -0.17490668  0.41601398 -0.61532882  0.11996184  0.3437674  -0.62632849
 -0.00964619 -0.22916649  0.07051519 -0.29744654  0.27782569 -0.48731283
 -0.30107881 -0.82397742 -0.50249901 -0.22663514 -0.19770797]
4248,[ 0.20462857  0.10653142 -0.10241202  0.13405405  0.37187935  0.08691311
 -0.04119831  0.64798055  0.34839683 -0.52991485 -0.04492154 -0.11647118
  0.1789156   0.43337771 -0.32603919  0.23275603 -0.10744502 -0.61995984
  0.10248144  0.14586244 -0.47001824  0.20483198  0.26084589 -0.64601486
 -0.01913066  0.38254163  0.02773266  0.03799473 -0.55189187  0.53555285
  0.55220121  0.56393264  0.64307406  0.23324261 -0.16884834  0.57249942
 -0.17490709  0.41601371 -0.61532865  0.1199614   0.3437675  -0.62632776
 -0.00964704 -0.22916656  0.07051469 -0.29744669  0.27782622 -0.48731163
 -0.3010795  -0.82397734 -0.50249929 -0.22663504 -0.19770817]
4249,[ 0.20462928  0.1065317  -0.10241383  0.13405444  0.37187975  0.08691268
 -0.04119768  0.64797988  0.34839613 -0.52991456 -0.04492143 -0.11647042
  0.17891523  0.43337842 -0.32603921  0.23275663 -0.10744464 -0.61995961
  0.10248104  0.14586286 -0.4700183   0.20483161  0.26084576 -0.64601546
 -0.01913127  0.38254134  0.02773375  0.03799437 -0.55189236  0.53555385
  0.55220025  0.5639329   0.6430745   0.23324263 -0.16884797  0.57249953
 -0.17490749  0.41601345 -0.61532848  0.11996097  0.3437676  -0.62632702
 -0.00964789 -0.22916663  0.07051419 -0.29744684  0.27782676 -0.48731044
 -0.30108018 -0.82397726 -0.50249957 -0.22663493 -0.19770837]
4250,[ 0.20462998  0.10653198 -0.10241563  0.13405483  0.37188015  0.08691224
 -0.04119704  0.6479792   0.34839544 -0.52991426 -0.04492133 -0.11646967
  0.17891486  0.43337913 -0.32603923  0.23275722 -0.10744427 -0.61995939
  0.10248064  0.14586329 -0.47001837  0.20483123  0.26084563 -0.64601605
 -0.01913188  0.38254105  0.02773485  0.037994   -0.55189285  0.53555485
  0.55219929  0.56393316  0.64307494  0.23324265 -0.1688476   0.57249963
 -0.1749079   0.41601318 -0.61532831  0.11996053  0.3437677  -0.62632629
 -0.00964873 -0.2291667   0.07051369 -0.29744699  0.2778273  -0.48730924
 -0.30108086 -0.82397718 -0.50249984 -0.22663483 -0.19770856]
4251,[ 0.20463069  0.10653227 -0.10241744  0.13405522  0.37188055  0.08691181
 -0.04119641  0.64797853  0.34839474 -0.52991397 -0.04492123 -0.11646891
  0.17891448  0.43337984 -0.32603925  0.23275781 -0.10744389 -0.61995916
  0.10248024  0.14586371 -0.47001843  0.20483085  0.26084551 -0.64601664
 -0.01913249  0.38254075  0.02773595  0.03799363 -0.55189333  0.53555584
  0.55219834  0.56393342  0.64307538  0.23324267 -0.16884722  0.57249974
 -0.1749083   0.41601291 -0.61532814  0.1199601   0.34376779 -0.62632555
 -0.00964958 -0.22916678  0.07051319 -0.29744713  0.27782783 -0.48730805
 -0.30108155 -0.82397709 -0.50250012 -0.22663473 -0.19770876]
4252,[ 0.20463139  0.10653255 -0.10241924  0.1340556   0.37188096  0.08691138
 -0.04119578  0.64797786  0.34839405 -0.52991368 -0.04492113 -0.11646815
  0.17891411  0.43338055 -0.32603927  0.23275841 -0.10744352 -0.61995894
  0.10247984  0.14586413 -0.47001849  0.20483047  0.26084538 -0.64601724
 -0.0191331   0.38254046  0.02773705  0.03799327 -0.55189381  0.53555684
  0.55219738  0.56393368  0.64307582  0.23324269 -0.16884685  0.57249984
 -0.17490871  0.41601264 -0.61532797  0.11995966  0.34376789 -0.62632482
 -0.00965042 -0.22916685  0.07051269 -0.29744728  0.27782836 -0.48730686
 -0.30108223 -0.82397701 -0.5025004  -0.22663462 -0.19770895]
4253,[ 0.20463209  0.10653283 -0.10242104  0.13405599  0.37188136  0.08691095
 -0.04119515  0.64797718  0.34839335 -0.52991339 -0.04492103 -0.1164674
  0.17891374  0.43338126 -0.32603929  0.232759   -0.10744314 -0.61995872
  0.10247944  0.14586455 -0.47001855  0.2048301   0.26084525 -0.64601783
 -0.01913371  0.38254016  0.02773814  0.0379929  -0.5518943   0.53555783
  0.55219643  0.56393394  0.64307626  0.23324271 -0.16884648  0.57249995
 -0.17490911  0.41601238 -0.6153278   0.11995923  0.34376799 -0.62632409
 -0.00965127 -0.22916692  0.07051219 -0.29744743  0.2778289  -0.48730567
 -0.30108291 -0.82397693 -0.50250067 -0.22663452 -0.19770915]
4254,[ 0.20463279  0.10653311 -0.10242283  0.13405638  0.37188176  0.08691052
 -0.04119452  0.64797651  0.34839266 -0.52991309 -0.04492092 -0.11646665
  0.17891337  0.43338197 -0.32603932  0.23275959 -0.10744277 -0.61995849
  0.10247904  0.14586497 -0.47001861  0.20482972  0.26084512 -0.64601842
 -0.01913432  0.38253987  0.02773923  0.03799253 -0.55189478  0.53555882
  0.55219547  0.56393419  0.6430767   0.23324272 -0.16884611  0.57250005
 -0.17490951  0.41601211 -0.61532763  0.11995879  0.34376809 -0.62632335
 -0.00965211 -0.22916699  0.07051169 -0.29744758  0.27782943 -0.48730448
 -0.30108359 -0.82397685 -0.50250095 -0.22663442 -0.19770934]
4255,[ 0.20463349  0.1065334  -0.10242463  0.13405677  0.37188216  0.08691009
 -0.04119389  0.64797584  0.34839196 -0.5299128  -0.04492082 -0.11646589
  0.178913    0.43338267 -0.32603934  0.23276018 -0.1074424  -0.61995827
  0.10247864  0.1458654  -0.47001867  0.20482935  0.260845   -0.64601901
 -0.01913493  0.38253958  0.02774033  0.03799217 -0.55189526  0.53555981
  0.55219452  0.56393445  0.64307714  0.23324274 -0.16884574  0.57250015
 -0.17490991  0.41601184 -0.61532746  0.11995836  0.34376818 -0.62632262
 -0.00965295 -0.22916706  0.07051119 -0.29744772  0.27782996 -0.48730329
 -0.30108427 -0.82397676 -0.50250123 -0.22663431 -0.19770954]
4256,[ 0.20463419  0.10653368 -0.10242642  0.13405716  0.37188256  0.08690966
 -0.04119326  0.64797517  0.34839127 -0.52991251 -0.04492072 -0.11646514
  0.17891263  0.43338338 -0.32603936  0.23276077 -0.10744202 -0.61995804
  0.10247825  0.14586582 -0.47001874  0.20482897  0.26084487 -0.6460196
 -0.01913553  0.38253929  0.02774142  0.0379918  -0.55189574  0.5355608
  0.55219357  0.56393471  0.64307758  0.23324276 -0.16884537  0.57250026
 -0.17491032  0.41601158 -0.61532729  0.11995793  0.34376828 -0.62632189
 -0.0096538  -0.22916713  0.0705107  -0.29744787  0.27783049 -0.4873021
 -0.30108495 -0.82397668 -0.5025015  -0.22663421 -0.19770973]
4257,[ 0.20463489  0.10653396 -0.10242822  0.13405754  0.37188296  0.08690923
 -0.04119263  0.6479745   0.34839058 -0.52991222 -0.04492062 -0.11646439
  0.17891226  0.43338409 -0.32603938  0.23276135 -0.10744165 -0.61995782
  0.10247785  0.14586624 -0.4700188   0.2048286   0.26084475 -0.64602019
 -0.01913614  0.38253899  0.02774251  0.03799144 -0.55189623  0.53556179
  0.55219262  0.56393497  0.64307801  0.23324278 -0.16884501  0.57250036
 -0.17491072  0.41601131 -0.61532712  0.1199575   0.34376838 -0.62632116
 -0.00965464 -0.22916721  0.0705102  -0.29744802  0.27783103 -0.48730092
 -0.30108562 -0.8239766  -0.50250178 -0.22663411 -0.19770992]
4258,[ 0.20463559  0.10653424 -0.10243001  0.13405793  0.37188336  0.08690881
 -0.04119201  0.64797383  0.34838989 -0.52991193 -0.04492052 -0.11646364
  0.17891189  0.43338479 -0.3260394   0.23276194 -0.10744128 -0.6199576
  0.10247745  0.14586665 -0.47001886  0.20482822  0.26084462 -0.64602078
 -0.01913675  0.3825387   0.0277436   0.03799108 -0.55189671  0.53556277
  0.55219167  0.56393522  0.64307845  0.2332428  -0.16884464  0.57250046
 -0.17491112  0.41601104 -0.61532695  0.11995707  0.34376847 -0.62632044
 -0.00965547 -0.22916728  0.0705097  -0.29744816  0.27783156 -0.48729973
 -0.3010863  -0.82397652 -0.50250205 -0.226634   -0.19771012]
4259,[ 0.20463629  0.10653452 -0.10243179  0.13405832  0.37188376  0.08690838
 -0.04119138  0.64797317  0.3483892  -0.52991164 -0.04492042 -0.11646289
  0.17891152  0.4333855  -0.32603943  0.23276253 -0.10744091 -0.61995737
  0.10247706  0.14586707 -0.47001892  0.20482785  0.26084449 -0.64602137
 -0.01913735  0.38253841  0.02774468  0.03799071 -0.55189719  0.53556376
  0.55219072  0.56393548  0.64307889  0.23324281 -0.16884427  0.57250057
 -0.17491152  0.41601078 -0.61532679  0.11995663  0.34376857 -0.62631971
 -0.00965631 -0.22916735  0.07050921 -0.29744831  0.27783209 -0.48729855
 -0.30108698 -0.82397643 -0.50250233 -0.2266339  -0.19771031]
4260,[ 0.20463699  0.1065348  -0.10243358  0.1340587   0.37188415  0.08690795
 -0.04119075  0.6479725   0.34838851 -0.52991135 -0.04492032 -0.11646214
  0.17891115  0.4333862  -0.32603945  0.23276312 -0.10744053 -0.61995715
  0.10247666  0.14586749 -0.47001898  0.20482748  0.26084437 -0.64602196
 -0.01913796  0.38253812  0.02774577  0.03799035 -0.55189767  0.53556475
  0.55218977  0.56393573  0.64307932  0.23324283 -0.1688439   0.57250067
 -0.17491192  0.41601051 -0.61532662  0.1199562   0.34376867 -0.62631898
 -0.00965715 -0.22916742  0.07050871 -0.29744845  0.27783262 -0.48729737
 -0.30108765 -0.82397635 -0.5025026  -0.2266338  -0.1977105 ]
4261,[ 0.20463768  0.10653508 -0.10243536  0.13405909  0.37188455  0.08690753
 -0.04119013  0.64797183  0.34838782 -0.52991106 -0.04492022 -0.1164614
  0.17891078  0.4333869  -0.32603947  0.2327637  -0.10744016 -0.61995693
  0.10247627  0.14586791 -0.47001904  0.2048271   0.26084424 -0.64602255
 -0.01913856  0.38253783  0.02774685  0.03798999 -0.55189815  0.53556573
  0.55218882  0.56393599  0.64307976  0.23324285 -0.16884353  0.57250077
 -0.17491232  0.41601025 -0.61532645  0.11995577  0.34376876 -0.62631825
 -0.00965799 -0.22916749  0.07050822 -0.2974486   0.27783314 -0.48729619
 -0.30108833 -0.82397627 -0.50250287 -0.2266337  -0.1977107 ]
4262,[ 0.20463838  0.10653536 -0.10243714  0.13405947  0.37188495  0.0869071
 -0.0411895   0.64797117  0.34838714 -0.52991077 -0.04492012 -0.11646065
  0.17891041  0.4333876  -0.32603949  0.23276429 -0.10743979 -0.61995671
  0.10247587  0.14586833 -0.4700191   0.20482673  0.26084412 -0.64602313
 -0.01913917  0.38253754  0.02774794  0.03798963 -0.55189862  0.53556671
  0.55218788  0.56393625  0.64308019  0.23324287 -0.16884317  0.57250088
 -0.17491272  0.41600998 -0.61532628  0.11995534  0.34376886 -0.62631753
 -0.00965882 -0.22916756  0.07050773 -0.29744875  0.27783367 -0.48729501
 -0.301089   -0.82397619 -0.50250315 -0.2266336  -0.19771089]
4263,[ 0.20463907  0.10653564 -0.10243892  0.13405986  0.37188535  0.08690667
 -0.04118888  0.6479705   0.34838645 -0.52991048 -0.04492001 -0.1164599
  0.17891004  0.4333883  -0.32603951  0.23276487 -0.10743942 -0.61995649
  0.10247548  0.14586874 -0.47001916  0.20482636  0.26084399 -0.64602372
 -0.01913977  0.38253725  0.02774902  0.03798926 -0.5518991   0.53556769
  0.55218693  0.5639365   0.64308063  0.23324289 -0.1688428   0.57250098
 -0.17491312  0.41600972 -0.61532611  0.11995491  0.34376896 -0.6263168
 -0.00965966 -0.22916763  0.07050723 -0.29744889  0.2778342  -0.48729383
 -0.30108967 -0.82397611 -0.50250342 -0.22663349 -0.19771108]
4264,[ 0.20463977  0.10653592 -0.1024407   0.13406024  0.37188574  0.08690625
 -0.04118826  0.64796984  0.34838576 -0.52991019 -0.04491991 -0.11645916
  0.17890967  0.433389   -0.32603953  0.23276546 -0.10743905 -0.61995626
  0.10247509  0.14586916 -0.47001922  0.20482599  0.26084387 -0.64602431
 -0.01914037  0.38253696  0.0277501   0.0379889  -0.55189958  0.53556867
  0.55218599  0.56393676  0.64308106  0.23324291 -0.16884244  0.57250108
 -0.17491352  0.41600946 -0.61532595  0.11995449  0.34376905 -0.62631608
 -0.00966049 -0.22916771  0.07050674 -0.29744904  0.27783473 -0.48729266
 -0.30109035 -0.82397603 -0.50250369 -0.22663339 -0.19771127]
4265,[ 0.20464046  0.1065362  -0.10244248  0.13406062  0.37188614  0.08690582
 -0.04118764  0.64796917  0.34838508 -0.5299099  -0.04491981 -0.11645841
  0.17890931  0.4333897  -0.32603955  0.23276604 -0.10743868 -0.61995604
  0.10247469  0.14586958 -0.47001928  0.20482561  0.26084374 -0.64602489
 -0.01914097  0.38253667  0.02775118  0.03798854 -0.55190006  0.53556965
  0.55218505  0.56393701  0.64308149  0.23324292 -0.16884207  0.57250119
 -0.17491392  0.41600919 -0.61532578  0.11995406  0.34376915 -0.62631536
 -0.00966132 -0.22916778  0.07050625 -0.29744918  0.27783525 -0.48729148
 -0.30109102 -0.82397595 -0.50250397 -0.22663329 -0.19771147]
4266,[ 0.20464115  0.10653648 -0.10244425  0.13406101  0.37188653  0.0869054
 -0.04118701  0.64796851  0.34838439 -0.52990961 -0.04491971 -0.11645767
  0.17890894  0.4333904  -0.32603958  0.23276662 -0.10743831 -0.61995582
  0.1024743   0.14586999 -0.47001934  0.20482524  0.26084361 -0.64602547
 -0.01914157  0.38253638  0.02775226  0.03798818 -0.55190053  0.53557063
  0.55218411  0.56393726  0.64308193  0.23324294 -0.1688417   0.57250129
 -0.17491431  0.41600893 -0.61532561  0.11995363  0.34376924 -0.62631464
 -0.00966216 -0.22916785  0.07050576 -0.29744933  0.27783578 -0.48729031
 -0.30109169 -0.82397586 -0.50250424 -0.22663319 -0.19771166]
4267,[ 0.20464184  0.10653676 -0.10244602  0.13406139  0.37188693  0.08690498
 -0.04118639  0.64796785  0.34838371 -0.52990933 -0.04491961 -0.11645693
  0.17890857  0.4333911  -0.3260396   0.2327672  -0.10743794 -0.6199556
  0.10247391  0.14587041 -0.4700194   0.20482487  0.26084349 -0.64602606
 -0.01914217  0.38253609  0.02775334  0.03798782 -0.55190101  0.53557161
  0.55218317  0.56393752  0.64308236  0.23324296 -0.16884134  0.57250139
 -0.17491471  0.41600867 -0.61532544  0.1199532   0.34376934 -0.62631392
 -0.00966299 -0.22916792  0.07050527 -0.29744947  0.2778363  -0.48728914
 -0.30109236 -0.82397578 -0.50250451 -0.22663309 -0.19771185]
4268,[ 0.20464253  0.10653703 -0.10244779  0.13406177  0.37188732  0.08690455
 -0.04118577  0.64796719  0.34838303 -0.52990904 -0.04491951 -0.11645619
  0.17890821  0.4333918  -0.32603962  0.23276778 -0.10743758 -0.61995538
  0.10247352  0.14587082 -0.47001946  0.2048245   0.26084337 -0.64602664
 -0.01914277  0.3825358   0.02775441  0.03798746 -0.55190148  0.53557258
  0.55218223  0.56393777  0.64308279  0.23324298 -0.16884098  0.57250149
 -0.17491511  0.4160084  -0.61532528  0.11995278  0.34376944 -0.62631319
 -0.00966382 -0.22916799  0.07050478 -0.29744962  0.27783683 -0.48728797
 -0.30109303 -0.8239757  -0.50250478 -0.22663299 -0.19771204]
4269,[ 0.20464322  0.10653731 -0.10244956  0.13406215  0.37188772  0.08690413
 -0.04118515  0.64796653  0.34838235 -0.52990875 -0.04491941 -0.11645544
  0.17890784  0.43339249 -0.32603964  0.23276836 -0.10743721 -0.61995516
  0.10247313  0.14587123 -0.47001953  0.20482413  0.26084324 -0.64602722
 -0.01914337  0.38253552  0.02775549  0.0379871  -0.55190196  0.53557356
  0.55218129  0.56393803  0.64308322  0.23324299 -0.16884061  0.5725016
 -0.1749155   0.41600814 -0.61532511  0.11995235  0.34376953 -0.62631248
 -0.00966465 -0.22916806  0.07050429 -0.29744976  0.27783735 -0.4872868
 -0.30109369 -0.82397562 -0.50250505 -0.22663288 -0.19771223]
4270,[ 0.20464391  0.10653759 -0.10245133  0.13406254  0.37188811  0.08690371
 -0.04118453  0.64796587  0.34838166 -0.52990846 -0.04491931 -0.1164547
  0.17890748  0.43339319 -0.32603966  0.23276894 -0.10743684 -0.61995494
  0.10247273  0.14587165 -0.47001959  0.20482376  0.26084312 -0.6460278
 -0.01914397  0.38253523  0.02775656  0.03798674 -0.55190243  0.53557453
  0.55218035  0.56393828  0.64308365  0.23324301 -0.16884025  0.5725017
 -0.1749159   0.41600788 -0.61532494  0.11995192  0.34376963 -0.62631176
 -0.00966547 -0.22916813  0.0705038  -0.29744991  0.27783788 -0.48728563
 -0.30109436 -0.82397554 -0.50250533 -0.22663278 -0.19771242]
4271,[ 0.2046446   0.10653787 -0.10245309  0.13406292  0.3718885   0.08690329
 -0.04118392  0.64796521  0.34838098 -0.52990818 -0.04491921 -0.11645397
  0.17890711  0.43339388 -0.32603968  0.23276952 -0.10743647 -0.61995472
  0.10247234  0.14587206 -0.47001965  0.20482339  0.26084299 -0.64602838
 -0.01914457  0.38253494  0.02775763  0.03798638 -0.55190291  0.53557551
  0.55217942  0.56393853  0.64308408  0.23324303 -0.16883989  0.5725018
 -0.1749163   0.41600762 -0.61532478  0.1199515   0.34376972 -0.62631104
 -0.0096663  -0.2291682   0.07050331 -0.29745005  0.2778384  -0.48728446
 -0.30109503 -0.82397546 -0.5025056  -0.22663268 -0.19771261]
4272,[ 0.20464529  0.10653814 -0.10245485  0.1340633   0.3718889   0.08690287
 -0.0411833   0.64796455  0.3483803  -0.52990789 -0.04491911 -0.11645323
  0.17890675  0.43339458 -0.3260397   0.2327701  -0.10743611 -0.6199545
  0.10247195  0.14587247 -0.47001971  0.20482303  0.26084287 -0.64602896
 -0.01914516  0.38253465  0.02775871  0.03798602 -0.55190338  0.53557648
  0.55217848  0.56393878  0.64308451  0.23324305 -0.16883952  0.5725019
 -0.17491669  0.41600735 -0.61532461  0.11995107  0.34376982 -0.62631032
 -0.00966713 -0.22916827  0.07050282 -0.29745019  0.27783892 -0.4872833
 -0.3010957  -0.82397538 -0.50250587 -0.22663258 -0.1977128 ]
4273,[ 0.20464597  0.10653842 -0.10245661  0.13406368  0.37188929  0.08690245
 -0.04118268  0.64796389  0.34837962 -0.5299076  -0.04491901 -0.11645249
  0.17890639  0.43339527 -0.32603973  0.23277068 -0.10743574 -0.61995428
  0.10247156  0.14587289 -0.47001977  0.20482266  0.26084274 -0.64602954
 -0.01914576  0.38253437  0.02775978  0.03798567 -0.55190385  0.53557745
  0.55217755  0.56393904  0.64308494  0.23324307 -0.16883916  0.572502
 -0.17491709  0.41600709 -0.61532445  0.11995065  0.34376991 -0.62630961
 -0.00966795 -0.22916834  0.07050233 -0.29745034  0.27783944 -0.48728213
 -0.30109636 -0.8239753  -0.50250614 -0.22663248 -0.197713  ]
4274,[ 0.20464666  0.10653869 -0.10245837  0.13406406  0.37188968  0.08690202
 -0.04118207  0.64796324  0.34837895 -0.52990732 -0.04491891 -0.11645175
  0.17890602  0.43339596 -0.32603975  0.23277126 -0.10743537 -0.61995406
  0.10247118  0.1458733  -0.47001983  0.20482229  0.26084262 -0.64603012
 -0.01914635  0.38253408  0.02776085  0.03798531 -0.55190432  0.53557842
  0.55217662  0.56393929  0.64308537  0.23324308 -0.1688388   0.57250211
 -0.17491748  0.41600683 -0.61532428  0.11995023  0.34377001 -0.62630889
 -0.00966878 -0.22916841  0.07050185 -0.29745048  0.27783996 -0.48728097
 -0.30109703 -0.82397522 -0.50250641 -0.22663238 -0.19771319]
4275,[ 0.20464734  0.10653897 -0.10246012  0.13406444  0.37189007  0.08690161
 -0.04118145  0.64796258  0.34837827 -0.52990703 -0.04491881 -0.11645102
  0.17890566  0.43339665 -0.32603977  0.23277183 -0.10743501 -0.61995384
  0.10247079  0.14587371 -0.47001989  0.20482192  0.2608425  -0.6460307
 -0.01914695  0.38253379  0.02776191  0.03798495 -0.5519048   0.53557939
  0.55217568  0.56393954  0.6430858   0.2332431  -0.16883844  0.57250221
 -0.17491787  0.41600657 -0.61532411  0.1199498   0.3437701  -0.62630818
 -0.0096696  -0.22916848  0.07050136 -0.29745063  0.27784048 -0.48727981
 -0.30109769 -0.82397514 -0.50250668 -0.22663228 -0.19771338]
4276,[ 0.20464803  0.10653925 -0.10246188  0.13406481  0.37189046  0.08690119
 -0.04118084  0.64796193  0.34837759 -0.52990675 -0.04491872 -0.11645028
  0.1789053   0.43339734 -0.32603979  0.23277241 -0.10743464 -0.61995362
  0.1024704   0.14587412 -0.47001995  0.20482156  0.26084237 -0.64603128
 -0.01914754  0.38253351  0.02776298  0.0379846  -0.55190527  0.53558035
  0.55217475  0.56393979  0.64308623  0.23324312 -0.16883808  0.57250231
 -0.17491827  0.41600631 -0.61532395  0.11994938  0.3437702  -0.62630746
 -0.00967042 -0.22916855  0.07050087 -0.29745077  0.277841   -0.48727865
 -0.30109835 -0.82397506 -0.50250695 -0.22663218 -0.19771357]
4277,[ 0.20464871  0.10653952 -0.10246363  0.13406519  0.37189086  0.08690077
 -0.04118022  0.64796127  0.34837692 -0.52990646 -0.04491862 -0.11644955
  0.17890493  0.43339803 -0.32603981  0.23277299 -0.10743428 -0.6199534
  0.10247001  0.14587453 -0.47002001  0.20482119  0.26084225 -0.64603185
 -0.01914814  0.38253322  0.02776405  0.03798424 -0.55190574  0.53558132
  0.55217382  0.56394004  0.64308665  0.23324314 -0.16883772  0.57250241
 -0.17491866  0.41600605 -0.61532378  0.11994896  0.34377029 -0.62630675
 -0.00967124 -0.22916862  0.07050039 -0.29745091  0.27784152 -0.48727749
 -0.30109902 -0.82397498 -0.50250722 -0.22663208 -0.19771375]
4278,[ 0.2046494   0.1065398  -0.10246538  0.13406557  0.37189125  0.08690035
 -0.04117961  0.64796062  0.34837624 -0.52990618 -0.04491852 -0.11644881
  0.17890457  0.43339872 -0.32603983  0.23277356 -0.10743392 -0.61995319
  0.10246962  0.14587494 -0.47002007  0.20482082  0.26084212 -0.64603243
 -0.01914873  0.38253294  0.02776511  0.03798388 -0.55190621  0.53558228
  0.5521729   0.56394029  0.64308708  0.23324316 -0.16883736  0.57250251
 -0.17491905  0.41600579 -0.61532362  0.11994854  0.34377039 -0.62630604
 -0.00967206 -0.22916869  0.0704999  -0.29745106  0.27784204 -0.48727633
 -0.30109968 -0.8239749  -0.50250748 -0.22663198 -0.19771394]
4279,[ 0.20465008  0.10654007 -0.10246713  0.13406595  0.37189164  0.08689993
 -0.041179    0.64795996  0.34837557 -0.5299059  -0.04491842 -0.11644808
  0.17890421  0.43339941 -0.32603985  0.23277413 -0.10743355 -0.61995297
  0.10246924  0.14587535 -0.47002012  0.20482046  0.260842   -0.64603301
 -0.01914932  0.38253265  0.02776617  0.03798353 -0.55190668  0.53558325
  0.55217197  0.56394055  0.64308751  0.23324317 -0.168837    0.57250261
 -0.17491944  0.41600553 -0.61532345  0.11994811  0.34377048 -0.62630532
 -0.00967288 -0.22916876  0.07049942 -0.2974512   0.27784256 -0.48727518
 -0.30110034 -0.82397481 -0.50250775 -0.22663188 -0.19771413]
4280,[ 0.20465076  0.10654034 -0.10246887  0.13406633  0.37189202  0.08689951
 -0.04117838  0.64795931  0.34837489 -0.52990561 -0.04491832 -0.11644735
  0.17890385  0.4334001  -0.32603987  0.23277471 -0.10743319 -0.61995275
  0.10246885  0.14587576 -0.47002018  0.20482009  0.26084188 -0.64603358
 -0.01914991  0.38253237  0.02776723  0.03798317 -0.55190715  0.53558421
  0.55217104  0.5639408   0.64308793  0.23324319 -0.16883664  0.57250271
 -0.17491984  0.41600527 -0.61532329  0.11994769  0.34377057 -0.62630461
 -0.0096737  -0.22916883  0.07049894 -0.29745134  0.27784308 -0.48727402
 -0.301101   -0.82397473 -0.50250802 -0.22663178 -0.19771432]
4281,[ 0.20465144  0.10654062 -0.10247062  0.1340667   0.37189241  0.0868991
 -0.04117777  0.64795866  0.34837422 -0.52990533 -0.04491822 -0.11644662
  0.17890349  0.43340079 -0.32603989  0.23277528 -0.10743283 -0.61995253
  0.10246846  0.14587617 -0.47002024  0.20481973  0.26084176 -0.64603415
 -0.0191505   0.38253208  0.0277683   0.03798282 -0.55190762  0.53558517
  0.55217012  0.56394105  0.64308836  0.23324321 -0.16883628  0.57250281
 -0.17492023  0.41600501 -0.61532312  0.11994727  0.34377067 -0.6263039
 -0.00967452 -0.2291689   0.07049845 -0.29745148  0.27784359 -0.48727287
 -0.30110166 -0.82397465 -0.50250829 -0.22663168 -0.19771451]
4282,[ 0.20465212  0.10654089 -0.10247236  0.13406708  0.3718928   0.08689868
 -0.04117716  0.64795801  0.34837355 -0.52990505 -0.04491812 -0.11644589
  0.17890313  0.43340147 -0.32603992  0.23277585 -0.10743246 -0.61995232
  0.10246808  0.14587657 -0.4700203   0.20481936  0.26084163 -0.64603473
 -0.01915109  0.3825318   0.02776935  0.03798246 -0.55190808  0.53558613
  0.55216919  0.5639413   0.64308878  0.23324323 -0.16883592  0.57250291
 -0.17492062  0.41600476 -0.61532296  0.11994685  0.34377076 -0.62630319
 -0.00967534 -0.22916897  0.07049797 -0.29745163  0.27784411 -0.48727172
 -0.30110232 -0.82397458 -0.50250856 -0.22663158 -0.1977147 ]
4283,[ 0.2046528   0.10654116 -0.1024741   0.13406745  0.37189319  0.08689826
 -0.04117655  0.64795736  0.34837288 -0.52990476 -0.04491802 -0.11644516
  0.17890277  0.43340216 -0.32603994  0.23277642 -0.1074321  -0.6199521
  0.10246769  0.14587698 -0.47002036  0.204819    0.26084151 -0.6460353
 -0.01915168  0.38253152  0.02777041  0.03798211 -0.55190855  0.53558709
  0.55216827  0.56394154  0.64308921  0.23324324 -0.16883556  0.57250301
 -0.17492101  0.4160045  -0.6153228   0.11994643  0.34377086 -0.62630249
 -0.00967615 -0.22916904  0.07049749 -0.29745177  0.27784463 -0.48727056
 -0.30110297 -0.8239745  -0.50250882 -0.22663148 -0.19771489]
4284,[ 0.20465348  0.10654144 -0.10247584  0.13406783  0.37189358  0.08689785
 -0.04117594  0.64795671  0.34837221 -0.52990448 -0.04491793 -0.11644443
  0.17890241  0.43340284 -0.32603996  0.232777   -0.10743174 -0.61995188
  0.10246731  0.14587739 -0.47002042  0.20481864  0.26084139 -0.64603587
 -0.01915227  0.38253123  0.02777147  0.03798176 -0.55190902  0.53558805
  0.55216735  0.56394179  0.64308963  0.23324326 -0.1688352   0.57250312
 -0.1749214   0.41600424 -0.61532263  0.11994601  0.34377095 -0.62630178
 -0.00967697 -0.22916911  0.07049701 -0.29745191  0.27784514 -0.48726942
 -0.30110363 -0.82397442 -0.50250909 -0.22663138 -0.19771508]
4285,[ 0.20465415  0.10654171 -0.10247757  0.1340682   0.37189396  0.08689743
 -0.04117534  0.64795606  0.34837154 -0.5299042  -0.04491783 -0.1164437
  0.17890205  0.43340353 -0.32603998  0.23277757 -0.10743138 -0.61995167
  0.10246692  0.1458778  -0.47002048  0.20481827  0.26084127 -0.64603645
 -0.01915286  0.38253095  0.02777253  0.0379814  -0.55190948  0.53558901
  0.55216643  0.56394204  0.64309005  0.23324328 -0.16883485  0.57250322
 -0.17492179  0.41600398 -0.61532247  0.11994559  0.34377105 -0.62630107
 -0.00967778 -0.22916918  0.07049652 -0.29745205  0.27784566 -0.48726827
 -0.30110429 -0.82397434 -0.50250936 -0.22663128 -0.19771526]
4286,[ 0.20465483  0.10654198 -0.10247931  0.13406858  0.37189435  0.08689702
 -0.04117473  0.64795541  0.34837087 -0.52990392 -0.04491773 -0.11644298
  0.17890169  0.43340421 -0.32604     0.23277814 -0.10743102 -0.61995145
  0.10246654  0.1458782  -0.47002054  0.20481791  0.26084114 -0.64603702
 -0.01915345  0.38253067  0.02777358  0.03798105 -0.55190995  0.53558997
  0.55216551  0.56394229  0.64309048  0.2332433  -0.16883449  0.57250332
 -0.17492218  0.41600372 -0.6153223   0.11994518  0.34377114 -0.62630037
 -0.0096786  -0.22916925  0.07049604 -0.29745219  0.27784617 -0.48726712
 -0.30110494 -0.82397426 -0.50250962 -0.22663118 -0.19771545]
4287,[ 0.20465551  0.10654225 -0.10248104  0.13406895  0.37189474  0.0868966
 -0.04117412  0.64795477  0.3483702  -0.52990363 -0.04491763 -0.11644225
  0.17890134  0.43340489 -0.32604002  0.2327787  -0.10743066 -0.61995123
  0.10246616  0.14587861 -0.4700206   0.20481755  0.26084102 -0.64603759
 -0.01915403  0.38253038  0.02777463  0.0379807  -0.55191041  0.53559092
  0.55216459  0.56394254  0.6430909   0.23324331 -0.16883413  0.57250342
 -0.17492256  0.41600347 -0.61532214  0.11994476  0.34377123 -0.62629966
 -0.00967941 -0.22916932  0.07049556 -0.29745234  0.27784668 -0.48726597
 -0.3011056  -0.82397418 -0.50250989 -0.22663108 -0.19771564]
4288,[ 0.20465618  0.10654253 -0.10248277  0.13406933  0.37189512  0.08689619
 -0.04117351  0.64795412  0.34836953 -0.52990335 -0.04491753 -0.11644152
  0.17890098  0.43340557 -0.32604004  0.23277927 -0.1074303  -0.61995102
  0.10246577  0.14587901 -0.47002066  0.20481719  0.2608409  -0.64603816
 -0.01915462  0.3825301   0.02777569  0.03798035 -0.55191088  0.53559188
  0.55216367  0.56394279  0.64309132  0.23324333 -0.16883378  0.57250352
 -0.17492295  0.41600321 -0.61532198  0.11994434  0.34377133 -0.62629896
 -0.00968022 -0.22916939  0.07049508 -0.29745248  0.2778472  -0.48726483
 -0.30110625 -0.8239741  -0.50251016 -0.22663098 -0.19771583]
4289,[ 0.20465686  0.1065428  -0.1024845   0.1340697   0.37189551  0.08689578
 -0.04117291  0.64795347  0.34836886 -0.52990307 -0.04491744 -0.1164408
  0.17890062  0.43340625 -0.32604006  0.23277984 -0.10742994 -0.6199508
  0.10246539  0.14587942 -0.47002072  0.20481682  0.26084078 -0.64603873
 -0.0191552   0.38252982  0.02777674  0.03798    -0.55191134  0.53559283
  0.55216275  0.56394304  0.64309174  0.23324335 -0.16883342  0.57250362
 -0.17492334  0.41600295 -0.61532181  0.11994392  0.34377142 -0.62629825
 -0.00968103 -0.22916946  0.07049461 -0.29745262  0.27784771 -0.48726369
 -0.30110691 -0.82397402 -0.50251042 -0.22663088 -0.19771601]
4290,[ 0.20465753  0.10654307 -0.10248622  0.13407007  0.37189589  0.08689536
 -0.0411723   0.64795283  0.3483682  -0.52990279 -0.04491734 -0.11644008
  0.17890026  0.43340693 -0.32604008  0.23278041 -0.10742958 -0.61995059
  0.10246501  0.14587982 -0.47002078  0.20481646  0.26084066 -0.64603929
 -0.01915579  0.38252954  0.02777779  0.03797965 -0.55191181  0.53559378
  0.55216184  0.56394328  0.64309216  0.23324337 -0.16883306  0.57250372
 -0.17492373  0.4160027  -0.61532165  0.11994351  0.34377151 -0.62629755
 -0.00968184 -0.22916953  0.07049413 -0.29745276  0.27784822 -0.48726254
 -0.30110756 -0.82397394 -0.50251069 -0.22663078 -0.1977162 ]
4291,[ 0.2046582   0.10654334 -0.10248795  0.13407045  0.37189628  0.08689495
 -0.0411717   0.64795218  0.34836753 -0.52990251 -0.04491724 -0.11643935
  0.17889991  0.43340761 -0.3260401   0.23278097 -0.10742922 -0.61995037
  0.10246463  0.14588023 -0.47002084  0.2048161   0.26084053 -0.64603986
 -0.01915637  0.38252926  0.02777884  0.03797929 -0.55191227  0.53559473
  0.55216092  0.56394353  0.64309258  0.23324338 -0.16883271  0.57250382
 -0.17492411  0.41600244 -0.61532149  0.11994309  0.34377161 -0.62629685
 -0.00968265 -0.22916959  0.07049365 -0.2974529   0.27784873 -0.4872614
 -0.30110821 -0.82397386 -0.50251095 -0.22663069 -0.19771639]
4292,[ 0.20465887  0.10654361 -0.10248967  0.13407082  0.37189666  0.08689454
 -0.0411711   0.64795154  0.34836687 -0.52990223 -0.04491714 -0.11643863
  0.17889955  0.43340829 -0.32604012  0.23278154 -0.10742886 -0.61995016
  0.10246424  0.14588063 -0.47002089  0.20481574  0.26084041 -0.64604043
 -0.01915696  0.38252898  0.02777988  0.03797894 -0.55191273  0.53559568
  0.55216001  0.56394378  0.643093    0.2332434  -0.16883236  0.57250392
 -0.1749245   0.41600218 -0.61532133  0.11994268  0.3437717  -0.62629615
 -0.00968346 -0.22916966  0.07049317 -0.29745304  0.27784924 -0.48726026
 -0.30110886 -0.82397378 -0.50251122 -0.22663059 -0.19771657]
4293,[ 0.20465955  0.10654388 -0.10249139  0.13407119  0.37189705  0.08689413
 -0.04117049  0.6479509   0.3483662  -0.52990195 -0.04491705 -0.11643791
  0.1788992   0.43340897 -0.32604015  0.2327821  -0.1074285  -0.61994994
  0.10246386  0.14588103 -0.47002095  0.20481538  0.26084029 -0.64604099
 -0.01915754  0.3825287   0.02778093  0.03797859 -0.5519132   0.53559663
  0.55215909  0.56394402  0.64309342  0.23324342 -0.168832    0.57250402
 -0.17492488  0.41600193 -0.61532116  0.11994226  0.34377179 -0.62629545
 -0.00968426 -0.22916973  0.0704927  -0.29745318  0.27784975 -0.48725913
 -0.30110951 -0.8239737  -0.50251148 -0.22663049 -0.19771676]
4294,[ 0.20466022  0.10654415 -0.10249311  0.13407156  0.37189743  0.08689372
 -0.04116989  0.64795026  0.34836554 -0.52990167 -0.04491695 -0.11643719
  0.17889884  0.43340964 -0.32604017  0.23278267 -0.10742814 -0.61994973
  0.10246348  0.14588144 -0.47002101  0.20481502  0.26084017 -0.64604156
 -0.01915812  0.38252842  0.02778198  0.03797825 -0.55191366  0.53559758
  0.55215818  0.56394427  0.64309384  0.23324344 -0.16883165  0.57250411
 -0.17492527  0.41600167 -0.615321    0.11994185  0.34377189 -0.62629475
 -0.00968507 -0.2291698   0.07049222 -0.29745332  0.27785026 -0.48725799
 -0.30111016 -0.82397362 -0.50251174 -0.22663039 -0.19771694]
4295,[ 0.20466089  0.10654442 -0.10249483  0.13407193  0.37189781  0.08689331
 -0.04116929  0.64794961  0.34836488 -0.52990139 -0.04491685 -0.11643647
  0.17889849  0.43341032 -0.32604019  0.23278323 -0.10742779 -0.61994951
  0.1024631   0.14588184 -0.47002107  0.20481466  0.26084005 -0.64604213
 -0.0191587   0.38252814  0.02778302  0.0379779  -0.55191412  0.53559853
  0.55215727  0.56394452  0.64309426  0.23324345 -0.16883129  0.57250421
 -0.17492566  0.41600142 -0.61532084  0.11994143  0.34377198 -0.62629405
 -0.00968587 -0.22916987  0.07049174 -0.29745346  0.27785077 -0.48725685
 -0.30111081 -0.82397355 -0.50251201 -0.22663029 -0.19771713]
4296,[ 0.20466156  0.10654469 -0.10249654  0.1340723   0.37189819  0.0868929
 -0.04116869  0.64794897  0.34836422 -0.52990112 -0.04491675 -0.11643575
  0.17889813  0.433411   -0.32604021  0.2327838  -0.10742743 -0.6199493
  0.10246272  0.14588224 -0.47002113  0.20481431  0.26083993 -0.64604269
 -0.01915928  0.38252786  0.02778406  0.03797755 -0.55191458  0.53559947
  0.55215636  0.56394476  0.64309468  0.23324347 -0.16883094  0.57250431
 -0.17492604  0.41600116 -0.61532068  0.11994102  0.34377207 -0.62629335
 -0.00968668 -0.22916994  0.07049127 -0.2974536   0.27785128 -0.48725572
 -0.30111146 -0.82397347 -0.50251227 -0.22663019 -0.19771732]
4297,[ 0.20466222  0.10654496 -0.10249825  0.13407267  0.37189858  0.08689249
 -0.04116809  0.64794833  0.34836356 -0.52990084 -0.04491666 -0.11643503
  0.17889778  0.43341167 -0.32604023  0.23278436 -0.10742707 -0.61994909
  0.10246234  0.14588264 -0.47002119  0.20481395  0.26083981 -0.64604325
 -0.01915986  0.38252758  0.0277851   0.0379772  -0.55191504  0.53560042
  0.55215545  0.56394501  0.6430951   0.23324349 -0.16883059  0.57250441
 -0.17492642  0.41600091 -0.61532052  0.11994061  0.34377216 -0.62629265
 -0.00968748 -0.22917001  0.07049079 -0.29745374  0.27785179 -0.48725459
 -0.30111211 -0.82397339 -0.50251253 -0.2266301  -0.1977175 ]
4298,[ 0.20466289  0.10654523 -0.10249996  0.13407304  0.37189896  0.08689208
 -0.04116749  0.64794769  0.3483629  -0.52990056 -0.04491656 -0.11643432
  0.17889742  0.43341234 -0.32604025  0.23278492 -0.10742672 -0.61994887
  0.10246197  0.14588304 -0.47002125  0.20481359  0.26083969 -0.64604382
 -0.01916044  0.3825273   0.02778614  0.03797685 -0.5519155   0.53560136
  0.55215454  0.56394525  0.64309552  0.23324351 -0.16883024  0.57250451
 -0.17492681  0.41600066 -0.61532035  0.1199402   0.34377226 -0.62629196
 -0.00968828 -0.22917008  0.07049032 -0.29745388  0.27785229 -0.48725345
 -0.30111276 -0.82397331 -0.5025128  -0.22663    -0.19771769]
4299,[ 0.20466356  0.1065455  -0.10250167  0.13407341  0.37189934  0.08689167
 -0.04116689  0.64794706  0.34836224 -0.52990028 -0.04491646 -0.1164336
  0.17889707  0.43341302 -0.32604027  0.23278548 -0.10742636 -0.61994866
  0.10246159  0.14588344 -0.4700213   0.20481323  0.26083957 -0.64604438
 -0.01916102  0.38252702  0.02778718  0.0379765  -0.55191596  0.5356023
  0.55215364  0.5639455   0.64309593  0.23324352 -0.16882988  0.57250461
 -0.17492719  0.4160004  -0.61532019  0.11993978  0.34377235 -0.62629126
 -0.00968909 -0.22917014  0.07048985 -0.29745402  0.2778528  -0.48725232
 -0.3011134  -0.82397323 -0.50251306 -0.2266299  -0.19771787]
4300,[ 0.20466422  0.10654576 -0.10250338  0.13407378  0.37189972  0.08689126
 -0.04116629  0.64794642  0.34836158 -0.5299     -0.04491637 -0.11643289
  0.17889672  0.43341369 -0.32604029  0.23278604 -0.10742601 -0.61994845
  0.10246121  0.14588384 -0.47002136  0.20481288  0.26083945 -0.64604494
 -0.0191616   0.38252674  0.02778822  0.03797616 -0.55191642  0.53560324
  0.55215273  0.56394574  0.64309635  0.23324354 -0.16882953  0.57250471
 -0.17492757  0.41600015 -0.61532003  0.11993937  0.34377244 -0.62629057
 -0.00968989 -0.22917021  0.07048937 -0.29745416  0.27785331 -0.48725119
 -0.30111405 -0.82397315 -0.50251332 -0.2266298  -0.19771806]
4301,[ 0.20466489  0.10654603 -0.10250509  0.13407415  0.3719001   0.08689085
 -0.04116569  0.64794578  0.34836092 -0.52989973 -0.04491627 -0.11643217
  0.17889636  0.43341436 -0.32604031  0.2327866  -0.10742565 -0.61994824
  0.10246083  0.14588424 -0.47002142  0.20481252  0.26083932 -0.6460455
 -0.01916218  0.38252646  0.02778926  0.03797581 -0.55191687  0.53560419
  0.55215183  0.56394599  0.64309677  0.23324356 -0.16882918  0.57250481
 -0.17492796  0.4159999  -0.61531987  0.11993896  0.34377253 -0.62628987
 -0.00969069 -0.22917028  0.0704889  -0.2974543   0.27785381 -0.48725007
 -0.30111469 -0.82397307 -0.50251358 -0.2266297  -0.19771824]
4302,[ 0.20466555  0.1065463  -0.10250679  0.13407451  0.37190048  0.08689045
 -0.0411651   0.64794514  0.34836026 -0.52989945 -0.04491617 -0.11643146
  0.17889601  0.43341503 -0.32604033  0.23278716 -0.1074253  -0.61994802
  0.10246045  0.14588464 -0.47002148  0.20481216  0.2608392  -0.64604606
 -0.01916275  0.38252619  0.02779029  0.03797546 -0.55191733  0.53560512
  0.55215092  0.56394623  0.64309718  0.23324357 -0.16882883  0.57250491
 -0.17492834  0.41599964 -0.61531971  0.11993855  0.34377263 -0.62628918
 -0.00969148 -0.22917035  0.07048843 -0.29745444  0.27785432 -0.48724894
 -0.30111534 -0.823973   -0.50251385 -0.22662961 -0.19771842]
4303,[ 0.20466622  0.10654657 -0.10250849  0.13407488  0.37190086  0.08689004
 -0.0411645   0.64794451  0.34835961 -0.52989917 -0.04491608 -0.11643074
  0.17889566  0.4334157  -0.32604035  0.23278772 -0.10742494 -0.61994781
  0.10246008  0.14588504 -0.47002154  0.20481181  0.26083908 -0.64604662
 -0.01916333  0.38252591  0.02779133  0.03797512 -0.55191779  0.53560606
  0.55215002  0.56394648  0.6430976   0.23324359 -0.16882848  0.572505
 -0.17492872  0.41599939 -0.61531955  0.11993814  0.34377272 -0.62628849
 -0.00969228 -0.22917042  0.07048796 -0.29745458  0.27785482 -0.48724781
 -0.30111598 -0.82397292 -0.50251411 -0.22662951 -0.19771861]
4304,[ 0.20466688  0.10654683 -0.10251019  0.13407525  0.37190124  0.08688963
 -0.0411639   0.64794387  0.34835895 -0.5298989  -0.04491598 -0.11643003
  0.17889531  0.43341637 -0.32604037  0.23278828 -0.10742459 -0.6199476
  0.1024597   0.14588544 -0.4700216   0.20481145  0.26083897 -0.64604718
 -0.0191639   0.38252563  0.02779236  0.03797477 -0.55191824  0.535607
  0.55214912  0.56394672  0.64309801  0.23324361 -0.16882813  0.5725051
 -0.1749291   0.41599914 -0.61531939  0.11993773  0.34377281 -0.6262878
 -0.00969308 -0.22917048  0.07048749 -0.29745472  0.27785533 -0.48724669
 -0.30111662 -0.82397284 -0.50251437 -0.22662941 -0.19771879]
4305,[ 0.20466754  0.1065471  -0.10251189  0.13407562  0.37190162  0.08688923
 -0.04116331  0.64794324  0.3483583  -0.52989862 -0.04491589 -0.11642932
  0.17889496  0.43341704 -0.32604039  0.23278884 -0.10742424 -0.61994739
  0.10245933  0.14588583 -0.47002165  0.2048111   0.26083885 -0.64604774
 -0.01916448  0.38252536  0.0277934   0.03797443 -0.5519187   0.53560794
  0.55214822  0.56394696  0.64309842  0.23324363 -0.16882778  0.5725052
 -0.17492948  0.41599889 -0.61531923  0.11993732  0.3437729  -0.6262871
 -0.00969388 -0.22917055  0.07048702 -0.29745486  0.27785583 -0.48724557
 -0.30111726 -0.82397276 -0.50251463 -0.22662931 -0.19771898]
4306,[ 0.20466821  0.10654737 -0.10251358  0.13407598  0.37190199  0.08688882
 -0.04116272  0.64794261  0.34835764 -0.52989835 -0.04491579 -0.11642861
  0.17889461  0.43341771 -0.32604041  0.23278939 -0.10742388 -0.61994718
  0.10245895  0.14588623 -0.47002171  0.20481074  0.26083873 -0.6460483
 -0.01916505  0.38252508  0.02779443  0.03797408 -0.55191916  0.53560887
  0.55214732  0.56394721  0.64309884  0.23324364 -0.16882743  0.5725053
 -0.17492986  0.41599863 -0.61531907  0.11993691  0.34377299 -0.62628641
 -0.00969467 -0.22917062  0.07048655 -0.297455    0.27785633 -0.48724445
 -0.3011179  -0.82397269 -0.50251489 -0.22662922 -0.19771916]
4307,[ 0.20466887  0.10654763 -0.10251528  0.13407635  0.37190237  0.08688842
 -0.04116212  0.64794197  0.34835699 -0.52989807 -0.04491569 -0.1164279
  0.17889426  0.43341837 -0.32604043  0.23278995 -0.10742353 -0.61994696
  0.10245858  0.14588663 -0.47002177  0.20481039  0.26083861 -0.64604886
 -0.01916563  0.3825248   0.02779546  0.03797374 -0.55191961  0.53560981
  0.55214642  0.56394745  0.64309925  0.23324366 -0.16882708  0.5725054
 -0.17493024  0.41599838 -0.61531891  0.1199365   0.34377308 -0.62628572
 -0.00969546 -0.22917069  0.07048608 -0.29745514  0.27785683 -0.48724332
 -0.30111855 -0.82397261 -0.50251515 -0.22662912 -0.19771934]
4308,[ 0.20466953  0.1065479  -0.10251697  0.13407671  0.37190275  0.08688801
 -0.04116153  0.64794134  0.34835634 -0.5298978  -0.0449156  -0.11642719
  0.17889391  0.43341904 -0.32604045  0.2327905  -0.10742318 -0.61994675
  0.1024582   0.14588702 -0.47002183  0.20481003  0.26083849 -0.64604942
 -0.0191662   0.38252453  0.02779649  0.03797339 -0.55192007  0.53561074
  0.55214552  0.56394769  0.64309966  0.23324368 -0.16882674  0.57250549
 -0.17493062  0.41599813 -0.61531875  0.11993609  0.34377318 -0.62628504
 -0.00969626 -0.22917076  0.07048561 -0.29745527  0.27785733 -0.48724221
 -0.30111918 -0.82397253 -0.50251541 -0.22662902 -0.19771953]
4309,[ 0.20467019  0.10654816 -0.10251866  0.13407708  0.37190313  0.08688761
 -0.04116094  0.64794071  0.34835568 -0.52989752 -0.0449155  -0.11642648
  0.17889356  0.43341971 -0.32604048  0.23279106 -0.10742283 -0.61994654
  0.10245783  0.14588742 -0.47002188  0.20480968  0.26083837 -0.64604997
 -0.01916677  0.38252425  0.02779751  0.03797305 -0.55192052  0.53561167
  0.55214462  0.56394793  0.64310008  0.23324369 -0.16882639  0.57250559
 -0.174931    0.41599788 -0.61531859  0.11993569  0.34377327 -0.62628435
 -0.00969705 -0.22917082  0.07048514 -0.29745541  0.27785784 -0.48724109
 -0.30111982 -0.82397245 -0.50251567 -0.22662893 -0.19771971]
4310,[ 0.20467084  0.10654843 -0.10252034  0.13407744  0.3719035   0.08688721
 -0.04116035  0.64794008  0.34835503 -0.52989725 -0.04491541 -0.11642577
  0.17889321  0.43342037 -0.3260405   0.23279161 -0.10742248 -0.61994633
  0.10245745  0.14588781 -0.47002194  0.20480933  0.26083825 -0.64605053
 -0.01916734  0.38252398  0.02779854  0.03797271 -0.55192097  0.5356126
  0.55214373  0.56394818  0.64310049  0.23324371 -0.16882604  0.57250569
 -0.17493138  0.41599763 -0.61531843  0.11993528  0.34377336 -0.62628366
 -0.00969784 -0.22917089  0.07048467 -0.29745555  0.27785834 -0.48723997
 -0.30112046 -0.82397238 -0.50251593 -0.22662883 -0.19771989]
4311,[ 0.2046715   0.10654869 -0.10252203  0.13407781  0.37190388  0.0868868
 -0.04115975  0.64793945  0.34835438 -0.52989697 -0.04491531 -0.11642507
  0.17889286  0.43342103 -0.32604052  0.23279217 -0.10742213 -0.61994612
  0.10245708  0.14588821 -0.470022    0.20480897  0.26083813 -0.64605108
 -0.01916791  0.3825237   0.02779957  0.03797236 -0.55192143  0.53561353
  0.55214283  0.56394842  0.6431009   0.23324373 -0.16882569  0.57250579
 -0.17493176  0.41599738 -0.61531827  0.11993487  0.34377345 -0.62628297
 -0.00969863 -0.22917096  0.07048421 -0.29745569  0.27785884 -0.48723886
 -0.3011211  -0.8239723  -0.50251619 -0.22662873 -0.19772007]
4312,[ 0.20467216  0.10654896 -0.10252371  0.13407817  0.37190425  0.0868864
 -0.04115916  0.64793882  0.34835373 -0.5298967  -0.04491522 -0.11642436
  0.17889251  0.4334217  -0.32604054  0.23279272 -0.10742178 -0.61994591
  0.10245671  0.1458886  -0.47002206  0.20480862  0.26083801 -0.64605164
 -0.01916849  0.38252343  0.02780059  0.03797202 -0.55192188  0.53561446
  0.55214194  0.56394866  0.64310131  0.23324375 -0.16882535  0.57250588
 -0.17493213  0.41599713 -0.61531811  0.11993447  0.34377354 -0.62628229
 -0.00969942 -0.22917102  0.07048374 -0.29745583  0.27785933 -0.48723774
 -0.30112174 -0.82397222 -0.50251645 -0.22662864 -0.19772026]
4313,[ 0.20467282  0.10654922 -0.1025254   0.13407853  0.37190463  0.086886
 -0.04115857  0.64793819  0.34835308 -0.52989643 -0.04491512 -0.11642366
  0.17889217  0.43342236 -0.32604056  0.23279327 -0.10742143 -0.6199457
  0.10245634  0.145889   -0.47002211  0.20480827  0.26083789 -0.64605219
 -0.01916905  0.38252315  0.02780161  0.03797168 -0.55192233  0.53561539
  0.55214105  0.5639489   0.64310172  0.23324376 -0.168825    0.57250598
 -0.17493251  0.41599688 -0.61531796  0.11993406  0.34377363 -0.6262816
 -0.00970021 -0.22917109  0.07048327 -0.29745596  0.27785983 -0.48723663
 -0.30112237 -0.82397214 -0.5025167  -0.22662854 -0.19772044]
4314,[ 0.20467347  0.10654948 -0.10252708  0.1340789   0.371905    0.0868856
 -0.04115799  0.64793756  0.34835244 -0.52989615 -0.04491503 -0.11642295
  0.17889182  0.43342302 -0.32604058  0.23279383 -0.10742108 -0.61994549
  0.10245596  0.14588939 -0.47002217  0.20480792  0.26083777 -0.64605274
 -0.01916962  0.38252288  0.02780263  0.03797134 -0.55192278  0.53561631
  0.55214016  0.56394914  0.64310213  0.23324378 -0.16882465  0.57250608
 -0.17493289  0.41599663 -0.6153178   0.11993366  0.34377372 -0.62628092
 -0.009701   -0.22917116  0.07048281 -0.2974561   0.27786033 -0.48723552
 -0.30112301 -0.82397207 -0.50251696 -0.22662844 -0.19772062]
4315,[ 0.20467413  0.10654975 -0.10252876  0.13407926  0.37190538  0.0868852
 -0.0411574   0.64793694  0.34835179 -0.52989588 -0.04491493 -0.11642225
  0.17889147  0.43342368 -0.3260406   0.23279438 -0.10742073 -0.61994528
  0.10245559  0.14588978 -0.47002223  0.20480757  0.26083766 -0.6460533
 -0.01917019  0.38252261  0.02780366  0.037971   -0.55192323  0.53561724
  0.55213927  0.56394938  0.64310254  0.2332438  -0.16882431  0.57250618
 -0.17493326  0.41599638 -0.61531764  0.11993325  0.34377381 -0.62628024
 -0.00970179 -0.22917123  0.07048234 -0.29745624  0.27786083 -0.48723441
 -0.30112364 -0.82397199 -0.50251722 -0.22662835 -0.1977208 ]
4316,[ 0.20467478  0.10655001 -0.10253043  0.13407962  0.37190575  0.08688479
 -0.04115681  0.64793631  0.34835114 -0.52989561 -0.04491484 -0.11642155
  0.17889112  0.43342434 -0.32604062  0.23279493 -0.10742038 -0.61994507
  0.10245522  0.14589018 -0.47002229  0.20480722  0.26083754 -0.64605385
 -0.01917076  0.38252233  0.02780467  0.03797066 -0.55192368  0.53561816
  0.55213838  0.56394962  0.64310295  0.23324381 -0.16882396  0.57250627
 -0.17493364  0.41599613 -0.61531748  0.11993285  0.3437739  -0.62627955
 -0.00970257 -0.22917129  0.07048188 -0.29745637  0.27786133 -0.4872333
 -0.30112428 -0.82397191 -0.50251748 -0.22662825 -0.19772098]
4317,[ 0.20467543  0.10655027 -0.10253211  0.13407998  0.37190613  0.08688439
 -0.04115622  0.64793568  0.34835049 -0.52989534 -0.04491474 -0.11642084
  0.17889078  0.433425   -0.32604064  0.23279548 -0.10742003 -0.61994487
  0.10245485  0.14589057 -0.47002234  0.20480687  0.26083742 -0.6460544
 -0.01917133  0.38252206  0.02780569  0.03797032 -0.55192413  0.53561909
  0.55213749  0.56394986  0.64310336  0.23324383 -0.16882362  0.57250637
 -0.17493401  0.41599588 -0.61531732  0.11993244  0.34377399 -0.62627887
 -0.00970336 -0.22917136  0.07048141 -0.29745651  0.27786182 -0.48723219
 -0.30112491 -0.82397184 -0.50251773 -0.22662816 -0.19772116]
4318,[ 0.20467609  0.10655054 -0.10253378  0.13408034  0.3719065   0.08688399
 -0.04115564  0.64793506  0.34834985 -0.52989506 -0.04491465 -0.11642014
  0.17889043  0.43342566 -0.32604066  0.23279603 -0.10741968 -0.61994466
  0.10245448  0.14589096 -0.4700224   0.20480652  0.2608373  -0.64605495
 -0.01917189  0.38252179  0.02780671  0.03796998 -0.55192458  0.53562001
  0.5521366   0.5639501   0.64310376  0.23324385 -0.16882328  0.57250647
 -0.17493439  0.41599564 -0.61531716  0.11993204  0.34377408 -0.62627819
 -0.00970414 -0.22917143  0.07048095 -0.29745665  0.27786232 -0.48723108
 -0.30112554 -0.82397176 -0.50251799 -0.22662806 -0.19772134]
4319,[ 0.20467674  0.1065508  -0.10253545  0.1340807   0.37190687  0.08688359
 -0.04115505  0.64793444  0.3483492  -0.52989479 -0.04491455 -0.11641944
  0.17889009  0.43342632 -0.32604068  0.23279658 -0.10741933 -0.61994445
  0.10245411  0.14589135 -0.47002246  0.20480617  0.26083718 -0.6460555
 -0.01917246  0.38252151  0.02780773  0.03796964 -0.55192503  0.53562093
  0.55213571  0.56395034  0.64310417  0.23324387 -0.16882293  0.57250656
 -0.17493476  0.41599539 -0.61531701  0.11993164  0.34377417 -0.62627751
 -0.00970493 -0.22917149  0.07048049 -0.29745679  0.27786281 -0.48722998
 -0.30112617 -0.82397168 -0.50251825 -0.22662796 -0.19772152]
4320,[ 0.20467739  0.10655106 -0.10253712  0.13408107  0.37190724  0.0868832
 -0.04115447  0.64793381  0.34834856 -0.52989452 -0.04491446 -0.11641874
  0.17888974  0.43342698 -0.3260407   0.23279712 -0.10741899 -0.61994424
  0.10245374  0.14589174 -0.47002252  0.20480582  0.26083707 -0.64605605
 -0.01917302  0.38252124  0.02780874  0.0379693  -0.55192548  0.53562185
  0.55213483  0.56395058  0.64310458  0.23324388 -0.16882259  0.57250666
 -0.17493514  0.41599514 -0.61531685  0.11993124  0.34377427 -0.62627683
 -0.00970571 -0.22917156  0.07048003 -0.29745692  0.27786331 -0.48722887
 -0.30112681 -0.82397161 -0.5025185  -0.22662787 -0.19772171]
4321,[ 0.20467804  0.10655132 -0.10253879  0.13408143  0.37190762  0.0868828
 -0.04115388  0.64793319  0.34834792 -0.52989425 -0.04491436 -0.11641805
  0.1788894   0.43342763 -0.32604072  0.23279767 -0.10741864 -0.61994403
  0.10245337  0.14589213 -0.47002257  0.20480547  0.26083695 -0.6460566
 -0.01917359  0.38252097  0.02780976  0.03796896 -0.55192593  0.53562277
  0.55213394  0.56395082  0.64310499  0.2332439  -0.16882224  0.57250676
 -0.17493551  0.41599489 -0.61531669  0.11993083  0.34377436 -0.62627615
 -0.00970649 -0.22917163  0.07047956 -0.29745706  0.2778638  -0.48722777
 -0.30112744 -0.82397153 -0.50251876 -0.22662777 -0.19772189]
4322,[ 0.20467869  0.10655158 -0.10254045  0.13408178  0.37190799  0.0868824
 -0.0411533   0.64793257  0.34834727 -0.52989398 -0.04491427 -0.11641735
  0.17888905  0.43342829 -0.32604074  0.23279822 -0.10741829 -0.61994383
  0.102453    0.14589252 -0.47002263  0.20480512  0.26083683 -0.64605715
 -0.01917415  0.3825207   0.02781077  0.03796862 -0.55192637  0.53562369
  0.55213306  0.56395106  0.64310539  0.23324392 -0.1688219   0.57250685
 -0.17493589  0.41599465 -0.61531654  0.11993043  0.34377445 -0.62627548
 -0.00970727 -0.22917169  0.0704791  -0.29745719  0.2778643  -0.48722667
 -0.30112807 -0.82397145 -0.50251902 -0.22662768 -0.19772207]
4323,[ 0.20467934  0.10655185 -0.10254211  0.13408214  0.37190836  0.086882
 -0.04115272  0.64793195  0.34834663 -0.52989371 -0.04491418 -0.11641665
  0.17888871  0.43342894 -0.32604076  0.23279876 -0.10741795 -0.61994362
  0.10245263  0.14589291 -0.47002269  0.20480477  0.26083671 -0.6460577
 -0.01917472  0.38252043  0.02781178  0.03796828 -0.55192682  0.53562461
  0.55213218  0.5639513   0.6431058   0.23324393 -0.16882156  0.57250695
 -0.17493626  0.4159944  -0.61531638  0.11993003  0.34377454 -0.6262748
 -0.00970805 -0.22917176  0.07047864 -0.29745733  0.27786479 -0.48722557
 -0.30112869 -0.82397138 -0.50251927 -0.22662758 -0.19772225]
4324,[ 0.20467999  0.10655211 -0.10254378  0.1340825   0.37190873  0.0868816
 -0.04115213  0.64793132  0.34834599 -0.52989344 -0.04491408 -0.11641595
  0.17888837  0.4334296  -0.32604078  0.23279931 -0.1074176  -0.61994341
  0.10245227  0.1458933  -0.47002274  0.20480443  0.2608366  -0.64605824
 -0.01917528  0.38252016  0.02781279  0.03796794 -0.55192727  0.53562552
  0.5521313   0.56395154  0.6431062   0.23324395 -0.16882122  0.57250705
 -0.17493663  0.41599415 -0.61531622  0.11992963  0.34377463 -0.62627412
 -0.00970883 -0.22917183  0.07047818 -0.29745747  0.27786528 -0.48722447
 -0.30112932 -0.8239713  -0.50251953 -0.22662749 -0.19772243]
4325,[ 0.20468064  0.10655237 -0.10254544  0.13408286  0.3719091   0.08688121
 -0.04115155  0.6479307   0.34834535 -0.52989317 -0.04491399 -0.11641526
  0.17888802  0.43343025 -0.3260408   0.23279986 -0.10741725 -0.6199432
  0.1024519   0.14589369 -0.4700228   0.20480408  0.26083648 -0.64605879
 -0.01917584  0.38251989  0.0278138   0.03796761 -0.55192771  0.53562644
  0.55213041  0.56395177  0.64310661  0.23324397 -0.16882088  0.57250714
 -0.174937    0.4159939  -0.61531607  0.11992923  0.34377471 -0.62627345
 -0.00970961 -0.22917189  0.07047772 -0.2974576   0.27786577 -0.48722337
 -0.30112995 -0.82397122 -0.50251978 -0.22662739 -0.19772261]
4326,[ 0.20468128  0.10655263 -0.10254709  0.13408322  0.37190947  0.08688081
 -0.04115097  0.64793009  0.34834471 -0.5298929  -0.04491389 -0.11641456
  0.17888768  0.4334309  -0.32604082  0.2328004  -0.10741691 -0.619943
  0.10245153  0.14589408 -0.47002286  0.20480373  0.26083636 -0.64605933
 -0.0191764   0.38251962  0.02781481  0.03796727 -0.55192816  0.53562735
  0.55212953  0.56395201  0.64310701  0.23324398 -0.16882053  0.57250724
 -0.17493738  0.41599366 -0.61531591  0.11992883  0.3437748  -0.62627277
 -0.00971039 -0.22917196  0.07047726 -0.29745774  0.27786626 -0.48722228
 -0.30113058 -0.82397115 -0.50252004 -0.2266273  -0.19772278]
4327,[ 0.20468193  0.10655289 -0.10254875  0.13408358  0.37190984  0.08688041
 -0.04115039  0.64792947  0.34834407 -0.52989263 -0.0449138  -0.11641387
  0.17888734  0.43343156 -0.32604084  0.23280094 -0.10741657 -0.61994279
  0.10245116  0.14589447 -0.47002291  0.20480339  0.26083625 -0.64605988
 -0.01917696  0.38251935  0.02781582  0.03796693 -0.5519286   0.53562827
  0.55212866  0.56395225  0.64310742  0.233244   -0.16882019  0.57250733
 -0.17493775  0.41599341 -0.61531575  0.11992843  0.34377489 -0.6262721
 -0.00971116 -0.22917203  0.0704768  -0.29745787  0.27786676 -0.48722118
 -0.3011312  -0.82397107 -0.50252029 -0.2266272  -0.19772296]
4328,[ 0.20468257  0.10655315 -0.1025504   0.13408393  0.37191021  0.08688002
 -0.04114981  0.64792885  0.34834343 -0.52989236 -0.04491371 -0.11641318
  0.178887    0.43343221 -0.32604086  0.23280149 -0.10741622 -0.61994258
  0.1024508   0.14589486 -0.47002297  0.20480304  0.26083613 -0.64606042
 -0.01917752  0.38251908  0.02781682  0.0379666  -0.55192905  0.53562918
  0.55212778  0.56395249  0.64310782  0.23324402 -0.16881985  0.57250743
 -0.17493812  0.41599317 -0.6153156   0.11992803  0.34377498 -0.62627143
 -0.00971194 -0.22917209  0.07047634 -0.29745801  0.27786725 -0.48722009
 -0.30113183 -0.823971   -0.50252055 -0.22662711 -0.19772314]
4329,[ 0.20468322  0.10655341 -0.10255205  0.13408429  0.37191057  0.08687962
 -0.04114923  0.64792823  0.3483428  -0.52989209 -0.04491361 -0.11641248
  0.17888665  0.43343286 -0.32604088  0.23280203 -0.10741588 -0.61994238
  0.10245043  0.14589524 -0.47002303  0.20480269  0.26083601 -0.64606097
 -0.01917808  0.38251881  0.02781783  0.03796626 -0.55192949  0.53563009
  0.5521269   0.56395272  0.64310822  0.23324403 -0.16881951  0.57250752
 -0.17493849  0.41599292 -0.61531544  0.11992763  0.34377507 -0.62627075
 -0.00971271 -0.22917216  0.07047589 -0.29745814  0.27786774 -0.48721899
 -0.30113245 -0.82397092 -0.5025208  -0.22662701 -0.19772332]
4330,[ 0.20468386  0.10655367 -0.1025537   0.13408465  0.37191094  0.08687923
 -0.04114865  0.64792761  0.34834216 -0.52989183 -0.04491352 -0.11641179
  0.17888631  0.43343351 -0.3260409   0.23280257 -0.10741553 -0.61994217
  0.10245007  0.14589563 -0.47002308  0.20480235  0.2608359  -0.64606151
 -0.01917864  0.38251854  0.02781883  0.03796592 -0.55192993  0.535631
  0.55212603  0.56395296  0.64310863  0.23324405 -0.16881917  0.57250762
 -0.17493886  0.41599268 -0.61531528  0.11992724  0.34377516 -0.62627008
 -0.00971349 -0.22917222  0.07047543 -0.29745828  0.27786822 -0.4872179
 -0.30113308 -0.82397085 -0.50252105 -0.22662692 -0.1977235 ]
4331,[ 0.20468451  0.10655392 -0.10255535  0.134085    0.37191131  0.08687884
 -0.04114808  0.647927    0.34834152 -0.52989156 -0.04491343 -0.1164111
  0.17888597  0.43343416 -0.32604092  0.23280311 -0.10741519 -0.61994197
  0.1024497   0.14589601 -0.47002314  0.204802    0.26083578 -0.64606205
 -0.0191792   0.38251827  0.02781983  0.03796559 -0.55193038  0.53563191
  0.55212515  0.5639532   0.64310903  0.23324407 -0.16881883  0.57250771
 -0.17493923  0.41599243 -0.61531513  0.11992684  0.34377525 -0.62626941
 -0.00971426 -0.22917229  0.07047497 -0.29745841  0.27786871 -0.48721681
 -0.3011337  -0.82397077 -0.50252131 -0.22662682 -0.19772368]
4332,[ 0.20468515  0.10655418 -0.102557    0.13408536  0.37191168  0.08687844
 -0.0411475   0.64792638  0.34834089 -0.52989129 -0.04491333 -0.11641041
  0.17888563  0.43343481 -0.32604094  0.23280365 -0.10741485 -0.61994176
  0.10244934  0.1458964  -0.47002319  0.20480166  0.26083566 -0.6460626
 -0.01917976  0.382518    0.02782083  0.03796525 -0.55193082  0.53563282
  0.55212428  0.56395343  0.64310943  0.23324408 -0.1688185   0.57250781
 -0.1749396   0.41599219 -0.61531497  0.11992644  0.34377534 -0.62626874
 -0.00971503 -0.22917236  0.07047452 -0.29745855  0.2778692  -0.48721572
 -0.30113432 -0.82397069 -0.50252156 -0.22662673 -0.19772386]
4333,[ 0.20468579  0.10655444 -0.10255864  0.13408571  0.37191204  0.08687805
 -0.04114692  0.64792577  0.34834025 -0.52989102 -0.04491324 -0.11640972
  0.17888529  0.43343545 -0.32604096  0.23280419 -0.10741451 -0.61994156
  0.10244897  0.14589679 -0.47002325  0.20480132  0.26083555 -0.64606314
 -0.01918032  0.38251773  0.02782183  0.03796492 -0.55193126  0.53563373
  0.55212341  0.56395367  0.64310983  0.2332441  -0.16881816  0.57250791
 -0.17493997  0.41599194 -0.61531482  0.11992604  0.34377543 -0.62626807
 -0.0097158  -0.22917242  0.07047406 -0.29745868  0.27786969 -0.48721463
 -0.30113495 -0.82397062 -0.50252181 -0.22662664 -0.19772403]
4334,[ 0.20468643  0.1065547  -0.10256029  0.13408607  0.37191241  0.08687766
 -0.04114635  0.64792516  0.34833962 -0.52989076 -0.04491315 -0.11640903
  0.17888495  0.4334361  -0.32604098  0.23280473 -0.10741416 -0.61994135
  0.10244861  0.14589717 -0.47002331  0.20480097  0.26083543 -0.64606368
 -0.01918087  0.38251747  0.02782283  0.03796459 -0.5519317   0.53563463
  0.55212253  0.5639539   0.64311023  0.23324412 -0.16881782  0.572508
 -0.17494033  0.4159917  -0.61531466  0.11992565  0.34377552 -0.6262674
 -0.00971657 -0.22917249  0.07047361 -0.29745882  0.27787018 -0.48721355
 -0.30113557 -0.82397054 -0.50252206 -0.22662654 -0.19772421]
4335,[ 0.20468707  0.10655496 -0.10256193  0.13408642  0.37191278  0.08687726
 -0.04114577  0.64792454  0.34833899 -0.52989049 -0.04491306 -0.11640834
  0.17888461  0.43343675 -0.326041    0.23280527 -0.10741382 -0.61994115
  0.10244825  0.14589755 -0.47002336  0.20480063  0.26083532 -0.64606422
 -0.01918143  0.3825172   0.02782383  0.03796425 -0.55193214  0.53563554
  0.55212166  0.56395414  0.64311063  0.23324413 -0.16881748  0.5725081
 -0.1749407   0.41599146 -0.61531451  0.11992525  0.34377561 -0.62626673
 -0.00971734 -0.22917255  0.07047315 -0.29745895  0.27787066 -0.48721246
 -0.30113619 -0.82397047 -0.50252232 -0.22662645 -0.19772439]
4336,[ 0.20468771  0.10655521 -0.10256357  0.13408678  0.37191314  0.08687687
 -0.0411452   0.64792393  0.34833835 -0.52989022 -0.04491296 -0.11640766
  0.17888427  0.43343739 -0.32604102  0.23280581 -0.10741348 -0.61994094
  0.10244788  0.14589794 -0.47002342  0.20480029  0.2608352  -0.64606476
 -0.01918198  0.38251693  0.02782483  0.03796392 -0.55193258  0.53563644
  0.55212079  0.56395437  0.64311103  0.23324415 -0.16881714  0.57250819
 -0.17494107  0.41599121 -0.61531435  0.11992486  0.3437757  -0.62626607
 -0.00971811 -0.22917262  0.0704727  -0.29745908  0.27787115 -0.48721138
 -0.30113681 -0.82397039 -0.50252257 -0.22662635 -0.19772457]
4337,[ 0.20468835  0.10655547 -0.1025652   0.13408713  0.37191351  0.08687648
 -0.04114462  0.64792332  0.34833772 -0.52988996 -0.04491287 -0.11640697
  0.17888394  0.43343804 -0.32604104  0.23280635 -0.10741314 -0.61994074
  0.10244752  0.14589832 -0.47002347  0.20479994  0.26083509 -0.6460653
 -0.01918254  0.38251666  0.02782582  0.03796359 -0.55193302  0.53563734
  0.55211992  0.56395461  0.64311143  0.23324417 -0.16881681  0.57250828
 -0.17494144  0.41599097 -0.6153142   0.11992446  0.34377578 -0.6262654
 -0.00971888 -0.22917268  0.07047224 -0.29745922  0.27787163 -0.48721029
 -0.30113743 -0.82397032 -0.50252282 -0.22662626 -0.19772474]
4338,[ 0.20468899  0.10655573 -0.10256684  0.13408748  0.37191387  0.08687609
 -0.04114405  0.64792271  0.34833709 -0.52988969 -0.04491278 -0.11640629
  0.1788836   0.43343868 -0.32604106  0.23280689 -0.1074128  -0.61994053
  0.10244716  0.14589871 -0.47002353  0.2047996   0.26083497 -0.64606584
 -0.01918309  0.3825164   0.02782682  0.03796325 -0.55193346  0.53563825
  0.55211906  0.56395484  0.64311183  0.23324418 -0.16881647  0.57250838
 -0.1749418   0.41599073 -0.61531405  0.11992407  0.34377587 -0.62626473
 -0.00971965 -0.22917275  0.07047179 -0.29745935  0.27787212 -0.48720921
 -0.30113804 -0.82397024 -0.50252307 -0.22662617 -0.19772492]
4339,[ 0.20468963  0.10655599 -0.10256847  0.13408784  0.37191424  0.0868757
 -0.04114348  0.6479221   0.34833646 -0.52988943 -0.04491268 -0.1164056
  0.17888326  0.43343933 -0.32604108  0.23280742 -0.10741246 -0.61994033
  0.1024468   0.14589909 -0.47002359  0.20479926  0.26083486 -0.64606637
 -0.01918364  0.38251613  0.02782781  0.03796292 -0.5519339   0.53563915
  0.55211819  0.56395508  0.64311223  0.2332442  -0.16881613  0.57250847
 -0.17494217  0.41599048 -0.61531389  0.11992367  0.34377596 -0.62626407
 -0.00972041 -0.22917281  0.07047134 -0.29745949  0.2778726  -0.48720813
 -0.30113866 -0.82397017 -0.50252332 -0.22662607 -0.1977251 ]
4340,[ 0.20469026  0.10655624 -0.10257011  0.13408819  0.3719146   0.08687531
 -0.04114291  0.64792149  0.34833583 -0.52988916 -0.04491259 -0.11640492
  0.17888292  0.43343997 -0.3260411   0.23280796 -0.10741212 -0.61994013
  0.10244644  0.14589947 -0.47002364  0.20479892  0.26083474 -0.64606691
 -0.0191842   0.38251587  0.0278288   0.03796259 -0.55193434  0.53564005
  0.55211732  0.56395531  0.64311263  0.23324422 -0.1688158   0.57250857
 -0.17494254  0.41599024 -0.61531374  0.11992328  0.34377605 -0.6262634
 -0.00972118 -0.22917288  0.07047089 -0.29745962  0.27787309 -0.48720705
 -0.30113928 -0.82397009 -0.50252357 -0.22662598 -0.19772527]
4341,[ 0.2046909   0.1065565  -0.10257174  0.13408854  0.37191496  0.08687492
 -0.04114233  0.64792088  0.3483352  -0.5298889  -0.0449125  -0.11640423
  0.17888259  0.43344061 -0.32604112  0.23280849 -0.10741178 -0.61993992
  0.10244608  0.14589985 -0.4700237   0.20479858  0.26083463 -0.64606745
 -0.01918475  0.3825156   0.0278298   0.03796226 -0.55193478  0.53564095
  0.55211646  0.56395555  0.64311302  0.23324423 -0.16881546  0.57250866
 -0.1749429   0.41599    -0.61531358  0.11992289  0.34377614 -0.62626274
 -0.00972194 -0.22917295  0.07047043 -0.29745975  0.27787357 -0.48720597
 -0.3011399  -0.82397002 -0.50252382 -0.22662589 -0.19772545]
4342,[ 0.20469153  0.10655675 -0.10257336  0.13408889  0.37191533  0.08687453
 -0.04114176  0.64792027  0.34833458 -0.52988863 -0.04491241 -0.11640355
  0.17888225  0.43344125 -0.32604114  0.23280903 -0.10741144 -0.61993972
  0.10244572  0.14590023 -0.47002375  0.20479824  0.26083451 -0.64606798
 -0.0191853   0.38251533  0.02783079  0.03796193 -0.55193521  0.53564184
  0.55211559  0.56395578  0.64311342  0.23324425 -0.16881513  0.57250876
 -0.17494327  0.41598976 -0.61531343  0.1199225   0.34377622 -0.62626208
 -0.00972271 -0.22917301  0.07046998 -0.29745989  0.27787405 -0.4872049
 -0.30114051 -0.82396994 -0.50252407 -0.22662579 -0.19772563]
4343,[ 0.20469217  0.10655701 -0.10257499  0.13408924  0.37191569  0.08687414
 -0.04114119  0.64791966  0.34833395 -0.52988837 -0.04491232 -0.11640287
  0.17888191  0.43344189 -0.32604116  0.23280956 -0.1074111  -0.61993952
  0.10244536  0.14590061 -0.47002381  0.2047979   0.2608344  -0.64606852
 -0.01918585  0.38251507  0.02783178  0.0379616  -0.55193565  0.53564274
  0.55211473  0.56395601  0.64311382  0.23324427 -0.16881479  0.57250885
 -0.17494363  0.41598952 -0.61531328  0.1199221   0.34377631 -0.62626142
 -0.00972347 -0.22917308  0.07046953 -0.29746002  0.27787453 -0.48720382
 -0.30114113 -0.82396987 -0.50252432 -0.2266257  -0.1977258 ]
4344,[ 0.2046928   0.10655726 -0.10257661  0.1340896   0.37191605  0.08687375
 -0.04114062  0.64791905  0.34833332 -0.5298881  -0.04491222 -0.11640219
  0.17888158  0.43344253 -0.32604118  0.2328101  -0.10741077 -0.61993932
  0.102445    0.14590099 -0.47002386  0.20479756  0.26083428 -0.64606905
 -0.0191864   0.3825148   0.02783276  0.03796127 -0.55193609  0.53564364
  0.55211387  0.56395624  0.64311421  0.23324428 -0.16881446  0.57250894
 -0.17494399  0.41598928 -0.61531312  0.11992171  0.3437764  -0.62626076
 -0.00972423 -0.22917314  0.07046908 -0.29746015  0.27787502 -0.48720275
 -0.30114174 -0.8239698  -0.50252457 -0.22662561 -0.19772598]
4345,[ 0.20469344  0.10655752 -0.10257824  0.13408995  0.37191641  0.08687336
 -0.04114006  0.64791845  0.34833269 -0.52988784 -0.04491213 -0.11640151
  0.17888124  0.43344317 -0.3260412   0.23281063 -0.10741043 -0.61993911
  0.10244464  0.14590137 -0.47002392  0.20479722  0.26083417 -0.64606959
 -0.01918695  0.38251454  0.02783375  0.03796094 -0.55193652  0.53564453
  0.55211301  0.56395648  0.64311461  0.2332443  -0.16881412  0.57250904
 -0.17494436  0.41598903 -0.61531297  0.11992132  0.34377649 -0.62626009
 -0.00972499 -0.22917321  0.07046863 -0.29746028  0.2778755  -0.48720167
 -0.30114235 -0.82396972 -0.50252482 -0.22662551 -0.19772615]
4346,[ 0.20469407  0.10655777 -0.10257986  0.1340903   0.37191677  0.08687298
 -0.04113949  0.64791784  0.34833207 -0.52988758 -0.04491204 -0.11640083
  0.17888091  0.43344381 -0.32604122  0.23281116 -0.10741009 -0.61993891
  0.10244428  0.14590175 -0.47002397  0.20479688  0.26083405 -0.64607012
 -0.0191875   0.38251428  0.02783474  0.03796061 -0.55193696  0.53564543
  0.55211215  0.56395671  0.643115    0.23324431 -0.16881379  0.57250913
 -0.17494472  0.41598879 -0.61531282  0.11992093  0.34377658 -0.62625944
 -0.00972575 -0.22917327  0.07046818 -0.29746042  0.27787598 -0.4872006
 -0.30114297 -0.82396965 -0.50252507 -0.22662542 -0.19772633]
4347,[ 0.2046947   0.10655803 -0.10258148  0.13409065  0.37191714  0.08687259
 -0.04113892  0.64791724  0.34833144 -0.52988731 -0.04491195 -0.11640015
  0.17888057  0.43344445 -0.32604123  0.23281169 -0.10740975 -0.61993871
  0.10244392  0.14590213 -0.47002403  0.20479654  0.26083394 -0.64607066
 -0.01918805  0.38251401  0.02783572  0.03796028 -0.55193739  0.53564632
  0.55211129  0.56395694  0.6431154   0.23324433 -0.16881346  0.57250923
 -0.17494509  0.41598855 -0.61531266  0.11992054  0.34377666 -0.62625878
 -0.00972651 -0.22917333  0.07046773 -0.29746055  0.27787646 -0.48719953
 -0.30114358 -0.82396957 -0.50252532 -0.22662533 -0.1977265 ]
4348,[ 0.20469533  0.10655828 -0.10258309  0.134091    0.3719175   0.0868722
 -0.04113835  0.64791663  0.34833082 -0.52988705 -0.04491186 -0.11639947
  0.17888024  0.43344508 -0.32604125  0.23281222 -0.10740942 -0.61993851
  0.10244356  0.14590251 -0.47002408  0.2047962   0.26083382 -0.64607119
 -0.0191886   0.38251375  0.0278367   0.03795995 -0.55193783  0.53564721
  0.55211043  0.56395717  0.64311579  0.23324435 -0.16881312  0.57250932
 -0.17494545  0.41598831 -0.61531251  0.11992015  0.34377675 -0.62625812
 -0.00972727 -0.2291734   0.07046729 -0.29746068  0.27787694 -0.48719846
 -0.30114419 -0.8239695  -0.50252557 -0.22662524 -0.19772668]
4349,[ 0.20469596  0.10655853 -0.10258471  0.13409134  0.37191786  0.08687182
 -0.04113779  0.64791603  0.3483302  -0.52988679 -0.04491177 -0.1163988
  0.1788799   0.43344572 -0.32604127  0.23281275 -0.10740908 -0.61993831
  0.1024432   0.14590289 -0.47002414  0.20479586  0.26083371 -0.64607172
 -0.01918914  0.38251349  0.02783769  0.03795962 -0.55193826  0.5356481
  0.55210957  0.56395741  0.64311619  0.23324436 -0.16881279  0.57250941
 -0.17494581  0.41598807 -0.61531236  0.11991976  0.34377684 -0.62625746
 -0.00972803 -0.22917346  0.07046684 -0.29746081  0.27787742 -0.48719739
 -0.3011448  -0.82396942 -0.50252582 -0.22662514 -0.19772685]
4350,[ 0.20469659  0.10655879 -0.10258632  0.13409169  0.37191822  0.08687143
 -0.04113722  0.64791543  0.34832957 -0.52988653 -0.04491168 -0.11639812
  0.17887957  0.43344635 -0.32604129  0.23281328 -0.10740875 -0.61993811
  0.10244285  0.14590327 -0.4700242   0.20479553  0.2608336  -0.64607225
 -0.01918969  0.38251322  0.02783867  0.03795929 -0.5519387   0.53564899
  0.55210872  0.56395764  0.64311658  0.23324438 -0.16881246  0.57250951
 -0.17494617  0.41598783 -0.61531221  0.11991937  0.34377693 -0.6262568
 -0.00972878 -0.22917353  0.07046639 -0.29746095  0.27787789 -0.48719632
 -0.30114541 -0.82396935 -0.50252606 -0.22662505 -0.19772703]
4351,[ 0.20469722  0.10655904 -0.10258793  0.13409204  0.37191858  0.08687105
 -0.04113666  0.64791483  0.34832895 -0.52988626 -0.04491158 -0.11639744
  0.17887924  0.43344699 -0.32604131  0.23281381 -0.10740841 -0.6199379
  0.10244249  0.14590365 -0.47002425  0.20479519  0.26083348 -0.64607278
 -0.01919024  0.38251296  0.02783965  0.03795896 -0.55193913  0.53564988
  0.55210786  0.56395787  0.64311698  0.2332444  -0.16881213  0.5725096
 -0.17494653  0.41598759 -0.61531206  0.11991898  0.34377701 -0.62625615
 -0.00972954 -0.22917359  0.07046595 -0.29746108  0.27787837 -0.48719526
 -0.30114602 -0.82396928 -0.50252631 -0.22662496 -0.1977272 ]
4352,[ 0.20469785  0.10655929 -0.10258954  0.13409239  0.37191893  0.08687066
 -0.04113609  0.64791422  0.34832833 -0.529886   -0.04491149 -0.11639677
  0.17887891  0.43344762 -0.32604133  0.23281434 -0.10740808 -0.6199377
  0.10244213  0.14590402 -0.47002431  0.20479485  0.26083337 -0.64607331
 -0.01919078  0.3825127   0.02784063  0.03795864 -0.55193956  0.53565077
  0.55210701  0.5639581   0.64311737  0.23324441 -0.1688118   0.57250969
 -0.17494689  0.41598736 -0.6153119   0.11991859  0.3437771  -0.62625549
 -0.00973029 -0.22917366  0.0704655  -0.29746121  0.27787885 -0.48719419
 -0.30114663 -0.8239692  -0.50252656 -0.22662487 -0.19772738]
4353,[ 0.20469848  0.10655955 -0.10259115  0.13409274  0.37191929  0.08687028
 -0.04113553  0.64791362  0.34832771 -0.52988574 -0.0449114  -0.1163961
  0.17887857  0.43344826 -0.32604135  0.23281487 -0.10740774 -0.6199375
  0.10244178  0.1459044  -0.47002436  0.20479452  0.26083326 -0.64607384
 -0.01919132  0.38251244  0.0278416   0.03795831 -0.55193999  0.53565166
  0.55210616  0.56395833  0.64311776  0.23324443 -0.16881146  0.57250979
 -0.17494725  0.41598712 -0.61531175  0.11991821  0.34377719 -0.62625484
 -0.00973105 -0.22917372  0.07046505 -0.29746134  0.27787932 -0.48719313
 -0.30114724 -0.82396913 -0.50252681 -0.22662477 -0.19772755]
4354,[ 0.2046991   0.1065598  -0.10259276  0.13409308  0.37191965  0.08686989
 -0.04113497  0.64791302  0.34832709 -0.52988548 -0.04491131 -0.11639542
  0.17887824  0.43344889 -0.32604137  0.2328154  -0.10740741 -0.6199373
  0.10244142  0.14590478 -0.47002442  0.20479418  0.26083314 -0.64607437
 -0.01919187  0.38251217  0.02784258  0.03795798 -0.55194042  0.53565254
  0.5521053   0.56395856  0.64311815  0.23324445 -0.16881113  0.57250988
 -0.17494761  0.41598688 -0.6153116   0.11991782  0.34377727 -0.62625418
 -0.0097318  -0.22917379  0.07046461 -0.29746147  0.2778798  -0.48719207
 -0.30114785 -0.82396906 -0.50252705 -0.22662468 -0.19772772]
4355,[ 0.20469973  0.10656005 -0.10259436  0.13409343  0.37192001  0.08686951
 -0.0411344   0.64791242  0.34832647 -0.52988522 -0.04491122 -0.11639475
  0.17887791  0.43344952 -0.32604139  0.23281593 -0.10740707 -0.6199371
  0.10244107  0.14590515 -0.47002447  0.20479384  0.26083303 -0.6460749
 -0.01919241  0.38251191  0.02784356  0.03795766 -0.55194085  0.53565343
  0.55210445  0.56395879  0.64311854  0.23324446 -0.1688108   0.57250997
 -0.17494797  0.41598664 -0.61531145  0.11991743  0.34377736 -0.62625353
 -0.00973255 -0.22917385  0.07046416 -0.2974616   0.27788028 -0.48719101
 -0.30114845 -0.82396898 -0.5025273  -0.22662459 -0.1977279 ]
4356,[ 0.20470035  0.1065603  -0.10259596  0.13409378  0.37192037  0.08686913
 -0.04113384  0.64791182  0.34832585 -0.52988496 -0.04491113 -0.11639408
  0.17887758  0.43345015 -0.32604141  0.23281645 -0.10740674 -0.6199369
  0.10244071  0.14590553 -0.47002452  0.20479351  0.26083292 -0.64607543
 -0.01919296  0.38251165  0.02784453  0.03795733 -0.55194129  0.53565431
  0.5521036   0.56395902  0.64311893  0.23324448 -0.16881047  0.57251006
 -0.17494833  0.4159864  -0.6153113   0.11991704  0.34377745 -0.62625288
 -0.00973331 -0.22917391  0.07046372 -0.29746173  0.27788075 -0.48718994
 -0.30114906 -0.82396891 -0.50252754 -0.2266245  -0.19772807]
4357,[ 0.20470098  0.10656055 -0.10259757  0.13409412  0.37192072  0.08686874
 -0.04113328  0.64791123  0.34832524 -0.5298847  -0.04491104 -0.11639341
  0.17887725  0.43345078 -0.32604143  0.23281698 -0.10740641 -0.6199367
  0.10244036  0.1459059  -0.47002458  0.20479317  0.2608328  -0.64607595
 -0.0191935   0.38251139  0.02784551  0.03795701 -0.55194172  0.53565519
  0.55210275  0.56395925  0.64311932  0.23324449 -0.16881014  0.57251016
 -0.17494869  0.41598616 -0.61531115  0.11991666  0.34377753 -0.62625223
 -0.00973406 -0.22917398  0.07046328 -0.29746186  0.27788123 -0.48718889
 -0.30114966 -0.82396883 -0.50252779 -0.22662441 -0.19772824]
4358,[ 0.2047016   0.1065608  -0.10259916  0.13409447  0.37192108  0.08686836
 -0.04113272  0.64791063  0.34832462 -0.52988444 -0.04491095 -0.11639274
  0.17887692  0.43345141 -0.32604145  0.2328175  -0.10740607 -0.6199365
  0.10244     0.14590628 -0.47002463  0.20479284  0.26083269 -0.64607648
 -0.01919404  0.38251113  0.02784648  0.03795668 -0.55194214  0.53565607
  0.5521019   0.56395948  0.64311971  0.23324451 -0.16880982  0.57251025
 -0.17494905  0.41598593 -0.615311    0.11991627  0.34377762 -0.62625158
 -0.00973481 -0.22917404  0.07046283 -0.297462    0.2778817  -0.48718783
 -0.30115027 -0.82396876 -0.50252804 -0.22662431 -0.19772842]
4359,[ 0.20470223  0.10656106 -0.10260076  0.13409481  0.37192144  0.08686798
 -0.04113216  0.64791003  0.348324   -0.52988418 -0.04491086 -0.11639207
  0.17887659  0.43345204 -0.32604147  0.23281803 -0.10740574 -0.6199363
  0.10243965  0.14590665 -0.47002469  0.20479251  0.26083258 -0.64607701
 -0.01919458  0.38251087  0.02784745  0.03795636 -0.55194257  0.53565696
  0.55210106  0.56395971  0.6431201   0.23324453 -0.16880949  0.57251034
 -0.17494941  0.41598569 -0.61531085  0.11991589  0.34377771 -0.62625093
 -0.00973556 -0.22917411  0.07046239 -0.29746213  0.27788217 -0.48718677
 -0.30115087 -0.82396869 -0.50252828 -0.22662422 -0.19772859]
4360,[ 0.20470285  0.10656131 -0.10260236  0.13409516  0.37192179  0.0868676
 -0.0411316   0.64790944  0.34832339 -0.52988392 -0.04491077 -0.1163914
  0.17887626  0.43345267 -0.32604149  0.23281855 -0.10740541 -0.61993611
  0.1024393   0.14590702 -0.47002474  0.20479217  0.26083247 -0.64607753
 -0.01919512  0.38251061  0.02784842  0.03795603 -0.551943    0.53565784
  0.55210021  0.56395994  0.64312049  0.23324454 -0.16880916  0.57251043
 -0.17494977  0.41598545 -0.6153107   0.1199155   0.34377779 -0.62625028
 -0.0097363  -0.22917417  0.07046195 -0.29746226  0.27788265 -0.48718572
 -0.30115147 -0.82396862 -0.50252853 -0.22662413 -0.19772876]
4361,[ 0.20470347  0.10656156 -0.10260395  0.1340955   0.37192215  0.08686722
 -0.04113104  0.64790884  0.34832277 -0.52988366 -0.04491068 -0.11639073
  0.17887593  0.4334533  -0.32604151  0.23281907 -0.10740508 -0.61993591
  0.10243894  0.1459074  -0.4700248   0.20479184  0.26083235 -0.64607806
 -0.01919566  0.38251035  0.02784939  0.03795571 -0.55194343  0.53565871
  0.55209936  0.56396016  0.64312088  0.23324456 -0.16880883  0.57251053
 -0.17495012  0.41598522 -0.61531054  0.11991512  0.34377788 -0.62624963
 -0.00973705 -0.22917423  0.07046151 -0.29746239  0.27788312 -0.48718466
 -0.30115208 -0.82396854 -0.50252877 -0.22662404 -0.19772894]
4362,[ 0.20470409  0.10656181 -0.10260554  0.13409584  0.3719225   0.08686684
 -0.04113049  0.64790825  0.34832216 -0.5298834  -0.04491059 -0.11639006
  0.1788756   0.43345392 -0.32604153  0.2328196  -0.10740475 -0.61993571
  0.10243859  0.14590777 -0.47002485  0.20479151  0.26083224 -0.64607858
 -0.0191962   0.38251009  0.02785036  0.03795538 -0.55194386  0.53565959
  0.55209852  0.56396039  0.64312127  0.23324458 -0.1688085   0.57251062
 -0.17495048  0.41598498 -0.61531039  0.11991474  0.34377796 -0.62624898
 -0.0097378  -0.2291743   0.07046107 -0.29746252  0.27788359 -0.48718361
 -0.30115268 -0.82396847 -0.50252902 -0.22662395 -0.19772911]
4363,[ 0.20470471  0.10656206 -0.10260713  0.13409619  0.37192286  0.08686646
 -0.04112993  0.64790765  0.34832155 -0.52988314 -0.0449105  -0.1163894
  0.17887527  0.43345455 -0.32604154  0.23282012 -0.10740442 -0.61993551
  0.10243824  0.14590814 -0.47002491  0.20479117  0.26083213 -0.6460791
 -0.01919674  0.38250983  0.02785132  0.03795506 -0.55194429  0.53566047
  0.55209767  0.56396062  0.64312166  0.23324459 -0.16880818  0.57251071
 -0.17495084  0.41598474 -0.61531024  0.11991435  0.34377805 -0.62624833
 -0.00973854 -0.22917436  0.07046063 -0.29746265  0.27788406 -0.48718256
 -0.30115328 -0.8239684  -0.50252926 -0.22662386 -0.19772928]
4364,[ 0.20470533  0.10656231 -0.10260872  0.13409653  0.37192321  0.08686608
 -0.04112937  0.64790706  0.34832093 -0.52988289 -0.04491041 -0.11638873
  0.17887494  0.43345518 -0.32604156  0.23282064 -0.10740408 -0.61993531
  0.10243789  0.14590851 -0.47002496  0.20479084  0.26083202 -0.64607963
 -0.01919728  0.38250957  0.02785229  0.03795474 -0.55194471  0.53566135
  0.55209683  0.56396085  0.64312205  0.23324461 -0.16880785  0.5725108
 -0.17495119  0.41598451 -0.61531009  0.11991397  0.34377814 -0.62624769
 -0.00973929 -0.22917442  0.07046019 -0.29746278  0.27788453 -0.48718151
 -0.30115388 -0.82396832 -0.5025295  -0.22662377 -0.19772945]
4365,[ 0.20470595  0.10656255 -0.10261031  0.13409687  0.37192356  0.0868657
 -0.04112882  0.64790647  0.34832032 -0.52988263 -0.04491032 -0.11638807
  0.17887461  0.4334558  -0.32604158  0.23282116 -0.10740375 -0.61993511
  0.10243754  0.14590889 -0.47002501  0.20479051  0.26083191 -0.64608015
 -0.01919781  0.38250931  0.02785326  0.03795442 -0.55194514  0.53566222
  0.55209599  0.56396108  0.64312243  0.23324462 -0.16880752  0.57251089
 -0.17495155  0.41598427 -0.61530995  0.11991359  0.34377822 -0.62624704
 -0.00974003 -0.22917449  0.07045975 -0.29746291  0.277885   -0.48718046
 -0.30115448 -0.82396825 -0.50252975 -0.22662368 -0.19772962]
4366,[ 0.20470657  0.1065628  -0.10261189  0.13409722  0.37192392  0.08686532
 -0.04112826  0.64790587  0.34831971 -0.52988237 -0.04491023 -0.1163874
  0.17887429  0.43345642 -0.3260416   0.23282168 -0.10740342 -0.61993492
  0.10243718  0.14590926 -0.47002507  0.20479018  0.26083179 -0.64608067
 -0.01919835  0.38250905  0.02785422  0.03795409 -0.55194556  0.53566309
  0.55209515  0.5639613   0.64312282  0.23324464 -0.1688072   0.57251099
 -0.17495191  0.41598404 -0.6153098   0.1199132   0.34377831 -0.62624639
 -0.00974078 -0.22917455  0.07045931 -0.29746304  0.27788547 -0.48717941
 -0.30115508 -0.82396818 -0.50252999 -0.22662359 -0.19772979]
4367,[ 0.20470719  0.10656305 -0.10261347  0.13409756  0.37192427  0.08686494
 -0.04112771  0.64790528  0.3483191  -0.52988211 -0.04491014 -0.11638674
  0.17887396  0.43345705 -0.32604162  0.2328222  -0.1074031  -0.61993472
  0.10243683  0.14590963 -0.47002512  0.20478985  0.26083168 -0.64608119
 -0.01919889  0.3825088   0.02785518  0.03795377 -0.55194599  0.53566397
  0.55209431  0.56396153  0.64312321  0.23324466 -0.16880687  0.57251108
 -0.17495226  0.4159838  -0.61530965  0.11991282  0.34377839 -0.62624575
 -0.00974152 -0.22917461  0.07045887 -0.29746317  0.27788594 -0.48717836
 -0.30115568 -0.82396811 -0.50253023 -0.22662349 -0.19772997]
4368,[ 0.2047078   0.1065633  -0.10261506  0.1340979   0.37192462  0.08686456
 -0.04112715  0.64790469  0.34831849 -0.52988186 -0.04491005 -0.11638608
  0.17887363  0.43345767 -0.32604164  0.23282272 -0.10740277 -0.61993452
  0.10243648  0.14591    -0.47002518  0.20478952  0.26083157 -0.64608171
 -0.01919942  0.38250854  0.02785614  0.03795345 -0.55194641  0.53566484
  0.55209347  0.56396176  0.64312359  0.23324467 -0.16880654  0.57251117
 -0.17495261  0.41598357 -0.6153095   0.11991244  0.34377848 -0.62624511
 -0.00974226 -0.22917468  0.07045843 -0.29746329  0.27788641 -0.48717732
 -0.30115628 -0.82396803 -0.50253048 -0.2266234  -0.19773014]
4369,[ 0.20470842  0.10656355 -0.10261663  0.13409824  0.37192498  0.08686418
 -0.0411266   0.6479041   0.34831788 -0.5298816  -0.04490996 -0.11638541
  0.1788733   0.43345829 -0.32604166  0.23282324 -0.10740244 -0.61993433
  0.10243613  0.14591037 -0.47002523  0.20478919  0.26083146 -0.64608223
 -0.01919996  0.38250828  0.0278571   0.03795313 -0.55194684  0.53566571
  0.55209263  0.56396198  0.64312398  0.23324469 -0.16880622  0.57251126
 -0.17495297  0.41598333 -0.61530935  0.11991206  0.34377856 -0.62624446
 -0.009743   -0.22917474  0.07045799 -0.29746342  0.27788688 -0.48717627
 -0.30115687 -0.82396796 -0.50253072 -0.22662331 -0.19773031]
4370,[ 0.20470904  0.1065638  -0.10261821  0.13409858  0.37192533  0.08686381
 -0.04112605  0.64790351  0.34831727 -0.52988134 -0.04490987 -0.11638475
  0.17887298  0.43345891 -0.32604168  0.23282376 -0.10740211 -0.61993413
  0.10243579  0.14591074 -0.47002528  0.20478886  0.26083135 -0.64608275
 -0.01920049  0.38250802  0.02785806  0.03795281 -0.55194726  0.53566658
  0.5520918   0.56396221  0.64312436  0.2332447  -0.16880589  0.57251135
 -0.17495332  0.4159831  -0.6153092   0.11991168  0.34377865 -0.62624382
 -0.00974374 -0.2291748   0.07045756 -0.29746355  0.27788735 -0.48717523
 -0.30115747 -0.82396789 -0.50253096 -0.22662322 -0.19773048]
4371,[ 0.20470965  0.10656404 -0.10261979  0.13409892  0.37192568  0.08686343
 -0.04112549  0.64790292  0.34831666 -0.52988109 -0.04490978 -0.11638409
  0.17887265  0.43345953 -0.3260417   0.23282428 -0.10740178 -0.61993393
  0.10243544  0.14591111 -0.47002534  0.20478853  0.26083124 -0.64608327
 -0.01920102  0.38250777  0.02785902  0.03795249 -0.55194768  0.53566745
  0.55209096  0.56396244  0.64312475  0.23324472 -0.16880557  0.57251144
 -0.17495368  0.41598287 -0.61530905  0.1199113   0.34377874 -0.62624318
 -0.00974448 -0.22917487  0.07045712 -0.29746368  0.27788781 -0.48717418
 -0.30115807 -0.82396782 -0.5025312  -0.22662313 -0.19773065]
4372,[ 0.20471026  0.10656429 -0.10262136  0.13409926  0.37192603  0.08686305
 -0.04112494  0.64790233  0.34831605 -0.52988083 -0.04490969 -0.11638343
  0.17887233  0.43346015 -0.32604172  0.23282479 -0.10740145 -0.61993374
  0.10243509  0.14591148 -0.47002539  0.2047882   0.26083113 -0.64608379
 -0.01920156  0.38250751  0.02785998  0.03795217 -0.55194811  0.53566832
  0.55209012  0.56396266  0.64312513  0.23324474 -0.16880525  0.57251153
 -0.17495403  0.41598263 -0.6153089   0.11991092  0.34377882 -0.62624254
 -0.00974522 -0.22917493  0.07045668 -0.29746381  0.27788828 -0.48717314
 -0.30115866 -0.82396774 -0.50253145 -0.22662304 -0.19773082]
4373,[ 0.20471088  0.10656454 -0.10262293  0.1340996   0.37192638  0.08686268
 -0.04112439  0.64790175  0.34831545 -0.52988058 -0.0449096  -0.11638277
  0.178872    0.43346077 -0.32604174  0.23282531 -0.10740113 -0.61993354
  0.10243474  0.14591184 -0.47002545  0.20478787  0.26083101 -0.64608431
 -0.01920209  0.38250725  0.02786094  0.03795185 -0.55194853  0.53566919
  0.55208929  0.56396289  0.64312551  0.23324475 -0.16880492  0.57251162
 -0.17495438  0.4159824  -0.61530875  0.11991054  0.34377891 -0.6262419
 -0.00974595 -0.22917499  0.07045625 -0.29746394  0.27788875 -0.4871721
 -0.30115926 -0.82396767 -0.50253169 -0.22662295 -0.19773099]
4374,[ 0.20471149  0.10656478 -0.1026245   0.13409994  0.37192673  0.0868623
 -0.04112384  0.64790116  0.34831484 -0.52988032 -0.04490951 -0.11638212
  0.17887168  0.43346139 -0.32604175  0.23282583 -0.1074008  -0.61993334
  0.10243439  0.14591221 -0.4700255   0.20478754  0.2608309  -0.64608482
 -0.01920262  0.382507    0.02786189  0.03795153 -0.55194895  0.53567005
  0.55208846  0.56396311  0.6431259   0.23324477 -0.1688046   0.57251171
 -0.17495473  0.41598217 -0.61530861  0.11991016  0.34377899 -0.62624126
 -0.00974669 -0.22917506  0.07045581 -0.29746407  0.27788921 -0.48717106
 -0.30115985 -0.8239676  -0.50253193 -0.22662286 -0.19773116]
4375,[ 0.2047121   0.10656503 -0.10262607  0.13410028  0.37192708  0.08686193
 -0.04112329  0.64790057  0.34831424 -0.52988007 -0.04490943 -0.11638146
  0.17887135  0.43346201 -0.32604177  0.23282634 -0.10740047 -0.61993315
  0.10243405  0.14591258 -0.47002555  0.20478721  0.26083079 -0.64608534
 -0.01920315  0.38250674  0.02786284  0.03795121 -0.55194937  0.53567092
  0.55208762  0.56396334  0.64312628  0.23324478 -0.16880428  0.57251181
 -0.17495509  0.41598193 -0.61530846  0.11990978  0.34377908 -0.62624062
 -0.00974743 -0.22917512  0.07045538 -0.2974642   0.27788968 -0.48717003
 -0.30116044 -0.82396753 -0.50253217 -0.22662277 -0.19773133]
4376,[ 0.20471271  0.10656528 -0.10262764  0.13410062  0.37192743  0.08686155
 -0.04112274  0.64789999  0.34831363 -0.52987981 -0.04490934 -0.1163808
  0.17887103  0.43346263 -0.32604179  0.23282686 -0.10740015 -0.61993295
  0.1024337   0.14591295 -0.47002561  0.20478688  0.26083068 -0.64608586
 -0.01920368  0.38250649  0.0278638   0.03795089 -0.55194979  0.53567178
  0.55208679  0.56396356  0.64312666  0.2332448  -0.16880395  0.5725119
 -0.17495544  0.4159817  -0.61530831  0.11990941  0.34377916 -0.62623998
 -0.00974816 -0.22917518  0.07045494 -0.29746432  0.27789014 -0.48716899
 -0.30116104 -0.82396746 -0.50253241 -0.22662268 -0.1977315 ]
4377,[ 0.20471333  0.10656552 -0.10262921  0.13410095  0.37192778  0.08686118
 -0.04112219  0.6478994   0.34831303 -0.52987956 -0.04490925 -0.11638015
  0.17887071  0.43346324 -0.32604181  0.23282737 -0.10739982 -0.61993276
  0.10243335  0.14591331 -0.47002566  0.20478656  0.26083057 -0.64608637
 -0.01920421  0.38250623  0.02786475  0.03795057 -0.55195021  0.53567264
  0.55208596  0.56396379  0.64312704  0.23324481 -0.16880363  0.57251199
 -0.17495579  0.41598147 -0.61530816  0.11990903  0.34377924 -0.62623935
 -0.0097489  -0.22917524  0.07045451 -0.29746445  0.27789061 -0.48716795
 -0.30116163 -0.82396738 -0.50253265 -0.22662259 -0.19773167]
4378,[ 0.20471394  0.10656577 -0.10263077  0.13410129  0.37192813  0.0868608
 -0.04112165  0.64789882  0.34831243 -0.5298793  -0.04490916 -0.11637949
  0.17887038  0.43346386 -0.32604183  0.23282788 -0.1073995  -0.61993256
  0.10243301  0.14591368 -0.47002571  0.20478623  0.26083046 -0.64608689
 -0.01920474  0.38250598  0.0278657   0.03795025 -0.55195063  0.53567351
  0.55208513  0.56396401  0.64312742  0.23324483 -0.16880331  0.57251208
 -0.17495614  0.41598124 -0.61530801  0.11990865  0.34377933 -0.62623871
 -0.00974963 -0.22917531  0.07045408 -0.29746458  0.27789107 -0.48716692
 -0.30116222 -0.82396731 -0.50253289 -0.2266225  -0.19773184]
4379,[ 0.20471454  0.10656601 -0.10263233  0.13410163  0.37192848  0.08686043
 -0.0411211   0.64789824  0.34831182 -0.52987905 -0.04490907 -0.11637884
  0.17887006  0.43346447 -0.32604185  0.2328284  -0.10739917 -0.61993237
  0.10243266  0.14591405 -0.47002577  0.2047859   0.26083035 -0.6460874
 -0.01920527  0.38250572  0.02786665  0.03794994 -0.55195105  0.53567437
  0.5520843   0.56396423  0.64312781  0.23324485 -0.16880299  0.57251217
 -0.17495649  0.415981   -0.61530787  0.11990828  0.34377941 -0.62623807
 -0.00975036 -0.22917537  0.07045364 -0.29746471  0.27789153 -0.48716589
 -0.30116281 -0.82396724 -0.50253313 -0.22662241 -0.19773201]
4380,[ 0.20471515  0.10656626 -0.10263389  0.13410197  0.37192882  0.08686006
 -0.04112055  0.64789765  0.34831122 -0.5298788  -0.04490898 -0.11637818
  0.17886974  0.43346509 -0.32604187  0.23282891 -0.10739885 -0.61993217
  0.10243231  0.14591441 -0.47002582  0.20478558  0.26083024 -0.64608791
 -0.0192058   0.38250547  0.0278676   0.03794962 -0.55195147  0.53567523
  0.55208348  0.56396446  0.64312819  0.23324486 -0.16880267  0.57251226
 -0.17495684  0.41598077 -0.61530772  0.1199079   0.3437795  -0.62623744
 -0.00975109 -0.22917543  0.07045321 -0.29746483  0.27789199 -0.48716486
 -0.3011634  -0.82396717 -0.50253337 -0.22662233 -0.19773217]
4381,[ 0.20471576  0.1065665  -0.10263545  0.1341023   0.37192917  0.08685969
 -0.04112001  0.64789707  0.34831062 -0.52987854 -0.0449089  -0.11637753
  0.17886942  0.4334657  -0.32604189  0.23282942 -0.10739852 -0.61993198
  0.10243197  0.14591478 -0.47002587  0.20478525  0.26083013 -0.64608843
 -0.01920633  0.38250521  0.02786855  0.0379493  -0.55195189  0.53567609
  0.55208265  0.56396468  0.64312857  0.23324488 -0.16880235  0.57251235
 -0.17495719  0.41598054 -0.61530757  0.11990752  0.34377958 -0.62623681
 -0.00975182 -0.22917549  0.07045278 -0.29746496  0.27789246 -0.48716382
 -0.30116399 -0.8239671  -0.50253361 -0.22662224 -0.19773234]
4382,[ 0.20471637  0.10656675 -0.102637    0.13410264  0.37192952  0.08685931
 -0.04111946  0.64789649  0.34831002 -0.52987829 -0.04490881 -0.11637688
  0.17886909  0.43346632 -0.32604191  0.23282993 -0.1073982  -0.61993179
  0.10243162  0.14591514 -0.47002593  0.20478493  0.26083002 -0.64608894
 -0.01920685  0.38250496  0.02786949  0.03794899 -0.55195231  0.53567695
  0.55208182  0.5639649   0.64312895  0.23324489 -0.16880203  0.57251244
 -0.17495754  0.41598031 -0.61530743  0.11990715  0.34377967 -0.62623617
 -0.00975255 -0.22917556  0.07045235 -0.29746509  0.27789292 -0.4871628
 -0.30116458 -0.82396703 -0.50253385 -0.22662215 -0.19773251]
4383,[ 0.20471698  0.10656699 -0.10263856  0.13410297  0.37192987  0.08685894
 -0.04111892  0.64789591  0.34830942 -0.52987804 -0.04490872 -0.11637622
  0.17886877  0.43346693 -0.32604192  0.23283044 -0.10739787 -0.61993159
  0.10243128  0.1459155  -0.47002598  0.2047846   0.26082991 -0.64608945
 -0.01920738  0.38250471  0.02787044  0.03794867 -0.55195273  0.5356778
  0.552081    0.56396513  0.64312932  0.23324491 -0.16880171  0.57251253
 -0.17495789  0.41598008 -0.61530728  0.11990677  0.34377975 -0.62623554
 -0.00975328 -0.22917562  0.07045192 -0.29746522  0.27789338 -0.48716177
 -0.30116516 -0.82396696 -0.50253409 -0.22662206 -0.19773268]
4384,[ 0.20471758  0.10656724 -0.10264011  0.13410331  0.37193021  0.08685857
 -0.04111837  0.64789533  0.34830882 -0.52987778 -0.04490863 -0.11637557
  0.17886845  0.43346754 -0.32604194  0.23283095 -0.10739755 -0.6199314
  0.10243094  0.14591587 -0.47002603  0.20478428  0.2608298  -0.64608996
 -0.01920791  0.38250445  0.02787138  0.03794836 -0.55195314  0.53567866
  0.55208017  0.56396535  0.6431297   0.23324493 -0.16880139  0.57251262
 -0.17495823  0.41597985 -0.61530713  0.1199064   0.34377983 -0.62623491
 -0.00975401 -0.22917568  0.07045149 -0.29746534  0.27789384 -0.48716074
 -0.30116575 -0.82396688 -0.50253433 -0.22662197 -0.19773285]
4385,[ 0.20471819  0.10656748 -0.10264166  0.13410365  0.37193056  0.0868582
 -0.04111783  0.64789475  0.34830822 -0.52987753 -0.04490854 -0.11637492
  0.17886813  0.43346815 -0.32604196  0.23283146 -0.10739723 -0.6199312
  0.10243059  0.14591623 -0.47002609  0.20478395  0.26082969 -0.64609047
 -0.01920843  0.3825042   0.02787233  0.03794804 -0.55195356  0.53567952
  0.55207935  0.56396557  0.64313008  0.23324494 -0.16880107  0.57251271
 -0.17495858  0.41597962 -0.61530699  0.11990602  0.34377992 -0.62623428
 -0.00975474 -0.22917574  0.07045106 -0.29746547  0.2778943  -0.48715971
 -0.30116634 -0.82396681 -0.50253456 -0.22662188 -0.19773302]
4386,[ 0.20471879  0.10656772 -0.10264321  0.13410398  0.3719309   0.08685783
 -0.04111728  0.64789417  0.34830762 -0.52987728 -0.04490846 -0.11637427
  0.17886781  0.43346876 -0.32604198  0.23283197 -0.10739691 -0.61993101
  0.10243025  0.14591659 -0.47002614  0.20478363  0.26082958 -0.64609098
 -0.01920896  0.38250395  0.02787327  0.03794772 -0.55195398  0.53568037
  0.55207853  0.56396579  0.64313046  0.23324496 -0.16880075  0.5725128
 -0.17495893  0.41597939 -0.61530684  0.11990565  0.34378    -0.62623365
 -0.00975546 -0.2291758   0.07045063 -0.2974656   0.27789476 -0.48715869
 -0.30116692 -0.82396674 -0.5025348  -0.22662179 -0.19773318]
4387,[ 0.2047194   0.10656797 -0.10264476  0.13410431  0.37193125  0.08685746
 -0.04111674  0.64789359  0.34830703 -0.52987703 -0.04490837 -0.11637363
  0.17886749  0.43346937 -0.326042    0.23283248 -0.10739658 -0.61993082
  0.10242991  0.14591696 -0.47002619  0.2047833   0.26082948 -0.64609149
 -0.01920948  0.3825037   0.02787421  0.03794741 -0.55195439  0.53568122
  0.55207771  0.56396602  0.64313084  0.23324497 -0.16880043  0.57251289
 -0.17495928  0.41597916 -0.61530669  0.11990528  0.34378009 -0.62623302
 -0.00975619 -0.22917587  0.0704502  -0.29746572  0.27789522 -0.48715766
 -0.30116751 -0.82396667 -0.50253504 -0.2266217  -0.19773335]
4388,[ 0.20472     0.10656821 -0.10264631  0.13410465  0.37193159  0.08685709
 -0.0411162   0.64789301  0.34830643 -0.52987678 -0.04490828 -0.11637298
  0.17886717  0.43346998 -0.32604202  0.23283299 -0.10739626 -0.61993063
  0.10242957  0.14591732 -0.47002624  0.20478298  0.26082937 -0.646092
 -0.01921     0.38250344  0.02787515  0.0379471  -0.55195481  0.53568208
  0.55207689  0.56396624  0.64313121  0.23324499 -0.16880011  0.57251298
 -0.17495962  0.41597893 -0.61530655  0.11990491  0.34378017 -0.62623239
 -0.00975692 -0.22917593  0.07044977 -0.29746585  0.27789567 -0.48715664
 -0.30116809 -0.8239666  -0.50253528 -0.22662161 -0.19773352]
4389,[ 0.2047206   0.10656845 -0.10264785  0.13410498  0.37193194  0.08685672
 -0.04111566  0.64789244  0.34830583 -0.52987653 -0.04490819 -0.11637233
  0.17886685  0.43347059 -0.32604204  0.23283349 -0.10739594 -0.61993043
  0.10242922  0.14591768 -0.4700263   0.20478266  0.26082926 -0.64609251
 -0.01921053  0.38250319  0.02787609  0.03794678 -0.55195522  0.53568293
  0.55207607  0.56396646  0.64313159  0.233245   -0.16879979  0.57251307
 -0.17495997  0.4159787  -0.6153064   0.11990453  0.34378025 -0.62623176
 -0.00975764 -0.22917599  0.07044934 -0.29746598  0.27789613 -0.48715562
 -0.30116868 -0.82396653 -0.50253552 -0.22662153 -0.19773369]
4390,[ 0.2047212   0.10656869 -0.10264939  0.13410531  0.37193228  0.08685635
 -0.04111512  0.64789186  0.34830524 -0.52987628 -0.04490811 -0.11637168
  0.17886653  0.43347119 -0.32604206  0.232834   -0.10739562 -0.61993024
  0.10242888  0.14591804 -0.47002635  0.20478233  0.26082915 -0.64609302
 -0.01921105  0.38250294  0.02787703  0.03794647 -0.55195564  0.53568378
  0.55207525  0.56396668  0.64313197  0.23324502 -0.16879948  0.57251315
 -0.17496031  0.41597847 -0.61530626  0.11990416  0.34378034 -0.62623113
 -0.00975836 -0.22917605  0.07044892 -0.2974661   0.27789659 -0.4871546
 -0.30116926 -0.82396646 -0.50253575 -0.22662144 -0.19773385]
4391,[ 0.2047218   0.10656893 -0.10265093  0.13410565  0.37193262  0.08685598
 -0.04111458  0.64789129  0.34830464 -0.52987603 -0.04490802 -0.11637104
  0.17886621  0.4334718  -0.32604207  0.23283451 -0.1073953  -0.61993005
  0.10242854  0.1459184  -0.4700264   0.20478201  0.26082904 -0.64609352
 -0.01921157  0.38250269  0.02787796  0.03794615 -0.55195605  0.53568463
  0.55207443  0.5639669   0.64313234  0.23324504 -0.16879916  0.57251324
 -0.17496066  0.41597824 -0.61530611  0.11990379  0.34378042 -0.6262305
 -0.00975909 -0.22917611  0.07044849 -0.29746623  0.27789705 -0.48715358
 -0.30116984 -0.82396639 -0.50253599 -0.22662135 -0.19773402]
4392,[ 0.2047224   0.10656918 -0.10265247  0.13410598  0.37193297  0.08685561
 -0.04111404  0.64789071  0.34830405 -0.52987578 -0.04490793 -0.11637039
  0.1788659   0.43347241 -0.32604209  0.23283501 -0.10739498 -0.61992986
  0.1024282   0.14591876 -0.47002645  0.20478169  0.26082893 -0.64609403
 -0.01921209  0.38250244  0.0278789   0.03794584 -0.55195646  0.53568548
  0.55207362  0.56396712  0.64313272  0.23324505 -0.16879884  0.57251333
 -0.174961    0.41597801 -0.61530597  0.11990342  0.3437805  -0.62622988
 -0.00975981 -0.22917617  0.07044806 -0.29746635  0.2778975  -0.48715256
 -0.30117043 -0.82396632 -0.50253623 -0.22662126 -0.19773419]
4393,[ 0.204723    0.10656942 -0.10265401  0.13410631  0.37193331  0.08685525
 -0.0411135   0.64789014  0.34830346 -0.52987553 -0.04490785 -0.11636975
  0.17886558  0.43347301 -0.32604211  0.23283552 -0.10739466 -0.61992967
  0.10242786  0.14591912 -0.47002651  0.20478137  0.26082882 -0.64609454
 -0.01921261  0.38250219  0.02787983  0.03794553 -0.55195688  0.53568632
  0.5520728   0.56396734  0.64313309  0.23324507 -0.16879853  0.57251342
 -0.17496135  0.41597778 -0.61530582  0.11990305  0.34378059 -0.62622925
 -0.00976053 -0.22917623  0.07044764 -0.29746648  0.27789796 -0.48715155
 -0.30117101 -0.82396625 -0.50253646 -0.22662117 -0.19773435]
4394,[ 0.2047236   0.10656966 -0.10265554  0.13410664  0.37193365  0.08685488
 -0.04111296  0.64788956  0.34830287 -0.52987528 -0.04490776 -0.11636911
  0.17886526  0.43347362 -0.32604213  0.23283602 -0.10739434 -0.61992947
  0.10242752  0.14591948 -0.47002656  0.20478105  0.26082872 -0.64609504
 -0.01921313  0.38250194  0.02788077  0.03794522 -0.55195729  0.53568717
  0.55207199  0.56396756  0.64313347  0.23324508 -0.16879821  0.57251351
 -0.17496169  0.41597756 -0.61530568  0.11990268  0.34378067 -0.62622863
 -0.00976125 -0.2291763   0.07044721 -0.29746661  0.27789841 -0.48715053
 -0.30117159 -0.82396618 -0.5025367  -0.22662108 -0.19773452]
4395,[ 0.2047242   0.1065699  -0.10265708  0.13410697  0.371934    0.08685451
 -0.04111242  0.64788899  0.34830227 -0.52987503 -0.04490767 -0.11636846
  0.17886494  0.43347422 -0.32604215  0.23283652 -0.10739402 -0.61992928
  0.10242718  0.14591984 -0.47002661  0.20478073  0.26082861 -0.64609555
 -0.01921365  0.38250169  0.0278817   0.03794491 -0.5519577   0.53568802
  0.55207117  0.56396778  0.64313384  0.2332451  -0.16879789  0.5725136
 -0.17496204  0.41597733 -0.61530553  0.11990231  0.34378075 -0.626228
 -0.00976197 -0.22917636  0.07044679 -0.29746673  0.27789887 -0.48714952
 -0.30117217 -0.82396611 -0.50253693 -0.226621   -0.19773468]
4396,[ 0.2047248   0.10657014 -0.10265861  0.13410731  0.37193434  0.08685415
 -0.04111189  0.64788842  0.34830168 -0.52987478 -0.04490759 -0.11636782
  0.17886463  0.43347482 -0.32604217  0.23283703 -0.1073937  -0.61992909
  0.10242684  0.1459202  -0.47002666  0.20478041  0.2608285  -0.64609605
 -0.01921417  0.38250144  0.02788263  0.03794459 -0.55195811  0.53568886
  0.55207036  0.563968    0.64313422  0.23324511 -0.16879758  0.57251369
 -0.17496238  0.4159771  -0.61530539  0.11990194  0.34378083 -0.62622738
 -0.00976269 -0.22917642  0.07044636 -0.29746686  0.27789932 -0.4871485
 -0.30117275 -0.82396604 -0.50253717 -0.22662091 -0.19773485]
4397,[ 0.2047254   0.10657038 -0.10266014  0.13410764  0.37193468  0.08685378
 -0.04111135  0.64788785  0.34830109 -0.52987453 -0.0449075  -0.11636718
  0.17886431  0.43347543 -0.32604219  0.23283753 -0.10739338 -0.6199289
  0.1024265   0.14592056 -0.47002672  0.20478009  0.26082839 -0.64609656
 -0.01921469  0.38250119  0.02788356  0.03794428 -0.55195852  0.53568971
  0.55206955  0.56396822  0.64313459  0.23324513 -0.16879726  0.57251378
 -0.17496272  0.41597687 -0.61530524  0.11990157  0.34378092 -0.62622675
 -0.0097634  -0.22917648  0.07044594 -0.29746698  0.27789978 -0.48714749
 -0.30117333 -0.82396597 -0.5025374  -0.22662082 -0.19773501]
4398,[ 0.20472599  0.10657062 -0.10266167  0.13410797  0.37193502  0.08685342
 -0.04111082  0.64788727  0.3483005  -0.52987428 -0.04490741 -0.11636654
  0.17886399  0.43347603 -0.3260422   0.23283803 -0.10739307 -0.61992871
  0.10242616  0.14592092 -0.47002677  0.20477977  0.26082828 -0.64609706
 -0.01921521  0.38250094  0.02788449  0.03794397 -0.55195893  0.53569055
  0.55206874  0.56396844  0.64313496  0.23324514 -0.16879695  0.57251386
 -0.17496307  0.41597665 -0.6153051   0.1199012   0.343781   -0.62622613
 -0.00976412 -0.22917654  0.07044551 -0.29746711  0.27790023 -0.48714648
 -0.3011739  -0.8239659  -0.50253764 -0.22662073 -0.19773518]
4399,[ 0.20472659  0.10657086 -0.1026632   0.1341083   0.37193536  0.08685305
 -0.04111028  0.6478867   0.34829991 -0.52987403 -0.04490733 -0.1163659
  0.17886368  0.43347663 -0.32604222  0.23283853 -0.10739275 -0.61992852
  0.10242583  0.14592127 -0.47002682  0.20477945  0.26082818 -0.64609756
 -0.01921572  0.38250069  0.02788542  0.03794366 -0.55195934  0.53569139
  0.55206793  0.56396866  0.64313533  0.23324516 -0.16879663  0.57251395
 -0.17496341  0.41597642 -0.61530496  0.11990083  0.34378108 -0.62622551
 -0.00976484 -0.2291766   0.07044509 -0.29746723  0.27790068 -0.48714547
 -0.30117448 -0.82396583 -0.50253787 -0.22662065 -0.19773535]
4400,[ 0.20472718  0.1065711  -0.10266472  0.13410863  0.3719357   0.08685269
 -0.04110975  0.64788613  0.34829932 -0.52987379 -0.04490724 -0.11636526
  0.17886336  0.43347723 -0.32604224  0.23283903 -0.10739243 -0.61992833
  0.10242549  0.14592163 -0.47002687  0.20477913  0.26082807 -0.64609806
 -0.01921624  0.38250044  0.02788635  0.03794335 -0.55195975  0.53569223
  0.55206712  0.56396888  0.64313571  0.23324517 -0.16879632  0.57251404
 -0.17496375  0.41597619 -0.61530481  0.11990046  0.34378116 -0.62622489
 -0.00976555 -0.22917666  0.07044467 -0.29746736  0.27790113 -0.48714446
 -0.30117506 -0.82396576 -0.50253811 -0.22662056 -0.19773551]
4401,[ 0.20472778  0.10657134 -0.10266624  0.13410895  0.37193604  0.08685232
 -0.04110921  0.64788557  0.34829874 -0.52987354 -0.04490715 -0.11636462
  0.17886305  0.43347783 -0.32604226  0.23283953 -0.10739211 -0.61992814
  0.10242515  0.14592199 -0.47002692  0.20477881  0.26082796 -0.64609857
 -0.01921676  0.38250019  0.02788728  0.03794304 -0.55196016  0.53569307
  0.55206631  0.5639691   0.64313608  0.23324519 -0.16879601  0.57251413
 -0.17496409  0.41597597 -0.61530467  0.1199001   0.34378125 -0.62622427
 -0.00976627 -0.22917672  0.07044425 -0.29746748  0.27790158 -0.48714345
 -0.30117563 -0.82396569 -0.50253834 -0.22662047 -0.19773568]
4402,[ 0.20472837  0.10657158 -0.10266777  0.13410928  0.37193638  0.08685196
 -0.04110868  0.647885    0.34829815 -0.52987329 -0.04490707 -0.11636398
  0.17886273  0.43347843 -0.32604228  0.23284003 -0.1073918  -0.61992795
  0.10242481  0.14592234 -0.47002698  0.20477849  0.26082785 -0.64609907
 -0.01921727  0.38249995  0.0278882   0.03794273 -0.55196057  0.53569391
  0.5520655   0.56396932  0.64313645  0.23324521 -0.16879569  0.57251422
 -0.17496443  0.41597574 -0.61530452  0.11989973  0.34378133 -0.62622365
 -0.00976698 -0.22917679  0.07044383 -0.2974676   0.27790204 -0.48714245
 -0.30117621 -0.82396562 -0.50253857 -0.22662038 -0.19773584]
4403,[ 0.20472897  0.10657182 -0.10266929  0.13410961  0.37193672  0.08685159
 -0.04110815  0.64788443  0.34829756 -0.52987304 -0.04490698 -0.11636335
  0.17886242  0.43347903 -0.3260423   0.23284053 -0.10739148 -0.61992776
  0.10242448  0.1459227  -0.47002703  0.20477817  0.26082775 -0.64609957
 -0.01921779  0.3824997   0.02788913  0.03794242 -0.55196098  0.53569475
  0.55206469  0.56396953  0.64313682  0.23324522 -0.16879538  0.5725143
 -0.17496478  0.41597552 -0.61530438  0.11989936  0.34378141 -0.62622303
 -0.00976769 -0.22917685  0.0704434  -0.29746773  0.27790249 -0.48714144
 -0.30117678 -0.82396555 -0.50253881 -0.2266203  -0.197736  ]
4404,[ 0.20472956  0.10657205 -0.1026708   0.13410994  0.37193706  0.08685123
 -0.04110761  0.64788386  0.34829698 -0.5298728  -0.0449069  -0.11636271
  0.17886211  0.43347963 -0.32604231  0.23284103 -0.10739116 -0.61992757
  0.10242414  0.14592306 -0.47002708  0.20477786  0.26082764 -0.64610007
 -0.0192183   0.38249945  0.02789005  0.03794211 -0.55196139  0.53569559
  0.55206389  0.56396975  0.64313719  0.23324524 -0.16879507  0.57251439
 -0.17496512  0.41597529 -0.61530424  0.119899    0.34378149 -0.62622241
 -0.0097684  -0.22917691  0.07044298 -0.29746785  0.27790294 -0.48714044
 -0.30117736 -0.82396548 -0.50253904 -0.22662021 -0.19773617]
4405,[ 0.20473015  0.10657229 -0.10267232  0.13411027  0.37193739  0.08685087
 -0.04110708  0.64788329  0.34829639 -0.52987255 -0.04490681 -0.11636207
  0.17886179  0.43348022 -0.32604233  0.23284153 -0.10739085 -0.61992738
  0.10242381  0.14592341 -0.47002713  0.20477754  0.26082753 -0.64610057
 -0.01921882  0.3824992   0.02789097  0.03794181 -0.5519618   0.53569642
  0.55206308  0.56396997  0.64313756  0.23324525 -0.16879476  0.57251448
 -0.17496546  0.41597507 -0.61530409  0.11989863  0.34378158 -0.6262218
 -0.00976912 -0.22917697  0.07044256 -0.29746798  0.27790339 -0.48713943
 -0.30117793 -0.82396541 -0.50253927 -0.22662012 -0.19773633]
4406,[ 0.20473074  0.10657253 -0.10267384  0.13411059  0.37193773  0.08685051
 -0.04110655  0.64788273  0.34829581 -0.5298723  -0.04490672 -0.11636144
  0.17886148  0.43348082 -0.32604235  0.23284203 -0.10739053 -0.61992719
  0.10242347  0.14592377 -0.47002718  0.20477722  0.26082743 -0.64610106
 -0.01921933  0.38249896  0.02789189  0.0379415  -0.5519622   0.53569726
  0.55206228  0.56397019  0.64313793  0.23324527 -0.16879444  0.57251457
 -0.1749658   0.41597484 -0.61530395  0.11989827  0.34378166 -0.62622118
 -0.00976983 -0.22917703  0.07044214 -0.2974681   0.27790383 -0.48713843
 -0.3011785  -0.82396534 -0.50253951 -0.22662004 -0.1977365 ]
4407,[ 0.20473133  0.10657277 -0.10267535  0.13411092  0.37193807  0.08685014
 -0.04110602  0.64788216  0.34829522 -0.52987206 -0.04490664 -0.1163608
  0.17886117  0.43348142 -0.32604237  0.23284253 -0.10739022 -0.619927
  0.10242314  0.14592412 -0.47002724  0.20477691  0.26082732 -0.64610156
 -0.01921984  0.38249871  0.02789281  0.03794119 -0.55196261  0.53569809
  0.55206148  0.5639704   0.6431383   0.23324528 -0.16879413  0.57251466
 -0.17496613  0.41597462 -0.61530381  0.1198979   0.34378174 -0.62622056
 -0.00977054 -0.22917709  0.07044172 -0.29746823  0.27790428 -0.48713743
 -0.30117908 -0.82396527 -0.50253974 -0.22661995 -0.19773666]
4408,[ 0.20473192  0.10657301 -0.10267686  0.13411125  0.37193841  0.08684978
 -0.04110549  0.6478816   0.34829464 -0.52987181 -0.04490655 -0.11636017
  0.17886085  0.43348201 -0.32604239  0.23284302 -0.1073899  -0.61992682
  0.1024228   0.14592448 -0.47002729  0.20477659  0.26082721 -0.64610206
 -0.01922035  0.38249846  0.02789373  0.03794088 -0.55196301  0.53569893
  0.55206067  0.56397062  0.64313867  0.2332453  -0.16879382  0.57251474
 -0.17496647  0.41597439 -0.61530367  0.11989754  0.34378182 -0.62621995
 -0.00977124 -0.22917715  0.07044131 -0.29746835  0.27790473 -0.48713643
 -0.30117965 -0.8239652  -0.50253997 -0.22661986 -0.19773682]
4409,[ 0.20473251  0.10657324 -0.10267837  0.13411157  0.37193874  0.08684942
 -0.04110496  0.64788103  0.34829406 -0.52987157 -0.04490647 -0.11635954
  0.17886054  0.43348261 -0.32604241  0.23284352 -0.10738959 -0.61992663
  0.10242247  0.14592483 -0.47002734  0.20477627  0.26082711 -0.64610256
 -0.01922086  0.38249822  0.02789465  0.03794058 -0.55196342  0.53569976
  0.55205987  0.56397084  0.64313904  0.23324531 -0.16879351  0.57251483
 -0.17496681  0.41597417 -0.61530352  0.11989717  0.3437819  -0.62621933
 -0.00977195 -0.22917721  0.07044089 -0.29746847  0.27790518 -0.48713543
 -0.30118022 -0.82396513 -0.5025402  -0.22661978 -0.19773699]
4410,[ 0.2047331   0.10657348 -0.10267988  0.1341119   0.37193908  0.08684906
 -0.04110443  0.64788047  0.34829348 -0.52987132 -0.04490638 -0.11635891
  0.17886023  0.4334832  -0.32604242  0.23284401 -0.10738928 -0.61992644
  0.10242213  0.14592518 -0.47002739  0.20477596  0.260827   -0.64610305
 -0.01922137  0.38249797  0.02789557  0.03794027 -0.55196383  0.53570059
  0.55205907  0.56397105  0.6431394   0.23324533 -0.1687932   0.57251492
 -0.17496715  0.41597394 -0.61530338  0.11989681  0.34378198 -0.62621872
 -0.00977266 -0.22917727  0.07044047 -0.2974686   0.27790563 -0.48713443
 -0.30118079 -0.82396506 -0.50254043 -0.22661969 -0.19773715]
4411,[ 0.20473369  0.10657372 -0.10268138  0.13411222  0.37193942  0.0868487
 -0.04110391  0.64787991  0.3482929  -0.52987108 -0.0449063  -0.11635827
  0.17885992  0.43348379 -0.32604244  0.23284451 -0.10738896 -0.61992625
  0.1024218   0.14592553 -0.47002744  0.20477564  0.26082689 -0.64610355
 -0.01922188  0.38249773  0.02789648  0.03793996 -0.55196423  0.53570142
  0.55205827  0.56397127  0.64313977  0.23324534 -0.16879289  0.572515
 -0.17496749  0.41597372 -0.61530324  0.11989645  0.34378207 -0.62621811
 -0.00977337 -0.22917733  0.07044005 -0.29746872  0.27790607 -0.48713344
 -0.30118136 -0.82396499 -0.50254067 -0.2266196  -0.19773731]
4412,[ 0.20473427  0.10657395 -0.10268289  0.13411255  0.37193975  0.08684834
 -0.04110338  0.64787935  0.34829231 -0.52987083 -0.04490621 -0.11635764
  0.17885961  0.43348439 -0.32604246  0.232845   -0.10738865 -0.61992606
  0.10242147  0.14592589 -0.47002749  0.20477533  0.26082679 -0.64610405
 -0.01922239  0.38249748  0.0278974   0.03793966 -0.55196463  0.53570225
  0.55205748  0.56397148  0.64314014  0.23324536 -0.16879258  0.57251509
 -0.17496783  0.4159735  -0.6153031   0.11989608  0.34378215 -0.62621749
 -0.00977407 -0.22917739  0.07043963 -0.29746884  0.27790652 -0.48713244
 -0.30118193 -0.82396492 -0.5025409  -0.22661952 -0.19773748]
4413,[ 0.20473486  0.10657419 -0.10268439  0.13411287  0.37194009  0.08684798
 -0.04110285  0.64787878  0.34829173 -0.52987059 -0.04490613 -0.11635701
  0.1788593   0.43348498 -0.32604248  0.2328455  -0.10738834 -0.61992588
  0.10242113  0.14592624 -0.47002754  0.20477501  0.26082668 -0.64610454
 -0.0192229   0.38249724  0.02789831  0.03793935 -0.55196504  0.53570308
  0.55205668  0.5639717   0.6431405   0.23324537 -0.16879227  0.57251518
 -0.17496816  0.41597327 -0.61530296  0.11989572  0.34378223 -0.62621688
 -0.00977478 -0.22917745  0.07043922 -0.29746896  0.27790696 -0.48713145
 -0.3011825  -0.82396485 -0.50254113 -0.22661943 -0.19773764]
4414,[ 0.20473545  0.10657442 -0.10268589  0.1341132   0.37194042  0.08684762
 -0.04110233  0.64787822  0.34829116 -0.52987034 -0.04490604 -0.11635638
  0.17885899  0.43348557 -0.3260425   0.23284599 -0.10738802 -0.61992569
  0.1024208   0.14592659 -0.4700276   0.2047747   0.26082658 -0.64610503
 -0.01922341  0.38249699  0.02789923  0.03793905 -0.55196544  0.53570391
  0.55205588  0.56397191  0.64314087  0.23324539 -0.16879196  0.57251527
 -0.1749685   0.41597305 -0.61530281  0.11989536  0.34378231 -0.62621627
 -0.00977548 -0.22917751  0.0704388  -0.29746909  0.27790741 -0.48713045
 -0.30118306 -0.82396479 -0.50254136 -0.22661935 -0.1977378 ]
4415,[ 0.20473603  0.10657466 -0.10268739  0.13411352  0.37194076  0.08684727
 -0.0411018   0.64787766  0.34829058 -0.5298701  -0.04490596 -0.11635576
  0.17885868  0.43348616 -0.32604252  0.23284648 -0.10738771 -0.6199255
  0.10242047  0.14592694 -0.47002765  0.20477439  0.26082647 -0.64610553
 -0.01922392  0.38249675  0.02790014  0.03793874 -0.55196584  0.53570474
  0.55205509  0.56397213  0.64314124  0.2332454  -0.16879165  0.57251535
 -0.17496884  0.41597283 -0.61530267  0.119895    0.34378239 -0.62621566
 -0.00977618 -0.22917757  0.07043839 -0.29746921  0.27790785 -0.48712946
 -0.30118363 -0.82396472 -0.50254159 -0.22661926 -0.19773796]
4416,[ 0.20473662  0.10657489 -0.10268889  0.13411385  0.37194109  0.08684691
 -0.04110128  0.6478771   0.34829    -0.52986986 -0.04490587 -0.11635513
  0.17885837  0.43348675 -0.32604253  0.23284697 -0.1073874  -0.61992532
  0.10242014  0.14592729 -0.4700277   0.20477407  0.26082636 -0.64610602
 -0.01922443  0.3824965   0.02790105  0.03793844 -0.55196625  0.53570556
  0.55205429  0.56397234  0.6431416   0.23324542 -0.16879135  0.57251544
 -0.17496917  0.41597261 -0.61530253  0.11989464  0.34378247 -0.62621505
 -0.00977689 -0.22917763  0.07043797 -0.29746933  0.2779083  -0.48712847
 -0.3011842  -0.82396465 -0.50254182 -0.22661917 -0.19773813]
4417,[ 0.2047372   0.10657513 -0.10269039  0.13411417  0.37194142  0.08684655
 -0.04110075  0.64787654  0.34828942 -0.52986961 -0.04490579 -0.1163545
  0.17885806  0.43348734 -0.32604255  0.23284746 -0.10738709 -0.61992513
  0.10241981  0.14592764 -0.47002775  0.20477376  0.26082626 -0.64610651
 -0.01922493  0.38249626  0.02790196  0.03793813 -0.55196665  0.53570639
  0.5520535   0.56397256  0.64314197  0.23324543 -0.16879104  0.57251553
 -0.17496951  0.41597238 -0.61530239  0.11989428  0.34378255 -0.62621444
 -0.00977759 -0.22917769  0.07043756 -0.29746945  0.27790874 -0.48712748
 -0.30118476 -0.82396458 -0.50254205 -0.22661909 -0.19773829]
4418,[ 0.20473778  0.10657536 -0.10269188  0.13411449  0.37194176  0.08684619
 -0.04110023  0.64787599  0.34828884 -0.52986937 -0.0449057  -0.11635387
  0.17885775  0.43348793 -0.32604257  0.23284795 -0.10738678 -0.61992494
  0.10241948  0.14592799 -0.4700278   0.20477345  0.26082615 -0.64610701
 -0.01922544  0.38249602  0.02790287  0.03793783 -0.55196705  0.53570721
  0.5520527   0.56397277  0.64314233  0.23324545 -0.16879073  0.57251561
 -0.17496984  0.41597216 -0.61530225  0.11989392  0.34378263 -0.62621383
 -0.00977829 -0.22917775  0.07043714 -0.29746958  0.27790918 -0.48712649
 -0.30118533 -0.82396451 -0.50254228 -0.226619   -0.19773845]
4419,[ 0.20473837  0.1065756  -0.10269337  0.13411481  0.37194209  0.08684584
 -0.0410997   0.64787543  0.34828827 -0.52986913 -0.04490562 -0.11635325
  0.17885744  0.43348852 -0.32604259  0.23284845 -0.10738647 -0.61992476
  0.10241914  0.14592834 -0.47002785  0.20477313  0.26082605 -0.6461075
 -0.01922595  0.38249577  0.02790378  0.03793753 -0.55196745  0.53570804
  0.55205191  0.56397299  0.6431427   0.23324546 -0.16879042  0.5725157
 -0.17497018  0.41597194 -0.61530211  0.11989356  0.34378271 -0.62621323
 -0.00977899 -0.22917781  0.07043673 -0.2974697   0.27790963 -0.4871255
 -0.30118589 -0.82396444 -0.50254251 -0.22661892 -0.19773861]
4420,[ 0.20473895  0.10657583 -0.10269486  0.13411514  0.37194242  0.08684548
 -0.04109918  0.64787487  0.34828769 -0.52986889 -0.04490553 -0.11635262
  0.17885713  0.4334891  -0.32604261  0.23284894 -0.10738616 -0.61992457
  0.10241881  0.14592869 -0.4700279   0.20477282  0.26082594 -0.64610799
 -0.01922645  0.38249553  0.02790468  0.03793722 -0.55196785  0.53570886
  0.55205112  0.5639732   0.64314306  0.23324548 -0.16879012  0.57251578
 -0.17497051  0.41597172 -0.61530197  0.1198932   0.34378279 -0.62621262
 -0.00977969 -0.22917787  0.07043632 -0.29746982  0.27791007 -0.48712452
 -0.30118646 -0.82396437 -0.50254274 -0.22661883 -0.19773877]
4421,[ 0.20473953  0.10657607 -0.10269635  0.13411546  0.37194275  0.08684512
 -0.04109866  0.64787432  0.34828712 -0.52986864 -0.04490545 -0.116352
  0.17885682  0.43348969 -0.32604262  0.23284942 -0.10738585 -0.61992438
  0.10241848  0.14592904 -0.47002795  0.20477251  0.26082584 -0.64610848
 -0.01922695  0.38249529  0.02790559  0.03793692 -0.55196825  0.53570968
  0.55205033  0.56397341  0.64314342  0.2332455  -0.16878981  0.57251587
 -0.17497084  0.4159715  -0.61530183  0.11989284  0.34378288 -0.62621201
 -0.00978039 -0.22917793  0.0704359  -0.29746994  0.27791051 -0.48712353
 -0.30118702 -0.82396431 -0.50254297 -0.22661875 -0.19773893]
4422,[ 0.20474011  0.1065763  -0.10269784  0.13411578  0.37194309  0.08684477
 -0.04109814  0.64787376  0.34828654 -0.5298684  -0.04490537 -0.11635138
  0.17885652  0.43349027 -0.32604264  0.23284991 -0.10738554 -0.6199242
  0.10241816  0.14592939 -0.470028    0.2047722   0.26082573 -0.64610897
 -0.01922746  0.38249504  0.02790649  0.03793662 -0.55196865  0.5357105
  0.55204954  0.56397363  0.64314379  0.23324551 -0.1687895   0.57251596
 -0.17497118  0.41597128 -0.61530169  0.11989248  0.34378296 -0.62621141
 -0.00978108 -0.22917799  0.07043549 -0.29747006  0.27791095 -0.48712255
 -0.30118758 -0.82396424 -0.50254319 -0.22661866 -0.19773909]
4423,[ 0.20474069  0.10657653 -0.10269933  0.1341161   0.37194342  0.08684441
 -0.04109762  0.6478732   0.34828597 -0.52986816 -0.04490528 -0.11635075
  0.17885621  0.43349086 -0.32604266  0.2328504  -0.10738523 -0.61992401
  0.10241783  0.14592974 -0.47002805  0.20477189  0.26082563 -0.64610946
 -0.01922796  0.3824948   0.0279074   0.03793631 -0.55196905  0.53571132
  0.55204875  0.56397384  0.64314415  0.23324553 -0.1687892   0.57251604
 -0.17497151  0.41597106 -0.61530155  0.11989212  0.34378304 -0.6262108
 -0.00978178 -0.22917805  0.07043508 -0.29747019  0.27791139 -0.48712157
 -0.30118814 -0.82396417 -0.50254342 -0.22661858 -0.19773925]
4424,[ 0.20474127  0.10657677 -0.10270081  0.13411642  0.37194375  0.08684406
 -0.0410971   0.64787265  0.3482854  -0.52986792 -0.0449052  -0.11635013
  0.1788559   0.43349144 -0.32604268  0.23285089 -0.10738492 -0.61992383
  0.1024175   0.14593009 -0.4700281   0.20477158  0.26082552 -0.64610995
 -0.01922846  0.38249456  0.0279083   0.03793601 -0.55196945  0.53571214
  0.55204796  0.56397405  0.64314451  0.23324554 -0.16878889  0.57251613
 -0.17497184  0.41597084 -0.61530141  0.11989176  0.34378312 -0.6262102
 -0.00978248 -0.22917811  0.07043467 -0.29747031  0.27791183 -0.48712058
 -0.30118871 -0.8239641  -0.50254365 -0.22661849 -0.19773942]
4425,[ 0.20474185  0.106577   -0.10270229  0.13411674  0.37194408  0.0868437
 -0.04109658  0.6478721   0.34828483 -0.52986768 -0.04490511 -0.11634951
  0.1788556   0.43349203 -0.3260427   0.23285138 -0.10738461 -0.61992364
  0.10241717  0.14593043 -0.47002816  0.20477127  0.26082542 -0.64611044
 -0.01922897  0.38249432  0.0279092   0.03793571 -0.55196985  0.53571296
  0.55204718  0.56397427  0.64314487  0.23324556 -0.16878859  0.57251621
 -0.17497218  0.41597062 -0.61530127  0.1198914   0.3437832  -0.62620959
 -0.00978317 -0.22917817  0.07043426 -0.29747043  0.27791227 -0.4871196
 -0.30118927 -0.82396403 -0.50254388 -0.22661841 -0.19773958]
4426,[ 0.20474243  0.10657723 -0.10270378  0.13411706  0.37194441  0.08684335
 -0.04109606  0.64787154  0.34828426 -0.52986744 -0.04490503 -0.11634889
  0.17885529  0.43349261 -0.32604271  0.23285186 -0.1073843  -0.61992346
  0.10241684  0.14593078 -0.47002821  0.20477096  0.26082531 -0.64611092
 -0.01922947  0.38249408  0.0279101   0.03793541 -0.55197024  0.53571377
  0.55204639  0.56397448  0.64314523  0.23324557 -0.16878828  0.5725163
 -0.17497251  0.4159704  -0.61530113  0.11989105  0.34378328 -0.62620899
 -0.00978387 -0.22917822  0.07043385 -0.29747055  0.27791271 -0.48711862
 -0.30118983 -0.82396397 -0.50254411 -0.22661832 -0.19773974]
4427,[ 0.204743    0.10657746 -0.10270525  0.13411738  0.37194474  0.08684299
 -0.04109554  0.64787099  0.34828368 -0.5298672  -0.04490495 -0.11634827
  0.17885498  0.43349319 -0.32604273  0.23285235 -0.10738399 -0.61992327
  0.10241651  0.14593113 -0.47002826  0.20477065  0.26082521 -0.64611141
 -0.01922997  0.38249384  0.027911    0.03793511 -0.55197064  0.53571459
  0.55204561  0.56397469  0.64314559  0.23324559 -0.16878798  0.57251639
 -0.17497284  0.41597018 -0.61530099  0.11989069  0.34378336 -0.62620839
 -0.00978456 -0.22917828  0.07043344 -0.29747067  0.27791315 -0.48711764
 -0.30119039 -0.8239639  -0.50254433 -0.22661824 -0.1977399 ]
4428,[ 0.20474358  0.1065777  -0.10270673  0.1341177   0.37194507  0.08684264
 -0.04109502  0.64787044  0.34828311 -0.52986696 -0.04490486 -0.11634765
  0.17885468  0.43349378 -0.32604275  0.23285283 -0.10738369 -0.61992309
  0.10241619  0.14593147 -0.47002831  0.20477034  0.26082511 -0.6461119
 -0.01923047  0.38249359  0.0279119   0.03793481 -0.55197104  0.5357154
  0.55204482  0.5639749   0.64314595  0.2332456  -0.16878767  0.57251647
 -0.17497317  0.41596996 -0.61530085  0.11989033  0.34378344 -0.62620779
 -0.00978525 -0.22917834  0.07043303 -0.29747079  0.27791359 -0.48711667
 -0.30119094 -0.82396383 -0.50254456 -0.22661815 -0.19774006]
4429,[ 0.20474415  0.10657793 -0.10270821  0.13411802  0.3719454   0.08684229
 -0.04109451  0.64786989  0.34828254 -0.52986672 -0.04490478 -0.11634703
  0.17885437  0.43349436 -0.32604277  0.23285332 -0.10738338 -0.61992291
  0.10241586  0.14593182 -0.47002836  0.20477003  0.260825   -0.64611238
 -0.01923097  0.38249335  0.0279128   0.03793451 -0.55197144  0.53571622
  0.55204404  0.56397511  0.64314631  0.23324562 -0.16878737  0.57251656
 -0.1749735   0.41596974 -0.61530071  0.11988998  0.34378352 -0.62620719
 -0.00978595 -0.2291784   0.07043262 -0.29747091  0.27791402 -0.48711569
 -0.3011915  -0.82396376 -0.50254479 -0.22661807 -0.19774022]
4430,[ 0.20474473  0.10657816 -0.10270968  0.13411834  0.37194573  0.08684194
 -0.04109399  0.64786933  0.34828198 -0.52986648 -0.0449047  -0.11634641
  0.17885407  0.43349494 -0.32604278  0.2328538  -0.10738307 -0.61992272
  0.10241553  0.14593216 -0.47002841  0.20476972  0.2608249  -0.64611287
 -0.01923147  0.38249311  0.0279137   0.03793421 -0.55197183  0.53571703
  0.55204326  0.56397533  0.64314667  0.23324563 -0.16878706  0.57251664
 -0.17497383  0.41596952 -0.61530057  0.11988962  0.3437836  -0.62620659
 -0.00978664 -0.22917846  0.07043221 -0.29747103  0.27791446 -0.48711472
 -0.30119206 -0.82396369 -0.50254501 -0.22661798 -0.19774037]
4431,[ 0.20474531  0.10657839 -0.10271116  0.13411865  0.37194605  0.08684158
 -0.04109347  0.64786878  0.34828141 -0.52986624 -0.04490461 -0.1163458
  0.17885376  0.43349552 -0.3260428   0.23285429 -0.10738277 -0.61992254
  0.10241521  0.14593251 -0.47002846  0.20476942  0.26082479 -0.64611335
 -0.01923197  0.38249287  0.02791459  0.03793391 -0.55197223  0.53571784
  0.55204248  0.56397554  0.64314703  0.23324565 -0.16878676  0.57251673
 -0.17497416  0.4159693  -0.61530043  0.11988927  0.34378368 -0.62620599
 -0.00978733 -0.22917852  0.0704318  -0.29747115  0.2779149  -0.48711374
 -0.30119262 -0.82396363 -0.50254524 -0.2266179  -0.19774053]
4432,[ 0.20474588  0.10657862 -0.10271263  0.13411897  0.37194638  0.08684123
 -0.04109296  0.64786823  0.34828084 -0.529866   -0.04490453 -0.11634518
  0.17885346  0.4334961  -0.32604282  0.23285477 -0.10738246 -0.61992236
  0.10241488  0.14593285 -0.47002851  0.20476911  0.26082469 -0.64611384
 -0.01923247  0.38249263  0.02791549  0.03793361 -0.55197262  0.53571866
  0.55204169  0.56397575  0.64314739  0.23324566 -0.16878646  0.57251681
 -0.17497449  0.41596908 -0.61530029  0.11988891  0.34378376 -0.62620539
 -0.00978802 -0.22917858  0.07043139 -0.29747127  0.27791533 -0.48711277
 -0.30119317 -0.82396356 -0.50254547 -0.22661781 -0.19774069]
4433,[ 0.20474645  0.10657885 -0.1027141   0.13411929  0.37194671  0.08684088
 -0.04109244  0.64786769  0.34828027 -0.52986576 -0.04490445 -0.11634456
  0.17885316  0.43349668 -0.32604284  0.23285525 -0.10738215 -0.61992217
  0.10241456  0.1459332  -0.47002856  0.2047688   0.26082459 -0.64611432
 -0.01923296  0.38249239  0.02791638  0.03793331 -0.55197302  0.53571947
  0.55204091  0.56397596  0.64314775  0.23324567 -0.16878616  0.5725169
 -0.17497482  0.41596886 -0.61530015  0.11988856  0.34378383 -0.62620479
 -0.00978871 -0.22917864  0.07043099 -0.29747139  0.27791577 -0.4871118
 -0.30119373 -0.82396349 -0.50254569 -0.22661773 -0.19774085]
4434,[ 0.20474703  0.10657908 -0.10271556  0.13411961  0.37194704  0.08684053
 -0.04109193  0.64786714  0.34827971 -0.52986552 -0.04490436 -0.11634395
  0.17885285  0.43349725 -0.32604286  0.23285573 -0.10738185 -0.61992199
  0.10241423  0.14593354 -0.47002861  0.20476849  0.26082448 -0.6461148
 -0.01923346  0.38249216  0.02791727  0.03793301 -0.55197341  0.53572028
  0.55204014  0.56397617  0.64314811  0.23324569 -0.16878585  0.57251698
 -0.17497515  0.41596865 -0.61530001  0.1198882   0.34378391 -0.62620419
 -0.0097894  -0.2291787   0.07043058 -0.29747151  0.2779162  -0.48711082
 -0.30119428 -0.82396343 -0.50254592 -0.22661765 -0.19774101]
4435,[ 0.2047476   0.10657931 -0.10271703  0.13411992  0.37194736  0.08684018
 -0.04109141  0.64786659  0.34827914 -0.52986528 -0.04490428 -0.11634333
  0.17885255  0.43349783 -0.32604287  0.23285622 -0.10738154 -0.61992181
  0.10241391  0.14593388 -0.47002866  0.20476819  0.26082438 -0.64611529
 -0.01923396  0.38249192  0.02791816  0.03793272 -0.55197381  0.53572108
  0.55203936  0.56397638  0.64314847  0.2332457  -0.16878555  0.57251707
 -0.17497548  0.41596843 -0.61529988  0.11988785  0.34378399 -0.6262036
 -0.00979008 -0.22917875  0.07043017 -0.29747163  0.27791664 -0.48710985
 -0.30119484 -0.82396336 -0.50254614 -0.22661756 -0.19774117]
4436,[ 0.20474817  0.10657954 -0.10271849  0.13412024  0.37194769  0.08683983
 -0.0410909   0.64786604  0.34827858 -0.52986505 -0.0449042  -0.11634272
  0.17885225  0.43349841 -0.32604289  0.2328567  -0.10738124 -0.61992162
  0.10241358  0.14593423 -0.47002871  0.20476788  0.26082428 -0.64611577
 -0.01923445  0.38249168  0.02791906  0.03793242 -0.5519742   0.53572189
  0.55203858  0.56397659  0.64314882  0.23324572 -0.16878525  0.57251715
 -0.17497581  0.41596821 -0.61529974  0.1198875   0.34378407 -0.626203
 -0.00979077 -0.22917881  0.07042977 -0.29747175  0.27791707 -0.48710889
 -0.30119539 -0.82396329 -0.50254637 -0.22661748 -0.19774133]
4437,[ 0.20474874  0.10657977 -0.10271996  0.13412056  0.37194802  0.08683948
 -0.04109039  0.6478655   0.34827801 -0.52986481 -0.04490411 -0.11634211
  0.17885195  0.43349898 -0.32604291  0.23285718 -0.10738093 -0.61992144
  0.10241326  0.14593457 -0.47002876  0.20476757  0.26082417 -0.64611625
 -0.01923495  0.38249144  0.02791994  0.03793212 -0.55197459  0.5357227
  0.5520378   0.5639768   0.64314918  0.23324573 -0.16878495  0.57251724
 -0.17497614  0.41596799 -0.6152996   0.11988714  0.34378415 -0.6262024
 -0.00979146 -0.22917887  0.07042936 -0.29747187  0.27791751 -0.48710792
 -0.30119595 -0.82396322 -0.50254659 -0.22661739 -0.19774149]
4438,[ 0.20474931  0.10658    -0.10272142  0.13412087  0.37194834  0.08683913
 -0.04108988  0.64786495  0.34827745 -0.52986457 -0.04490403 -0.11634149
  0.17885164  0.43349956 -0.32604293  0.23285766 -0.10738063 -0.61992126
  0.10241294  0.14593491 -0.47002881  0.20476727  0.26082407 -0.64611673
 -0.01923544  0.3824912   0.02792083  0.03793182 -0.55197498  0.5357235
  0.55203703  0.56397701  0.64314954  0.23324575 -0.16878465  0.57251732
 -0.17497647  0.41596778 -0.61529946  0.11988679  0.34378423 -0.62620181
 -0.00979214 -0.22917893  0.07042896 -0.29747199  0.27791794 -0.48710695
 -0.3011965  -0.82396316 -0.50254682 -0.22661731 -0.19774164]
4439,[ 0.20474988  0.10658023 -0.10272288  0.13412119  0.37194867  0.08683878
 -0.04108936  0.6478644   0.34827688 -0.52986433 -0.04490395 -0.11634088
  0.17885134  0.43350014 -0.32604294  0.23285814 -0.10738033 -0.61992108
  0.10241261  0.14593525 -0.47002886  0.20476696  0.26082397 -0.64611721
 -0.01923594  0.38249096  0.02792172  0.03793153 -0.55197538  0.53572431
  0.55203625  0.56397722  0.64314989  0.23324576 -0.16878435  0.5725174
 -0.17497679  0.41596756 -0.61529932  0.11988644  0.34378431 -0.62620122
 -0.00979283 -0.22917899  0.07042855 -0.29747211  0.27791837 -0.48710599
 -0.30119705 -0.82396309 -0.50254704 -0.22661723 -0.1977418 ]
4440,[ 0.20475045  0.10658046 -0.10272434  0.1341215   0.37194899  0.08683843
 -0.04108885  0.64786386  0.34827632 -0.5298641  -0.04490387 -0.11634027
  0.17885104  0.43350071 -0.32604296  0.23285862 -0.10738002 -0.6199209
  0.10241229  0.1459356  -0.47002891  0.20476666  0.26082386 -0.64611769
 -0.01923643  0.38249073  0.02792261  0.03793123 -0.55197577  0.53572511
  0.55203548  0.56397743  0.64315025  0.23324578 -0.16878405  0.57251749
 -0.17497712  0.41596734 -0.61529919  0.11988609  0.34378439 -0.62620062
 -0.00979351 -0.22917905  0.07042815 -0.29747223  0.2779188  -0.48710502
 -0.3011976  -0.82396302 -0.50254726 -0.22661714 -0.19774196]
4441,[ 0.20475102  0.10658069 -0.10272579  0.13412182  0.37194932  0.08683808
 -0.04108834  0.64786332  0.34827576 -0.52986386 -0.04490378 -0.11633966
  0.17885074  0.43350128 -0.32604298  0.23285909 -0.10737972 -0.61992071
  0.10241197  0.14593594 -0.47002896  0.20476635  0.26082376 -0.64611817
 -0.01923693  0.38249049  0.02792349  0.03793093 -0.55197616  0.53572592
  0.55203471  0.56397764  0.6431506   0.23324579 -0.16878375  0.57251757
 -0.17497745  0.41596713 -0.61529905  0.11988574  0.34378447 -0.62620003
 -0.00979419 -0.22917911  0.07042775 -0.29747235  0.27791924 -0.48710406
 -0.30119815 -0.82396296 -0.50254749 -0.22661706 -0.19774212]
4442,[ 0.20475158  0.10658092 -0.10272725  0.13412213  0.37194964  0.08683774
 -0.04108783  0.64786277  0.3482752  -0.52986362 -0.0449037  -0.11633905
  0.17885044  0.43350186 -0.326043    0.23285957 -0.10737942 -0.61992053
  0.10241165  0.14593628 -0.47002901  0.20476605  0.26082366 -0.64611865
 -0.01923742  0.38249025  0.02792438  0.03793064 -0.55197655  0.53572672
  0.55203394  0.56397784  0.64315096  0.23324581 -0.16878345  0.57251766
 -0.17497777  0.41596691 -0.61529891  0.11988539  0.34378455 -0.62619944
 -0.00979487 -0.22917916  0.07042734 -0.29747247  0.27791967 -0.4871031
 -0.3011987  -0.82396289 -0.50254771 -0.22661698 -0.19774228]
4443,[ 0.20475215  0.10658115 -0.1027287   0.13412244  0.37194997  0.08683739
 -0.04108732  0.64786223  0.34827464 -0.52986339 -0.04490362 -0.11633844
  0.17885014  0.43350243 -0.32604301  0.23286005 -0.10737912 -0.61992035
  0.10241132  0.14593662 -0.47002906  0.20476575  0.26082356 -0.64611913
 -0.01923791  0.38249001  0.02792526  0.03793034 -0.55197694  0.53572752
  0.55203317  0.56397805  0.64315131  0.23324582 -0.16878315  0.57251774
 -0.1749781   0.41596669 -0.61529878  0.11988504  0.34378462 -0.62619885
 -0.00979556 -0.22917922  0.07042694 -0.29747259  0.2779201  -0.48710213
 -0.30119925 -0.82396282 -0.50254793 -0.22661689 -0.19774243]
4444,[ 0.20475272  0.10658137 -0.10273015  0.13412276  0.37195029  0.08683704
 -0.04108682  0.64786169  0.34827408 -0.52986315 -0.04490354 -0.11633783
  0.17884984  0.433503   -0.32604303  0.23286053 -0.10737881 -0.61992017
  0.102411    0.14593696 -0.47002911  0.20476544  0.26082345 -0.64611961
 -0.0192384   0.38248978  0.02792614  0.03793005 -0.55197733  0.53572832
  0.5520324   0.56397826  0.64315167  0.23324584 -0.16878285  0.57251783
 -0.17497842  0.41596648 -0.61529864  0.11988469  0.3437847  -0.62619825
 -0.00979624 -0.22917928  0.07042654 -0.29747271  0.27792053 -0.48710117
 -0.3011998  -0.82396276 -0.50254816 -0.22661681 -0.19774259]
4445,[ 0.20475328  0.1065816  -0.1027316   0.13412307  0.37195061  0.0868367
 -0.04108631  0.64786115  0.34827352 -0.52986292 -0.04490346 -0.11633723
  0.17884954  0.43350357 -0.32604305  0.232861   -0.10737851 -0.61991999
  0.10241068  0.1459373  -0.47002916  0.20476514  0.26082335 -0.64612008
 -0.01923889  0.38248954  0.02792703  0.03792975 -0.55197772  0.53572912
  0.55203163  0.56397847  0.64315202  0.23324585 -0.16878255  0.57251791
 -0.17497875  0.41596626 -0.6152985   0.11988434  0.34378478 -0.62619766
 -0.00979692 -0.22917934  0.07042614 -0.29747282  0.27792096 -0.48710022
 -0.30120035 -0.82396269 -0.50254838 -0.22661673 -0.19774275]
4446,[ 0.20475385  0.10658183 -0.10273305  0.13412338  0.37195094  0.08683635
 -0.0410858   0.6478606   0.34827296 -0.52986268 -0.04490337 -0.11633662
  0.17884924  0.43350414 -0.32604307  0.23286148 -0.10737821 -0.61991981
  0.10241036  0.14593764 -0.47002921  0.20476484  0.26082325 -0.64612056
 -0.01923938  0.38248931  0.02792791  0.03792946 -0.55197811  0.53572992
  0.55203086  0.56397868  0.64315237  0.23324587 -0.16878225  0.57251799
 -0.17497907  0.41596605 -0.61529837  0.11988399  0.34378486 -0.62619708
 -0.0097976  -0.2291794   0.07042574 -0.29747294  0.27792139 -0.48709926
 -0.3012009  -0.82396262 -0.5025486  -0.22661664 -0.1977429 ]
4447,[ 0.20475441  0.10658206 -0.1027345   0.1341237   0.37195126  0.086836
 -0.04108529  0.64786006  0.3482724  -0.52986245 -0.04490329 -0.11633601
  0.17884894  0.43350471 -0.32604308  0.23286195 -0.10737791 -0.61991963
  0.10241004  0.14593797 -0.47002926  0.20476453  0.26082315 -0.64612104
 -0.01923987  0.38248907  0.02792879  0.03792916 -0.5519785   0.53573072
  0.55203009  0.56397888  0.64315273  0.23324588 -0.16878196  0.57251808
 -0.1749794   0.41596583 -0.61529823  0.11988364  0.34378494 -0.62619649
 -0.00979827 -0.22917945  0.07042534 -0.29747306  0.27792182 -0.4870983
 -0.30120144 -0.82396256 -0.50254883 -0.22661656 -0.19774306]
4448,[ 0.20475498  0.10658228 -0.10273594  0.13412401  0.37195158  0.08683566
 -0.04108479  0.64785952  0.34827184 -0.52986221 -0.04490321 -0.11633541
  0.17884864  0.43350528 -0.3260431   0.23286243 -0.10737761 -0.61991945
  0.10240972  0.14593831 -0.4700293   0.20476423  0.26082305 -0.64612151
 -0.01924036  0.38248883  0.02792967  0.03792887 -0.55197888  0.53573151
  0.55202932  0.56397909  0.64315308  0.2332459  -0.16878166  0.57251816
 -0.17497972  0.41596562 -0.61529809  0.11988329  0.34378502 -0.6261959
 -0.00979895 -0.22917951  0.07042493 -0.29747318  0.27792224 -0.48709734
 -0.30120199 -0.82396249 -0.50254905 -0.22661648 -0.19774322]
4449,[ 0.20475554  0.10658251 -0.10273738  0.13412432  0.3719519   0.08683531
 -0.04108428  0.64785898  0.34827129 -0.52986198 -0.04490313 -0.1163348
  0.17884834  0.43350585 -0.32604312  0.2328629  -0.10737731 -0.61991927
  0.1024094   0.14593865 -0.47002935  0.20476393  0.26082294 -0.64612199
 -0.01924085  0.3824886   0.02793054  0.03792858 -0.55197927  0.53573231
  0.55202856  0.5639793   0.64315343  0.23324591 -0.16878136  0.57251824
 -0.17498005  0.41596541 -0.61529796  0.11988294  0.34378509 -0.62619531
 -0.00979963 -0.22917957  0.07042454 -0.2974733   0.27792267 -0.48709639
 -0.30120253 -0.82396242 -0.50254927 -0.2266164  -0.19774337]
4450,[ 0.2047561   0.10658274 -0.10273882  0.13412463  0.37195222  0.08683497
 -0.04108378  0.64785845  0.34827073 -0.52986174 -0.04490305 -0.1163342
  0.17884805  0.43350642 -0.32604314  0.23286337 -0.10737701 -0.61991909
  0.10240908  0.14593899 -0.4700294   0.20476363  0.26082284 -0.64612246
 -0.01924134  0.38248836  0.02793142  0.03792828 -0.55197966  0.5357331
  0.55202779  0.5639795   0.64315378  0.23324593 -0.16878107  0.57251833
 -0.17498037  0.41596519 -0.61529782  0.11988259  0.34378517 -0.62619472
 -0.0098003  -0.22917963  0.07042414 -0.29747342  0.2779231  -0.48709544
 -0.30120308 -0.82396236 -0.50254949 -0.22661631 -0.19774353]
4451,[ 0.20475666  0.10658296 -0.10274026  0.13412494  0.37195255  0.08683462
 -0.04108327  0.64785791  0.34827018 -0.52986151 -0.04490297 -0.11633359
  0.17884775  0.43350698 -0.32604315  0.23286385 -0.10737671 -0.61991891
  0.10240876  0.14593933 -0.47002945  0.20476333  0.26082274 -0.64612294
 -0.01924183  0.38248813  0.0279323   0.03792799 -0.55198005  0.5357339
  0.55202703  0.56397971  0.64315413  0.23324594 -0.16878077  0.57251841
 -0.17498069  0.41596498 -0.61529768  0.11988225  0.34378525 -0.62619414
 -0.00980098 -0.22917968  0.07042374 -0.29747353  0.27792353 -0.48709448
 -0.30120362 -0.82396229 -0.50254971 -0.22661623 -0.19774368]
4452,[ 0.20475723  0.10658319 -0.1027417   0.13412525  0.37195287  0.08683428
 -0.04108277  0.64785737  0.34826962 -0.52986128 -0.04490288 -0.11633299
  0.17884745  0.43350755 -0.32604317  0.23286432 -0.10737641 -0.61991873
  0.10240844  0.14593966 -0.4700295   0.20476303  0.26082264 -0.64612341
 -0.01924231  0.38248789  0.02793317  0.0379277  -0.55198043  0.53573469
  0.55202627  0.56397992  0.64315449  0.23324595 -0.16878047  0.57251849
 -0.17498101  0.41596476 -0.61529755  0.1198819   0.34378533 -0.62619355
 -0.00980165 -0.22917974  0.07042334 -0.29747365  0.27792395 -0.48709353
 -0.30120417 -0.82396223 -0.50254993 -0.22661615 -0.19774384]
4453,[ 0.20475779  0.10658341 -0.10274314  0.13412556  0.37195319  0.08683394
 -0.04108226  0.64785683  0.34826907 -0.52986104 -0.0449028  -0.11633239
  0.17884715  0.43350811 -0.32604319  0.23286479 -0.10737611 -0.61991855
  0.10240813  0.14594    -0.47002955  0.20476273  0.26082254 -0.64612388
 -0.0192428   0.38248766  0.02793404  0.03792741 -0.55198082  0.53573548
  0.5520255   0.56398012  0.64315484  0.23324597 -0.16878018  0.57251858
 -0.17498134  0.41596455 -0.61529741  0.11988155  0.34378541 -0.62619297
 -0.00980233 -0.2291798   0.07042294 -0.29747377  0.27792438 -0.48709258
 -0.30120471 -0.82396216 -0.50255015 -0.22661607 -0.19774399]
4454,[ 0.20475835  0.10658364 -0.10274457  0.13412587  0.37195351  0.08683359
 -0.04108176  0.6478563   0.34826851 -0.52986081 -0.04490272 -0.11633179
  0.17884686  0.43350868 -0.32604321  0.23286526 -0.10737581 -0.61991837
  0.10240781  0.14594034 -0.4700296   0.20476243  0.26082244 -0.64612436
 -0.01924329  0.38248743  0.02793492  0.03792711 -0.5519812   0.53573628
  0.55202474  0.56398033  0.64315519  0.23324598 -0.16877988  0.57251866
 -0.17498166  0.41596434 -0.61529728  0.11988121  0.34378548 -0.62619238
 -0.009803   -0.22917986  0.07042254 -0.29747389  0.2779248  -0.48709163
 -0.30120525 -0.8239621  -0.50255037 -0.22661598 -0.19774415]
4455,[ 0.20475891  0.10658386 -0.10274601  0.13412618  0.37195383  0.08683325
 -0.04108126  0.64785576  0.34826796 -0.52986058 -0.04490264 -0.11633119
  0.17884656  0.43350924 -0.32604322  0.23286573 -0.10737551 -0.61991819
  0.10240749  0.14594067 -0.47002965  0.20476213  0.26082234 -0.64612483
 -0.01924377  0.38248719  0.02793579  0.03792682 -0.55198159  0.53573707
  0.55202398  0.56398053  0.64315554  0.233246   -0.16877959  0.57251874
 -0.17498198  0.41596412 -0.61529714  0.11988086  0.34378556 -0.6261918
 -0.00980367 -0.22917991  0.07042215 -0.297474    0.27792523 -0.48709068
 -0.3012058  -0.82396203 -0.50255059 -0.2266159  -0.1977443 ]
4456,[ 0.20475946  0.10658409 -0.10274744  0.13412649  0.37195415  0.08683291
 -0.04108076  0.64785523  0.34826741 -0.52986034 -0.04490256 -0.11633059
  0.17884626  0.43350981 -0.32604324  0.2328662  -0.10737522 -0.61991801
  0.10240717  0.14594101 -0.4700297   0.20476183  0.26082223 -0.6461253
 -0.01924426  0.38248696  0.02793666  0.03792653 -0.55198197  0.53573786
  0.55202322  0.56398074  0.64315588  0.23324601 -0.16877929  0.57251883
 -0.1749823   0.41596391 -0.61529701  0.11988052  0.34378564 -0.62619122
 -0.00980434 -0.22917997  0.07042175 -0.29747412  0.27792565 -0.48708974
 -0.30120634 -0.82396196 -0.50255081 -0.22661582 -0.19774446]
4457,[ 0.20476002  0.10658431 -0.10274887  0.1341268   0.37195447  0.08683257
 -0.04108026  0.64785469  0.34826686 -0.52986011 -0.04490248 -0.11632999
  0.17884597  0.43351037 -0.32604326  0.23286667 -0.10737492 -0.61991784
  0.10240686  0.14594134 -0.47002975  0.20476153  0.26082213 -0.64612577
 -0.01924474  0.38248673  0.02793753  0.03792624 -0.55198236  0.53573865
  0.55202246  0.56398095  0.64315623  0.23324603 -0.168779    0.57251891
 -0.17498262  0.4159637  -0.61529687  0.11988017  0.34378571 -0.62619063
 -0.00980502 -0.22918003  0.07042135 -0.29747424  0.27792608 -0.48708879
 -0.30120688 -0.8239619  -0.50255103 -0.22661574 -0.19774461]
4458,[ 0.20476058  0.10658454 -0.1027503   0.13412711  0.37195478  0.08683222
 -0.04107975  0.64785416  0.3482663  -0.52985988 -0.0449024  -0.11632939
  0.17884567  0.43351093 -0.32604328  0.23286714 -0.10737462 -0.61991766
  0.10240654  0.14594168 -0.47002979  0.20476123  0.26082203 -0.64612624
 -0.01924523  0.38248649  0.0279384   0.03792595 -0.55198274  0.53573943
  0.5520217   0.56398115  0.64315658  0.23324604 -0.1687787   0.57251899
 -0.17498294  0.41596349 -0.61529674  0.11987983  0.34378579 -0.62619005
 -0.00980569 -0.22918009  0.07042096 -0.29747435  0.2779265  -0.48708785
 -0.30120742 -0.82396183 -0.50255125 -0.22661566 -0.19774477]
4459,[ 0.20476114  0.10658476 -0.10275173  0.13412742  0.3719551   0.08683188
 -0.04107925  0.64785363  0.34826575 -0.52985965 -0.04490232 -0.11632879
  0.17884538  0.4335115  -0.32604329  0.23286761 -0.10737432 -0.61991748
  0.10240623  0.14594201 -0.47002984  0.20476093  0.26082193 -0.64612671
 -0.01924571  0.38248626  0.02793927  0.03792566 -0.55198312  0.53574022
  0.55202095  0.56398135  0.64315693  0.23324606 -0.16877841  0.57251907
 -0.17498326  0.41596328 -0.6152966   0.11987948  0.34378587 -0.62618947
 -0.00980635 -0.22918014  0.07042056 -0.29747447  0.27792692 -0.4870869
 -0.30120796 -0.82396177 -0.50255147 -0.22661557 -0.19774492]
4460,[ 0.20476169  0.10658499 -0.10275315  0.13412772  0.37195542  0.08683154
 -0.04107875  0.64785309  0.3482652  -0.52985941 -0.04490224 -0.11632819
  0.17884508  0.43351206 -0.32604331  0.23286808 -0.10737403 -0.6199173
  0.10240591  0.14594234 -0.47002989  0.20476063  0.26082183 -0.64612718
 -0.01924619  0.38248603  0.02794013  0.03792537 -0.55198351  0.53574101
  0.55202019  0.56398156  0.64315728  0.23324607 -0.16877812  0.57251916
 -0.17498358  0.41596306 -0.61529647  0.11987914  0.34378595 -0.62618889
 -0.00980702 -0.2291802   0.07042017 -0.29747459  0.27792735 -0.48708596
 -0.3012085  -0.8239617  -0.50255169 -0.22661549 -0.19774508]
4461,[ 0.20476225  0.10658521 -0.10275457  0.13412803  0.37195574  0.0868312
 -0.04107826  0.64785256  0.34826465 -0.52985918 -0.04490216 -0.1163276
  0.17884479  0.43351262 -0.32604333  0.23286855 -0.10737373 -0.61991712
  0.10240559  0.14594268 -0.47002994  0.20476033  0.26082173 -0.64612765
 -0.01924667  0.3824858   0.027941    0.03792508 -0.55198389  0.53574179
  0.55201943  0.56398176  0.64315763  0.23324609 -0.16877782  0.57251924
 -0.1749839   0.41596285 -0.61529633  0.1198788   0.34378602 -0.62618831
 -0.00980769 -0.22918026  0.07041977 -0.2974747   0.27792777 -0.48708502
 -0.30120904 -0.82396164 -0.50255191 -0.22661541 -0.19774523]
4462,[ 0.2047628   0.10658543 -0.102756    0.13412834  0.37195605  0.08683086
 -0.04107776  0.64785203  0.34826411 -0.52985895 -0.04490208 -0.116327
  0.1788445   0.43351318 -0.32604334  0.23286901 -0.10737343 -0.61991695
  0.10240528  0.14594301 -0.47002999  0.20476004  0.26082163 -0.64612812
 -0.01924715  0.38248556  0.02794186  0.03792479 -0.55198427  0.53574258
  0.55201868  0.56398197  0.64315797  0.2332461  -0.16877753  0.57251932
 -0.17498422  0.41596264 -0.6152962   0.11987845  0.3437861  -0.62618773
 -0.00980836 -0.22918031  0.07041938 -0.29747482  0.27792819 -0.48708408
 -0.30120957 -0.82396157 -0.50255213 -0.22661533 -0.19774539]
4463,[ 0.20476336  0.10658566 -0.10275742  0.13412865  0.37195637  0.08683052
 -0.04107726  0.6478515   0.34826356 -0.52985872 -0.04490199 -0.1163264
  0.1788442   0.43351374 -0.32604336  0.23286948 -0.10737314 -0.61991677
  0.10240497  0.14594334 -0.47003004  0.20475974  0.26082153 -0.64612858
 -0.01924764  0.38248533  0.02794273  0.0379245  -0.55198465  0.53574336
  0.55201793  0.56398217  0.64315832  0.23324611 -0.16877724  0.5725194
 -0.17498454  0.41596243 -0.61529607  0.11987811  0.34378618 -0.62618716
 -0.00980902 -0.22918037  0.07041898 -0.29747494  0.27792861 -0.48708314
 -0.30121011 -0.82396151 -0.50255235 -0.22661525 -0.19774554]
4464,[ 0.20476391  0.10658588 -0.10275884  0.13412895  0.37195669  0.08683018
 -0.04107676  0.64785097  0.34826301 -0.52985849 -0.04490191 -0.11632581
  0.17884391  0.4335143  -0.32604338  0.23286995 -0.10737284 -0.61991659
  0.10240465  0.14594368 -0.47003009  0.20475944  0.26082143 -0.64612905
 -0.01924812  0.3824851   0.02794359  0.03792421 -0.55198503  0.53574414
  0.55201717  0.56398237  0.64315866  0.23324613 -0.16877695  0.57251948
 -0.17498486  0.41596222 -0.61529593  0.11987777  0.34378625 -0.62618658
 -0.00980969 -0.22918043  0.07041859 -0.29747505  0.27792903 -0.4870822
 -0.30121065 -0.82396144 -0.50255256 -0.22661517 -0.19774569]
4465,[ 0.20476446  0.1065861  -0.10276025  0.13412926  0.371957    0.08682984
 -0.04107627  0.64785044  0.34826246 -0.52985826 -0.04490183 -0.11632522
  0.17884362  0.43351486 -0.3260434   0.23287041 -0.10737255 -0.61991642
  0.10240434  0.14594401 -0.47003013  0.20475915  0.26082133 -0.64612952
 -0.0192486   0.38248487  0.02794445  0.03792393 -0.55198542  0.53574492
  0.55201642  0.56398258  0.64315901  0.23324614 -0.16877665  0.57251957
 -0.17498517  0.41596201 -0.6152958   0.11987743  0.34378633 -0.626186
 -0.00981035 -0.22918048  0.0704182  -0.29747517  0.27792945 -0.48708126
 -0.30121118 -0.82396138 -0.50255278 -0.22661509 -0.19774585]
4466,[ 0.20476502  0.10658632 -0.10276167  0.13412956  0.37195732  0.08682951
 -0.04107577  0.64784991  0.34826192 -0.52985803 -0.04490175 -0.11632462
  0.17884332  0.43351541 -0.32604341  0.23287088 -0.10737225 -0.61991624
  0.10240402  0.14594434 -0.47003018  0.20475885  0.26082123 -0.64612998
 -0.01924908  0.38248464  0.02794531  0.03792364 -0.5519858   0.53574571
  0.55201567  0.56398278  0.64315936  0.23324616 -0.16877636  0.57251965
 -0.17498549  0.4159618  -0.61529567  0.11987709  0.34378641 -0.62618542
 -0.00981102 -0.22918054  0.07041781 -0.29747528  0.27792987 -0.48708032
 -0.30121172 -0.82396131 -0.502553   -0.226615   -0.197746  ]
4467,[ 0.20476557  0.10658655 -0.10276308  0.13412987  0.37195763  0.08682917
 -0.04107527  0.64784938  0.34826137 -0.5298578  -0.04490167 -0.11632403
  0.17884303  0.43351597 -0.32604343  0.23287134 -0.10737196 -0.61991606
  0.10240371  0.14594467 -0.47003023  0.20475855  0.26082113 -0.64613045
 -0.01924956  0.38248441  0.02794617  0.03792335 -0.55198618  0.53574649
  0.55201492  0.56398298  0.6431597   0.23324617 -0.16877607  0.57251973
 -0.17498581  0.41596159 -0.61529553  0.11987674  0.34378648 -0.62618485
 -0.00981168 -0.2291806   0.07041741 -0.2974754   0.27793029 -0.48707939
 -0.30121225 -0.82396125 -0.50255322 -0.22661492 -0.19774615]
4468,[ 0.20476612  0.10658677 -0.1027645   0.13413018  0.37195795  0.08682883
 -0.04107478  0.64784885  0.34826083 -0.52985757 -0.04490159 -0.11632344
  0.17884274  0.43351653 -0.32604345  0.23287181 -0.10737167 -0.61991589
  0.1024034   0.145945   -0.47003028  0.20475826  0.26082103 -0.64613092
 -0.01925003  0.38248418  0.02794703  0.03792306 -0.55198656  0.53574726
  0.55201417  0.56398319  0.64316005  0.23324619 -0.16877578  0.57251981
 -0.17498612  0.41596138 -0.6152954   0.1198764   0.34378656 -0.62618427
 -0.00981234 -0.22918065  0.07041702 -0.29747551  0.27793071 -0.48707845
 -0.30121279 -0.82396118 -0.50255343 -0.22661484 -0.19774631]
4469,[ 0.20476667  0.10658699 -0.10276591  0.13413048  0.37195826  0.08682849
 -0.04107428  0.64784833  0.34826028 -0.52985734 -0.04490151 -0.11632285
  0.17884245  0.43351708 -0.32604346  0.23287227 -0.10737137 -0.61991571
  0.10240309  0.14594533 -0.47003033  0.20475796  0.26082093 -0.64613138
 -0.01925051  0.38248395  0.02794789  0.03792278 -0.55198693  0.53574804
  0.55201342  0.56398339  0.64316039  0.2332462  -0.16877549  0.57251989
 -0.17498644  0.41596117 -0.61529527  0.11987606  0.34378664 -0.6261837
 -0.00981301 -0.22918071  0.07041663 -0.29747563  0.27793113 -0.48707752
 -0.30121332 -0.82396112 -0.50255365 -0.22661476 -0.19774646]
4470,[ 0.20476722  0.10658721 -0.10276732  0.13413078  0.37195858  0.08682816
 -0.04107379  0.6478478   0.34825974 -0.52985711 -0.04490143 -0.11632225
  0.17884215  0.43351764 -0.32604348  0.23287273 -0.10737108 -0.61991554
  0.10240277  0.14594566 -0.47003038  0.20475767  0.26082083 -0.64613184
 -0.01925099  0.38248372  0.02794875  0.03792249 -0.55198731  0.53574882
  0.55201267  0.56398359  0.64316073  0.23324621 -0.1687752   0.57251998
 -0.17498676  0.41596096 -0.61529513  0.11987572  0.34378671 -0.62618313
 -0.00981367 -0.22918077  0.07041624 -0.29747575  0.27793155 -0.48707659
 -0.30121385 -0.82396105 -0.50255387 -0.22661468 -0.19774661]
4471,[ 0.20476777  0.10658743 -0.10276872  0.13413109  0.37195889  0.08682782
 -0.0410733   0.64784727  0.34825919 -0.52985688 -0.04490136 -0.11632166
  0.17884186  0.43351819 -0.3260435   0.23287319 -0.10737079 -0.61991536
  0.10240246  0.14594599 -0.47003042  0.20475737  0.26082073 -0.64613231
 -0.01925147  0.38248349  0.02794961  0.0379222  -0.55198769  0.5357496
  0.55201193  0.56398379  0.64316108  0.23324623 -0.16877491  0.57252006
 -0.17498707  0.41596075 -0.615295    0.11987538  0.34378679 -0.62618255
 -0.00981433 -0.22918082  0.07041585 -0.29747586  0.27793196 -0.48707566
 -0.30121439 -0.82396099 -0.50255408 -0.2266146  -0.19774676]
4472,[ 0.20476832  0.10658765 -0.10277013  0.13413139  0.37195921  0.08682748
 -0.0410728   0.64784675  0.34825865 -0.52985666 -0.04490128 -0.11632108
  0.17884157  0.43351874 -0.32604352  0.23287366 -0.10737049 -0.61991519
  0.10240215  0.14594632 -0.47003047  0.20475708  0.26082063 -0.64613277
 -0.01925194  0.38248326  0.02795046  0.03792192 -0.55198807  0.53575037
  0.55201118  0.56398399  0.64316142  0.23324624 -0.16877462  0.57252014
 -0.17498739  0.41596054 -0.61529487  0.11987505  0.34378686 -0.62618198
 -0.00981499 -0.22918088  0.07041546 -0.29747598  0.27793238 -0.48707473
 -0.30121492 -0.82396092 -0.5025543  -0.22661452 -0.19774691]
4473,[ 0.20476887  0.10658787 -0.10277154  0.1341317   0.37195952  0.08682715
 -0.04107231  0.64784622  0.34825811 -0.52985643 -0.0449012  -0.11632049
  0.17884128  0.4335193  -0.32604353  0.23287412 -0.1073702  -0.61991501
  0.10240184  0.14594665 -0.47003052  0.20475679  0.26082054 -0.64613323
 -0.01925242  0.38248303  0.02795131  0.03792163 -0.55198845  0.53575115
  0.55201043  0.5639842   0.64316176  0.23324626 -0.16877433  0.57252022
 -0.1749877   0.41596033 -0.61529473  0.11987471  0.34378694 -0.62618141
 -0.00981565 -0.22918093  0.07041507 -0.29747609  0.2779328  -0.4870738
 -0.30121545 -0.82396086 -0.50255452 -0.22661444 -0.19774707]
4474,[ 0.20476941  0.10658809 -0.10277294  0.134132    0.37195983  0.08682681
 -0.04107182  0.6478457   0.34825757 -0.5298562  -0.04490112 -0.1163199
  0.17884099  0.43351985 -0.32604355  0.23287458 -0.10736991 -0.61991484
  0.10240153  0.14594698 -0.47003057  0.20475649  0.26082044 -0.64613369
 -0.01925289  0.3824828   0.02795217  0.03792135 -0.55198882  0.53575192
  0.55200969  0.5639844   0.6431621   0.23324627 -0.16877404  0.5725203
 -0.17498802  0.41596013 -0.6152946   0.11987437  0.34378702 -0.62618084
 -0.0098163  -0.22918099  0.07041468 -0.29747621  0.27793321 -0.48707287
 -0.30121598 -0.82396079 -0.50255473 -0.22661436 -0.19774722]
4475,[ 0.20476996  0.10658831 -0.10277434  0.1341323   0.37196015  0.08682648
 -0.04107133  0.64784518  0.34825703 -0.52985597 -0.04490104 -0.11631931
  0.1788407   0.4335204  -0.32604357  0.23287504 -0.10736962 -0.61991466
  0.10240122  0.14594731 -0.47003062  0.2047562   0.26082034 -0.64613416
 -0.01925337  0.38248257  0.02795302  0.03792106 -0.5519892   0.53575269
  0.55200895  0.5639846   0.64316245  0.23324629 -0.16877375  0.57252038
 -0.17498833  0.41595992 -0.61529447  0.11987403  0.34378709 -0.62618027
 -0.00981696 -0.22918105  0.07041429 -0.29747632  0.27793363 -0.48707194
 -0.30121651 -0.82396073 -0.50255495 -0.22661428 -0.19774737]
4476,[ 0.20477051  0.10658853 -0.10277574  0.1341326   0.37196046  0.08682614
 -0.04107084  0.64784465  0.34825649 -0.52985574 -0.04490096 -0.11631872
  0.17884041  0.43352095 -0.32604358  0.2328755  -0.10736933 -0.61991449
  0.10240091  0.14594764 -0.47003066  0.20475591  0.26082024 -0.64613462
 -0.01925384  0.38248235  0.02795387  0.03792078 -0.55198958  0.53575347
  0.5520082   0.5639848   0.64316279  0.2332463  -0.16877347  0.57252046
 -0.17498865  0.41595971 -0.61529434  0.11987369  0.34378717 -0.6261797
 -0.00981762 -0.2291811   0.07041391 -0.29747643  0.27793404 -0.48707102
 -0.30121704 -0.82396067 -0.50255516 -0.2266142  -0.19774752]
4477,[ 0.20477105  0.10658875 -0.10277714  0.13413291  0.37196077  0.08682581
 -0.04107035  0.64784413  0.34825595 -0.52985552 -0.04490088 -0.11631814
  0.17884012  0.4335215  -0.3260436   0.23287596 -0.10736903 -0.61991431
  0.1024006   0.14594796 -0.47003071  0.20475561  0.26082014 -0.64613508
 -0.01925432  0.38248212  0.02795472  0.03792049 -0.55198995  0.53575424
  0.55200746  0.563985    0.64316313  0.23324631 -0.16877318  0.57252054
 -0.17498896  0.4159595  -0.61529421  0.11987336  0.34378724 -0.62617913
 -0.00981827 -0.22918116  0.07041352 -0.29747655  0.27793446 -0.48707009
 -0.30121757 -0.8239606  -0.50255538 -0.22661412 -0.19774767]
4478,[ 0.2047716   0.10658897 -0.10277854  0.13413321  0.37196108  0.08682547
 -0.04106986  0.64784361  0.34825541 -0.52985529 -0.0449008  -0.11631755
  0.17883984  0.43352205 -0.32604362  0.23287642 -0.10736874 -0.61991414
  0.10240029  0.14594829 -0.47003076  0.20475532  0.26082004 -0.64613554
 -0.01925479  0.38248189  0.02795557  0.03792021 -0.55199033  0.53575501
  0.55200672  0.5639852   0.64316347  0.23324633 -0.16877289  0.57252062
 -0.17498927  0.4159593  -0.61529407  0.11987302  0.34378732 -0.62617856
 -0.00981893 -0.22918121  0.07041313 -0.29747666  0.27793487 -0.48706917
 -0.3012181  -0.82396054 -0.50255559 -0.22661404 -0.19774782]
4479,[ 0.20477214  0.10658919 -0.10277993  0.13413351  0.37196139  0.08682514
 -0.04106937  0.64784309  0.34825487 -0.52985506 -0.04490072 -0.11631697
  0.17883955  0.4335226  -0.32604363  0.23287688 -0.10736845 -0.61991396
  0.10239998  0.14594862 -0.47003081  0.20475503  0.26081994 -0.646136
 -0.01925526  0.38248166  0.02795642  0.03791993 -0.5519907   0.53575578
  0.55200598  0.5639854   0.64316381  0.23324634 -0.1687726   0.5725207
 -0.17498959  0.41595909 -0.61529394  0.11987268  0.34378739 -0.62617799
 -0.00981958 -0.22918127  0.07041275 -0.29747678  0.27793528 -0.48706824
 -0.30121862 -0.82396047 -0.5025558  -0.22661396 -0.19774797]
4480,[ 0.20477269  0.10658941 -0.10278132  0.13413381  0.3719617   0.08682481
 -0.04106888  0.64784257  0.34825433 -0.52985484 -0.04490064 -0.11631638
  0.17883926  0.43352315 -0.32604365  0.23287733 -0.10736816 -0.61991379
  0.10239967  0.14594894 -0.47003085  0.20475474  0.26081985 -0.64613646
 -0.01925573  0.38248144  0.02795727  0.03791964 -0.55199108  0.53575655
  0.55200524  0.5639856   0.64316415  0.23324636 -0.16877232  0.57252079
 -0.1749899   0.41595888 -0.61529381  0.11987235  0.34378747 -0.62617742
 -0.00982024 -0.22918133  0.07041236 -0.29747689  0.2779357  -0.48706732
 -0.30121915 -0.82396041 -0.50255602 -0.22661388 -0.19774813]
4481,[ 0.20477323  0.10658963 -0.10278272  0.13413411  0.37196201  0.08682447
 -0.04106839  0.64784205  0.3482538  -0.52985461 -0.04490056 -0.1163158
  0.17883897  0.4335237  -0.32604367  0.23287779 -0.10736787 -0.61991362
  0.10239936  0.14594927 -0.4700309   0.20475445  0.26081975 -0.64613691
 -0.0192562   0.38248121  0.02795811  0.03791936 -0.55199145  0.53575731
  0.5520045   0.5639858   0.64316449  0.23324637 -0.16877203  0.57252087
 -0.17499021  0.41595867 -0.61529368  0.11987201  0.34378755 -0.62617686
 -0.00982089 -0.22918138  0.07041197 -0.297477    0.27793611 -0.4870664
 -0.30121968 -0.82396035 -0.50255623 -0.2266138  -0.19774828]
4482,[ 0.20477377  0.10658985 -0.10278411  0.13413441  0.37196232  0.08682414
 -0.04106791  0.64784153  0.34825326 -0.52985438 -0.04490048 -0.11631522
  0.17883868  0.43352425 -0.32604368  0.23287825 -0.10736758 -0.61991344
  0.10239906  0.1459496  -0.47003095  0.20475416  0.26081965 -0.64613737
 -0.01925668  0.38248098  0.02795896  0.03791908 -0.55199182  0.53575808
  0.55200376  0.563986    0.64316483  0.23324638 -0.16877174  0.57252095
 -0.17499052  0.41595847 -0.61529355  0.11987168  0.34378762 -0.62617629
 -0.00982154 -0.22918144  0.07041159 -0.29747712  0.27793652 -0.48706548
 -0.3012202  -0.82396028 -0.50255645 -0.22661372 -0.19774843]
4483,[ 0.20477431  0.10659007 -0.1027855   0.13413471  0.37196263  0.08682381
 -0.04106742  0.64784101  0.34825272 -0.52985416 -0.04490041 -0.11631464
  0.1788384   0.4335248  -0.3260437   0.2328787  -0.1073673  -0.61991327
  0.10239875  0.14594992 -0.470031    0.20475387  0.26081955 -0.64613783
 -0.01925715  0.38248076  0.02795981  0.03791879 -0.5519922   0.53575885
  0.55200303  0.5639862   0.64316517  0.2332464  -0.16877146  0.57252103
 -0.17499083  0.41595826 -0.61529342  0.11987134  0.3437877  -0.62617573
 -0.00982219 -0.22918149  0.0704112  -0.29747723  0.27793693 -0.48706456
 -0.30122073 -0.82396022 -0.50255666 -0.22661364 -0.19774858]
4484,[ 0.20477486  0.10659028 -0.10278688  0.13413501  0.37196294  0.08682348
 -0.04106693  0.64784049  0.34825219 -0.52985393 -0.04490033 -0.11631405
  0.17883811  0.43352534 -0.32604372  0.23287916 -0.10736701 -0.6199131
  0.10239844  0.14595025 -0.47003104  0.20475358  0.26081945 -0.64613829
 -0.01925762  0.38248053  0.02796065  0.03791851 -0.55199257  0.53575961
  0.55200229  0.5639864   0.64316551  0.23324641 -0.16877117  0.57252111
 -0.17499114  0.41595806 -0.61529329  0.11987101  0.34378777 -0.62617516
 -0.00982284 -0.22918155  0.07041082 -0.29747735  0.27793735 -0.48706364
 -0.30122125 -0.82396016 -0.50255687 -0.22661356 -0.19774873]
4485,[ 0.2047754   0.1065905  -0.10278827  0.13413531  0.37196325  0.08682315
 -0.04106645  0.64783997  0.34825165 -0.52985371 -0.04490025 -0.11631347
  0.17883782  0.43352589 -0.32604373  0.23287961 -0.10736672 -0.61991292
  0.10239813  0.14595057 -0.47003109  0.20475329  0.26081936 -0.64613874
 -0.01925808  0.3824803   0.02796149  0.03791823 -0.55199294  0.53576038
  0.55200156  0.56398659  0.64316584  0.23324643 -0.16877089  0.57252119
 -0.17499146  0.41595785 -0.61529316  0.11987067  0.34378785 -0.6261746
 -0.00982349 -0.2291816   0.07041044 -0.29747746  0.27793776 -0.48706273
 -0.30122178 -0.82396009 -0.50255709 -0.22661348 -0.19774888]
4486,[ 0.20477594  0.10659072 -0.10278965  0.13413561  0.37196356  0.08682281
 -0.04106596  0.64783945  0.34825112 -0.52985348 -0.04490017 -0.11631289
  0.17883754  0.43352643 -0.32604375  0.23288007 -0.10736643 -0.61991275
  0.10239783  0.14595089 -0.47003114  0.204753    0.26081926 -0.6461392
 -0.01925855  0.38248008  0.02796233  0.03791795 -0.55199331  0.53576114
  0.55200082  0.56398679  0.64316618  0.23324644 -0.1687706   0.57252127
 -0.17499177  0.41595764 -0.61529303  0.11987034  0.34378792 -0.62617403
 -0.00982414 -0.22918166  0.07041005 -0.29747757  0.27793817 -0.48706181
 -0.3012223  -0.82396003 -0.5025573  -0.2266134  -0.19774903]
4487,[ 0.20477648  0.10659094 -0.10279104  0.13413591  0.37196387  0.08682248
 -0.04106548  0.64783894  0.34825059 -0.52985326 -0.04490009 -0.11631231
  0.17883725  0.43352698 -0.32604377  0.23288052 -0.10736614 -0.61991258
  0.10239752  0.14595122 -0.47003119  0.20475271  0.26081916 -0.64613965
 -0.01925902  0.38247985  0.02796317  0.03791767 -0.55199368  0.5357619
  0.55200009  0.56398699  0.64316652  0.23324645 -0.16877032  0.57252135
 -0.17499208  0.41595744 -0.61529289  0.11987     0.34378799 -0.62617347
 -0.00982479 -0.22918171  0.07040967 -0.29747769  0.27793858 -0.4870609
 -0.30122282 -0.82395997 -0.50255751 -0.22661332 -0.19774918]
4488,[ 0.20477702  0.10659115 -0.10279242  0.13413621  0.37196418  0.08682215
 -0.04106499  0.64783842  0.34825005 -0.52985303 -0.04490001 -0.11631173
  0.17883697  0.43352752 -0.32604378  0.23288098 -0.10736586 -0.61991241
  0.10239722  0.14595154 -0.47003123  0.20475242  0.26081906 -0.64614011
 -0.01925949  0.38247963  0.02796401  0.03791739 -0.55199406  0.53576266
  0.55199935  0.56398719  0.64316686  0.23324647 -0.16877003  0.57252143
 -0.17499239  0.41595723 -0.61529276  0.11986967  0.34378807 -0.62617291
 -0.00982544 -0.22918177  0.07040929 -0.2974778   0.27793899 -0.48705998
 -0.30122335 -0.8239599  -0.50255772 -0.22661324 -0.19774933]
4489,[ 0.20477755  0.10659137 -0.1027938   0.1341365   0.37196448  0.08682182
 -0.04106451  0.64783791  0.34824952 -0.52985281 -0.04489994 -0.11631116
  0.17883668  0.43352807 -0.3260438   0.23288143 -0.10736557 -0.61991223
  0.10239691  0.14595187 -0.47003128  0.20475213  0.26081897 -0.64614056
 -0.01925996  0.3824794   0.02796485  0.03791711 -0.55199443  0.53576342
  0.55199862  0.56398739  0.64316719  0.23324648 -0.16876975  0.57252151
 -0.1749927   0.41595703 -0.61529263  0.11986934  0.34378814 -0.62617235
 -0.00982608 -0.22918182  0.0704089  -0.29747791  0.27793939 -0.48705907
 -0.30122387 -0.82395984 -0.50255793 -0.22661316 -0.19774947]
4490,[ 0.20477809  0.10659159 -0.10279517  0.1341368   0.37196479  0.08682149
 -0.04106403  0.64783739  0.34824899 -0.52985259 -0.04489986 -0.11631058
  0.1788364   0.43352861 -0.32604382  0.23288188 -0.10736528 -0.61991206
  0.10239661  0.14595219 -0.47003133  0.20475184  0.26081887 -0.64614102
 -0.01926042  0.38247918  0.02796569  0.03791683 -0.5519948   0.53576418
  0.55199789  0.56398759  0.64316753  0.2332465  -0.16876947  0.57252159
 -0.174993    0.41595682 -0.6152925   0.11986901  0.34378822 -0.62617179
 -0.00982673 -0.22918188  0.07040852 -0.29747802  0.2779398  -0.48705816
 -0.30122439 -0.82395978 -0.50255815 -0.22661309 -0.19774962]
4491,[ 0.20477863  0.1065918  -0.10279655  0.1341371   0.3719651   0.08682117
 -0.04106354  0.64783688  0.34824846 -0.52985236 -0.04489978 -0.11631
  0.17883611  0.43352915 -0.32604383  0.23288233 -0.10736499 -0.61991189
  0.1023963   0.14595251 -0.47003137  0.20475155  0.26081877 -0.64614147
 -0.01926089  0.38247895  0.02796653  0.03791655 -0.55199517  0.53576494
  0.55199716  0.56398778  0.64316786  0.23324651 -0.16876918  0.57252167
 -0.17499331  0.41595662 -0.61529237  0.11986867  0.34378829 -0.62617123
 -0.00982738 -0.22918193  0.07040814 -0.29747814  0.27794021 -0.48705725
 -0.30122491 -0.82395971 -0.50255836 -0.22661301 -0.19774977]
4492,[ 0.20477917  0.10659202 -0.10279793  0.1341374   0.3719654   0.08682084
 -0.04106306  0.64783636  0.34824793 -0.52985214 -0.0448997  -0.11630943
  0.17883583  0.43352969 -0.32604385  0.23288279 -0.10736471 -0.61991172
  0.102396    0.14595283 -0.47003142  0.20475127  0.26081867 -0.64614192
 -0.01926136  0.38247873  0.02796737  0.03791627 -0.55199553  0.5357657
  0.55199643  0.56398798  0.6431682   0.23324652 -0.1687689   0.57252175
 -0.17499362  0.41595642 -0.61529224  0.11986834  0.34378837 -0.62617067
 -0.00982802 -0.22918199  0.07040776 -0.29747825  0.27794062 -0.48705634
 -0.30122543 -0.82395965 -0.50255857 -0.22661293 -0.19774992]
4493,[ 0.2047797   0.10659223 -0.1027993   0.13413769  0.37196571  0.08682051
 -0.04106258  0.64783585  0.3482474  -0.52985192 -0.04489963 -0.11630885
  0.17883554  0.43353023 -0.32604387  0.23288324 -0.10736442 -0.61991155
  0.10239569  0.14595315 -0.47003147  0.20475098  0.26081858 -0.64614237
 -0.01926182  0.38247851  0.0279682   0.03791599 -0.5519959   0.53576646
  0.5519957   0.56398818  0.64316854  0.23324654 -0.16876862  0.57252183
 -0.17499393  0.41595621 -0.61529212  0.11986801  0.34378844 -0.62617011
 -0.00982867 -0.22918204  0.07040738 -0.29747836  0.27794103 -0.48705543
 -0.30122595 -0.82395959 -0.50255878 -0.22661285 -0.19775007]
4494,[ 0.20478024  0.10659245 -0.10280067  0.13413799  0.37196602  0.08682018
 -0.0410621   0.64783534  0.34824687 -0.52985169 -0.04489955 -0.11630827
  0.17883526  0.43353077 -0.32604388  0.23288369 -0.10736414 -0.61991138
  0.10239539  0.14595348 -0.47003151  0.20475069  0.26081848 -0.64614283
 -0.01926229  0.38247828  0.02796904  0.03791571 -0.55199627  0.53576722
  0.55199497  0.56398837  0.64316887  0.23324655 -0.16876833  0.5725219
 -0.17499424  0.41595601 -0.61529199  0.11986768  0.34378852 -0.62616955
 -0.00982931 -0.2291821   0.070407   -0.29747847  0.27794143 -0.48705452
 -0.30122647 -0.82395952 -0.50255899 -0.22661277 -0.19775022]
4495,[ 0.20478077  0.10659266 -0.10280204  0.13413828  0.37196632  0.08681985
 -0.04106162  0.64783483  0.34824634 -0.52985147 -0.04489947 -0.1163077
  0.17883498  0.43353131 -0.3260439   0.23288414 -0.10736385 -0.61991121
  0.10239509  0.1459538  -0.47003156  0.20475041  0.26081838 -0.64614328
 -0.01926275  0.38247806  0.02796987  0.03791543 -0.55199664  0.53576797
  0.55199425  0.56398857  0.6431692   0.23324657 -0.16876805  0.57252198
 -0.17499454  0.41595581 -0.61529186  0.11986735  0.34378859 -0.62616899
 -0.00982995 -0.22918215  0.07040662 -0.29747859  0.27794184 -0.48705362
 -0.30122699 -0.82395946 -0.5025592  -0.22661269 -0.19775037]
4496,[ 0.20478131  0.10659288 -0.10280341  0.13413858  0.37196663  0.08681953
 -0.04106114  0.64783431  0.34824581 -0.52985125 -0.04489939 -0.11630713
  0.17883469  0.43353185 -0.32604392  0.23288459 -0.10736357 -0.61991104
  0.10239478  0.14595412 -0.47003161  0.20475012  0.26081829 -0.64614373
 -0.01926321  0.38247784  0.0279707   0.03791515 -0.55199701  0.53576873
  0.55199352  0.56398877  0.64316954  0.23324658 -0.16876777  0.57252206
 -0.17499485  0.4159556  -0.61529173  0.11986702  0.34378866 -0.62616843
 -0.00983059 -0.22918221  0.07040624 -0.2974787   0.27794224 -0.48705271
 -0.3012275  -0.8239594  -0.50255941 -0.22661261 -0.19775052]
4497,[ 0.20478184  0.10659309 -0.10280478  0.13413888  0.37196693  0.0868192
 -0.04106066  0.6478338   0.34824528 -0.52985103 -0.04489932 -0.11630655
  0.17883441  0.43353239 -0.32604393  0.23288504 -0.10736328 -0.61991086
  0.10239448  0.14595444 -0.47003166  0.20474983  0.26081819 -0.64614418
 -0.01926368  0.38247761  0.02797153  0.03791487 -0.55199738  0.53576948
  0.5519928   0.56398896  0.64316987  0.23324659 -0.16876749  0.57252214
 -0.17499516  0.4159554  -0.6152916   0.11986669  0.34378874 -0.62616788
 -0.00983123 -0.22918226  0.07040586 -0.29747881  0.27794265 -0.48705181
 -0.30122802 -0.82395934 -0.50255962 -0.22661254 -0.19775066]
4498,[ 0.20478237  0.10659331 -0.10280614  0.13413917  0.37196724  0.08681887
 -0.04106018  0.64783329  0.34824476 -0.5298508  -0.04489924 -0.11630598
  0.17883413  0.43353293 -0.32604395  0.23288548 -0.107363   -0.61991069
  0.10239418  0.14595476 -0.4700317   0.20474955  0.2608181  -0.64614463
 -0.01926414  0.38247739  0.02797236  0.0379146  -0.55199774  0.53577023
  0.55199207  0.56398916  0.6431702   0.23324661 -0.16876721  0.57252222
 -0.17499546  0.4159552  -0.61529147  0.11986636  0.34378881 -0.62616732
 -0.00983187 -0.22918232  0.07040548 -0.29747892  0.27794305 -0.4870509
 -0.30122854 -0.82395927 -0.50255983 -0.22661246 -0.19775081]
4499,[ 0.2047829   0.10659352 -0.10280751  0.13413947  0.37196754  0.08681855
 -0.0410597   0.64783278  0.34824423 -0.52985058 -0.04489916 -0.11630541
  0.17883385  0.43353346 -0.32604397  0.23288593 -0.10736271 -0.61991052
  0.10239388  0.14595508 -0.47003175  0.20474926  0.260818   -0.64614508
 -0.0192646   0.38247717  0.02797319  0.03791432 -0.55199811  0.53577099
  0.55199135  0.56398935  0.64317054  0.23324662 -0.16876693  0.5725223
 -0.17499577  0.41595499 -0.61529134  0.11986603  0.34378889 -0.62616677
 -0.00983251 -0.22918237  0.0704051  -0.29747903  0.27794346 -0.48705
 -0.30122905 -0.82395921 -0.50256004 -0.22661238 -0.19775096]
4500,[ 0.20478344  0.10659374 -0.10280887  0.13413976  0.37196785  0.08681822
 -0.04105923  0.64783227  0.3482437  -0.52985036 -0.04489908 -0.11630484
  0.17883357  0.433534   -0.32604398  0.23288638 -0.10736243 -0.61991035
  0.10239357  0.1459554  -0.47003179  0.20474898  0.2608179  -0.64614552
 -0.01926506  0.38247695  0.02797402  0.03791404 -0.55199847  0.53577174
  0.55199062  0.56398955  0.64317087  0.23324664 -0.16876665  0.57252238
 -0.17499607  0.41595479 -0.61529121  0.1198657   0.34378896 -0.62616621
 -0.00983315 -0.22918243  0.07040473 -0.29747914  0.27794386 -0.4870491
 -0.30122957 -0.82395915 -0.50256025 -0.2266123  -0.19775111]
4501,[ 0.20478397  0.10659395 -0.10281023  0.13414005  0.37196815  0.08681789
 -0.04105875  0.64783177  0.34824318 -0.52985014 -0.04489901 -0.11630427
  0.17883328  0.43353454 -0.326044    0.23288683 -0.10736215 -0.61991018
  0.10239327  0.14595571 -0.47003184  0.20474869  0.26081781 -0.64614597
 -0.01926552  0.38247672  0.02797485  0.03791376 -0.55199884  0.53577249
  0.5519899   0.56398974  0.6431712   0.23324665 -0.16876637  0.57252246
 -0.17499638  0.41595459 -0.61529108  0.11986538  0.34378903 -0.62616566
 -0.00983379 -0.22918248  0.07040435 -0.29747925  0.27794427 -0.4870482
 -0.30123008 -0.82395909 -0.50256046 -0.22661222 -0.19775125]
4502,[ 0.2047845   0.10659416 -0.10281159  0.13414035  0.37196845  0.08681757
 -0.04105827  0.64783126  0.34824265 -0.52984992 -0.04489893 -0.1163037
  0.178833    0.43353507 -0.32604402  0.23288727 -0.10736187 -0.61991002
  0.10239297  0.14595603 -0.47003189  0.20474841  0.26081771 -0.64614642
 -0.01926598  0.3824765   0.02797568  0.03791349 -0.55199921  0.53577324
  0.55198918  0.56398994  0.64317153  0.23324666 -0.16876609  0.57252254
 -0.17499668  0.41595439 -0.61529096  0.11986505  0.34378911 -0.6261651
 -0.00983443 -0.22918254  0.07040397 -0.29747937  0.27794467 -0.4870473
 -0.3012306  -0.82395902 -0.50256067 -0.22661215 -0.1977514 ]
4503,[ 0.20478503  0.10659438 -0.10281295  0.13414064  0.37196875  0.08681724
 -0.0410578   0.64783075  0.34824213 -0.5298497  -0.04489885 -0.11630313
  0.17883272  0.43353561 -0.32604403  0.23288772 -0.10736158 -0.61990985
  0.10239267  0.14595635 -0.47003193  0.20474812  0.26081762 -0.64614687
 -0.01926644  0.38247628  0.0279765   0.03791321 -0.55199957  0.53577399
  0.55198846  0.56399013  0.64317186  0.23324668 -0.16876581  0.57252261
 -0.17499699  0.41595419 -0.61529083  0.11986472  0.34378918 -0.62616455
 -0.00983507 -0.22918259  0.0704036  -0.29747948  0.27794507 -0.4870464
 -0.30123111 -0.82395896 -0.50256088 -0.22661207 -0.19775155]
4504,[ 0.20478556  0.10659459 -0.1028143   0.13414093  0.37196906  0.08681692
 -0.04105732  0.64783024  0.34824161 -0.52984948 -0.04489878 -0.11630256
  0.17883244  0.43353614 -0.32604405  0.23288817 -0.1073613  -0.61990968
  0.10239237  0.14595667 -0.47003198  0.20474784  0.26081752 -0.64614731
 -0.0192669   0.38247606  0.02797733  0.03791294 -0.55199993  0.53577474
  0.55198774  0.56399033  0.6431722   0.23324669 -0.16876553  0.57252269
 -0.17499729  0.41595398 -0.6152907   0.11986439  0.34378925 -0.626164
 -0.0098357  -0.22918264  0.07040322 -0.29747959  0.27794547 -0.4870455
 -0.30123162 -0.8239589  -0.50256109 -0.22661199 -0.19775169]
4505,[ 0.20478609  0.1065948  -0.10281566  0.13414123  0.37196936  0.0868166
 -0.04105685  0.64782974  0.34824108 -0.52984926 -0.0448987  -0.11630199
  0.17883216  0.43353668 -0.32604407  0.23288861 -0.10736102 -0.61990951
  0.10239207  0.14595699 -0.47003203  0.20474756  0.26081742 -0.64614776
 -0.01926736  0.38247584  0.02797815  0.03791266 -0.5520003   0.53577548
  0.55198702  0.56399052  0.64317253  0.2332467  -0.16876525  0.57252277
 -0.1749976   0.41595378 -0.61529057  0.11986407  0.34378933 -0.62616345
 -0.00983634 -0.2291827   0.07040285 -0.2974797   0.27794588 -0.48704461
 -0.30123213 -0.82395884 -0.50256129 -0.22661191 -0.19775184]
4506,[ 0.20478661  0.10659501 -0.10281701  0.13414152  0.37196966  0.08681627
 -0.04105637  0.64782923  0.34824056 -0.52984904 -0.04489862 -0.11630142
  0.17883188  0.43353721 -0.32604408  0.23288905 -0.10736074 -0.61990934
  0.10239177  0.1459573  -0.47003207  0.20474727  0.26081733 -0.64614821
 -0.01926782  0.38247562  0.02797897  0.03791239 -0.55200066  0.53577623
  0.5519863   0.56399072  0.64317286  0.23324672 -0.16876497  0.57252285
 -0.1749979   0.41595358 -0.61529044  0.11986374  0.3437894  -0.6261629
 -0.00983697 -0.22918275  0.07040247 -0.29747981  0.27794628 -0.48704371
 -0.30123265 -0.82395877 -0.5025615  -0.22661183 -0.19775199]
4507,[ 0.20478714  0.10659523 -0.10281836  0.13414181  0.37196996  0.08681595
 -0.0410559   0.64782873  0.34824004 -0.52984882 -0.04489855 -0.11630086
  0.1788316   0.43353774 -0.3260441   0.2328895  -0.10736046 -0.61990917
  0.10239147  0.14595762 -0.47003212  0.20474699  0.26081723 -0.64614865
 -0.01926828  0.3824754   0.0279798   0.03791211 -0.55200103  0.53577698
  0.55198559  0.56399091  0.64317319  0.23324673 -0.16876469  0.57252293
 -0.1749982   0.41595338 -0.61529032  0.11986341  0.34378947 -0.62616235
 -0.00983761 -0.22918281  0.0704021  -0.29747992  0.27794668 -0.48704282
 -0.30123316 -0.82395871 -0.50256171 -0.22661176 -0.19775213]
4508,[ 0.20478767  0.10659544 -0.10281971  0.1341421   0.37197026  0.08681563
 -0.04105543  0.64782822  0.34823952 -0.5298486  -0.04489847 -0.11630029
  0.17883132  0.43353827 -0.32604411  0.23288994 -0.10736017 -0.619909
  0.10239117  0.14595794 -0.47003217  0.20474671  0.26081714 -0.6461491
 -0.01926873  0.38247518  0.02798062  0.03791184 -0.55200139  0.53577772
  0.55198487  0.5639911   0.64317352  0.23324674 -0.16876441  0.57252301
 -0.17499851  0.41595318 -0.61529019  0.11986309  0.34378955 -0.6261618
 -0.00983824 -0.22918286  0.07040172 -0.29748003  0.27794708 -0.48704192
 -0.30123367 -0.82395865 -0.50256192 -0.22661168 -0.19775228]
4509,[ 0.20478819  0.10659565 -0.10282106  0.13414239  0.37197056  0.0868153
 -0.04105495  0.64782772  0.348239   -0.52984838 -0.04489839 -0.11629973
  0.17883104  0.4335388  -0.32604413  0.23289039 -0.10735989 -0.61990883
  0.10239087  0.14595825 -0.47003221  0.20474643  0.26081704 -0.64614954
 -0.01926919  0.38247496  0.02798144  0.03791156 -0.55200175  0.53577846
  0.55198415  0.5639913   0.64317384  0.23324676 -0.16876414  0.57252308
 -0.17499881  0.41595298 -0.61529006  0.11986276  0.34378962 -0.62616125
 -0.00983887 -0.22918291  0.07040135 -0.29748014  0.27794748 -0.48704103
 -0.30123418 -0.82395859 -0.50256212 -0.2266116  -0.19775242]
4510,[ 0.20478872  0.10659586 -0.10282241  0.13414268  0.37197087  0.08681498
 -0.04105448  0.64782721  0.34823848 -0.52984816 -0.04489832 -0.11629916
  0.17883077  0.43353933 -0.32604415  0.23289083 -0.10735961 -0.61990867
  0.10239058  0.14595857 -0.47003226  0.20474614  0.26081695 -0.64614998
 -0.01926965  0.38247474  0.02798226  0.03791129 -0.55200211  0.53577921
  0.55198344  0.56399149  0.64317417  0.23324677 -0.16876386  0.57252316
 -0.17499911  0.41595278 -0.61528993  0.11986244  0.34378969 -0.6261607
 -0.0098395  -0.22918297  0.07040098 -0.29748025  0.27794788 -0.48704014
 -0.30123469 -0.82395853 -0.50256233 -0.22661153 -0.19775257]
4511,[ 0.20478925  0.10659607 -0.10282376  0.13414297  0.37197117  0.08681466
 -0.04105401  0.64782671  0.34823796 -0.52984794 -0.04489824 -0.1162986
  0.17883049  0.43353986 -0.32604416  0.23289127 -0.10735933 -0.6199085
  0.10239028  0.14595888 -0.4700323   0.20474586  0.26081685 -0.64615043
 -0.0192701   0.38247452  0.02798308  0.03791101 -0.55200247  0.53577995
  0.55198272  0.56399168  0.6431745   0.23324679 -0.16876358  0.57252324
 -0.17499941  0.41595258 -0.61528981  0.11986211  0.34378976 -0.62616015
 -0.00984014 -0.22918302  0.0704006  -0.29748036  0.27794828 -0.48703925
 -0.3012352  -0.82395847 -0.50256254 -0.22661145 -0.19775272]
4512,[ 0.20478977  0.10659629 -0.1028251   0.13414327  0.37197147  0.08681434
 -0.04105354  0.64782621  0.34823744 -0.52984772 -0.04489817 -0.11629803
  0.17883021  0.43354039 -0.32604418  0.23289171 -0.10735905 -0.61990833
  0.10238998  0.1459592  -0.47003235  0.20474558  0.26081676 -0.64615087
 -0.01927056  0.3824743   0.02798389  0.03791074 -0.55200283  0.53578069
  0.55198201  0.56399188  0.64317483  0.2332468  -0.16876331  0.57252332
 -0.17499971  0.41595238 -0.61528968  0.11986179  0.34378984 -0.6261596
 -0.00984077 -0.22918308  0.07040023 -0.29748047  0.27794867 -0.48703836
 -0.30123571 -0.8239584  -0.50256274 -0.22661137 -0.19775286]
4513,[ 0.20479029  0.1065965  -0.10282644  0.13414356  0.37197176  0.08681402
 -0.04105307  0.64782571  0.34823692 -0.5298475  -0.04489809 -0.11629747
  0.17882993  0.43354092 -0.3260442   0.23289215 -0.10735877 -0.61990816
  0.10238968  0.14595951 -0.47003239  0.2047453   0.26081666 -0.64615131
 -0.01927101  0.38247408  0.02798471  0.03791047 -0.5520032   0.53578143
  0.5519813   0.56399207  0.64317516  0.23324681 -0.16876303  0.5725234
 -0.17500002  0.41595218 -0.61528955  0.11986147  0.34378991 -0.62615906
 -0.0098414  -0.22918313  0.07039986 -0.29748058  0.27794907 -0.48703747
 -0.30123621 -0.82395834 -0.50256295 -0.22661129 -0.19775301]
4514,[ 0.20479082  0.10659671 -0.10282778  0.13414384  0.37197206  0.0868137
 -0.0410526   0.64782521  0.34823641 -0.52984729 -0.04489801 -0.11629691
  0.17882965  0.43354145 -0.32604421  0.23289259 -0.10735849 -0.619908
  0.10238939  0.14595983 -0.47003244  0.20474502  0.26081657 -0.64615175
 -0.01927147  0.38247386  0.02798553  0.0379102  -0.55200356  0.53578217
  0.55198059  0.56399226  0.64317548  0.23324683 -0.16876275  0.57252347
 -0.17500032  0.41595198 -0.61528943  0.11986114  0.34378998 -0.62615851
 -0.00984202 -0.22918318  0.07039949 -0.29748069  0.27794947 -0.48703659
 -0.30123672 -0.82395828 -0.50256316 -0.22661122 -0.19775315]
4515,[ 0.20479134  0.10659692 -0.10282912  0.13414413  0.37197236  0.08681338
 -0.04105213  0.64782471  0.34823589 -0.52984707 -0.04489794 -0.11629635
  0.17882938  0.43354198 -0.32604423  0.23289303 -0.10735822 -0.61990783
  0.10238909  0.14596014 -0.47003249  0.20474474  0.26081647 -0.64615219
 -0.01927192  0.38247364  0.02798634  0.03790992 -0.55200392  0.53578291
  0.55197988  0.56399245  0.64317581  0.23324684 -0.16876248  0.57252355
 -0.17500062  0.41595178 -0.6152893   0.11986082  0.34379005 -0.62615797
 -0.00984265 -0.22918324  0.07039911 -0.2974808   0.27794987 -0.4870357
 -0.30123723 -0.82395822 -0.50256336 -0.22661114 -0.1977533 ]
4516,[ 0.20479186  0.10659713 -0.10283046  0.13414442  0.37197266  0.08681306
 -0.04105166  0.64782421  0.34823537 -0.52984685 -0.04489786 -0.11629579
  0.1788291   0.43354251 -0.32604424  0.23289347 -0.10735794 -0.61990766
  0.10238879  0.14596045 -0.47003253  0.20474446  0.26081638 -0.64615263
 -0.01927238  0.38247343  0.02798715  0.03790965 -0.55200427  0.53578365
  0.55197916  0.56399265  0.64317614  0.23324685 -0.1687622   0.57252363
 -0.17500092  0.41595159 -0.61528918  0.1198605   0.34379013 -0.62615742
 -0.00984328 -0.22918329  0.07039874 -0.29748091  0.27795026 -0.48703481
 -0.30123773 -0.82395816 -0.50256357 -0.22661106 -0.19775344]
4517,[ 0.20479238  0.10659734 -0.1028318   0.13414471  0.37197296  0.08681274
 -0.04105119  0.64782371  0.34823486 -0.52984663 -0.04489779 -0.11629523
  0.17882882  0.43354303 -0.32604426  0.23289391 -0.10735766 -0.6199075
  0.1023885   0.14596077 -0.47003258  0.20474418  0.26081629 -0.64615307
 -0.01927283  0.38247321  0.02798797  0.03790938 -0.55200463  0.53578439
  0.55197846  0.56399284  0.64317646  0.23324687 -0.16876193  0.57252371
 -0.17500122  0.41595139 -0.61528905  0.11986017  0.3437902  -0.62615688
 -0.00984391 -0.22918334  0.07039837 -0.29748102  0.27795066 -0.48703393
 -0.30123824 -0.8239581  -0.50256377 -0.22661099 -0.19775359]
4518,[ 0.2047929   0.10659755 -0.10283313  0.134145    0.37197326  0.08681242
 -0.04105072  0.64782321  0.34823434 -0.52984642 -0.04489771 -0.11629467
  0.17882855  0.43354356 -0.32604428  0.23289435 -0.10735738 -0.61990733
  0.1023882   0.14596108 -0.47003262  0.2047439   0.26081619 -0.64615351
 -0.01927328  0.38247299  0.02798878  0.03790911 -0.55200499  0.53578512
  0.55197775  0.56399303  0.64317679  0.23324688 -0.16876165  0.57252378
 -0.17500152  0.41595119 -0.61528892  0.11985985  0.34379027 -0.62615633
 -0.00984453 -0.2291834   0.070398   -0.29748113  0.27795106 -0.48703305
 -0.30123874 -0.82395804 -0.50256398 -0.22661091 -0.19775373]
4519,[ 0.20479343  0.10659776 -0.10283447  0.13414529  0.37197355  0.0868121
 -0.04105026  0.64782271  0.34823383 -0.5298462  -0.04489764 -0.11629411
  0.17882827  0.43354408 -0.32604429  0.23289479 -0.1073571  -0.61990716
  0.10238791  0.14596139 -0.47003267  0.20474362  0.2608161  -0.64615395
 -0.01927373  0.38247277  0.02798959  0.03790884 -0.55200535  0.53578586
  0.55197704  0.56399322  0.64317711  0.23324689 -0.16876138  0.57252386
 -0.17500182  0.41595099 -0.6152888   0.11985953  0.34379034 -0.62615579
 -0.00984516 -0.22918345  0.07039763 -0.29748124  0.27795145 -0.48703216
 -0.30123925 -0.82395797 -0.50256418 -0.22661083 -0.19775388]
4520,[ 0.20479395  0.10659797 -0.1028358   0.13414558  0.37197385  0.08681178
 -0.04104979  0.64782221  0.34823331 -0.52984598 -0.04489756 -0.11629355
  0.178828    0.43354461 -0.32604431  0.23289523 -0.10735683 -0.619907
  0.10238761  0.1459617  -0.47003271  0.20474334  0.260816   -0.64615439
 -0.01927418  0.38247256  0.0279904   0.03790857 -0.55200571  0.53578659
  0.55197633  0.56399341  0.64317744  0.23324691 -0.1687611   0.57252394
 -0.17500211  0.41595079 -0.61528867  0.11985921  0.34379042 -0.62615525
 -0.00984578 -0.2291835   0.07039727 -0.29748135  0.27795185 -0.48703128
 -0.30123975 -0.82395791 -0.50256439 -0.22661076 -0.19775402]
4521,[ 0.20479446  0.10659817 -0.10283713  0.13414586  0.37197415  0.08681146
 -0.04104932  0.64782171  0.3482328  -0.52984577 -0.04489749 -0.11629299
  0.17882772  0.43354513 -0.32604433  0.23289566 -0.10735655 -0.61990683
  0.10238732  0.14596202 -0.47003276  0.20474307  0.26081591 -0.64615483
 -0.01927463  0.38247234  0.02799121  0.03790829 -0.55200607  0.53578733
  0.55197563  0.5639936   0.64317776  0.23324692 -0.16876083  0.57252401
 -0.17500241  0.4159506  -0.61528855  0.11985889  0.34379049 -0.62615471
 -0.00984641 -0.22918356  0.0703969  -0.29748145  0.27795224 -0.4870304
 -0.30124025 -0.82395785 -0.50256459 -0.22661068 -0.19775416]
4522,[ 0.20479498  0.10659838 -0.10283846  0.13414615  0.37197444  0.08681114
 -0.04104886  0.64782122  0.34823229 -0.52984555 -0.04489741 -0.11629243
  0.17882745  0.43354566 -0.32604434  0.2328961  -0.10735627 -0.61990666
  0.10238702  0.14596233 -0.47003281  0.20474279  0.26081582 -0.64615527
 -0.01927508  0.38247212  0.02799202  0.03790802 -0.55200642  0.53578806
  0.55197492  0.56399379  0.64317809  0.23324693 -0.16876056  0.57252409
 -0.17500271  0.4159504  -0.61528842  0.11985857  0.34379056 -0.62615417
 -0.00984703 -0.22918361  0.07039653 -0.29748156  0.27795263 -0.48702952
 -0.30124076 -0.82395779 -0.5025648  -0.22661061 -0.19775431]
4523,[ 0.2047955   0.10659859 -0.10283979  0.13414644  0.37197474  0.08681083
 -0.04104839  0.64782072  0.34823177 -0.52984534 -0.04489733 -0.11629188
  0.17882717  0.43354618 -0.32604436  0.23289654 -0.107356   -0.6199065
  0.10238673  0.14596264 -0.47003285  0.20474251  0.26081572 -0.64615571
 -0.01927553  0.38247191  0.02799283  0.03790775 -0.55200678  0.53578879
  0.55197422  0.56399398  0.64317841  0.23324695 -0.16876028  0.57252417
 -0.17500301  0.4159502  -0.6152883   0.11985825  0.34379063 -0.62615362
 -0.00984765 -0.22918366  0.07039616 -0.29748167  0.27795303 -0.48702864
 -0.30124126 -0.82395773 -0.502565   -0.22661053 -0.19775445]
4524,[ 0.20479602  0.1065988  -0.10284111  0.13414672  0.37197504  0.08681051
 -0.04104793  0.64782023  0.34823126 -0.52984512 -0.04489726 -0.11629132
  0.1788269   0.4335467  -0.32604437  0.23289697 -0.10735572 -0.61990633
  0.10238643  0.14596295 -0.4700329   0.20474223  0.26081563 -0.64615614
 -0.01927598  0.38247169  0.02799363  0.03790748 -0.55200714  0.53578952
  0.55197351  0.56399417  0.64317874  0.23324696 -0.16876001  0.57252424
 -0.17500331  0.41595    -0.61528817  0.11985793  0.3437907  -0.62615308
 -0.00984828 -0.22918372  0.07039579 -0.29748178  0.27795342 -0.48702777
 -0.30124176 -0.82395767 -0.5025652  -0.22661045 -0.19775459]
4525,[ 0.20479654  0.10659901 -0.10284244  0.13414701  0.37197533  0.08681019
 -0.04104746  0.64781973  0.34823075 -0.5298449  -0.04489718 -0.11629077
  0.17882663  0.43354722 -0.32604439  0.23289741 -0.10735544 -0.61990617
  0.10238614  0.14596326 -0.47003294  0.20474196  0.26081554 -0.64615658
 -0.01927643  0.38247147  0.02799444  0.03790722 -0.55200749  0.53579025
  0.55197281  0.56399436  0.64317906  0.23324698 -0.16875974  0.57252432
 -0.1750036   0.41594981 -0.61528805  0.11985761  0.34379077 -0.62615255
 -0.0098489  -0.22918377  0.07039543 -0.29748189  0.27795381 -0.48702689
 -0.30124226 -0.82395761 -0.50256541 -0.22661038 -0.19775474]
4526,[ 0.20479705  0.10659922 -0.10284376  0.1341473   0.37197563  0.08680988
 -0.041047    0.64781924  0.34823024 -0.52984469 -0.04489711 -0.11629021
  0.17882635  0.43354774 -0.32604441  0.23289784 -0.10735517 -0.619906
  0.10238585  0.14596357 -0.47003299  0.20474168  0.26081544 -0.64615701
 -0.01927688  0.38247126  0.02799524  0.03790695 -0.55200785  0.53579098
  0.55197211  0.56399455  0.64317938  0.23324699 -0.16875946  0.5725244
 -0.1750039   0.41594961 -0.61528792  0.11985729  0.34379085 -0.62615201
 -0.00984952 -0.22918382  0.07039506 -0.297482    0.27795421 -0.48702602
 -0.30124276 -0.82395755 -0.50256561 -0.2266103  -0.19775488]
4527,[ 0.20479757  0.10659942 -0.10284508  0.13414758  0.37197592  0.08680956
 -0.04104654  0.64781874  0.34822973 -0.52984447 -0.04489704 -0.11628966
  0.17882608  0.43354826 -0.32604442  0.23289827 -0.10735489 -0.61990584
  0.10238556  0.14596388 -0.47003303  0.2047414   0.26081535 -0.64615745
 -0.01927733  0.38247104  0.02799605  0.03790668 -0.5520082   0.53579171
  0.55197141  0.56399474  0.6431797   0.233247   -0.16875919  0.57252447
 -0.1750042   0.41594941 -0.6152878   0.11985697  0.34379092 -0.62615147
 -0.00985014 -0.22918388  0.07039469 -0.2974821   0.2779546  -0.48702514
 -0.30124326 -0.82395749 -0.50256581 -0.22661023 -0.19775502]
4528,[ 0.20479808  0.10659963 -0.1028464   0.13414787  0.37197622  0.08680925
 -0.04104607  0.64781825  0.34822922 -0.52984426 -0.04489696 -0.1162891
  0.17882581  0.43354878 -0.32604444  0.23289871 -0.10735462 -0.61990567
  0.10238526  0.14596419 -0.47003308  0.20474113  0.26081526 -0.64615788
 -0.01927777  0.38247083  0.02799685  0.03790641 -0.55200856  0.53579244
  0.55197071  0.56399493  0.64318003  0.23324702 -0.16875892  0.57252455
 -0.17500449  0.41594922 -0.61528767  0.11985665  0.34379099 -0.62615093
 -0.00985076 -0.22918393  0.07039433 -0.29748221  0.27795499 -0.48702427
 -0.30124376 -0.82395743 -0.50256602 -0.22661015 -0.19775517]
4529,[ 0.2047986   0.10659984 -0.10284772  0.13414815  0.37197651  0.08680893
 -0.04104561  0.64781776  0.34822871 -0.52984405 -0.04489689 -0.11628855
  0.17882553  0.4335493  -0.32604445  0.23289914 -0.10735435 -0.61990551
  0.10238497  0.1459645  -0.47003312  0.20474085  0.26081516 -0.64615832
 -0.01927822  0.38247061  0.02799765  0.03790614 -0.55200891  0.53579317
  0.55197001  0.56399512  0.64318035  0.23324703 -0.16875865  0.57252463
 -0.17500479  0.41594902 -0.61528755  0.11985633  0.34379106 -0.62615039
 -0.00985138 -0.22918398  0.07039396 -0.29748232  0.27795538 -0.4870234
 -0.30124426 -0.82395737 -0.50256622 -0.22661008 -0.19775531]
4530,[ 0.20479911  0.10660004 -0.10284904  0.13414844  0.3719768   0.08680862
 -0.04104515  0.64781726  0.3482282  -0.52984383 -0.04489681 -0.116288
  0.17882526  0.43354982 -0.32604447  0.23289957 -0.10735407 -0.61990535
  0.10238468  0.1459648  -0.47003317  0.20474057  0.26081507 -0.64615875
 -0.01927867  0.3824704   0.02799845  0.03790587 -0.55200927  0.53579389
  0.55196931  0.56399531  0.64318067  0.23324704 -0.16875838  0.5725247
 -0.17500508  0.41594883 -0.61528742  0.11985602  0.34379113 -0.62614986
 -0.00985199 -0.22918403  0.0703936  -0.29748243  0.27795577 -0.48702252
 -0.30124476 -0.82395731 -0.50256642 -0.22661    -0.19775545]
4531,[ 0.20479963  0.10660025 -0.10285036  0.13414872  0.3719771   0.0868083
 -0.04104469  0.64781677  0.3482277  -0.52984362 -0.04489674 -0.11628745
  0.17882499  0.43355034 -0.32604449  0.23290001 -0.1073538  -0.61990518
  0.10238439  0.14596511 -0.47003321  0.2047403   0.26081498 -0.64615918
 -0.01927911  0.38247018  0.02799925  0.03790561 -0.55200962  0.53579462
  0.55196861  0.5639955   0.64318099  0.23324706 -0.16875811  0.57252478
 -0.17500538  0.41594863 -0.6152873   0.1198557   0.3437912  -0.62614932
 -0.00985261 -0.22918409  0.07039323 -0.29748254  0.27795616 -0.48702165
 -0.30124526 -0.82395725 -0.50256662 -0.22660992 -0.19775559]
4532,[ 0.20480014  0.10660046 -0.10285167  0.134149    0.37197739  0.08680799
 -0.04104423  0.64781628  0.34822719 -0.5298434  -0.04489666 -0.1162869
  0.17882472  0.43355086 -0.3260445   0.23290044 -0.10735352 -0.61990502
  0.1023841   0.14596542 -0.47003326  0.20474002  0.26081488 -0.64615962
 -0.01927956  0.38246997  0.02800005  0.03790534 -0.55200997  0.53579535
  0.55196791  0.56399569  0.64318131  0.23324707 -0.16875784  0.57252485
 -0.17500567  0.41594844 -0.61528717  0.11985538  0.34379127 -0.62614879
 -0.00985323 -0.22918414  0.07039287 -0.29748264  0.27795655 -0.48702078
 -0.30124575 -0.82395719 -0.50256683 -0.22660985 -0.19775574]
4533,[ 0.20480065  0.10660066 -0.10285298  0.13414929  0.37197768  0.08680767
 -0.04104377  0.64781579  0.34822668 -0.52984319 -0.04489659 -0.11628635
  0.17882445  0.43355138 -0.32604452  0.23290087 -0.10735325 -0.61990485
  0.10238381  0.14596573 -0.4700333   0.20473975  0.26081479 -0.64616005
 -0.01928     0.38246976  0.02800085  0.03790507 -0.55201032  0.53579607
  0.55196721  0.56399587  0.64318163  0.23324708 -0.16875757  0.57252493
 -0.17500597  0.41594824 -0.61528705  0.11985507  0.34379134 -0.62614825
 -0.00985384 -0.22918419  0.0703925  -0.29748275  0.27795694 -0.48701992
 -0.30124625 -0.82395713 -0.50256703 -0.22660977 -0.19775588]
4534,[ 0.20480116  0.10660087 -0.10285429  0.13414957  0.37197798  0.08680736
 -0.04104331  0.6478153   0.34822618 -0.52984298 -0.04489651 -0.1162858
  0.17882417  0.43355189 -0.32604453  0.2329013  -0.10735298 -0.61990469
  0.10238352  0.14596604 -0.47003335  0.20473948  0.2608147  -0.64616048
 -0.01928045  0.38246954  0.02800165  0.0379048  -0.55201068  0.53579679
  0.55196652  0.56399606  0.64318195  0.2332471  -0.1687573   0.57252501
 -0.17500626  0.41594805 -0.61528693  0.11985475  0.34379142 -0.62614772
 -0.00985446 -0.22918424  0.07039214 -0.29748286  0.27795733 -0.48701905
 -0.30124674 -0.82395707 -0.50256723 -0.2266097  -0.19775602]
4535,[ 0.20480167  0.10660108 -0.1028556   0.13414985  0.37197827  0.08680705
 -0.04104285  0.64781481  0.34822567 -0.52984277 -0.04489644 -0.11628525
  0.1788239   0.43355241 -0.32604455  0.23290173 -0.10735271 -0.61990453
  0.10238323  0.14596634 -0.47003339  0.2047392   0.26081461 -0.64616091
 -0.01928089  0.38246933  0.02800245  0.03790454 -0.55201103  0.53579752
  0.55196582  0.56399625  0.64318227  0.23324711 -0.16875703  0.57252508
 -0.17500655  0.41594785 -0.6152868   0.11985443  0.34379149 -0.62614719
 -0.00985507 -0.2291843   0.07039178 -0.29748297  0.27795772 -0.48701818
 -0.30124724 -0.82395701 -0.50256743 -0.22660962 -0.19775616]
4536,[ 0.20480218  0.10660128 -0.10285691  0.13415014  0.37197856  0.08680673
 -0.04104239  0.64781432  0.34822517 -0.52984255 -0.04489637 -0.1162847
  0.17882363  0.43355292 -0.32604456  0.23290216 -0.10735243 -0.61990436
  0.10238294  0.14596665 -0.47003344  0.20473893  0.26081452 -0.64616134
 -0.01928133  0.38246911  0.02800324  0.03790427 -0.55201138  0.53579824
  0.55196513  0.56399644  0.64318259  0.23324712 -0.16875676  0.57252516
 -0.17500685  0.41594766 -0.61528668  0.11985412  0.34379156 -0.62614665
 -0.00985569 -0.22918435  0.07039142 -0.29748307  0.2779581  -0.48701732
 -0.30124773 -0.82395695 -0.50256763 -0.22660955 -0.1977563 ]
4537,[ 0.20480269  0.10660149 -0.10285822  0.13415042  0.37197885  0.08680642
 -0.04104193  0.64781384  0.34822466 -0.52984234 -0.04489629 -0.11628415
  0.17882336  0.43355344 -0.32604458  0.23290259 -0.10735216 -0.6199042
  0.10238265  0.14596695 -0.47003348  0.20473865  0.26081442 -0.64616177
 -0.01928178  0.3824689   0.02800404  0.03790401 -0.55201173  0.53579896
  0.55196444  0.56399663  0.64318291  0.23324714 -0.16875649  0.57252523
 -0.17500714  0.41594746 -0.61528656  0.1198538   0.34379163 -0.62614612
 -0.0098563  -0.2291844   0.07039105 -0.29748318  0.27795849 -0.48701645
 -0.30124823 -0.82395689 -0.50256783 -0.22660947 -0.19775644]
4538,[ 0.2048032   0.10660169 -0.10285953  0.1341507   0.37197914  0.08680611
 -0.04104147  0.64781335  0.34822416 -0.52984213 -0.04489622 -0.11628361
  0.17882309  0.43355395 -0.3260446   0.23290302 -0.10735189 -0.61990404
  0.10238236  0.14596726 -0.47003352  0.20473838  0.26081433 -0.6461622
 -0.01928222  0.38246869  0.02800483  0.03790374 -0.55201208  0.53579968
  0.55196374  0.56399681  0.64318323  0.23324715 -0.16875622  0.57252531
 -0.17500743  0.41594727 -0.61528643  0.11985349  0.3437917  -0.62614559
 -0.00985691 -0.22918445  0.07039069 -0.29748329  0.27795888 -0.48701559
 -0.30124872 -0.82395683 -0.50256803 -0.2266094  -0.19775659]
4539,[ 0.20480371  0.1066019  -0.10286083  0.13415098  0.37197943  0.0868058
 -0.04104102  0.64781286  0.34822366 -0.52984192 -0.04489614 -0.11628306
  0.17882282  0.43355447 -0.32604461  0.23290345 -0.10735162 -0.61990388
  0.10238207  0.14596757 -0.47003357  0.20473811  0.26081424 -0.64616263
 -0.01928266  0.38246848  0.02800562  0.03790348 -0.55201243  0.5358004
  0.55196305  0.563997    0.64318354  0.23324716 -0.16875595  0.57252538
 -0.17500773  0.41594708 -0.61528631  0.11985317  0.34379177 -0.62614506
 -0.00985752 -0.22918451  0.07039033 -0.29748339  0.27795927 -0.48701472
 -0.30124922 -0.82395677 -0.50256823 -0.22660932 -0.19775673]
4540,[ 0.20480422  0.1066021  -0.10286213  0.13415126  0.37197972  0.08680549
 -0.04104056  0.64781237  0.34822315 -0.5298417  -0.04489607 -0.11628251
  0.17882255  0.43355498 -0.32604463  0.23290387 -0.10735135 -0.61990371
  0.10238178  0.14596787 -0.47003361  0.20473784  0.26081415 -0.64616306
 -0.0192831   0.38246826  0.02800642  0.03790321 -0.55201278  0.53580112
  0.55196236  0.56399719  0.64318386  0.23324717 -0.16875568  0.57252546
 -0.17500802  0.41594688 -0.61528619  0.11985286  0.34379184 -0.62614453
 -0.00985813 -0.22918456  0.07038997 -0.2974835   0.27795965 -0.48701386
 -0.30124971 -0.82395671 -0.50256843 -0.22660925 -0.19775687]
4541,[ 0.20480473  0.1066023  -0.10286343  0.13415154  0.37198001  0.08680517
 -0.0410401   0.64781189  0.34822265 -0.52984149 -0.044896   -0.11628197
  0.17882229  0.43355549 -0.32604464  0.2329043  -0.10735108 -0.61990355
  0.10238149  0.14596818 -0.47003366  0.20473756  0.26081406 -0.64616349
 -0.01928354  0.38246805  0.02800721  0.03790295 -0.55201313  0.53580183
  0.55196167  0.56399737  0.64318418  0.23324719 -0.16875541  0.57252553
 -0.17500831  0.41594669 -0.61528606  0.11985255  0.34379191 -0.626144
 -0.00985874 -0.22918461  0.07038961 -0.29748361  0.27796004 -0.487013
 -0.3012502  -0.82395665 -0.50256863 -0.22660918 -0.19775701]
4542,[ 0.20480524  0.10660251 -0.10286473  0.13415182  0.3719803   0.08680486
 -0.04103965  0.6478114   0.34822215 -0.52984128 -0.04489592 -0.11628142
  0.17882202  0.433556   -0.32604466  0.23290473 -0.10735081 -0.61990339
  0.10238121  0.14596848 -0.4700337   0.20473729  0.26081396 -0.64616392
 -0.01928398  0.38246784  0.028008    0.03790268 -0.55201348  0.53580255
  0.55196098  0.56399756  0.6431845   0.2332472  -0.16875515  0.57252561
 -0.1750086   0.4159465  -0.61528594  0.11985223  0.34379198 -0.62614347
 -0.00985935 -0.22918466  0.07038925 -0.29748371  0.27796042 -0.48701214
 -0.30125069 -0.82395659 -0.50256883 -0.2266091  -0.19775715]
4543,[ 0.20480574  0.10660271 -0.10286603  0.13415211  0.37198059  0.08680455
 -0.04103919  0.64781092  0.34822165 -0.52984107 -0.04489585 -0.11628088
  0.17882175  0.43355651 -0.32604467  0.23290515 -0.10735054 -0.61990323
  0.10238092  0.14596878 -0.47003375  0.20473702  0.26081387 -0.64616435
 -0.01928442  0.38246763  0.02800879  0.03790242 -0.55201383  0.53580327
  0.55196029  0.56399775  0.64318481  0.23324721 -0.16875488  0.57252569
 -0.17500889  0.4159463  -0.61528582  0.11985192  0.34379205 -0.62614294
 -0.00985996 -0.22918471  0.07038889 -0.29748382  0.27796081 -0.48701128
 -0.30125118 -0.82395653 -0.50256903 -0.22660903 -0.19775729]
4544,[ 0.20480625  0.10660292 -0.10286733  0.13415239  0.37198088  0.08680424
 -0.04103874  0.64781043  0.34822115 -0.52984086 -0.04489578 -0.11628033
  0.17882148  0.43355702 -0.32604469  0.23290558 -0.10735027 -0.61990307
  0.10238063  0.14596909 -0.47003379  0.20473675  0.26081378 -0.64616477
 -0.01928486  0.38246742  0.02800958  0.03790215 -0.55201418  0.53580398
  0.5519596   0.56399793  0.64318513  0.23324723 -0.16875461  0.57252576
 -0.17500918  0.41594611 -0.6152857   0.11985161  0.34379212 -0.62614241
 -0.00986057 -0.22918476  0.07038853 -0.29748392  0.27796119 -0.48701043
 -0.30125167 -0.82395647 -0.50256923 -0.22660895 -0.19775743]
4545,[ 0.20480675  0.10660312 -0.10286862  0.13415267  0.37198117  0.08680393
 -0.04103829  0.64780995  0.34822065 -0.52984065 -0.0448957  -0.11627979
  0.17882121  0.43355753 -0.32604471  0.23290601 -0.10735    -0.6199029
  0.10238034  0.14596939 -0.47003384  0.20473648  0.26081369 -0.6461652
 -0.0192853   0.38246721  0.02801036  0.03790189 -0.55201453  0.5358047
  0.55195892  0.56399812  0.64318545  0.23324724 -0.16875435  0.57252584
 -0.17500947  0.41594592 -0.61528558  0.11985129  0.34379219 -0.62614189
 -0.00986118 -0.22918482  0.07038817 -0.29748403  0.27796158 -0.48700957
 -0.30125216 -0.82395641 -0.50256943 -0.22660888 -0.19775757]
4546,[ 0.20480726  0.10660332 -0.10286992  0.13415294  0.37198146  0.08680362
 -0.04103783  0.64780946  0.34822015 -0.52984044 -0.04489563 -0.11627925
  0.17882095  0.43355804 -0.32604472  0.23290643 -0.10734973 -0.61990274
  0.10238006  0.14596969 -0.47003388  0.20473621  0.2608136  -0.64616562
 -0.01928574  0.38246699  0.02801115  0.03790163 -0.55201487  0.53580541
  0.55195823  0.5639983   0.64318576  0.23324725 -0.16875408  0.57252591
 -0.17500976  0.41594573 -0.61528545  0.11985098  0.34379226 -0.62614136
 -0.00986178 -0.22918487  0.07038781 -0.29748414  0.27796196 -0.48700871
 -0.30125265 -0.82395635 -0.50256963 -0.2266088  -0.19775771]
4547,[ 0.20480776  0.10660353 -0.10287121  0.13415322  0.37198175  0.08680331
 -0.04103738  0.64780898  0.34821965 -0.52984023 -0.04489556 -0.11627871
  0.17882068  0.43355855 -0.32604474  0.23290686 -0.10734946 -0.61990258
  0.10237977  0.14597    -0.47003392  0.20473594  0.26081351 -0.64616605
 -0.01928618  0.38246678  0.02801194  0.03790137 -0.55201522  0.53580612
  0.55195754  0.56399849  0.64318608  0.23324727 -0.16875381  0.57252598
 -0.17501005  0.41594554 -0.61528533  0.11985067  0.34379233 -0.62614083
 -0.00986239 -0.22918492  0.07038745 -0.29748424  0.27796234 -0.48700786
 -0.30125314 -0.82395629 -0.50256983 -0.22660873 -0.19775785]
4548,[ 0.20480827  0.10660373 -0.1028725   0.1341535   0.37198204  0.08680301
 -0.04103693  0.6478085   0.34821915 -0.52984002 -0.04489548 -0.11627817
  0.17882041  0.43355906 -0.32604475  0.23290728 -0.10734919 -0.61990242
  0.10237949  0.1459703  -0.47003397  0.20473567  0.26081342 -0.64616648
 -0.01928661  0.38246657  0.02801272  0.0379011  -0.55201557  0.53580683
  0.55195686  0.56399867  0.64318639  0.23324728 -0.16875355  0.57252606
 -0.17501034  0.41594534 -0.61528521  0.11985036  0.3437924  -0.62614031
 -0.00986299 -0.22918497  0.0703871  -0.29748435  0.27796273 -0.487007
 -0.30125363 -0.82395623 -0.50257002 -0.22660866 -0.19775799]
4549,[ 0.20480877  0.10660393 -0.10287379  0.13415378  0.37198232  0.0868027
 -0.04103648  0.64780802  0.34821865 -0.52983981 -0.04489541 -0.11627763
  0.17882014  0.43355957 -0.32604477  0.2329077  -0.10734892 -0.61990226
  0.1023792   0.1459706  -0.47003401  0.2047354   0.26081333 -0.6461669
 -0.01928705  0.38246636  0.02801351  0.03790084 -0.55201591  0.53580754
  0.55195617  0.56399886  0.64318671  0.23324729 -0.16875328  0.57252613
 -0.17501063  0.41594515 -0.61528509  0.11985005  0.34379247 -0.62613978
 -0.0098636  -0.22918502  0.07038674 -0.29748445  0.27796311 -0.48700615
 -0.30125412 -0.82395617 -0.50257022 -0.22660858 -0.19775813]
4550,[ 0.20480927  0.10660413 -0.10287508  0.13415406  0.37198261  0.08680239
 -0.04103602  0.64780754  0.34821816 -0.5298396  -0.04489534 -0.11627709
  0.17881988  0.43356008 -0.32604478  0.23290813 -0.10734865 -0.6199021
  0.10237892  0.1459709  -0.47003406  0.20473513  0.26081323 -0.64616732
 -0.01928749  0.38246615  0.02801429  0.03790058 -0.55201626  0.53580826
  0.55195549  0.56399904  0.64318702  0.23324731 -0.16875302  0.57252621
 -0.17501092  0.41594496 -0.61528497  0.11984974  0.34379254 -0.62613926
 -0.0098642  -0.22918507  0.07038638 -0.29748456  0.27796349 -0.4870053
 -0.3012546  -0.82395611 -0.50257042 -0.22660851 -0.19775827]
4551,[ 0.20480977  0.10660434 -0.10287636  0.13415434  0.3719829   0.08680208
 -0.04103557  0.64780706  0.34821766 -0.52983939 -0.04489527 -0.11627655
  0.17881961  0.43356058 -0.3260448   0.23290855 -0.10734838 -0.61990194
  0.10237863  0.1459712  -0.4700341   0.20473486  0.26081314 -0.64616775
 -0.01928792  0.38246594  0.02801507  0.03790032 -0.5520166   0.53580896
  0.55195481  0.56399923  0.64318733  0.23324732 -0.16875275  0.57252628
 -0.17501121  0.41594477 -0.61528484  0.11984943  0.34379261 -0.62613874
 -0.00986481 -0.22918513  0.07038603 -0.29748466  0.27796387 -0.48700445
 -0.30125509 -0.82395605 -0.50257062 -0.22660843 -0.19775841]
4552,[ 0.20481028  0.10660454 -0.10287765  0.13415461  0.37198318  0.08680178
 -0.04103512  0.64780658  0.34821717 -0.52983918 -0.04489519 -0.11627601
  0.17881935  0.43356109 -0.32604482  0.23290897 -0.10734812 -0.61990178
  0.10237835  0.14597151 -0.47003414  0.20473459  0.26081305 -0.64616817
 -0.01928836  0.38246573  0.02801585  0.03790006 -0.55201695  0.53580967
  0.55195413  0.56399941  0.64318765  0.23324733 -0.16875249  0.57252636
 -0.1750115   0.41594458 -0.61528472  0.11984912  0.34379268 -0.62613821
 -0.00986541 -0.22918518  0.07038567 -0.29748477  0.27796425 -0.4870036
 -0.30125558 -0.82395599 -0.50257082 -0.22660836 -0.19775855]
4553,[ 0.20481078  0.10660474 -0.10287893  0.13415489  0.37198347  0.08680147
 -0.04103467  0.6478061   0.34821667 -0.52983897 -0.04489512 -0.11627547
  0.17881908  0.43356159 -0.32604483  0.23290939 -0.10734785 -0.61990162
  0.10237806  0.14597181 -0.47003419  0.20473432  0.26081296 -0.64616859
 -0.01928879  0.38246553  0.02801663  0.0378998  -0.55201729  0.53581038
  0.55195344  0.5639996   0.64318796  0.23324734 -0.16875222  0.57252643
 -0.17501179  0.41594439 -0.6152846   0.11984881  0.34379275 -0.62613769
 -0.00986601 -0.22918523  0.07038531 -0.29748487  0.27796463 -0.48700275
 -0.30125606 -0.82395594 -0.50257101 -0.22660829 -0.19775869]
4554,[ 0.20481128  0.10660494 -0.10288021  0.13415517  0.37198376  0.08680116
 -0.04103422  0.64780562  0.34821618 -0.52983877 -0.04489505 -0.11627493
  0.17881882  0.4335621  -0.32604485  0.23290981 -0.10734758 -0.61990146
  0.10237778  0.14597211 -0.47003423  0.20473405  0.26081287 -0.64616902
 -0.01928923  0.38246532  0.02801741  0.03789953 -0.55201764  0.53581109
  0.55195276  0.56399978  0.64318827  0.23324736 -0.16875196  0.57252651
 -0.17501207  0.4159442  -0.61528448  0.1198485   0.34379282 -0.62613717
 -0.00986661 -0.22918528  0.07038496 -0.29748498  0.27796501 -0.4870019
 -0.30125655 -0.82395588 -0.50257121 -0.22660821 -0.19775882]
4555,[ 0.20481178  0.10660514 -0.10288149  0.13415545  0.37198404  0.08680086
 -0.04103377  0.64780514  0.34821568 -0.52983856 -0.04489498 -0.1162744
  0.17881855  0.4335626  -0.32604486  0.23291023 -0.10734732 -0.6199013
  0.10237749  0.14597241 -0.47003427  0.20473379  0.26081278 -0.64616944
 -0.01928966  0.38246511  0.02801819  0.03789927 -0.55201798  0.53581179
  0.55195208  0.56399996  0.64318859  0.23324737 -0.1687517   0.57252658
 -0.17501236  0.41594401 -0.61528436  0.11984819  0.34379289 -0.62613665
 -0.00986721 -0.22918533  0.0703846  -0.29748508  0.27796539 -0.48700105
 -0.30125703 -0.82395582 -0.50257141 -0.22660814 -0.19775896]
4556,[ 0.20481228  0.10660534 -0.10288277  0.13415572  0.37198433  0.08680055
 -0.04103333  0.64780466  0.34821519 -0.52983835 -0.0448949  -0.11627386
  0.17881829  0.43356311 -0.32604488  0.23291065 -0.10734705 -0.61990114
  0.10237721  0.14597271 -0.47003432  0.20473352  0.26081269 -0.64616986
 -0.01929009  0.3824649   0.02801897  0.03789901 -0.55201833  0.5358125
  0.55195141  0.56400015  0.6431889   0.23324738 -0.16875143  0.57252665
 -0.17501265  0.41594382 -0.61528424  0.11984788  0.34379296 -0.62613613
 -0.00986781 -0.22918538  0.07038425 -0.29748519  0.27796577 -0.48700021
 -0.30125751 -0.82395576 -0.5025716  -0.22660807 -0.1977591 ]
4557,[ 0.20481277  0.10660554 -0.10288405  0.134156    0.37198461  0.08680024
 -0.04103288  0.64780418  0.34821469 -0.52983814 -0.04489483 -0.11627332
  0.17881802  0.43356361 -0.32604489  0.23291107 -0.10734678 -0.61990098
  0.10237693  0.14597301 -0.47003436  0.20473325  0.2608126  -0.64617028
 -0.01929052  0.38246469  0.02801975  0.03789875 -0.55201867  0.53581321
  0.55195073  0.56400033  0.64318921  0.2332474  -0.16875117  0.57252673
 -0.17501293  0.41594363 -0.61528412  0.11984757  0.34379302 -0.62613561
 -0.00986841 -0.22918543  0.0703839  -0.29748529  0.27796615 -0.48699936
 -0.301258   -0.8239557  -0.5025718  -0.22660799 -0.19775924]
4558,[ 0.20481327  0.10660574 -0.10288533  0.13415627  0.3719849   0.08679994
 -0.04103243  0.64780371  0.3482142  -0.52983794 -0.04489476 -0.11627279
  0.17881776  0.43356411 -0.32604491  0.23291149 -0.10734652 -0.61990082
  0.10237665  0.1459733  -0.47003441  0.20473298  0.26081251 -0.6461707
 -0.01929096  0.38246448  0.02802052  0.03789849 -0.55201901  0.53581391
  0.55195005  0.56400051  0.64318952  0.23324741 -0.16875091  0.5725268
 -0.17501322  0.41594344 -0.615284    0.11984727  0.34379309 -0.62613509
 -0.00986901 -0.22918548  0.07038354 -0.2974854   0.27796653 -0.48699852
 -0.30125848 -0.82395564 -0.502572   -0.22660792 -0.19775938]
4559,[ 0.20481377  0.10660594 -0.1028866   0.13415655  0.37198518  0.08679963
 -0.04103198  0.64780323  0.34821371 -0.52983773 -0.04489469 -0.11627226
  0.1788175   0.43356462 -0.32604492  0.23291191 -0.10734625 -0.61990066
  0.10237636  0.1459736  -0.47003445  0.20473272  0.26081242 -0.64617112
 -0.01929139  0.38246427  0.0280213   0.03789824 -0.55201935  0.53581461
  0.55194937  0.5640007   0.64318983  0.23324742 -0.16875065  0.57252688
 -0.17501351  0.41594325 -0.61528388  0.11984696  0.34379316 -0.62613457
 -0.00986961 -0.22918554  0.07038319 -0.2974855   0.27796691 -0.48699767
 -0.30125896 -0.82395558 -0.50257219 -0.22660785 -0.19775952]
4560,[ 0.20481427  0.10660614 -0.10288788  0.13415682  0.37198546  0.08679933
 -0.04103154  0.64780275  0.34821322 -0.52983752 -0.04489461 -0.11627172
  0.17881723  0.43356512 -0.32604494  0.23291233 -0.10734599 -0.6199005
  0.10237608  0.1459739  -0.47003449  0.20473245  0.26081233 -0.64617154
 -0.01929182  0.38246407  0.02802207  0.03789798 -0.5520197   0.53581531
  0.5519487   0.56400088  0.64319014  0.23324744 -0.16875038  0.57252695
 -0.17501379  0.41594306 -0.61528376  0.11984665  0.34379323 -0.62613405
 -0.00987021 -0.22918559  0.07038284 -0.2974856   0.27796728 -0.48699683
 -0.30125944 -0.82395553 -0.50257239 -0.22660778 -0.19775965]
4561,[ 0.20481476  0.10660634 -0.10288915  0.1341571   0.37198575  0.08679903
 -0.04103109  0.64780228  0.34821273 -0.52983731 -0.04489454 -0.11627119
  0.17881697  0.43356562 -0.32604495  0.23291275 -0.10734572 -0.61990034
  0.1023758   0.1459742  -0.47003454  0.20473219  0.26081224 -0.64617196
 -0.01929225  0.38246386  0.02802285  0.03789772 -0.55202004  0.53581602
  0.55194802  0.56400106  0.64319045  0.23324745 -0.16875012  0.57252702
 -0.17501408  0.41594287 -0.61528364  0.11984634  0.3437933  -0.62613353
 -0.0098708  -0.22918564  0.07038248 -0.29748571  0.27796766 -0.48699599
 -0.30125992 -0.82395547 -0.50257258 -0.2266077  -0.19775979]
4562,[ 0.20481526  0.10660654 -0.10289042  0.13415737  0.37198603  0.08679872
 -0.04103065  0.6478018   0.34821224 -0.52983711 -0.04489447 -0.11627066
  0.17881671  0.43356612 -0.32604497  0.23291317 -0.10734546 -0.61990019
  0.10237552  0.1459745  -0.47003458  0.20473192  0.26081215 -0.64617238
 -0.01929268  0.38246365  0.02802362  0.03789746 -0.55202038  0.53581672
  0.55194735  0.56400124  0.64319076  0.23324746 -0.16874986  0.5725271
 -0.17501436  0.41594268 -0.61528352  0.11984604  0.34379337 -0.62613301
 -0.0098714  -0.22918569  0.07038213 -0.29748581  0.27796804 -0.48699515
 -0.30126041 -0.82395541 -0.50257278 -0.22660763 -0.19775993]
4563,[ 0.20481575  0.10660674 -0.10289169  0.13415765  0.37198631  0.08679842
 -0.0410302   0.64780133  0.34821175 -0.5298369  -0.0448944  -0.11627012
  0.17881644  0.43356662 -0.32604498  0.23291358 -0.1073452  -0.61990003
  0.10237524  0.14597479 -0.47003462  0.20473165  0.26081206 -0.64617279
 -0.01929311  0.38246345  0.02802439  0.0378972  -0.55202072  0.53581742
  0.55194668  0.56400142  0.64319107  0.23324747 -0.1687496   0.57252717
 -0.17501465  0.41594249 -0.6152834   0.11984573  0.34379344 -0.6261325
 -0.00987199 -0.22918574  0.07038178 -0.29748592  0.27796841 -0.48699431
 -0.30126089 -0.82395535 -0.50257297 -0.22660756 -0.19776007]
4564,[ 0.20481625  0.10660694 -0.10289296  0.13415792  0.3719866   0.08679811
 -0.04102976  0.64780086  0.34821126 -0.5298367  -0.04489433 -0.11626959
  0.17881618  0.43356712 -0.326045    0.232914   -0.10734493 -0.61989987
  0.10237496  0.14597509 -0.47003467  0.20473139  0.26081197 -0.64617321
 -0.01929354  0.38246324  0.02802516  0.03789694 -0.55202106  0.53581812
  0.551946    0.56400161  0.64319138  0.23324749 -0.16874934  0.57252724
 -0.17501493  0.41594231 -0.61528328  0.11984543  0.34379351 -0.62613198
 -0.00987259 -0.22918579  0.07038143 -0.29748602  0.27796879 -0.48699347
 -0.30126136 -0.82395529 -0.50257317 -0.22660748 -0.1977602 ]
4565,[ 0.20481674  0.10660714 -0.10289422  0.13415819  0.37198688  0.08679781
 -0.04102931  0.64780038  0.34821077 -0.52983649 -0.04489425 -0.11626906
  0.17881592  0.43356762 -0.32604502  0.23291441 -0.10734467 -0.61989971
  0.10237468  0.14597539 -0.47003471  0.20473112  0.26081188 -0.64617363
 -0.01929397  0.38246303  0.02802593  0.03789669 -0.5520214   0.53581882
  0.55194533  0.56400179  0.64319169  0.2332475  -0.16874908  0.57252732
 -0.17501521  0.41594212 -0.61528316  0.11984512  0.34379357 -0.62613147
 -0.00987318 -0.22918584  0.07038108 -0.29748612  0.27796916 -0.48699263
 -0.30126184 -0.82395523 -0.50257336 -0.22660741 -0.19776034]
4566,[ 0.20481724  0.10660734 -0.10289549  0.13415847  0.37198716  0.08679751
 -0.04102887  0.64779991  0.34821028 -0.52983628 -0.04489418 -0.11626853
  0.17881566  0.43356811 -0.32604503  0.23291483 -0.1073444  -0.61989955
  0.1023744   0.14597568 -0.47003475  0.20473086  0.2608118  -0.64617404
 -0.0192944   0.38246283  0.0280267   0.03789643 -0.55202174  0.53581951
  0.55194466  0.56400197  0.643192    0.23324751 -0.16874882  0.57252739
 -0.1750155   0.41594193 -0.61528304  0.11984482  0.34379364 -0.62613095
 -0.00987378 -0.22918589  0.07038073 -0.29748623  0.27796954 -0.4869918
 -0.30126232 -0.82395518 -0.50257356 -0.22660734 -0.19776048]
4567,[ 0.20481773  0.10660754 -0.10289675  0.13415874  0.37198744  0.08679721
 -0.04102843  0.64779944  0.34820979 -0.52983608 -0.04489411 -0.116268
  0.1788154   0.43356861 -0.32604505  0.23291524 -0.10734414 -0.6198994
  0.10237412  0.14597598 -0.4700348   0.2047306   0.26081171 -0.64617446
 -0.01929483  0.38246262  0.02802747  0.03789617 -0.55202208  0.53582021
  0.55194399  0.56400215  0.64319231  0.23324753 -0.16874856  0.57252746
 -0.17501578  0.41594174 -0.61528292  0.11984451  0.34379371 -0.62613044
 -0.00987437 -0.22918594  0.07038038 -0.29748633  0.27796991 -0.48699096
 -0.3012628  -0.82395512 -0.50257375 -0.22660727 -0.19776061]
4568,[ 0.20481822  0.10660773 -0.10289801  0.13415901  0.37198772  0.08679691
 -0.04102799  0.64779897  0.34820931 -0.52983587 -0.04489404 -0.11626747
  0.17881514  0.43356911 -0.32604506  0.23291566 -0.10734388 -0.61989924
  0.10237384  0.14597628 -0.47003484  0.20473033  0.26081162 -0.64617488
 -0.01929525  0.38246242  0.02802824  0.03789592 -0.55202242  0.53582091
  0.55194332  0.56400233  0.64319262  0.23324754 -0.1687483   0.57252754
 -0.17501606  0.41594156 -0.6152828   0.11984421  0.34379378 -0.62612992
 -0.00987496 -0.22918599  0.07038003 -0.29748643  0.27797029 -0.48699013
 -0.30126328 -0.82395506 -0.50257394 -0.22660719 -0.19776075]
4569,[ 0.20481871  0.10660793 -0.10289927  0.13415929  0.37198801  0.0867966
 -0.04102754  0.6477985   0.34820882 -0.52983567 -0.04489397 -0.11626694
  0.17881488  0.43356961 -0.32604508  0.23291607 -0.10734362 -0.61989908
  0.10237356  0.14597657 -0.47003488  0.20473007  0.26081153 -0.64617529
 -0.01929568  0.38246221  0.02802901  0.03789566 -0.55202276  0.5358216
  0.55194265  0.56400251  0.64319292  0.23324755 -0.16874804  0.57252761
 -0.17501635  0.41594137 -0.61528268  0.1198439   0.34379385 -0.62612941
 -0.00987555 -0.22918604  0.07037968 -0.29748654  0.27797066 -0.48698929
 -0.30126375 -0.823955   -0.50257414 -0.22660712 -0.19776089]
4570,[ 0.20481921  0.10660813 -0.10290053  0.13415956  0.37198829  0.0867963
 -0.0410271   0.64779803  0.34820834 -0.52983546 -0.0448939  -0.11626642
  0.17881462  0.4335701  -0.32604509  0.23291649 -0.10734335 -0.61989892
  0.10237328  0.14597687 -0.47003492  0.2047298   0.26081144 -0.64617571
 -0.01929611  0.382462    0.02802977  0.0378954  -0.5520231   0.5358223
  0.55194198  0.56400269  0.64319323  0.23324756 -0.16874778  0.57252768
 -0.17501663  0.41594118 -0.61528256  0.1198436   0.34379392 -0.6261289
 -0.00987614 -0.22918609  0.07037933 -0.29748664  0.27797104 -0.48698846
 -0.30126423 -0.82395495 -0.50257433 -0.22660705 -0.19776102]
4571,[ 0.2048197   0.10660833 -0.10290179  0.13415983  0.37198857  0.086796
 -0.04102666  0.64779756  0.34820785 -0.52983526 -0.04489383 -0.11626589
  0.17881436  0.4335706  -0.32604511  0.2329169  -0.10734309 -0.61989877
  0.102373    0.14597716 -0.47003497  0.20472954  0.26081135 -0.64617612
 -0.01929653  0.3824618   0.02803054  0.03789515 -0.55202343  0.53582299
  0.55194131  0.56400287  0.64319354  0.23324758 -0.16874752  0.57252775
 -0.17501691  0.41594099 -0.61528245  0.1198433   0.34379398 -0.62612839
 -0.00987673 -0.22918614  0.07037898 -0.29748674  0.27797141 -0.48698763
 -0.30126471 -0.82395489 -0.50257452 -0.22660698 -0.19776116]
4572,[ 0.20482019  0.10660853 -0.10290305  0.1341601   0.37198885  0.0867957
 -0.04102622  0.64779709  0.34820737 -0.52983506 -0.04489376 -0.11626536
  0.1788141   0.43357109 -0.32604512  0.23291731 -0.10734283 -0.61989861
  0.10237272  0.14597745 -0.47003501  0.20472928  0.26081126 -0.64617653
 -0.01929696  0.38246159  0.0280313   0.03789489 -0.55202377  0.53582368
  0.55194065  0.56400305  0.64319384  0.23324759 -0.16874726  0.57252783
 -0.17501719  0.41594081 -0.61528233  0.11984299  0.34379405 -0.62612787
 -0.00987732 -0.22918619  0.07037863 -0.29748684  0.27797178 -0.4869868
 -0.30126518 -0.82395483 -0.50257472 -0.22660691 -0.19776129]
4573,[ 0.20482068  0.10660872 -0.1029043   0.13416037  0.37198913  0.0867954
 -0.04102578  0.64779662  0.34820688 -0.52983485 -0.04489368 -0.11626484
  0.17881384  0.43357159 -0.32604514  0.23291773 -0.10734257 -0.61989845
  0.10237244  0.14597775 -0.47003505  0.20472902  0.26081117 -0.64617695
 -0.01929738  0.38246139  0.02803206  0.03789464 -0.55202411  0.53582437
  0.55193998  0.56400323  0.64319415  0.2332476  -0.168747    0.5725279
 -0.17501747  0.41594062 -0.61528221  0.11984269  0.34379412 -0.62612736
 -0.00987791 -0.22918624  0.07037828 -0.29748695  0.27797215 -0.48698597
 -0.30126565 -0.82395477 -0.50257491 -0.22660683 -0.19776143]
4574,[ 0.20482117  0.10660892 -0.10290556  0.13416064  0.37198941  0.0867951
 -0.04102534  0.64779615  0.3482064  -0.52983465 -0.04489361 -0.11626431
  0.17881358  0.43357208 -0.32604515  0.23291814 -0.10734231 -0.6198983
  0.10237217  0.14597804 -0.4700351   0.20472875  0.26081109 -0.64617736
 -0.01929781  0.38246119  0.02803283  0.03789438 -0.55202445  0.53582507
  0.55193932  0.56400341  0.64319446  0.23324761 -0.16874674  0.57252797
 -0.17501776  0.41594044 -0.61528209  0.11984239  0.34379419 -0.62612685
 -0.0098785  -0.22918629  0.07037794 -0.29748705  0.27797252 -0.48698514
 -0.30126613 -0.82395472 -0.5025751  -0.22660676 -0.19776157]
4575,[ 0.20482165  0.10660912 -0.10290681  0.13416091  0.37198969  0.0867948
 -0.0410249   0.64779568  0.34820591 -0.52983444 -0.04489354 -0.11626379
  0.17881332  0.43357257 -0.32604517  0.23291855 -0.10734205 -0.61989814
  0.10237189  0.14597834 -0.47003514  0.20472849  0.260811   -0.64617777
 -0.01929823  0.38246098  0.02803359  0.03789413 -0.55202478  0.53582576
  0.55193865  0.56400359  0.64319476  0.23324763 -0.16874649  0.57252804
 -0.17501804  0.41594025 -0.61528197  0.11984209  0.34379425 -0.62612634
 -0.00987908 -0.22918634  0.07037759 -0.29748715  0.2779729  -0.48698431
 -0.3012666  -0.82395466 -0.5025753  -0.22660669 -0.1977617 ]
4576,[ 0.20482214  0.10660931 -0.10290806  0.13416118  0.37198997  0.0867945
 -0.04102446  0.64779521  0.34820543 -0.52983424 -0.04489347 -0.11626326
  0.17881306  0.43357307 -0.32604518  0.23291896 -0.10734179 -0.61989799
  0.10237161  0.14597863 -0.47003518  0.20472823  0.26081091 -0.64617818
 -0.01929866  0.38246078  0.02803435  0.03789387 -0.55202512  0.53582645
  0.55193799  0.56400377  0.64319507  0.23324764 -0.16874623  0.57252812
 -0.17501832  0.41594006 -0.61528185  0.11984178  0.34379432 -0.62612583
 -0.00987967 -0.22918639  0.07037724 -0.29748725  0.27797327 -0.48698348
 -0.30126708 -0.8239546  -0.50257549 -0.22660662 -0.19776184]
4577,[ 0.20482263  0.10660951 -0.10290931  0.13416145  0.37199024  0.08679421
 -0.04102403  0.64779475  0.34820495 -0.52983404 -0.0448934  -0.11626274
  0.1788128   0.43357356 -0.3260452   0.23291937 -0.10734153 -0.61989783
  0.10237134  0.14597892 -0.47003522  0.20472797  0.26081082 -0.64617859
 -0.01929908  0.38246057  0.02803511  0.03789362 -0.55202545  0.53582714
  0.55193733  0.56400395  0.64319537  0.23324765 -0.16874597  0.57252819
 -0.1750186   0.41593988 -0.61528174  0.11984148  0.34379439 -0.62612533
 -0.00988026 -0.22918644  0.0703769  -0.29748736  0.27797364 -0.48698265
 -0.30126755 -0.82395454 -0.50257568 -0.22660655 -0.19776197]
4578,[ 0.20482312  0.1066097  -0.10291056  0.13416172  0.37199052  0.08679391
 -0.04102359  0.64779428  0.34820447 -0.52983384 -0.04489333 -0.11626222
  0.17881254  0.43357405 -0.32604521  0.23291978 -0.10734127 -0.61989767
  0.10237106  0.14597921 -0.47003527  0.20472771  0.26081073 -0.64617901
 -0.0192995   0.38246037  0.02803587  0.03789336 -0.55202579  0.53582782
  0.55193666  0.56400413  0.64319567  0.23324767 -0.16874571  0.57252826
 -0.17501888  0.41593969 -0.61528162  0.11984118  0.34379446 -0.62612482
 -0.00988084 -0.22918649  0.07037655 -0.29748746  0.27797401 -0.48698183
 -0.30126802 -0.82395449 -0.50257587 -0.22660648 -0.19776211]
4579,[ 0.2048236   0.1066099  -0.1029118   0.13416199  0.3719908   0.08679361
 -0.04102315  0.64779381  0.34820399 -0.52983363 -0.04489326 -0.11626169
  0.17881229  0.43357454 -0.32604523  0.23292019 -0.10734101 -0.61989752
  0.10237078  0.14597951 -0.47003531  0.20472745  0.26081064 -0.64617942
 -0.01929992  0.38246017  0.02803663  0.03789311 -0.55202612  0.53582851
  0.551936    0.56400431  0.64319598  0.23324768 -0.16874546  0.57252833
 -0.17501916  0.41593951 -0.6152815   0.11984088  0.34379452 -0.62612431
 -0.00988143 -0.22918654  0.07037621 -0.29748756  0.27797438 -0.486981
 -0.30126849 -0.82395443 -0.50257606 -0.2266064  -0.19776224]
4580,[ 0.20482409  0.1066101  -0.10291305  0.13416226  0.37199108  0.08679331
 -0.04102272  0.64779335  0.34820351 -0.52983343 -0.04489319 -0.11626117
  0.17881203  0.43357503 -0.32604524  0.2329206  -0.10734075 -0.61989736
  0.10237051  0.1459798  -0.47003535  0.20472719  0.26081056 -0.64617983
 -0.01930035  0.38245996  0.02803738  0.03789286 -0.55202646  0.5358292
  0.55193534  0.56400449  0.64319628  0.23324769 -0.1687452   0.5725284
 -0.17501944  0.41593932 -0.61528138  0.11984058  0.34379459 -0.6261238
 -0.00988201 -0.22918659  0.07037586 -0.29748766  0.27797474 -0.48698018
 -0.30126896 -0.82395437 -0.50257625 -0.22660633 -0.19776238]
4581,[ 0.20482457  0.10661029 -0.10291429  0.13416253  0.37199135  0.08679301
 -0.04102228  0.64779288  0.34820303 -0.52983323 -0.04489312 -0.11626065
  0.17881177  0.43357552 -0.32604526  0.23292101 -0.10734049 -0.61989721
  0.10237023  0.14598009 -0.47003539  0.20472693  0.26081047 -0.64618024
 -0.01930077  0.38245976  0.02803814  0.03789261 -0.55202679  0.53582988
  0.55193468  0.56400467  0.64319659  0.2332477  -0.16874495  0.57252848
 -0.17501971  0.41593914 -0.61528127  0.11984028  0.34379466 -0.6261233
 -0.00988259 -0.22918664  0.07037552 -0.29748776  0.27797511 -0.48697936
 -0.30126943 -0.82395431 -0.50257644 -0.22660626 -0.19776251]
4582,[ 0.20482506  0.10661049 -0.10291553  0.1341628   0.37199163  0.08679272
 -0.04102185  0.64779242  0.34820255 -0.52983303 -0.04489305 -0.11626013
  0.17881151  0.43357601 -0.32604527  0.23292141 -0.10734023 -0.61989705
  0.10236996  0.14598038 -0.47003544  0.20472667  0.26081038 -0.64618064
 -0.01930119  0.38245956  0.02803889  0.03789235 -0.55202713  0.53583057
  0.55193402  0.56400484  0.64319689  0.23324772 -0.16874469  0.57252855
 -0.17501999  0.41593895 -0.61528115  0.11983998  0.34379473 -0.62612279
 -0.00988318 -0.22918669  0.07037517 -0.29748787  0.27797548 -0.48697854
 -0.3012699  -0.82395426 -0.50257664 -0.22660619 -0.19776265]
4583,[ 0.20482554  0.10661068 -0.10291677  0.13416307  0.37199191  0.08679242
 -0.04102141  0.64779196  0.34820207 -0.52983282 -0.04489298 -0.11625961
  0.17881126  0.4335765  -0.32604529  0.23292182 -0.10733997 -0.6198969
  0.10236968  0.14598067 -0.47003548  0.20472641  0.26081029 -0.64618105
 -0.01930161  0.38245936  0.02803965  0.0378921  -0.55202746  0.53583125
  0.55193336  0.56400502  0.64319719  0.23324773 -0.16874443  0.57252862
 -0.17502027  0.41593877 -0.61528103  0.11983968  0.34379479 -0.62612229
 -0.00988376 -0.22918674  0.07037483 -0.29748797  0.27797585 -0.48697771
 -0.30127037 -0.8239542  -0.50257683 -0.22660612 -0.19776278]
4584,[ 0.20482603  0.10661088 -0.10291801  0.13416333  0.37199219  0.08679212
 -0.04102098  0.64779149  0.34820159 -0.52983262 -0.04489291 -0.11625909
  0.178811    0.43357699 -0.3260453   0.23292223 -0.10733972 -0.61989674
  0.10236941  0.14598096 -0.47003552  0.20472615  0.26081021 -0.64618146
 -0.01930203  0.38245915  0.0280404   0.03789185 -0.55202779  0.53583194
  0.55193271  0.5640052   0.64319749  0.23324774 -0.16874418  0.57252869
 -0.17502055  0.41593859 -0.61528092  0.11983938  0.34379486 -0.62612178
 -0.00988434 -0.22918679  0.07037449 -0.29748807  0.27797622 -0.48697689
 -0.30127084 -0.82395414 -0.50257702 -0.22660605 -0.19776291]
4585,[ 0.20482651  0.10661107 -0.10291925  0.1341636   0.37199246  0.08679183
 -0.04102054  0.64779103  0.34820111 -0.52983242 -0.04489284 -0.11625857
  0.17881075  0.43357747 -0.32604532  0.23292264 -0.10733946 -0.61989659
  0.10236913  0.14598125 -0.47003556  0.20472589  0.26081012 -0.64618187
 -0.01930245  0.38245895  0.02804116  0.0378916  -0.55202812  0.53583262
  0.55193205  0.56400538  0.6431978   0.23324775 -0.16874392  0.57252876
 -0.17502083  0.4159384  -0.6152808   0.11983909  0.34379493 -0.62612128
 -0.00988492 -0.22918684  0.07037414 -0.29748817  0.27797658 -0.48697608
 -0.30127131 -0.82395409 -0.50257721 -0.22660598 -0.19776305]
4586,[ 0.20482699  0.10661126 -0.10292049  0.13416387  0.37199274  0.08679153
 -0.04102011  0.64779057  0.34820064 -0.52983222 -0.04489277 -0.11625805
  0.17881049  0.43357796 -0.32604533  0.23292304 -0.1073392  -0.61989644
  0.10236886  0.14598154 -0.47003561  0.20472563  0.26081003 -0.64618228
 -0.01930287  0.38245875  0.02804191  0.03789135 -0.55202846  0.5358333
  0.55193139  0.56400555  0.6431981   0.23324777 -0.16874367  0.57252884
 -0.1750211   0.41593822 -0.61528068  0.11983879  0.34379499 -0.62612077
 -0.0098855  -0.22918689  0.0703738  -0.29748827  0.27797695 -0.48697526
 -0.30127178 -0.82395403 -0.5025774  -0.22660591 -0.19776318]
4587,[ 0.20482748  0.10661146 -0.10292172  0.13416413  0.37199301  0.08679124
 -0.04101968  0.64779011  0.34820016 -0.52983202 -0.0448927  -0.11625753
  0.17881024  0.43357845 -0.32604535  0.23292345 -0.10733894 -0.61989628
  0.10236859  0.14598183 -0.47003565  0.20472537  0.26080995 -0.64618268
 -0.01930328  0.38245855  0.02804266  0.03789109 -0.55202879  0.53583398
  0.55193074  0.56400573  0.6431984   0.23324778 -0.16874342  0.57252891
 -0.17502138  0.41593804 -0.61528057  0.11983849  0.34379506 -0.62612027
 -0.00988608 -0.22918694  0.07037346 -0.29748837  0.27797732 -0.48697444
 -0.30127224 -0.82395397 -0.50257759 -0.22660584 -0.19776332]
4588,[ 0.20482796  0.10661165 -0.10292296  0.1341644   0.37199329  0.08679094
 -0.04101924  0.64778965  0.34819968 -0.52983182 -0.04489263 -0.11625702
  0.17880998  0.43357893 -0.32604536  0.23292385 -0.10733869 -0.61989613
  0.10236831  0.14598212 -0.47003569  0.20472511  0.26080986 -0.64618309
 -0.0193037   0.38245835  0.02804341  0.03789084 -0.55202912  0.53583466
  0.55193008  0.56400591  0.6431987   0.23324779 -0.16874316  0.57252898
 -0.17502166  0.41593785 -0.61528045  0.11983819  0.34379513 -0.62611977
 -0.00988666 -0.22918699  0.07037312 -0.29748847  0.27797768 -0.48697362
 -0.30127271 -0.82395392 -0.50257778 -0.22660577 -0.19776345]
4589,[ 0.20482844  0.10661185 -0.10292419  0.13416467  0.37199356  0.08679065
 -0.04101881  0.64778919  0.34819921 -0.52983162 -0.04489256 -0.1162565
  0.17880973  0.43357942 -0.32604538  0.23292426 -0.10733843 -0.61989597
  0.10236804  0.14598241 -0.47003573  0.20472486  0.26080977 -0.64618349
 -0.01930412  0.38245815  0.02804416  0.03789059 -0.55202945  0.53583534
  0.55192943  0.56400609  0.643199    0.2332478  -0.16874291  0.57252905
 -0.17502193  0.41593767 -0.61528033  0.11983789  0.34379519 -0.62611927
 -0.00988724 -0.22918704  0.07037277 -0.29748857  0.27797805 -0.48697281
 -0.30127318 -0.82395386 -0.50257797 -0.22660569 -0.19776358]
4590,[ 0.20482892  0.10661204 -0.10292542  0.13416493  0.37199384  0.08679035
 -0.04101838  0.64778873  0.34819873 -0.52983142 -0.04489249 -0.11625598
  0.17880947  0.4335799  -0.32604539  0.23292466 -0.10733818 -0.61989582
  0.10236777  0.1459827  -0.47003577  0.2047246   0.26080968 -0.6461839
 -0.01930454  0.38245795  0.02804491  0.03789034 -0.55202978  0.53583602
  0.55192878  0.56400626  0.6431993   0.23324782 -0.16874265  0.57252912
 -0.17502221  0.41593749 -0.61528022  0.1198376   0.34379526 -0.62611877
 -0.00988781 -0.22918709  0.07037243 -0.29748867  0.27797841 -0.48697199
 -0.30127364 -0.8239538  -0.50257815 -0.22660562 -0.19776372]
4591,[ 0.2048294   0.10661223 -0.10292665  0.1341652   0.37199411  0.08679006
 -0.04101795  0.64778827  0.34819826 -0.52983122 -0.04489242 -0.11625547
  0.17880922  0.43358039 -0.32604541  0.23292507 -0.10733792 -0.61989567
  0.1023675   0.14598298 -0.47003582  0.20472434  0.2608096  -0.64618431
 -0.01930495  0.38245775  0.02804566  0.03789009 -0.55203011  0.5358367
  0.55192812  0.56400644  0.6431996   0.23324783 -0.1687424   0.57252919
 -0.17502249  0.4159373  -0.6152801   0.1198373   0.34379533 -0.62611827
 -0.00988839 -0.22918714  0.07037209 -0.29748877  0.27797878 -0.48697118
 -0.30127411 -0.82395375 -0.50257834 -0.22660555 -0.19776385]
4592,[ 0.20482988  0.10661243 -0.10292788  0.13416546  0.37199439  0.08678976
 -0.04101752  0.64778781  0.34819778 -0.52983102 -0.04489235 -0.11625495
  0.17880896  0.43358087 -0.32604542  0.23292547 -0.10733766 -0.61989551
  0.10236722  0.14598327 -0.47003586  0.20472408  0.26080951 -0.64618471
 -0.01930537  0.38245755  0.0280464   0.03788984 -0.55203044  0.53583738
  0.55192747  0.56400661  0.6431999   0.23324784 -0.16874215  0.57252926
 -0.17502276  0.41593712 -0.61527998  0.119837    0.34379539 -0.62611777
 -0.00988897 -0.22918719  0.07037175 -0.29748888  0.27797914 -0.48697037
 -0.30127457 -0.82395369 -0.50257853 -0.22660548 -0.19776398]
4593,[ 0.20483036  0.10661262 -0.10292911  0.13416573  0.37199466  0.08678947
 -0.04101709  0.64778735  0.34819731 -0.52983082 -0.04489228 -0.11625444
  0.17880871  0.43358136 -0.32604544  0.23292587 -0.10733741 -0.61989536
  0.10236695  0.14598356 -0.4700359   0.20472383  0.26080942 -0.64618511
 -0.01930578  0.38245735  0.02804715  0.03788959 -0.55203077  0.53583806
  0.55192682  0.56400679  0.6432002   0.23324785 -0.1687419   0.57252933
 -0.17502304  0.41593694 -0.61527987  0.11983671  0.34379546 -0.62611727
 -0.00988954 -0.22918724  0.07037141 -0.29748898  0.27797951 -0.48696956
 -0.30127503 -0.82395364 -0.50257872 -0.22660541 -0.19776411]
4594,[ 0.20483083  0.10661281 -0.10293033  0.13416599  0.37199493  0.08678918
 -0.04101666  0.64778689  0.34819684 -0.52983062 -0.04489221 -0.11625393
  0.17880846  0.43358184 -0.32604545  0.23292627 -0.10733715 -0.61989521
  0.10236668  0.14598385 -0.47003594  0.20472357  0.26080934 -0.64618552
 -0.0193062   0.38245715  0.0280479   0.03788934 -0.5520311   0.53583873
  0.55192617  0.56400697  0.6432005   0.23324787 -0.16874164  0.5725294
 -0.17502331  0.41593676 -0.61527975  0.11983641  0.34379553 -0.62611677
 -0.00989012 -0.22918728  0.07037107 -0.29748908  0.27797987 -0.48696875
 -0.3012755  -0.82395358 -0.50257891 -0.22660534 -0.19776425]
4595,[ 0.20483131  0.106613   -0.10293156  0.13416626  0.37199521  0.08678889
 -0.04101623  0.64778643  0.34819636 -0.52983042 -0.04489214 -0.11625341
  0.1788082   0.43358232 -0.32604547  0.23292668 -0.1073369  -0.61989506
  0.10236641  0.14598413 -0.47003598  0.20472331  0.26080925 -0.64618592
 -0.01930661  0.38245695  0.02804864  0.03788909 -0.55203143  0.53583941
  0.55192552  0.56400714  0.6432008   0.23324788 -0.16874139  0.57252948
 -0.17502359  0.41593658 -0.61527964  0.11983612  0.34379559 -0.62611627
 -0.00989069 -0.22918733  0.07037073 -0.29748918  0.27798023 -0.48696794
 -0.30127596 -0.82395352 -0.5025791  -0.22660527 -0.19776438]
4596,[ 0.20483179  0.10661319 -0.10293278  0.13416652  0.37199548  0.08678859
 -0.0410158   0.64778598  0.34819589 -0.52983022 -0.04489207 -0.1162529
  0.17880795  0.4335828  -0.32604548  0.23292708 -0.10733664 -0.6198949
  0.10236614  0.14598442 -0.47003603  0.20472306  0.26080917 -0.64618632
 -0.01930703  0.38245675  0.02804938  0.03788885 -0.55203176  0.53584008
  0.55192487  0.56400732  0.6432011   0.23324789 -0.16874114  0.57252955
 -0.17502386  0.41593639 -0.61527952  0.11983582  0.34379566 -0.62611577
 -0.00989127 -0.22918738  0.07037039 -0.29748928  0.27798059 -0.48696713
 -0.30127642 -0.82395347 -0.50257928 -0.2266052  -0.19776451]
4597,[ 0.20483227  0.10661339 -0.102934    0.13416679  0.37199575  0.0867883
 -0.04101537  0.64778552  0.34819542 -0.52983003 -0.044892   -0.11625239
  0.1788077   0.43358328 -0.3260455   0.23292748 -0.10733639 -0.61989475
  0.10236587  0.14598471 -0.47003607  0.2047228   0.26080908 -0.64618672
 -0.01930744  0.38245655  0.02805013  0.0378886  -0.55203209  0.53584076
  0.55192422  0.56400749  0.64320139  0.2332479  -0.16874089  0.57252962
 -0.17502413  0.41593621 -0.61527941  0.11983553  0.34379573 -0.62611527
 -0.00989184 -0.22918743  0.07037006 -0.29748938  0.27798096 -0.48696632
 -0.30127689 -0.82395341 -0.50257947 -0.22660513 -0.19776464]
4598,[ 0.20483274  0.10661358 -0.10293522  0.13416705  0.37199602  0.08678801
 -0.04101495  0.64778506  0.34819495 -0.52982983 -0.04489194 -0.11625188
  0.17880744  0.43358376 -0.32604551  0.23292788 -0.10733614 -0.6198946
  0.1023656   0.14598499 -0.47003611  0.20472255  0.26080899 -0.64618713
 -0.01930786  0.38245635  0.02805087  0.03788835 -0.55203241  0.53584143
  0.55192357  0.56400767  0.64320169  0.23324792 -0.16874064  0.57252969
 -0.17502441  0.41593603 -0.61527929  0.11983523  0.34379579 -0.62611478
 -0.00989241 -0.22918748  0.07036972 -0.29748948  0.27798132 -0.48696551
 -0.30127735 -0.82395335 -0.50257966 -0.22660506 -0.19776478]
4599,[ 0.20483322  0.10661377 -0.10293644  0.13416731  0.37199629  0.08678772
 -0.04101452  0.64778461  0.34819448 -0.52982963 -0.04489187 -0.11625137
  0.17880719  0.43358424 -0.32604553  0.23292828 -0.10733588 -0.61989445
  0.10236533  0.14598528 -0.47003615  0.20472229  0.26080891 -0.64618753
 -0.01930827  0.38245615  0.02805161  0.0378881  -0.55203274  0.5358421
  0.55192293  0.56400784  0.64320199  0.23324793 -0.16874039  0.57252976
 -0.17502468  0.41593585 -0.61527918  0.11983494  0.34379586 -0.62611428
 -0.00989298 -0.22918753  0.07036938 -0.29748958  0.27798168 -0.4869647
 -0.30127781 -0.8239533  -0.50257985 -0.22660499 -0.19776491]
4600,[ 0.20483369  0.10661396 -0.10293766  0.13416758  0.37199657  0.08678743
 -0.04101409  0.64778415  0.34819401 -0.52982943 -0.0448918  -0.11625086
  0.17880694  0.43358472 -0.32604554  0.23292868 -0.10733563 -0.6198943
  0.10236506  0.14598556 -0.47003619  0.20472204  0.26080882 -0.64618793
 -0.01930868  0.38245595  0.02805235  0.03788785 -0.55203307  0.53584277
  0.55192228  0.56400802  0.64320229  0.23324794 -0.16874014  0.57252983
 -0.17502495  0.41593567 -0.61527906  0.11983465  0.34379592 -0.62611379
 -0.00989355 -0.22918758  0.07036904 -0.29748967  0.27798204 -0.4869639
 -0.30127827 -0.82395324 -0.50258003 -0.22660492 -0.19776504]
4601,[ 0.20483417  0.10661415 -0.10293887  0.13416784  0.37199684  0.08678714
 -0.04101367  0.6477837   0.34819354 -0.52982923 -0.04489173 -0.11625035
  0.17880669  0.4335852  -0.32604556  0.23292908 -0.10733538 -0.61989414
  0.10236479  0.14598585 -0.47003623  0.20472178  0.26080874 -0.64618833
 -0.01930909  0.38245575  0.02805309  0.03788761 -0.5520334   0.53584344
  0.55192164  0.56400819  0.64320258  0.23324795 -0.16873989  0.5725299
 -0.17502523  0.41593549 -0.61527895  0.11983435  0.34379599 -0.62611329
 -0.00989412 -0.22918763  0.07036871 -0.29748977  0.2779824  -0.48696309
 -0.30127873 -0.82395319 -0.50258022 -0.22660485 -0.19776517]
4602,[ 0.20483464  0.10661434 -0.10294009  0.1341681   0.37199711  0.08678685
 -0.04101324  0.64778325  0.34819307 -0.52982904 -0.04489166 -0.11624984
  0.17880644  0.43358568 -0.32604557  0.23292948 -0.10733512 -0.61989399
  0.10236452  0.14598613 -0.47003628  0.20472153  0.26080865 -0.64618873
 -0.0193095   0.38245556  0.02805383  0.03788736 -0.55203372  0.53584411
  0.55192099  0.56400836  0.64320288  0.23324796 -0.16873964  0.57252997
 -0.1750255   0.41593531 -0.61527883  0.11983406  0.34379605 -0.6261128
 -0.00989469 -0.22918767  0.07036837 -0.29748987  0.27798276 -0.48696229
 -0.30127919 -0.82395313 -0.50258041 -0.22660478 -0.1977653 ]
4603,[ 0.20483511  0.10661453 -0.1029413   0.13416836  0.37199738  0.08678656
 -0.04101281  0.64778279  0.3481926  -0.52982884 -0.04489159 -0.11624933
  0.17880619  0.43358616 -0.32604558  0.23292988 -0.10733487 -0.61989384
  0.10236425  0.14598642 -0.47003632  0.20472128  0.26080856 -0.64618913
 -0.01930991  0.38245536  0.02805457  0.03788711 -0.55203405  0.53584478
  0.55192035  0.56400854  0.64320317  0.23324798 -0.16873939  0.57253004
 -0.17502577  0.41593513 -0.61527872  0.11983377  0.34379612 -0.6261123
 -0.00989526 -0.22918772  0.07036803 -0.29748997  0.27798312 -0.48696149
 -0.30127965 -0.82395308 -0.50258059 -0.22660471 -0.19776543]
4604,[ 0.20483559  0.10661472 -0.10294251  0.13416862  0.37199765  0.08678627
 -0.04101239  0.64778234  0.34819214 -0.52982864 -0.04489152 -0.11624882
  0.17880594  0.43358664 -0.3260456   0.23293028 -0.10733462 -0.61989369
  0.10236398  0.1459867  -0.47003636  0.20472102  0.26080848 -0.64618953
 -0.01931032  0.38245516  0.0280553   0.03788687 -0.55203437  0.53584545
  0.55191971  0.56400871  0.64320347  0.23324799 -0.16873914  0.57253011
 -0.17502604  0.41593495 -0.6152786   0.11983348  0.34379619 -0.62611181
 -0.00989583 -0.22918777  0.0703677  -0.29749007  0.27798348 -0.48696069
 -0.3012801  -0.82395302 -0.50258078 -0.22660465 -0.19776556]
4605,[ 0.20483606  0.10661491 -0.10294372  0.13416889  0.37199792  0.08678598
 -0.04101197  0.64778189  0.34819167 -0.52982845 -0.04489145 -0.11624831
  0.17880569  0.43358711 -0.32604561  0.23293067 -0.10733437 -0.61989354
  0.10236372  0.14598698 -0.4700364   0.20472077  0.26080839 -0.64618993
 -0.01931073  0.38245496  0.02805604  0.03788662 -0.5520347   0.53584612
  0.55191906  0.56400889  0.64320377  0.233248   -0.16873889  0.57253018
 -0.17502631  0.41593477 -0.61527849  0.11983318  0.34379625 -0.62611132
 -0.0098964  -0.22918782  0.07036736 -0.29749017  0.27798384 -0.48695989
 -0.30128056 -0.82395297 -0.50258097 -0.22660458 -0.1977657 ]
4606,[ 0.20483653  0.1066151  -0.10294493  0.13416915  0.37199819  0.08678569
 -0.04101154  0.64778144  0.3481912  -0.52982825 -0.04489139 -0.11624781
  0.17880544  0.43358759 -0.32604563  0.23293107 -0.10733411 -0.61989339
  0.10236345  0.14598727 -0.47003644  0.20472052  0.26080831 -0.64619032
 -0.01931114  0.38245477  0.02805678  0.03788637 -0.55203502  0.53584678
  0.55191842  0.56400906  0.64320406  0.23324801 -0.16873864  0.57253025
 -0.17502659  0.41593459 -0.61527838  0.11983289  0.34379632 -0.62611082
 -0.00989696 -0.22918787  0.07036703 -0.29749027  0.2779842  -0.48695909
 -0.30128102 -0.82395291 -0.50258115 -0.22660451 -0.19776583]
4607,[ 0.204837    0.10661529 -0.10294614  0.13416941  0.37199846  0.0867854
 -0.04101112  0.64778098  0.34819074 -0.52982805 -0.04489132 -0.1162473
  0.17880519  0.43358806 -0.32604564  0.23293147 -0.10733386 -0.61989324
  0.10236318  0.14598755 -0.47003648  0.20472026  0.26080822 -0.64619072
 -0.01931155  0.38245457  0.02805751  0.03788613 -0.55203535  0.53584745
  0.55191778  0.56400923  0.64320436  0.23324803 -0.16873839  0.57253032
 -0.17502686  0.41593441 -0.61527826  0.1198326   0.34379638 -0.62611033
 -0.00989753 -0.22918792  0.07036669 -0.29749037  0.27798455 -0.48695829
 -0.30128148 -0.82395285 -0.50258134 -0.22660444 -0.19776596]
4608,[ 0.20483747  0.10661548 -0.10294735  0.13416967  0.37199873  0.08678511
 -0.0410107   0.64778053  0.34819027 -0.52982786 -0.04489125 -0.11624679
  0.17880494  0.43358854 -0.32604566  0.23293186 -0.10733361 -0.61989309
  0.10236291  0.14598783 -0.47003652  0.20472001  0.26080814 -0.64619112
 -0.01931196  0.38245437  0.02805824  0.03788588 -0.55203567  0.53584812
  0.55191714  0.56400941  0.64320465  0.23324804 -0.16873814  0.57253039
 -0.17502713  0.41593423 -0.61527815  0.11983231  0.34379645 -0.62610984
 -0.0098981  -0.22918796  0.07036636 -0.29749047  0.27798491 -0.48695749
 -0.30128193 -0.8239528  -0.50258152 -0.22660437 -0.19776609]
4609,[ 0.20483794  0.10661567 -0.10294855  0.13416993  0.371999    0.08678482
 -0.04101027  0.64778008  0.34818981 -0.52982766 -0.04489118 -0.11624629
  0.17880469  0.43358901 -0.32604567  0.23293226 -0.10733336 -0.61989294
  0.10236265  0.14598811 -0.47003656  0.20471976  0.26080805 -0.64619152
 -0.01931237  0.38245418  0.02805898  0.03788564 -0.552036    0.53584878
  0.5519165   0.56400958  0.64320494  0.23324805 -0.16873789  0.57253046
 -0.1750274   0.41593405 -0.61527803  0.11983202  0.34379651 -0.62610935
 -0.00989866 -0.22918801  0.07036602 -0.29749057  0.27798527 -0.48695669
 -0.30128239 -0.82395274 -0.50258171 -0.2266043  -0.19776622]
4610,[ 0.20483841  0.10661586 -0.10294976  0.13417019  0.37199926  0.08678453
 -0.04100985  0.64777963  0.34818934 -0.52982747 -0.04489111 -0.11624578
  0.17880444  0.43358949 -0.32604569  0.23293265 -0.10733311 -0.61989279
  0.10236238  0.1459884  -0.47003661  0.20471951  0.26080797 -0.64619191
 -0.01931278  0.38245398  0.02805971  0.03788539 -0.55203632  0.53584944
  0.55191586  0.56400975  0.64320524  0.23324806 -0.16873764  0.57253053
 -0.17502767  0.41593387 -0.61527792  0.11983173  0.34379658 -0.62610886
 -0.00989923 -0.22918806  0.07036569 -0.29749066  0.27798563 -0.4869559
 -0.30128284 -0.82395269 -0.50258189 -0.22660423 -0.19776635]
4611,[ 0.20483888  0.10661605 -0.10295096  0.13417045  0.37199953  0.08678425
 -0.04100943  0.64777918  0.34818888 -0.52982727 -0.04489105 -0.11624528
  0.17880419  0.43358996 -0.3260457   0.23293305 -0.10733286 -0.61989264
  0.10236212  0.14598868 -0.47003665  0.20471926  0.26080788 -0.64619231
 -0.01931318  0.38245378  0.02806044  0.03788515 -0.55203664  0.53585011
  0.55191522  0.56400992  0.64320553  0.23324807 -0.1687374   0.5725306
 -0.17502794  0.41593369 -0.61527781  0.11983144  0.34379664 -0.62610837
 -0.00989979 -0.22918811  0.07036536 -0.29749076  0.27798598 -0.4869551
 -0.3012833  -0.82395263 -0.50258208 -0.22660416 -0.19776648]
4612,[ 0.20483935  0.10661624 -0.10295216  0.13417071  0.3719998   0.08678396
 -0.04100901  0.64777874  0.34818842 -0.52982707 -0.04489098 -0.11624478
  0.17880394  0.43359043 -0.32604572  0.23293344 -0.10733261 -0.61989249
  0.10236185  0.14598896 -0.47003669  0.20471901  0.2608078  -0.6461927
 -0.01931359  0.38245359  0.02806117  0.03788491 -0.55203696  0.53585077
  0.55191459  0.5640101   0.64320582  0.23324809 -0.16873715  0.57253067
 -0.17502821  0.41593352 -0.61527769  0.11983115  0.34379671 -0.62610788
 -0.00990035 -0.22918816  0.07036502 -0.29749086  0.27798634 -0.48695431
 -0.30128375 -0.82395258 -0.50258226 -0.22660409 -0.19776661]
4613,[ 0.20483982  0.10661643 -0.10295336  0.13417097  0.37200007  0.08678367
 -0.04100859  0.64777829  0.34818795 -0.52982688 -0.04489091 -0.11624427
  0.1788037   0.43359091 -0.32604573  0.23293384 -0.10733236 -0.61989234
  0.10236158  0.14598924 -0.47003673  0.20471875  0.26080771 -0.6461931
 -0.019314    0.38245339  0.0280619   0.03788466 -0.55203729  0.53585143
  0.55191395  0.56401027  0.64320612  0.2332481  -0.1687369   0.57253074
 -0.17502847  0.41593334 -0.61527758  0.11983086  0.34379677 -0.62610739
 -0.00990092 -0.2291882   0.07036469 -0.29749096  0.27798669 -0.48695351
 -0.30128421 -0.82395252 -0.50258245 -0.22660402 -0.19776674]
4614,[ 0.20484029  0.10661661 -0.10295456  0.13417123  0.37200033  0.08678339
 -0.04100817  0.64777784  0.34818749 -0.52982668 -0.04489084 -0.11624377
  0.17880345  0.43359138 -0.32604574  0.23293423 -0.10733211 -0.61989219
  0.10236132  0.14598952 -0.47003677  0.2047185   0.26080763 -0.64619349
 -0.0193144   0.3824532   0.02806263  0.03788442 -0.55203761  0.53585209
  0.55191331  0.56401044  0.64320641  0.23324811 -0.16873666  0.57253081
 -0.17502874  0.41593316 -0.61527747  0.11983057  0.34379684 -0.62610691
 -0.00990148 -0.22918825  0.07036436 -0.29749106  0.27798705 -0.48695272
 -0.30128466 -0.82395247 -0.50258263 -0.22660396 -0.19776687]
4615,[ 0.20484076  0.1066168  -0.10295575  0.13417148  0.3720006   0.0867831
 -0.04100775  0.64777739  0.34818703 -0.52982649 -0.04489077 -0.11624327
  0.1788032   0.43359185 -0.32604576  0.23293462 -0.10733186 -0.61989204
  0.10236105  0.1459898  -0.47003681  0.20471825  0.26080755 -0.64619389
 -0.01931481  0.382453    0.02806336  0.03788417 -0.55203793  0.53585275
  0.55191268  0.56401061  0.6432067   0.23324812 -0.16873641  0.57253087
 -0.17502901  0.41593298 -0.61527736  0.11983028  0.3437969  -0.62610642
 -0.00990204 -0.2291883   0.07036403 -0.29749115  0.2779874  -0.48695193
 -0.30128511 -0.82395241 -0.50258281 -0.22660389 -0.197767  ]
4616,[ 0.20484122  0.10661699 -0.10295695  0.13417174  0.37200087  0.08678281
 -0.04100733  0.64777695  0.34818657 -0.5298263  -0.04489071 -0.11624277
  0.17880295  0.43359232 -0.32604577  0.23293502 -0.10733161 -0.61989189
  0.10236079  0.14599008 -0.47003685  0.204718    0.26080746 -0.64619428
 -0.01931521  0.38245281  0.02806408  0.03788393 -0.55203825  0.53585341
  0.55191204  0.56401078  0.64320699  0.23324814 -0.16873616  0.57253094
 -0.17502928  0.41593281 -0.61527724  0.11982999  0.34379697 -0.62610593
 -0.0099026  -0.22918835  0.0703637  -0.29749125  0.27798776 -0.48695114
 -0.30128556 -0.82395236 -0.502583   -0.22660382 -0.19776713]
4617,[ 0.20484169  0.10661718 -0.10295814  0.134172    0.37200113  0.08678253
 -0.04100691  0.6477765   0.34818611 -0.5298261  -0.04489064 -0.11624227
  0.17880271  0.43359279 -0.32604579  0.23293541 -0.10733137 -0.61989174
  0.10236052  0.14599036 -0.47003689  0.20471775  0.26080738 -0.64619467
 -0.01931562  0.38245261  0.02806481  0.03788369 -0.55203857  0.53585407
  0.55191141  0.56401095  0.64320728  0.23324815 -0.16873592  0.57253101
 -0.17502955  0.41593263 -0.61527713  0.11982971  0.34379703 -0.62610545
 -0.00990316 -0.2291884   0.07036337 -0.29749135  0.27798811 -0.48695035
 -0.30128602 -0.8239523  -0.50258318 -0.22660375 -0.19776726]
4618,[ 0.20484215  0.10661737 -0.10295934  0.13417226  0.3720014   0.08678224
 -0.04100649  0.64777605  0.34818565 -0.52982591 -0.04489057 -0.11624177
  0.17880246  0.43359326 -0.3260458   0.2329358  -0.10733112 -0.61989159
  0.10236026  0.14599064 -0.47003693  0.2047175   0.26080729 -0.64619507
 -0.01931602  0.38245242  0.02806554  0.03788345 -0.55203889  0.53585473
  0.55191078  0.56401113  0.64320757  0.23324816 -0.16873567  0.57253108
 -0.17502982  0.41593245 -0.61527702  0.11982942  0.3437971  -0.62610496
 -0.00990372 -0.22918844  0.07036303 -0.29749145  0.27798847 -0.48694956
 -0.30128647 -0.82395225 -0.50258336 -0.22660368 -0.19776738]
4619,[ 0.20484262  0.10661755 -0.10296053  0.13417252  0.37200167  0.08678196
 -0.04100608  0.64777561  0.34818519 -0.52982571 -0.0448905  -0.11624127
  0.17880221  0.43359373 -0.32604582  0.23293619 -0.10733087 -0.61989144
  0.10236     0.14599092 -0.47003697  0.20471725  0.26080721 -0.64619546
 -0.01931643  0.38245222  0.02806626  0.0378832  -0.55203921  0.53585539
  0.55191015  0.5640113   0.64320787  0.23324817 -0.16873543  0.57253115
 -0.17503008  0.41593227 -0.6152769   0.11982913  0.34379716 -0.62610447
 -0.00990428 -0.22918849  0.0703627  -0.29749155  0.27798882 -0.48694877
 -0.30128692 -0.82395219 -0.50258355 -0.22660361 -0.19776751]
4620,[ 0.20484308  0.10661774 -0.10296172  0.13417277  0.37200193  0.08678167
 -0.04100566  0.64777516  0.34818473 -0.52982552 -0.04489044 -0.11624077
  0.17880197  0.4335942  -0.32604583  0.23293658 -0.10733062 -0.61989129
  0.10235973  0.1459912  -0.47003701  0.20471701  0.26080712 -0.64619585
 -0.01931683  0.38245203  0.02806699  0.03788296 -0.55203953  0.53585604
  0.55190951  0.56401147  0.64320816  0.23324818 -0.16873518  0.57253122
 -0.17503035  0.4159321  -0.61527679  0.11982884  0.34379722 -0.62610399
 -0.00990484 -0.22918854  0.07036237 -0.29749164  0.27798917 -0.48694798
 -0.30128737 -0.82395214 -0.50258373 -0.22660354 -0.19776764]
4621,[ 0.20484355  0.10661793 -0.10296291  0.13417303  0.3720022   0.08678139
 -0.04100524  0.64777472  0.34818427 -0.52982533 -0.04489037 -0.11624027
  0.17880172  0.43359467 -0.32604585  0.23293697 -0.10733037 -0.61989115
  0.10235947  0.14599148 -0.47003705  0.20471676  0.26080704 -0.64619624
 -0.01931723  0.38245184  0.02806771  0.03788272 -0.55203985  0.5358567
  0.55190888  0.56401164  0.64320845  0.2332482  -0.16873494  0.57253129
 -0.17503062  0.41593192 -0.61527668  0.11982856  0.34379729 -0.62610351
 -0.00990539 -0.22918859  0.07036205 -0.29749174  0.27798953 -0.48694719
 -0.30128782 -0.82395209 -0.50258391 -0.22660348 -0.19776777]
4622,[ 0.20484401  0.10661811 -0.1029641   0.13417329  0.37200246  0.08678111
 -0.04100483  0.64777428  0.34818381 -0.52982513 -0.0448903  -0.11623977
  0.17880148  0.43359514 -0.32604586  0.23293736 -0.10733013 -0.619891
  0.10235921  0.14599175 -0.4700371   0.20471651  0.26080696 -0.64619663
 -0.01931763  0.38245164  0.02806843  0.03788248 -0.55204017  0.53585735
  0.55190825  0.56401181  0.64320874  0.23324821 -0.16873469  0.57253136
 -0.17503088  0.41593174 -0.61527657  0.11982827  0.34379735 -0.62610302
 -0.00990595 -0.22918863  0.07036172 -0.29749184  0.27798988 -0.48694641
 -0.30128827 -0.82395203 -0.5025841  -0.22660341 -0.1977679 ]
4623,[ 0.20484447  0.1066183  -0.10296528  0.13417354  0.37200273  0.08678082
 -0.04100441  0.64777383  0.34818335 -0.52982494 -0.04489023 -0.11623928
  0.17880123  0.4335956  -0.32604587  0.23293775 -0.10732988 -0.61989085
  0.10235894  0.14599203 -0.47003714  0.20471626  0.26080687 -0.64619702
 -0.01931804  0.38245145  0.02806915  0.03788224 -0.55204049  0.53585801
  0.55190762  0.56401198  0.64320902  0.23324822 -0.16873445  0.57253143
 -0.17503115  0.41593157 -0.61527646  0.11982799  0.34379742 -0.62610254
 -0.00990651 -0.22918868  0.07036139 -0.29749193  0.27799023 -0.48694562
 -0.30128871 -0.82395198 -0.50258428 -0.22660334 -0.19776803]
4624,[ 0.20484494  0.10661848 -0.10296647  0.1341738   0.37200299  0.08678054
 -0.04100399  0.64777339  0.34818289 -0.52982475 -0.04489017 -0.11623878
  0.17880099  0.43359607 -0.32604589  0.23293814 -0.10732963 -0.6198907
  0.10235868  0.14599231 -0.47003718  0.20471601  0.26080679 -0.64619741
 -0.01931844  0.38245126  0.02806987  0.037882   -0.55204081  0.53585866
  0.55190699  0.56401215  0.64320931  0.23324823 -0.1687342   0.57253149
 -0.17503141  0.41593139 -0.61527634  0.1198277   0.34379748 -0.62610206
 -0.00990706 -0.22918873  0.07036106 -0.29749203  0.27799058 -0.48694484
 -0.30128916 -0.82395192 -0.50258446 -0.22660327 -0.19776816]
4625,[ 0.2048454   0.10661867 -0.10296765  0.13417405  0.37200325  0.08678026
 -0.04100358  0.64777295  0.34818244 -0.52982456 -0.0448901  -0.11623828
  0.17880074  0.43359654 -0.3260459   0.23293853 -0.10732939 -0.61989056
  0.10235842  0.14599259 -0.47003722  0.20471577  0.26080671 -0.6461978
 -0.01931884  0.38245106  0.02807059  0.03788176 -0.55204113  0.53585931
  0.55190637  0.56401232  0.6432096   0.23324824 -0.16873396  0.57253156
 -0.17503168  0.41593122 -0.61527623  0.11982741  0.34379754 -0.62610158
 -0.00990762 -0.22918878  0.07036073 -0.29749213  0.27799093 -0.48694406
 -0.30128961 -0.82395187 -0.50258464 -0.22660321 -0.19776828]
4626,[ 0.20484586  0.10661886 -0.10296883  0.13417431  0.37200352  0.08677997
 -0.04100317  0.64777251  0.34818198 -0.52982436 -0.04489003 -0.11623779
  0.1788005   0.433597   -0.32604592  0.23293892 -0.10732914 -0.61989041
  0.10235816  0.14599286 -0.47003726  0.20471552  0.26080662 -0.64619819
 -0.01931924  0.38245087  0.02807131  0.03788152 -0.55204144  0.53585997
  0.55190574  0.56401249  0.64320989  0.23324826 -0.16873372  0.57253163
 -0.17503194  0.41593104 -0.61527612  0.11982713  0.34379761 -0.62610109
 -0.00990817 -0.22918882  0.0703604  -0.29749222  0.27799128 -0.48694328
 -0.30129006 -0.82395181 -0.50258482 -0.22660314 -0.19776841]
4627,[ 0.20484632  0.10661904 -0.10297001  0.13417456  0.37200378  0.08677969
 -0.04100275  0.64777206  0.34818153 -0.52982417 -0.04488997 -0.11623729
  0.17880025  0.43359747 -0.32604593  0.23293931 -0.1073289  -0.61989026
  0.1023579   0.14599314 -0.4700373   0.20471527  0.26080654 -0.64619858
 -0.01931964  0.38245068  0.02807203  0.03788128 -0.55204176  0.53586062
  0.55190511  0.56401266  0.64321018  0.23324827 -0.16873347  0.5725317
 -0.17503221  0.41593087 -0.61527601  0.11982684  0.34379767 -0.62610061
 -0.00990873 -0.22918887  0.07036008 -0.29749232  0.27799163 -0.48694249
 -0.3012905  -0.82395176 -0.502585   -0.22660307 -0.19776854]
4628,[ 0.20484678  0.10661923 -0.10297119  0.13417482  0.37200404  0.08677941
 -0.04100234  0.64777162  0.34818107 -0.52982398 -0.0448899  -0.1162368
  0.17880001  0.43359793 -0.32604595  0.2329397  -0.10732865 -0.61989011
  0.10235764  0.14599342 -0.47003734  0.20471502  0.26080646 -0.64619897
 -0.01932004  0.38245049  0.02807275  0.03788104 -0.55204208  0.53586127
  0.55190449  0.56401283  0.64321047  0.23324828 -0.16873323  0.57253177
 -0.17503247  0.41593069 -0.6152759   0.11982656  0.34379774 -0.62610013
 -0.00990928 -0.22918892  0.07035975 -0.29749242  0.27799198 -0.48694171
 -0.30129095 -0.82395171 -0.50258519 -0.226603   -0.19776867]
4629,[ 0.20484724  0.10661941 -0.10297237  0.13417507  0.37200431  0.08677913
 -0.04100193  0.64777118  0.34818062 -0.52982379 -0.04488983 -0.11623631
  0.17879977  0.43359839 -0.32604596  0.23294008 -0.1073284  -0.61988997
  0.10235737  0.14599369 -0.47003738  0.20471478  0.26080637 -0.64619936
 -0.01932044  0.38245029  0.02807346  0.0378808  -0.55204239  0.53586192
  0.55190386  0.56401299  0.64321075  0.23324829 -0.16873299  0.57253184
 -0.17503274  0.41593052 -0.61527579  0.11982628  0.3437978  -0.62609965
 -0.00990983 -0.22918897  0.07035942 -0.29749251  0.27799233 -0.48694093
 -0.3012914  -0.82395165 -0.50258537 -0.22660293 -0.19776879]
4630,[ 0.2048477   0.1066196  -0.10297355  0.13417533  0.37200457  0.08677885
 -0.04100151  0.64777074  0.34818016 -0.5298236  -0.04488977 -0.11623581
  0.17879952  0.43359886 -0.32604597  0.23294047 -0.10732816 -0.61988982
  0.10235711  0.14599397 -0.47003742  0.20471453  0.26080629 -0.64619975
 -0.01932084  0.3824501   0.02807418  0.03788056 -0.55204271  0.53586257
  0.55190324  0.56401316  0.64321104  0.2332483  -0.16873275  0.5725319
 -0.175033    0.41593034 -0.61527568  0.11982599  0.34379786 -0.62609918
 -0.00991038 -0.22918901  0.0703591  -0.29749261  0.27799268 -0.48694016
 -0.30129184 -0.8239516  -0.50258555 -0.22660287 -0.19776892]
4631,[ 0.20484816  0.10661978 -0.10297472  0.13417558  0.37200483  0.08677856
 -0.0410011   0.6477703   0.34817971 -0.52982341 -0.0448897  -0.11623532
  0.17879928  0.43359932 -0.32604599  0.23294086 -0.10732791 -0.61988967
  0.10235685  0.14599424 -0.47003746  0.20471429  0.26080621 -0.64620013
 -0.01932123  0.38244991  0.02807489  0.03788032 -0.55204303  0.53586322
  0.55190261  0.56401333  0.64321133  0.23324832 -0.16873251  0.57253197
 -0.17503327  0.41593017 -0.61527557  0.11982571  0.34379793 -0.6260987
 -0.00991094 -0.22918906  0.07035877 -0.29749271  0.27799303 -0.48693938
 -0.30129228 -0.82395154 -0.50258573 -0.2266028  -0.19776905]
4632,[ 0.20484862  0.10661997 -0.1029759   0.13417584  0.37200509  0.08677828
 -0.04100069  0.64776987  0.34817926 -0.52982322 -0.04488963 -0.11623483
  0.17879904  0.43359978 -0.326046    0.23294124 -0.10732767 -0.61988953
  0.10235659  0.14599452 -0.4700375   0.20471404  0.26080612 -0.64620052
 -0.01932163  0.38244972  0.02807561  0.03788008 -0.55204334  0.53586386
  0.55190199  0.5640135   0.64321161  0.23324833 -0.16873226  0.57253204
 -0.17503353  0.41592999 -0.61527545  0.11982543  0.34379799 -0.62609822
 -0.00991149 -0.22918911  0.07035845 -0.2974928   0.27799338 -0.4869386
 -0.30129273 -0.82395149 -0.50258591 -0.22660273 -0.19776918]
4633,[ 0.20484907  0.10662015 -0.10297707  0.13417609  0.37200536  0.086778
 -0.04100028  0.64776943  0.3481788  -0.52982303 -0.04488957 -0.11623434
  0.17879879  0.43360025 -0.32604602  0.23294163 -0.10732743 -0.61988938
  0.10235633  0.14599479 -0.47003754  0.20471379  0.26080604 -0.64620091
 -0.01932203  0.38244953  0.02807632  0.03787984 -0.55204366  0.53586451
  0.55190137  0.56401367  0.6432119   0.23324834 -0.16873202  0.57253211
 -0.17503379  0.41592982 -0.61527534  0.11982514  0.34379805 -0.62609774
 -0.00991204 -0.22918915  0.07035812 -0.2974929   0.27799372 -0.48693783
 -0.30129317 -0.82395144 -0.50258609 -0.22660267 -0.1977693 ]
4634,[ 0.20484953  0.10662033 -0.10297824  0.13417634  0.37200562  0.08677772
 -0.04099987  0.64776899  0.34817835 -0.52982284 -0.0448895  -0.11623384
  0.17879855  0.43360071 -0.32604603  0.23294201 -0.10732718 -0.61988923
  0.10235607  0.14599507 -0.47003758  0.20471355  0.26080596 -0.64620129
 -0.01932243  0.38244934  0.02807703  0.0378796  -0.55204397  0.53586516
  0.55190075  0.56401384  0.64321219  0.23324835 -0.16873178  0.57253218
 -0.17503405  0.41592964 -0.61527523  0.11982486  0.34379812 -0.62609726
 -0.00991259 -0.2291892   0.0703578  -0.29749299  0.27799407 -0.48693705
 -0.30129362 -0.82395138 -0.50258627 -0.2266026  -0.19776943]
4635,[ 0.20484999  0.10662052 -0.10297941  0.13417659  0.37200588  0.08677744
 -0.04099946  0.64776855  0.3481779  -0.52982265 -0.04488944 -0.11623335
  0.17879831  0.43360117 -0.32604605  0.2329424  -0.10732694 -0.61988909
  0.10235582  0.14599534 -0.47003762  0.2047133   0.26080588 -0.64620168
 -0.01932282  0.38244915  0.02807775  0.03787936 -0.55204429  0.5358658
  0.55190012  0.564014    0.64321247  0.23324836 -0.16873154  0.57253224
 -0.17503432  0.41592947 -0.61527512  0.11982458  0.34379818 -0.62609679
 -0.00991314 -0.22918925  0.07035747 -0.29749309  0.27799442 -0.48693628
 -0.30129406 -0.82395133 -0.50258645 -0.22660253 -0.19776956]
4636,[ 0.20485044  0.1066207  -0.10298058  0.13417685  0.37200614  0.08677716
 -0.04099905  0.64776812  0.34817745 -0.52982246 -0.04488937 -0.11623286
  0.17879807  0.43360163 -0.32604606  0.23294278 -0.1073267  -0.61988894
  0.10235556  0.14599562 -0.47003766  0.20471306  0.26080579 -0.64620206
 -0.01932322  0.38244896  0.02807846  0.03787913 -0.5520446   0.53586645
  0.5518995   0.56401417  0.64321276  0.23324837 -0.1687313   0.57253231
 -0.17503458  0.4159293  -0.61527501  0.1198243   0.34379824 -0.62609631
 -0.00991368 -0.22918929  0.07035715 -0.29749319  0.27799476 -0.4869355
 -0.3012945  -0.82395128 -0.50258663 -0.22660246 -0.19776968]
4637,[ 0.2048509   0.10662088 -0.10298175  0.1341771   0.3720064   0.08677688
 -0.04099864  0.64776768  0.348177   -0.52982227 -0.0448893  -0.11623237
  0.17879783  0.43360209 -0.32604607  0.23294316 -0.10732645 -0.6198888
  0.1023553   0.14599589 -0.4700377   0.20471282  0.26080571 -0.64620245
 -0.01932361  0.38244877  0.02807917  0.03787889 -0.55204491  0.53586709
  0.55189888  0.56401434  0.64321304  0.23324839 -0.16873106  0.57253238
 -0.17503484  0.41592912 -0.6152749   0.11982401  0.34379831 -0.62609584
 -0.00991423 -0.22918934  0.07035682 -0.29749328  0.27799511 -0.48693473
 -0.30129494 -0.82395122 -0.50258681 -0.2266024  -0.19776981]
4638,[ 0.20485135  0.10662107 -0.10298292  0.13417735  0.37200666  0.08677661
 -0.04099823  0.64776724  0.34817655 -0.52982208 -0.04488924 -0.11623189
  0.17879759  0.43360255 -0.32604609  0.23294355 -0.10732621 -0.61988865
  0.10235504  0.14599616 -0.47003774  0.20471257  0.26080563 -0.64620283
 -0.01932401  0.38244858  0.02807988  0.03787865 -0.55204523  0.53586773
  0.55189827  0.56401451  0.64321333  0.2332484  -0.16873082  0.57253245
 -0.1750351   0.41592895 -0.61527479  0.11982373  0.34379837 -0.62609536
 -0.00991478 -0.22918939  0.0703565  -0.29749338  0.27799546 -0.48693396
 -0.30129538 -0.82395117 -0.50258699 -0.22660233 -0.19776994]
4639,[ 0.20485181  0.10662125 -0.10298408  0.1341776   0.37200692  0.08677633
 -0.04099782  0.64776681  0.3481761  -0.52982189 -0.04488917 -0.1162314
  0.17879734  0.43360301 -0.3260461   0.23294393 -0.10732597 -0.61988851
  0.10235478  0.14599644 -0.47003778  0.20471233  0.26080555 -0.64620321
 -0.0193244   0.38244839  0.02808059  0.03787841 -0.55204554  0.53586838
  0.55189765  0.56401467  0.64321361  0.23324841 -0.16873058  0.57253251
 -0.17503536  0.41592878 -0.61527468  0.11982345  0.34379843 -0.62609489
 -0.00991532 -0.22918943  0.07035618 -0.29749347  0.2779958  -0.48693319
 -0.30129582 -0.82395111 -0.50258717 -0.22660226 -0.19777006]
4640,[ 0.20485226  0.10662143 -0.10298525  0.13417785  0.37200718  0.08677605
 -0.04099741  0.64776637  0.34817565 -0.5298217  -0.04488911 -0.11623091
  0.1787971   0.43360346 -0.32604612  0.23294431 -0.10732573 -0.61988836
  0.10235452  0.14599671 -0.47003782  0.20471209  0.26080547 -0.6462036
 -0.0193248   0.3824482   0.02808129  0.03787818 -0.55204585  0.53586902
  0.55189703  0.56401484  0.64321389  0.23324842 -0.16873034  0.57253258
 -0.17503562  0.4159286  -0.61527457  0.11982317  0.3437985  -0.62609441
 -0.00991587 -0.22918948  0.07035586 -0.29749357  0.27799615 -0.48693242
 -0.30129626 -0.82395106 -0.50258734 -0.2266022  -0.19777019]
4641,[ 0.20485272  0.10662162 -0.10298641  0.1341781   0.37200744  0.08677577
 -0.04099701  0.64776594  0.3481752  -0.52982151 -0.04488904 -0.11623042
  0.17879686  0.43360392 -0.32604613  0.23294469 -0.10732548 -0.61988822
  0.10235427  0.14599698 -0.47003786  0.20471184  0.26080538 -0.64620398
 -0.01932519  0.38244801  0.028082    0.03787794 -0.55204616  0.53586966
  0.55189641  0.56401501  0.64321418  0.23324843 -0.1687301   0.57253265
 -0.17503589  0.41592843 -0.61527446  0.11982289  0.34379856 -0.62609394
 -0.00991642 -0.22918953  0.07035553 -0.29749366  0.27799649 -0.48693165
 -0.3012967  -0.82395101 -0.50258752 -0.22660213 -0.19777031]
4642,[ 0.20485317  0.1066218  -0.10298757  0.13417836  0.3720077   0.08677549
 -0.0409966   0.64776551  0.34817475 -0.52982132 -0.04488897 -0.11622994
  0.17879662  0.43360438 -0.32604614  0.23294507 -0.10732524 -0.61988807
  0.10235401  0.14599725 -0.4700379   0.2047116   0.2608053  -0.64620436
 -0.01932558  0.38244782  0.02808271  0.03787771 -0.55204648  0.5358703
  0.5518958   0.56401517  0.64321446  0.23324845 -0.16872986  0.57253272
 -0.17503615  0.41592826 -0.61527435  0.11982261  0.34379862 -0.62609347
 -0.00991696 -0.22918957  0.07035521 -0.29749376  0.27799684 -0.48693088
 -0.30129714 -0.82395096 -0.5025877  -0.22660206 -0.19777044]
4643,[ 0.20485362  0.10662198 -0.10298873  0.13417861  0.37200795  0.08677522
 -0.04099619  0.64776507  0.3481743  -0.52982113 -0.04488891 -0.11622945
  0.17879638  0.43360484 -0.32604616  0.23294545 -0.107325   -0.61988793
  0.10235375  0.14599752 -0.47003794  0.20471136  0.26080522 -0.64620474
 -0.01932598  0.38244763  0.02808341  0.03787747 -0.55204679  0.53587094
  0.55189518  0.56401534  0.64321474  0.23324846 -0.16872962  0.57253278
 -0.17503641  0.41592809 -0.61527424  0.11982233  0.34379868 -0.626093
 -0.0099175  -0.22918962  0.07035489 -0.29749385  0.27799718 -0.48693011
 -0.30129758 -0.8239509  -0.50258788 -0.226602   -0.19777056]
4644,[ 0.20485407  0.10662216 -0.10298989  0.13417886  0.37200821  0.08677494
 -0.04099579  0.64776464  0.34817386 -0.52982094 -0.04488884 -0.11622896
  0.17879614  0.43360529 -0.32604617  0.23294584 -0.10732476 -0.61988778
  0.1023535   0.1459978  -0.47003798  0.20471111  0.26080514 -0.64620513
 -0.01932637  0.38244744  0.02808412  0.03787723 -0.5520471   0.53587158
  0.55189457  0.56401551  0.64321503  0.23324847 -0.16872938  0.57253285
 -0.17503667  0.41592791 -0.61527413  0.11982205  0.34379875 -0.62609252
 -0.00991805 -0.22918967  0.07035457 -0.29749395  0.27799752 -0.48692935
 -0.30129802 -0.82395085 -0.50258806 -0.22660193 -0.19777069]
4645,[ 0.20485453  0.10662234 -0.10299104  0.13417911  0.37200847  0.08677466
 -0.04099538  0.64776421  0.34817341 -0.52982076 -0.04488878 -0.11622848
  0.17879591  0.43360575 -0.32604619  0.23294622 -0.10732452 -0.61988764
  0.10235324  0.14599807 -0.47003802  0.20471087  0.26080506 -0.64620551
 -0.01932676  0.38244725  0.02808482  0.037877   -0.55204741  0.53587222
  0.55189395  0.56401567  0.64321531  0.23324848 -0.16872915  0.57253292
 -0.17503693  0.41592774 -0.61527403  0.11982177  0.34379881 -0.62609205
 -0.00991859 -0.22918971  0.07035425 -0.29749404  0.27799787 -0.48692858
 -0.30129846 -0.8239508  -0.50258824 -0.22660186 -0.19777081]
4646,[ 0.20485498  0.10662253 -0.1029922   0.13417936  0.37200873  0.08677439
 -0.04099498  0.64776377  0.34817297 -0.52982057 -0.04488871 -0.11622799
  0.17879567  0.4336062  -0.3260462   0.2329466  -0.10732428 -0.61988749
  0.10235298  0.14599834 -0.47003806  0.20471063  0.26080498 -0.64620589
 -0.01932715  0.38244706  0.02808552  0.03787676 -0.55204772  0.53587285
  0.55189334  0.56401584  0.64321559  0.23324849 -0.16872891  0.57253298
 -0.17503718  0.41592757 -0.61527392  0.11982149  0.34379887 -0.62609158
 -0.00991913 -0.22918976  0.07035393 -0.29749414  0.27799821 -0.48692782
 -0.30129889 -0.82395074 -0.50258841 -0.2266018  -0.19777094]
4647,[ 0.20485543  0.10662271 -0.10299335  0.13417961  0.37200899  0.08677411
 -0.04099457  0.64776334  0.34817252 -0.52982038 -0.04488865 -0.11622751
  0.17879543  0.43360666 -0.32604621  0.23294697 -0.10732404 -0.61988735
  0.10235273  0.14599861 -0.47003809  0.20471039  0.26080489 -0.64620627
 -0.01932754  0.38244687  0.02808623  0.03787653 -0.55204803  0.53587349
  0.55189273  0.564016    0.64321587  0.2332485  -0.16872867  0.57253305
 -0.17503744  0.4159274  -0.61527381  0.11982122  0.34379893 -0.62609111
 -0.00991967 -0.2291898   0.07035361 -0.29749423  0.27799855 -0.48692705
 -0.30129933 -0.82395069 -0.50258859 -0.22660173 -0.19777106]
4648,[ 0.20485588  0.10662289 -0.10299451  0.13417985  0.37200924  0.08677383
 -0.04099417  0.64776291  0.34817207 -0.52982019 -0.04488858 -0.11622703
  0.17879519  0.43360711 -0.32604623  0.23294735 -0.1073238  -0.61988721
  0.10235247  0.14599888 -0.47003813  0.20471015  0.26080481 -0.64620665
 -0.01932793  0.38244669  0.02808693  0.03787629 -0.55204834  0.53587413
  0.55189211  0.56401617  0.64321615  0.23324852 -0.16872843  0.57253312
 -0.1750377   0.41592723 -0.6152737   0.11982094  0.343799   -0.62609064
 -0.00992021 -0.22918985  0.07035329 -0.29749432  0.27799889 -0.48692629
 -0.30129977 -0.82395064 -0.50258877 -0.22660167 -0.19777119]
4649,[ 0.20485633  0.10662307 -0.10299566  0.1341801   0.3720095   0.08677356
 -0.04099376  0.64776248  0.34817163 -0.52982001 -0.04488852 -0.11622654
  0.17879495  0.43360757 -0.32604624  0.23294773 -0.10732356 -0.61988706
  0.10235222  0.14599915 -0.47003817  0.20470991  0.26080473 -0.64620703
 -0.01932832  0.3824465   0.02808763  0.03787606 -0.55204865  0.53587476
  0.5518915   0.56401633  0.64321643  0.23324853 -0.1687282   0.57253318
 -0.17503796  0.41592706 -0.61527359  0.11982066  0.34379906 -0.62609017
 -0.00992075 -0.2291899   0.07035297 -0.29749442  0.27799923 -0.48692553
 -0.3013002  -0.82395058 -0.50258894 -0.2266016  -0.19777131]
4650,[ 0.20485678  0.10662325 -0.10299681  0.13418035  0.37200976  0.08677328
 -0.04099336  0.64776205  0.34817119 -0.52981982 -0.04488845 -0.11622606
  0.17879471  0.43360802 -0.32604626  0.23294811 -0.10732332 -0.61988692
  0.10235196  0.14599942 -0.47003821  0.20470967  0.26080465 -0.6462074
 -0.01932871  0.38244631  0.02808833  0.03787583 -0.55204896  0.5358754
  0.55189089  0.5640165   0.64321672  0.23324854 -0.16872796  0.57253325
 -0.17503822  0.41592689 -0.61527348  0.11982038  0.34379912 -0.62608971
 -0.00992129 -0.22918994  0.07035265 -0.29749451  0.27799957 -0.48692477
 -0.30130064 -0.82395053 -0.50258912 -0.22660153 -0.19777144]
4651,[ 0.20485722  0.10662343 -0.10299796  0.1341806   0.37201001  0.08677301
 -0.04099296  0.64776162  0.34817074 -0.52981963 -0.04488839 -0.11622558
  0.17879448  0.43360847 -0.32604627  0.23294849 -0.10732308 -0.61988678
  0.10235171  0.14599969 -0.47003825  0.20470943  0.26080457 -0.64620778
 -0.0193291   0.38244612  0.02808903  0.03787559 -0.55204927  0.53587603
  0.55189028  0.56401666  0.643217    0.23324855 -0.16872772  0.57253332
 -0.17503848  0.41592672 -0.61527337  0.11982011  0.34379918 -0.62608924
 -0.00992183 -0.22918999  0.07035233 -0.29749461  0.27799992 -0.48692401
 -0.30130107 -0.82395048 -0.5025893  -0.22660147 -0.19777156]
4652,[ 0.20485767  0.10662361 -0.10299911  0.13418085  0.37201027  0.08677273
 -0.04099256  0.64776119  0.3481703  -0.52981945 -0.04488832 -0.1162251
  0.17879424  0.43360892 -0.32604628  0.23294886 -0.10732284 -0.61988663
  0.10235145  0.14599996 -0.47003829  0.20470919  0.26080449 -0.64620816
 -0.01932949  0.38244594  0.02808973  0.03787536 -0.55204958  0.53587666
  0.55188967  0.56401683  0.64321728  0.23324856 -0.16872749  0.57253338
 -0.17503873  0.41592655 -0.61527327  0.11981983  0.34379925 -0.62608877
 -0.00992237 -0.22919003  0.07035202 -0.2974947   0.27800026 -0.48692325
 -0.30130151 -0.82395043 -0.50258947 -0.2266014  -0.19777169]
4653,[ 0.20485812  0.10662379 -0.10300026  0.1341811   0.37201053  0.08677246
 -0.04099215  0.64776076  0.34816986 -0.52981926 -0.04488826 -0.11622462
  0.178794    0.43360938 -0.3260463   0.23294924 -0.1073226  -0.61988649
  0.1023512   0.14600022 -0.47003833  0.20470895  0.26080441 -0.64620854
 -0.01932988  0.38244575  0.02809042  0.03787513 -0.55204988  0.5358773
  0.55188907  0.56401699  0.64321756  0.23324857 -0.16872725  0.57253345
 -0.17503899  0.41592638 -0.61527316  0.11981955  0.34379931 -0.6260883
 -0.00992291 -0.22919008  0.0703517  -0.29749479  0.2780006  -0.48692249
 -0.30130194 -0.82395037 -0.50258965 -0.22660134 -0.19777181]
4654,[ 0.20485857  0.10662397 -0.1030014   0.13418134  0.37201078  0.08677219
 -0.04099175  0.64776034  0.34816942 -0.52981907 -0.04488819 -0.11622414
  0.17879376  0.43360983 -0.32604631  0.23294962 -0.10732236 -0.61988635
  0.10235095  0.14600049 -0.47003837  0.20470871  0.26080433 -0.64620892
 -0.01933027  0.38244556  0.02809112  0.03787489 -0.55205019  0.53587793
  0.55188846  0.56401716  0.64321784  0.23324859 -0.16872701  0.57253352
 -0.17503925  0.41592621 -0.61527305  0.11981928  0.34379937 -0.62608784
 -0.00992345 -0.22919013  0.07035138 -0.29749489  0.27800094 -0.48692173
 -0.30130237 -0.82395032 -0.50258983 -0.22660127 -0.19777194]
4655,[ 0.20485901  0.10662415 -0.10300254  0.13418159  0.37201104  0.08677191
 -0.04099135  0.64775991  0.34816897 -0.52981889 -0.04488813 -0.11622366
  0.17879353  0.43361028 -0.32604633  0.23294999 -0.10732213 -0.6198862
  0.10235069  0.14600076 -0.47003841  0.20470847  0.26080425 -0.64620929
 -0.01933066  0.38244538  0.02809182  0.03787466 -0.5520505   0.53587856
  0.55188785  0.56401732  0.64321811  0.2332486  -0.16872678  0.57253358
 -0.1750395   0.41592604 -0.61527294  0.119819    0.34379943 -0.62608737
 -0.00992398 -0.22919017  0.07035106 -0.29749498  0.27800127 -0.48692097
 -0.30130281 -0.82395027 -0.50259    -0.22660121 -0.19777206]
4656,[ 0.20485946  0.10662433 -0.10300369  0.13418184  0.37201129  0.08677164
 -0.04099095  0.64775948  0.34816853 -0.5298187  -0.04488806 -0.11622318
  0.17879329  0.43361073 -0.32604634  0.23295037 -0.10732189 -0.61988606
  0.10235044  0.14600103 -0.47003845  0.20470823  0.26080417 -0.64620967
 -0.01933104  0.38244519  0.02809251  0.03787443 -0.55205081  0.53587919
  0.55188724  0.56401748  0.64321839  0.23324861 -0.16872654  0.57253365
 -0.17503976  0.41592587 -0.61527283  0.11981872  0.34379949 -0.62608691
 -0.00992452 -0.22919022  0.07035075 -0.29749507  0.27800161 -0.48692022
 -0.30130324 -0.82395022 -0.50259018 -0.22660114 -0.19777218]
4657,[ 0.20485991  0.10662451 -0.10300483  0.13418208  0.37201155  0.08677137
 -0.04099055  0.64775906  0.34816809 -0.52981852 -0.044888   -0.1162227
  0.17879306  0.43361118 -0.32604635  0.23295074 -0.10732165 -0.61988592
  0.10235019  0.1460013  -0.47003849  0.20470799  0.26080408 -0.64621004
 -0.01933143  0.382445    0.0280932   0.0378742  -0.55205111  0.53587982
  0.55188664  0.56401765  0.64321867  0.23324862 -0.16872631  0.57253371
 -0.17504002  0.4159257  -0.61527273  0.11981845  0.34379956 -0.62608644
 -0.00992505 -0.22919026  0.07035043 -0.29749517  0.27800195 -0.48691946
 -0.30130367 -0.82395016 -0.50259035 -0.22660108 -0.19777231]
4658,[ 0.20486035  0.10662469 -0.10300597  0.13418233  0.3720118   0.08677109
 -0.04099015  0.64775863  0.34816765 -0.52981833 -0.04488793 -0.11622222
  0.17879282  0.43361163 -0.32604637  0.23295112 -0.10732141 -0.61988578
  0.10234994  0.14600156 -0.47003853  0.20470775  0.260804   -0.64621042
 -0.01933182  0.38244482  0.0280939   0.03787396 -0.55205142  0.53588045
  0.55188603  0.56401781  0.64321895  0.23324863 -0.16872607  0.57253378
 -0.17504027  0.41592553 -0.61527262  0.11981817  0.34379962 -0.62608598
 -0.00992559 -0.22919031  0.07035011 -0.29749526  0.27800229 -0.48691871
 -0.3013041  -0.82395011 -0.50259053 -0.22660101 -0.19777243]
4659,[ 0.20486079  0.10662487 -0.10300711  0.13418258  0.37201205  0.08677082
 -0.04098975  0.6477582   0.34816721 -0.52981814 -0.04488787 -0.11622174
  0.17879258  0.43361207 -0.32604638  0.23295149 -0.10732118 -0.61988564
  0.10234968  0.14600183 -0.47003856  0.20470751  0.26080392 -0.6462108
 -0.0193322   0.38244463  0.02809459  0.03787373 -0.55205172  0.53588108
  0.55188543  0.56401798  0.64321923  0.23324864 -0.16872584  0.57253385
 -0.17504053  0.41592536 -0.61527251  0.1198179   0.34379968 -0.62608551
 -0.00992612 -0.22919035  0.0703498  -0.29749535  0.27800263 -0.48691795
 -0.30130453 -0.82395006 -0.5025907  -0.22660094 -0.19777255]
4660,[ 0.20486124  0.10662505 -0.10300825  0.13418282  0.37201231  0.08677055
 -0.04098935  0.64775778  0.34816677 -0.52981796 -0.0448878  -0.11622127
  0.17879235  0.43361252 -0.32604639  0.23295187 -0.10732094 -0.61988549
  0.10234943  0.1460021  -0.4700386   0.20470727  0.26080384 -0.64621117
 -0.01933259  0.38244445  0.02809528  0.0378735  -0.55205203  0.53588171
  0.55188482  0.56401814  0.64321951  0.23324866 -0.1687256   0.57253391
 -0.17504078  0.41592519 -0.6152724   0.11981762  0.34379974 -0.62608505
 -0.00992666 -0.2291904   0.07034948 -0.29749545  0.27800296 -0.4869172
 -0.30130496 -0.82395001 -0.50259088 -0.22660088 -0.19777268]
4661,[ 0.20486168  0.10662522 -0.10300938  0.13418307  0.37201256  0.08677028
 -0.04098895  0.64775735  0.34816634 -0.52981778 -0.04488774 -0.11622079
  0.17879211  0.43361297 -0.32604641  0.23295224 -0.1073207  -0.61988535
  0.10234918  0.14600236 -0.47003864  0.20470704  0.26080376 -0.64621154
 -0.01933297  0.38244426  0.02809597  0.03787327 -0.55205234  0.53588233
  0.55188422  0.5640183   0.64321978  0.23324867 -0.16872537  0.57253398
 -0.17504104  0.41592502 -0.6152723   0.11981735  0.3437998  -0.62608459
 -0.00992719 -0.22919045  0.07034917 -0.29749554  0.2780033  -0.48691645
 -0.30130539 -0.82394996 -0.50259105 -0.22660081 -0.1977728 ]
4662,[ 0.20486213  0.1066254  -0.10301052  0.13418331  0.37201281  0.08677001
 -0.04098856  0.64775693  0.3481659  -0.52981759 -0.04488768 -0.11622032
  0.17879188  0.43361342 -0.32604642  0.23295261 -0.10732047 -0.61988521
  0.10234893  0.14600263 -0.47003868  0.2047068   0.26080368 -0.64621192
 -0.01933336  0.38244408  0.02809666  0.03787304 -0.55205264  0.53588296
  0.55188362  0.56401846  0.64322006  0.23324868 -0.16872514  0.57253404
 -0.17504129  0.41592485 -0.61527219  0.11981708  0.34379986 -0.62608413
 -0.00992772 -0.22919049  0.07034885 -0.29749563  0.27800364 -0.4869157
 -0.30130582 -0.8239499  -0.50259123 -0.22660075 -0.19777292]
4663,[ 0.20486257  0.10662558 -0.10301165  0.13418356  0.37201307  0.08676973
 -0.04098816  0.64775651  0.34816546 -0.52981741 -0.04488761 -0.11621984
  0.17879164  0.43361386 -0.32604644  0.23295298 -0.10732023 -0.61988507
  0.10234868  0.14600289 -0.47003872  0.20470656  0.2608036  -0.64621229
 -0.01933374  0.38244389  0.02809735  0.03787281 -0.55205294  0.53588358
  0.55188302  0.56401863  0.64322034  0.23324869 -0.1687249   0.57253411
 -0.17504155  0.41592468 -0.61527208  0.1198168   0.34379992 -0.62608366
 -0.00992825 -0.22919054  0.07034854 -0.29749573  0.27800397 -0.48691495
 -0.30130625 -0.82394985 -0.5025914  -0.22660068 -0.19777304]
4664,[ 0.20486301  0.10662576 -0.10301279  0.1341838   0.37201332  0.08676946
 -0.04098776  0.64775608  0.34816502 -0.52981722 -0.04488755 -0.11621937
  0.17879141  0.43361431 -0.32604645  0.23295336 -0.10731999 -0.61988493
  0.10234843  0.14600316 -0.47003876  0.20470632  0.26080352 -0.64621266
 -0.01933412  0.38244371  0.02809804  0.03787258 -0.55205325  0.53588421
  0.55188242  0.56401879  0.64322061  0.2332487  -0.16872467  0.57253417
 -0.1750418   0.41592452 -0.61527197  0.11981653  0.34379999 -0.6260832
 -0.00992879 -0.22919058  0.07034823 -0.29749582  0.27800431 -0.4869142
 -0.30130668 -0.8239498  -0.50259157 -0.22660062 -0.19777317]
4665,[ 0.20486345  0.10662594 -0.10301392  0.13418405  0.37201357  0.08676919
 -0.04098737  0.64775566  0.34816459 -0.52981704 -0.04488748 -0.11621889
  0.17879118  0.43361476 -0.32604646  0.23295373 -0.10731976 -0.61988479
  0.10234818  0.14600342 -0.4700388   0.20470609  0.26080344 -0.64621304
 -0.01933451  0.38244352  0.02809873  0.03787235 -0.55205355  0.53588483
  0.55188182  0.56401895  0.64322089  0.23324871 -0.16872444  0.57253424
 -0.17504205  0.41592435 -0.61527187  0.11981626  0.34380005 -0.62608274
 -0.00992932 -0.22919063  0.07034791 -0.29749591  0.27800465 -0.48691345
 -0.30130711 -0.82394975 -0.50259175 -0.22660055 -0.19777329]
4666,[ 0.20486389  0.10662611 -0.10301505  0.13418429  0.37201382  0.08676892
 -0.04098697  0.64775524  0.34816415 -0.52981685 -0.04488742 -0.11621842
  0.17879094  0.4336152  -0.32604648  0.2329541  -0.10731952 -0.61988465
  0.10234793  0.14600369 -0.47003884  0.20470585  0.26080336 -0.64621341
 -0.01933489  0.38244334  0.02809942  0.03787212 -0.55205386  0.53588546
  0.55188122  0.56401911  0.64322116  0.23324872 -0.1687242   0.5725343
 -0.17504231  0.41592418 -0.61527176  0.11981598  0.34380011 -0.62608228
 -0.00992985 -0.22919067  0.0703476  -0.297496    0.27800498 -0.4869127
 -0.30130753 -0.8239497  -0.50259192 -0.22660049 -0.19777341]
4667,[ 0.20486433  0.10662629 -0.10301618  0.13418453  0.37201408  0.08676865
 -0.04098657  0.64775482  0.34816371 -0.52981667 -0.04488736 -0.11621794
  0.17879071  0.43361565 -0.32604649  0.23295447 -0.10731929 -0.6198845
  0.10234768  0.14600395 -0.47003887  0.20470562  0.26080328 -0.64621378
 -0.01933527  0.38244315  0.02810011  0.03787189 -0.55205416  0.53588608
  0.55188062  0.56401928  0.64322144  0.23324874 -0.16872397  0.57253437
 -0.17504256  0.41592401 -0.61527165  0.11981571  0.34380017 -0.62608182
 -0.00993038 -0.22919072  0.07034729 -0.2974961   0.27800531 -0.48691196
 -0.30130796 -0.82394964 -0.5025921  -0.22660043 -0.19777353]
4668,[ 0.20486477  0.10662647 -0.1030173   0.13418478  0.37201433  0.08676838
 -0.04098618  0.6477544   0.34816328 -0.52981649 -0.04488729 -0.11621747
  0.17879048  0.43361609 -0.3260465   0.23295484 -0.10731905 -0.61988436
  0.10234743  0.14600422 -0.47003891  0.20470538  0.26080321 -0.64621415
 -0.01933565  0.38244297  0.02810079  0.03787166 -0.55205446  0.5358867
  0.55188002  0.56401944  0.64322171  0.23324875 -0.16872374  0.57253444
 -0.17504281  0.41592384 -0.61527155  0.11981544  0.34380023 -0.62608136
 -0.0099309  -0.22919076  0.07034697 -0.29749619  0.27800565 -0.48691121
 -0.30130839 -0.82394959 -0.50259227 -0.22660036 -0.19777366]
4669,[ 0.20486521  0.10662664 -0.10301843  0.13418502  0.37201458  0.08676811
 -0.04098578  0.64775397  0.34816284 -0.52981631 -0.04488723 -0.116217
  0.17879024  0.43361653 -0.32604652  0.23295521 -0.10731882 -0.61988422
  0.10234718  0.14600448 -0.47003895  0.20470514  0.26080313 -0.64621452
 -0.01933604  0.38244279  0.02810148  0.03787143 -0.55205477  0.53588732
  0.55187942  0.5640196   0.64322199  0.23324876 -0.16872351  0.5725345
 -0.17504307  0.41592368 -0.61527144  0.11981517  0.34380029 -0.62608091
 -0.00993143 -0.22919081  0.07034666 -0.29749628  0.27800598 -0.48691047
 -0.30130881 -0.82394954 -0.50259244 -0.2266003  -0.19777378]
4670,[ 0.20486565  0.10662682 -0.10301955  0.13418526  0.37201483  0.08676785
 -0.04098539  0.64775355  0.34816241 -0.52981612 -0.04488716 -0.11621653
  0.17879001  0.43361698 -0.32604653  0.23295558 -0.10731859 -0.61988408
  0.10234693  0.14600474 -0.47003899  0.20470491  0.26080305 -0.64621489
 -0.01933642  0.3824426   0.02810216  0.0378712  -0.55205507  0.53588794
  0.55187882  0.56401976  0.64322226  0.23324877 -0.16872328  0.57253457
 -0.17504332  0.41592351 -0.61527134  0.1198149   0.34380035 -0.62608045
 -0.00993196 -0.22919085  0.07034635 -0.29749637  0.27800632 -0.48690972
 -0.30130924 -0.82394949 -0.50259261 -0.22660023 -0.1977739 ]
4671,[ 0.20486609  0.106627   -0.10302068  0.13418551  0.37201508  0.08676758
 -0.040985    0.64775313  0.34816198 -0.52981594 -0.0448871  -0.11621606
  0.17878978  0.43361742 -0.32604654  0.23295595 -0.10731835 -0.61988394
  0.10234668  0.14600501 -0.47003903  0.20470467  0.26080297 -0.64621526
 -0.0193368   0.38244242  0.02810284  0.03787097 -0.55205537  0.53588856
  0.55187823  0.56401992  0.64322254  0.23324878 -0.16872305  0.57253463
 -0.17504357  0.41592334 -0.61527123  0.11981463  0.34380041 -0.62607999
 -0.00993249 -0.2291909   0.07034604 -0.29749646  0.27800665 -0.48690898
 -0.30130966 -0.82394944 -0.50259279 -0.22660017 -0.19777402]
4672,[ 0.20486653  0.10662717 -0.1030218   0.13418575  0.37201533  0.08676731
 -0.0409846   0.64775271  0.34816154 -0.52981576 -0.04488704 -0.11621559
  0.17878955  0.43361786 -0.32604656  0.23295632 -0.10731812 -0.6198838
  0.10234643  0.14600527 -0.47003907  0.20470444  0.26080289 -0.64621563
 -0.01933718  0.38244224  0.02810353  0.03787075 -0.55205567  0.53588918
  0.55187763  0.56402008  0.64322281  0.23324879 -0.16872281  0.5725347
 -0.17504382  0.41592318 -0.61527112  0.11981436  0.34380047 -0.62607953
 -0.00993301 -0.22919094  0.07034573 -0.29749656  0.27800698 -0.48690824
 -0.30131009 -0.82394939 -0.50259296 -0.2266001  -0.19777414]
4673,[ 0.20486697  0.10662735 -0.10302292  0.13418599  0.37201558  0.08676704
 -0.04098421  0.6477523   0.34816111 -0.52981558 -0.04488697 -0.11621512
  0.17878932  0.4336183  -0.32604657  0.23295669 -0.10731788 -0.61988366
  0.10234618  0.14600553 -0.4700391   0.2047042   0.26080281 -0.646216
 -0.01933756  0.38244205  0.02810421  0.03787052 -0.55205597  0.5358898
  0.55187704  0.56402024  0.64322309  0.2332488  -0.16872258  0.57253476
 -0.17504407  0.41592301 -0.61527102  0.11981409  0.34380053 -0.62607908
 -0.00993354 -0.22919099  0.07034542 -0.29749665  0.27800731 -0.48690749
 -0.30131051 -0.82394933 -0.50259313 -0.22660004 -0.19777426]
4674,[ 0.2048674   0.10662753 -0.10302404  0.13418623  0.37201583  0.08676677
 -0.04098382  0.64775188  0.34816068 -0.52981539 -0.04488691 -0.11621465
  0.17878908  0.43361874 -0.32604658  0.23295705 -0.10731765 -0.61988352
  0.10234593  0.1460058  -0.47003914  0.20470397  0.26080273 -0.64621637
 -0.01933794  0.38244187  0.02810489  0.03787029 -0.55205627  0.53589042
  0.55187644  0.5640204   0.64322336  0.23324882 -0.16872235  0.57253482
 -0.17504432  0.41592284 -0.61527091  0.11981382  0.34380059 -0.62607862
 -0.00993406 -0.22919103  0.07034511 -0.29749674  0.27800765 -0.48690675
 -0.30131093 -0.82394928 -0.5025933  -0.22659997 -0.19777438]
4675,[ 0.20486784  0.1066277  -0.10302516  0.13418648  0.37201608  0.0867665
 -0.04098342  0.64775146  0.34816025 -0.52981521 -0.04488685 -0.11621418
  0.17878885  0.43361918 -0.3260466   0.23295742 -0.10731742 -0.61988338
  0.10234569  0.14600606 -0.47003918  0.20470374  0.26080265 -0.64621674
 -0.01933832  0.38244169  0.02810557  0.03787006 -0.55205657  0.53589103
  0.55187585  0.56402056  0.64322363  0.23324883 -0.16872212  0.57253489
 -0.17504458  0.41592268 -0.61527081  0.11981355  0.34380065 -0.62607817
 -0.00993459 -0.22919108  0.0703448  -0.29749683  0.27800798 -0.48690601
 -0.30131136 -0.82394923 -0.50259348 -0.22659991 -0.19777451]
4676,[ 0.20486828  0.10662788 -0.10302628  0.13418672  0.37201633  0.08676624
 -0.04098303  0.64775104  0.34815982 -0.52981503 -0.04488678 -0.11621371
  0.17878862  0.43361962 -0.32604661  0.23295779 -0.10731719 -0.61988324
  0.10234544  0.14600632 -0.47003922  0.2047035   0.26080257 -0.64621711
 -0.01933869  0.38244151  0.02810625  0.03786983 -0.55205687  0.53589165
  0.55187526  0.56402072  0.6432239   0.23324884 -0.16872189  0.57253495
 -0.17504483  0.41592251 -0.6152707   0.11981328  0.34380071 -0.62607771
 -0.00993511 -0.22919112  0.07034449 -0.29749692  0.27800831 -0.48690527
 -0.30131178 -0.82394918 -0.50259365 -0.22659985 -0.19777463]
4677,[ 0.20486871  0.10662805 -0.10302739  0.13418696  0.37201658  0.08676597
 -0.04098264  0.64775062  0.34815939 -0.52981485 -0.04488672 -0.11621324
  0.17878839  0.43362006 -0.32604663  0.23295815 -0.10731695 -0.61988311
  0.10234519  0.14600658 -0.47003926  0.20470327  0.26080249 -0.64621747
 -0.01933907  0.38244133  0.02810693  0.03786961 -0.55205717  0.53589227
  0.55187466  0.56402088  0.64322418  0.23324885 -0.16872166  0.57253502
 -0.17504508  0.41592235 -0.6152706   0.11981301  0.34380078 -0.62607726
 -0.00993564 -0.22919117  0.07034418 -0.29749701  0.27800864 -0.48690453
 -0.3013122  -0.82394913 -0.50259382 -0.22659978 -0.19777475]
4678,[ 0.20486915  0.10662823 -0.10302851  0.1341872   0.37201683  0.0867657
 -0.04098225  0.64775021  0.34815896 -0.52981467 -0.04488666 -0.11621277
  0.17878816  0.4336205  -0.32604664  0.23295852 -0.10731672 -0.61988297
  0.10234495  0.14600684 -0.47003929  0.20470304  0.26080241 -0.64621784
 -0.01933945  0.38244114  0.02810761  0.03786938 -0.55205747  0.53589288
  0.55187407  0.56402104  0.64322445  0.23324886 -0.16872143  0.57253508
 -0.17504533  0.41592218 -0.61527049  0.11981274  0.34380084 -0.6260768
 -0.00993616 -0.22919121  0.07034387 -0.2974971   0.27800897 -0.4869038
 -0.30131262 -0.82394908 -0.50259399 -0.22659972 -0.19777487]
4679,[ 0.20486958  0.1066284  -0.10302962  0.13418744  0.37201707  0.08676544
 -0.04098186  0.64774979  0.34815853 -0.52981449 -0.04488659 -0.11621231
  0.17878793  0.43362094 -0.32604665  0.23295889 -0.10731649 -0.61988283
  0.1023447   0.1460071  -0.47003933  0.2047028   0.26080234 -0.64621821
 -0.01933983  0.38244096  0.02810828  0.03786915 -0.55205777  0.5358935
  0.55187348  0.5640212   0.64322472  0.23324887 -0.1687212   0.57253515
 -0.17504558  0.41592202 -0.61527039  0.11981247  0.3438009  -0.62607635
 -0.00993668 -0.22919125  0.07034356 -0.2974972   0.2780093  -0.48690306
 -0.30131304 -0.82394903 -0.50259416 -0.22659965 -0.19777499]
4680,[ 0.20487001  0.10662858 -0.10303074  0.13418768  0.37201732  0.08676517
 -0.04098147  0.64774938  0.3481581  -0.52981431 -0.04488653 -0.11621184
  0.1787877   0.43362138 -0.32604667  0.23295925 -0.10731626 -0.61988269
  0.10234445  0.14600736 -0.47003937  0.20470257  0.26080226 -0.64621857
 -0.0193402   0.38244078  0.02810896  0.03786893 -0.55205807  0.53589411
  0.55187289  0.56402136  0.64322499  0.23324888 -0.16872098  0.57253521
 -0.17504583  0.41592185 -0.61527028  0.1198122   0.34380096 -0.6260759
 -0.0099372  -0.2291913   0.07034325 -0.29749729  0.27800963 -0.48690232
 -0.30131347 -0.82394898 -0.50259433 -0.22659959 -0.19777511]
4681,[ 0.20487045  0.10662875 -0.10303185  0.13418792  0.37201757  0.08676491
 -0.04098108  0.64774896  0.34815767 -0.52981412 -0.04488647 -0.11621138
  0.17878747  0.43362182 -0.32604668  0.23295962 -0.10731603 -0.61988255
  0.10234421  0.14600762 -0.47003941  0.20470234  0.26080218 -0.64621894
 -0.01934058  0.3824406   0.02810964  0.0378687  -0.55205837  0.53589472
  0.5518723   0.56402152  0.64322526  0.23324889 -0.16872075  0.57253528
 -0.17504607  0.41592168 -0.61527018  0.11981193  0.34380102 -0.62607544
 -0.00993773 -0.22919134  0.07034294 -0.29749738  0.27800996 -0.48690159
 -0.30131389 -0.82394893 -0.5025945  -0.22659953 -0.19777523]
4682,[ 0.20487088  0.10662893 -0.10303296  0.13418816  0.37201782  0.08676464
 -0.04098069  0.64774855  0.34815724 -0.52981394 -0.04488641 -0.11621091
  0.17878724  0.43362225 -0.32604669  0.23295998 -0.1073158  -0.61988241
  0.10234396  0.14600788 -0.47003945  0.20470211  0.2608021  -0.64621931
 -0.01934096  0.38244042  0.02811031  0.03786848 -0.55205867  0.53589533
  0.55187171  0.56402168  0.64322553  0.23324891 -0.16872052  0.57253534
 -0.17504632  0.41592152 -0.61527007  0.11981167  0.34380108 -0.62607499
 -0.00993825 -0.22919139  0.07034264 -0.29749747  0.27801029 -0.48690086
 -0.30131431 -0.82394887 -0.50259467 -0.22659946 -0.19777535]
4683,[ 0.20487131  0.1066291  -0.10303407  0.1341884   0.37201807  0.08676438
 -0.0409803   0.64774813  0.34815681 -0.52981376 -0.04488634 -0.11621045
  0.17878701  0.43362269 -0.32604671  0.23296035 -0.10731557 -0.61988227
  0.10234372  0.14600814 -0.47003948  0.20470187  0.26080202 -0.64621967
 -0.01934133  0.38244024  0.02811099  0.03786825 -0.55205897  0.53589595
  0.55187112  0.56402184  0.6432258   0.23324892 -0.16872029  0.5725354
 -0.17504657  0.41592136 -0.61526997  0.1198114   0.34380114 -0.62607454
 -0.00993877 -0.22919143  0.07034233 -0.29749756  0.27801062 -0.48690012
 -0.30131472 -0.82394882 -0.50259484 -0.2265994  -0.19777547]
4684,[ 0.20487175  0.10662927 -0.10303517  0.13418864  0.37201831  0.08676411
 -0.04097992  0.64774772  0.34815638 -0.52981358 -0.04488628 -0.11620998
  0.17878678  0.43362313 -0.32604672  0.23296071 -0.10731533 -0.61988214
  0.10234347  0.1460084  -0.47003952  0.20470164  0.26080195 -0.64622004
 -0.01934171  0.38244006  0.02811166  0.03786803 -0.55205926  0.53589656
  0.55187054  0.564022    0.64322607  0.23324893 -0.16872006  0.57253547
 -0.17504682  0.41592119 -0.61526986  0.11981113  0.3438012  -0.62607409
 -0.00993928 -0.22919148  0.07034202 -0.29749765  0.27801095 -0.48689939
 -0.30131514 -0.82394877 -0.50259501 -0.22659934 -0.19777559]
4685,[ 0.20487218  0.10662945 -0.10303628  0.13418888  0.37201856  0.08676385
 -0.04097953  0.6477473   0.34815596 -0.5298134  -0.04488622 -0.11620952
  0.17878655  0.43362356 -0.32604673  0.23296107 -0.1073151  -0.619882
  0.10234323  0.14600866 -0.47003956  0.20470141  0.26080187 -0.6462204
 -0.01934208  0.38243988  0.02811233  0.0378678  -0.55205956  0.53589717
  0.55186995  0.56402216  0.64322634  0.23324894 -0.16871983  0.57253553
 -0.17504707  0.41592103 -0.61526976  0.11981086  0.34380126 -0.62607364
 -0.0099398  -0.22919152  0.07034172 -0.29749774  0.27801127 -0.48689866
 -0.30131556 -0.82394872 -0.50259518 -0.22659927 -0.19777571]
4686,[ 0.20487261  0.10662962 -0.10303738  0.13418912  0.37201881  0.08676358
 -0.04097914  0.64774689  0.34815553 -0.52981323 -0.04488616 -0.11620905
  0.17878633  0.433624   -0.32604675  0.23296144 -0.10731487 -0.61988186
  0.10234298  0.14600892 -0.4700396   0.20470118  0.26080179 -0.64622076
 -0.01934246  0.3824397   0.028113    0.03786758 -0.55205986  0.53589778
  0.55186936  0.56402232  0.64322661  0.23324895 -0.16871961  0.5725356
 -0.17504732  0.41592086 -0.61526965  0.1198106   0.34380132 -0.62607319
 -0.00994032 -0.22919156  0.07034141 -0.29749783  0.2780116  -0.48689793
 -0.30131598 -0.82394867 -0.50259535 -0.22659921 -0.19777583]
4687,[ 0.20487304  0.10662979 -0.10303849  0.13418935  0.37201905  0.08676332
 -0.04097875  0.64774648  0.34815511 -0.52981305 -0.04488609 -0.11620859
  0.1787861   0.43362443 -0.32604676  0.2329618  -0.10731464 -0.61988172
  0.10234274  0.14600918 -0.47003964  0.20470095  0.26080171 -0.64622113
 -0.01934283  0.38243952  0.02811368  0.03786735 -0.55206015  0.53589838
  0.55186878  0.56402247  0.64322688  0.23324896 -0.16871938  0.57253566
 -0.17504756  0.4159207  -0.61526955  0.11981033  0.34380138 -0.62607274
 -0.00994084 -0.22919161  0.0703411  -0.29749792  0.27801193 -0.4868972
 -0.3013164  -0.82394862 -0.50259552 -0.22659915 -0.19777595]
4688,[ 0.20487347  0.10662997 -0.10303959  0.13418959  0.3720193   0.08676305
 -0.04097837  0.64774607  0.34815468 -0.52981287 -0.04488603 -0.11620813
  0.17878587  0.43362487 -0.32604677  0.23296216 -0.10731442 -0.61988158
  0.10234249  0.14600944 -0.47003967  0.20470072  0.26080163 -0.64622149
 -0.0193432   0.38243934  0.02811435  0.03786713 -0.55206045  0.53589899
  0.55186819  0.56402263  0.64322715  0.23324897 -0.16871915  0.57253572
 -0.17504781  0.41592054 -0.61526945  0.11981007  0.34380143 -0.62607229
 -0.00994136 -0.22919165  0.0703408  -0.29749801  0.27801226 -0.48689647
 -0.30131681 -0.82394857 -0.50259569 -0.22659908 -0.19777607]
4689,[ 0.2048739   0.10663014 -0.10304069  0.13418983  0.37201954  0.08676279
 -0.04097798  0.64774566  0.34815425 -0.52981269 -0.04488597 -0.11620767
  0.17878564  0.4336253  -0.32604679  0.23296252 -0.10731419 -0.61988145
  0.10234225  0.14600969 -0.47003971  0.20470049  0.26080156 -0.64622185
 -0.01934358  0.38243916  0.02811502  0.0378669  -0.55206075  0.5358996
  0.55186761  0.56402279  0.64322742  0.23324898 -0.16871893  0.57253579
 -0.17504806  0.41592037 -0.61526934  0.1198098   0.34380149 -0.62607184
 -0.00994187 -0.2291917   0.07034049 -0.2974981   0.27801258 -0.48689574
 -0.30131723 -0.82394852 -0.50259586 -0.22659902 -0.19777619]
4690,[ 0.20487433  0.10663031 -0.10304179  0.13419007  0.37201979  0.08676253
 -0.0409776   0.64774525  0.34815383 -0.52981251 -0.04488591 -0.11620721
  0.17878541  0.43362573 -0.3260468   0.23296288 -0.10731396 -0.61988131
  0.102342    0.14600995 -0.47003975  0.20470026  0.26080148 -0.64622221
 -0.01934395  0.38243898  0.02811569  0.03786668 -0.55206104  0.53590021
  0.55186702  0.56402295  0.64322769  0.23324899 -0.1687187   0.57253585
 -0.1750483   0.41592021 -0.61526924  0.11980954  0.34380155 -0.6260714
 -0.00994239 -0.22919174  0.07034019 -0.29749819  0.27801291 -0.48689501
 -0.30131765 -0.82394847 -0.50259603 -0.22659896 -0.19777631]
4691,[ 0.20487476  0.10663049 -0.10304289  0.1341903   0.37202003  0.08676227
 -0.04097721  0.64774483  0.34815341 -0.52981233 -0.04488584 -0.11620675
  0.17878519  0.43362617 -0.32604681  0.23296324 -0.10731373 -0.61988117
  0.10234176  0.14601021 -0.47003979  0.20470003  0.2608014  -0.64622258
 -0.01934432  0.3824388   0.02811635  0.03786646 -0.55206134  0.53590081
  0.55186644  0.56402311  0.64322796  0.23324901 -0.16871847  0.57253592
 -0.17504855  0.41592005 -0.61526913  0.11980927  0.34380161 -0.62607095
 -0.0099429  -0.22919178  0.07033988 -0.29749828  0.27801323 -0.48689428
 -0.30131806 -0.82394842 -0.5025962  -0.22659889 -0.19777642]
4692,[ 0.20487519  0.10663066 -0.10304399  0.13419054  0.37202028  0.086762
 -0.04097683  0.64774442  0.34815298 -0.52981215 -0.04488578 -0.11620629
  0.17878496  0.4336266  -0.32604683  0.2329636  -0.1073135  -0.61988104
  0.10234152  0.14601047 -0.47003982  0.2046998   0.26080132 -0.64622294
 -0.01934469  0.38243862  0.02811702  0.03786623 -0.55206163  0.53590142
  0.55186586  0.56402326  0.64322822  0.23324902 -0.16871825  0.57253598
 -0.1750488   0.41591988 -0.61526903  0.11980901  0.34380167 -0.6260705
 -0.00994342 -0.22919183  0.07033958 -0.29749837  0.27801356 -0.48689356
 -0.30131848 -0.82394837 -0.50259637 -0.22659883 -0.19777654]
4693,[ 0.20487561  0.10663083 -0.10304508  0.13419078  0.37202052  0.08676174
 -0.04097644  0.64774402  0.34815256 -0.52981197 -0.04488572 -0.11620583
  0.17878473  0.43362703 -0.32604684  0.23296396 -0.10731327 -0.6198809
  0.10234128  0.14601072 -0.47003986  0.20469957  0.26080125 -0.6462233
 -0.01934506  0.38243844  0.02811769  0.03786601 -0.55206193  0.53590202
  0.55186528  0.56402342  0.64322849  0.23324903 -0.16871802  0.57253604
 -0.17504904  0.41591972 -0.61526893  0.11980874  0.34380173 -0.62607006
 -0.00994393 -0.22919187  0.07033928 -0.29749846  0.27801388 -0.48689283
 -0.30131889 -0.82394832 -0.50259654 -0.22659877 -0.19777666]
4694,[ 0.20487604  0.106631   -0.10304618  0.13419101  0.37202077  0.08676148
 -0.04097606  0.64774361  0.34815214 -0.5298118  -0.04488566 -0.11620537
  0.17878451  0.43362746 -0.32604685  0.23296432 -0.10731304 -0.61988076
  0.10234103  0.14601098 -0.4700399   0.20469934  0.26080117 -0.64622366
 -0.01934543  0.38243826  0.02811835  0.03786579 -0.55206222  0.53590263
  0.5518647   0.56402358  0.64322876  0.23324904 -0.1687178   0.57253611
 -0.17504929  0.41591956 -0.61526882  0.11980848  0.34380179 -0.62606961
 -0.00994445 -0.22919192  0.07033897 -0.29749855  0.27801421 -0.48689211
 -0.30131931 -0.82394827 -0.5025967  -0.22659871 -0.19777678]
4695,[ 0.20487647  0.10663117 -0.10304727  0.13419125  0.37202101  0.08676122
 -0.04097568  0.6477432   0.34815172 -0.52981162 -0.0448856  -0.11620491
  0.17878428  0.43362789 -0.32604687  0.23296468 -0.10731282 -0.61988063
  0.10234079  0.14601124 -0.47003994  0.20469911  0.26080109 -0.64622402
 -0.0193458   0.38243809  0.02811902  0.03786557 -0.55206251  0.53590323
  0.55186412  0.56402373  0.64322903  0.23324905 -0.16871757  0.57253617
 -0.17504953  0.41591939 -0.61526872  0.11980821  0.34380185 -0.62606916
 -0.00994496 -0.22919196  0.07033867 -0.29749864  0.27801453 -0.48689138
 -0.30131972 -0.82394822 -0.50259687 -0.22659864 -0.1977769 ]
4696,[ 0.20487689  0.10663135 -0.10304837  0.13419149  0.37202125  0.08676096
 -0.04097529  0.64774279  0.34815129 -0.52981144 -0.04488553 -0.11620445
  0.17878406  0.43362832 -0.32604688  0.23296504 -0.10731259 -0.61988049
  0.10234055  0.14601149 -0.47003997  0.20469888  0.26080101 -0.64622438
 -0.01934617  0.38243791  0.02811968  0.03786534 -0.55206281  0.53590383
  0.55186354  0.56402389  0.64322929  0.23324906 -0.16871735  0.57253623
 -0.17504978  0.41591923 -0.61526862  0.11980795  0.34380191 -0.62606872
 -0.00994547 -0.229192    0.07033837 -0.29749873  0.27801486 -0.48689066
 -0.30132013 -0.82394817 -0.50259704 -0.22659858 -0.19777702]
4697,[ 0.20487732  0.10663152 -0.10304946  0.13419172  0.3720215   0.0867607
 -0.04097491  0.64774238  0.34815087 -0.52981126 -0.04488547 -0.11620399
  0.17878383  0.43362875 -0.32604689  0.2329654  -0.10731236 -0.61988035
  0.10234031  0.14601175 -0.47004001  0.20469865  0.26080094 -0.64622474
 -0.01934654  0.38243773  0.02812035  0.03786512 -0.5520631   0.53590443
  0.55186296  0.56402405  0.64322956  0.23324907 -0.16871712  0.57253629
 -0.17505002  0.41591907 -0.61526852  0.11980769  0.34380197 -0.62606828
 -0.00994598 -0.22919205  0.07033806 -0.29749882  0.27801518 -0.48688994
 -0.30132054 -0.82394812 -0.50259721 -0.22659852 -0.19777713]
4698,[ 0.20487775  0.10663169 -0.10305055  0.13419196  0.37202174  0.08676044
 -0.04097453  0.64774197  0.34815045 -0.52981109 -0.04488541 -0.11620354
  0.1787836   0.43362918 -0.32604691  0.23296576 -0.10731214 -0.61988022
  0.10234007  0.146012   -0.47004005  0.20469843  0.26080086 -0.6462251
 -0.01934691  0.38243755  0.02812101  0.0378649  -0.55206339  0.53590504
  0.55186238  0.5640242   0.64322982  0.23324908 -0.1687169   0.57253636
 -0.17505027  0.41591891 -0.61526841  0.11980742  0.34380203 -0.62606783
 -0.0099465  -0.22919209  0.07033776 -0.29749891  0.2780155  -0.48688922
 -0.30132096 -0.82394807 -0.50259738 -0.22659846 -0.19777725]
4699,[ 0.20487817  0.10663186 -0.10305164  0.13419219  0.37202198  0.08676017
 -0.04097415  0.64774157  0.34815003 -0.52981091 -0.04488535 -0.11620308
  0.17878338  0.43362961 -0.32604692  0.23296612 -0.10731191 -0.61988008
  0.10233983  0.14601226 -0.47004008  0.2046982   0.26080078 -0.64622546
 -0.01934728  0.38243737  0.02812167  0.03786468 -0.55206368  0.53590564
  0.5518618   0.56402436  0.64323009  0.23324909 -0.16871667  0.57253642
 -0.17505051  0.41591875 -0.61526831  0.11980716  0.34380209 -0.62606739
 -0.00994701 -0.22919213  0.07033746 -0.297499    0.27801583 -0.4868885
 -0.30132137 -0.82394802 -0.50259754 -0.22659839 -0.19777737]
4700,[ 0.20487859  0.10663203 -0.10305272  0.13419243  0.37202223  0.08675991
 -0.04097377  0.64774116  0.34814961 -0.52981073 -0.04488529 -0.11620263
  0.17878315  0.43363004 -0.32604693  0.23296647 -0.10731168 -0.61987995
  0.10233958  0.14601251 -0.47004012  0.20469797  0.26080071 -0.64622581
 -0.01934765  0.3824372   0.02812233  0.03786446 -0.55206398  0.53590624
  0.55186122  0.56402452  0.64323035  0.23324911 -0.16871645  0.57253648
 -0.17505076  0.41591859 -0.61526821  0.1198069   0.34380214 -0.62606695
 -0.00994752 -0.22919218  0.07033716 -0.29749908  0.27801615 -0.48688778
 -0.30132178 -0.82394797 -0.50259771 -0.22659833 -0.19777749]
4701,[ 0.20487902  0.1066322  -0.10305381  0.13419266  0.37202247  0.08675965
 -0.04097338  0.64774075  0.34814919 -0.52981056 -0.04488523 -0.11620217
  0.17878293  0.43363047 -0.32604694  0.23296683 -0.10731146 -0.61987981
  0.10233934  0.14601277 -0.47004016  0.20469774  0.26080063 -0.64622617
 -0.01934802  0.38243702  0.02812299  0.03786424 -0.55206427  0.53590684
  0.55186065  0.56402467  0.64323062  0.23324912 -0.16871623  0.57253655
 -0.175051    0.41591842 -0.6152681   0.11980664  0.3438022  -0.6260665
 -0.00994803 -0.22919222  0.07033686 -0.29749917  0.27801647 -0.48688706
 -0.30132219 -0.82394792 -0.50259788 -0.22659827 -0.19777761]
4702,[ 0.20487944  0.10663237 -0.10305489  0.1341929   0.37202271  0.0867594
 -0.040973    0.64774035  0.34814877 -0.52981038 -0.04488516 -0.11620172
  0.17878271  0.43363089 -0.32604696  0.23296719 -0.10731123 -0.61987968
  0.1023391   0.14601302 -0.4700402   0.20469752  0.26080055 -0.64622653
 -0.01934839  0.38243684  0.02812365  0.03786402 -0.55206456  0.53590743
  0.55186007  0.56402483  0.64323088  0.23324913 -0.168716    0.57253661
 -0.17505124  0.41591826 -0.615268    0.11980638  0.34380226 -0.62606606
 -0.00994853 -0.22919227  0.07033656 -0.29749926  0.27801679 -0.48688634
 -0.3013226  -0.82394787 -0.50259804 -0.22659821 -0.19777772]
4703,[ 0.20487987  0.10663254 -0.10305598  0.13419313  0.37202295  0.08675914
 -0.04097262  0.64773994  0.34814836 -0.5298102  -0.0448851  -0.11620126
  0.17878248  0.43363132 -0.32604697  0.23296754 -0.107311   -0.61987954
  0.10233886  0.14601328 -0.47004023  0.20469729  0.26080048 -0.64622689
 -0.01934875  0.38243667  0.02812431  0.0378638  -0.55206485  0.53590803
  0.5518595   0.56402498  0.64323115  0.23324914 -0.16871578  0.57253667
 -0.17505149  0.4159181  -0.6152679   0.11980611  0.34380232 -0.62606562
 -0.00994904 -0.22919231  0.07033626 -0.29749935  0.27801711 -0.48688562
 -0.30132301 -0.82394782 -0.50259821 -0.22659814 -0.19777784]
4704,[ 0.20488029  0.10663271 -0.10305706  0.13419337  0.37202319  0.08675888
 -0.04097224  0.64773954  0.34814794 -0.52981003 -0.04488504 -0.11620081
  0.17878226  0.43363175 -0.32604698  0.2329679  -0.10731078 -0.61987941
  0.10233862  0.14601353 -0.47004027  0.20469706  0.2608004  -0.64622724
 -0.01934912  0.38243649  0.02812497  0.03786358 -0.55206514  0.53590863
  0.55185892  0.56402514  0.64323141  0.23324915 -0.16871556  0.57253673
 -0.17505173  0.41591794 -0.6152678   0.11980585  0.34380238 -0.62606518
 -0.00994955 -0.22919235  0.07033596 -0.29749944  0.27801743 -0.48688491
 -0.30132342 -0.82394777 -0.50259838 -0.22659808 -0.19777796]
4705,[ 0.20488071  0.10663288 -0.10305814  0.1341936   0.37202343  0.08675862
 -0.04097187  0.64773914  0.34814752 -0.52980985 -0.04488498 -0.11620035
  0.17878203  0.43363217 -0.326047    0.23296825 -0.10731055 -0.61987927
  0.10233838  0.14601378 -0.47004031  0.20469684  0.26080033 -0.6462276
 -0.01934949  0.38243631  0.02812563  0.03786336 -0.55206543  0.53590923
  0.55185835  0.56402529  0.64323168  0.23324916 -0.16871533  0.5725368
 -0.17505197  0.41591778 -0.6152677   0.11980559  0.34380244 -0.62606474
 -0.00995006 -0.22919239  0.07033566 -0.29749953  0.27801776 -0.48688419
 -0.30132383 -0.82394772 -0.50259854 -0.22659802 -0.19777807]
4706,[ 0.20488113  0.10663305 -0.10305922  0.13419383  0.37202368  0.08675836
 -0.04097149  0.64773873  0.3481471  -0.52980968 -0.04488492 -0.1161999
  0.17878181  0.4336326  -0.32604701  0.23296861 -0.10731033 -0.61987914
  0.10233815  0.14601404 -0.47004034  0.20469661  0.26080025 -0.64622795
 -0.01934985  0.38243614  0.02812629  0.03786314 -0.55206572  0.53590982
  0.55185777  0.56402545  0.64323194  0.23324917 -0.16871511  0.57253686
 -0.17505221  0.41591762 -0.61526759  0.11980533  0.3438025  -0.6260643
 -0.00995056 -0.22919244  0.07033536 -0.29749962  0.27801808 -0.48688348
 -0.30132424 -0.82394767 -0.50259871 -0.22659796 -0.19777819]
4707,[ 0.20488155  0.10663322 -0.1030603   0.13419407  0.37202392  0.0867581
 -0.04097111  0.64773833  0.34814669 -0.5298095  -0.04488486 -0.11619945
  0.17878159  0.43363302 -0.32604702  0.23296896 -0.10731011 -0.619879
  0.10233791  0.14601429 -0.47004038  0.20469639  0.26080017 -0.64622831
 -0.01935022  0.38243596  0.02812694  0.03786292 -0.55206601  0.53591042
  0.5518572   0.5640256   0.6432322   0.23324918 -0.16871489  0.57253692
 -0.17505246  0.41591746 -0.61526749  0.11980507  0.34380255 -0.62606386
 -0.00995107 -0.22919248  0.07033506 -0.2974997   0.2780184  -0.48688276
 -0.30132465 -0.82394762 -0.50259887 -0.2265979  -0.19777831]
4708,[ 0.20488197  0.10663339 -0.10306138  0.1341943   0.37202416  0.08675784
 -0.04097073  0.64773793  0.34814627 -0.52980933 -0.0448848  -0.116199
  0.17878136  0.43363345 -0.32604704  0.23296932 -0.10730988 -0.61987887
  0.10233767  0.14601454 -0.47004042  0.20469616  0.2608001  -0.64622866
 -0.01935058  0.38243579  0.0281276   0.0378627  -0.5520663   0.53591101
  0.55185663  0.56402576  0.64323247  0.23324919 -0.16871467  0.57253698
 -0.1750527   0.4159173  -0.61526739  0.11980481  0.34380261 -0.62606342
 -0.00995158 -0.22919252  0.07033476 -0.29749979  0.27801872 -0.48688205
 -0.30132505 -0.82394757 -0.50259904 -0.22659784 -0.19777842]
4709,[ 0.20488239  0.10663356 -0.10306246  0.13419453  0.3720244   0.08675759
 -0.04097035  0.64773752  0.34814586 -0.52980915 -0.04488474 -0.11619855
  0.17878114  0.43363387 -0.32604705  0.23296967 -0.10730966 -0.61987873
  0.10233743  0.14601479 -0.47004045  0.20469594  0.26080002 -0.64622902
 -0.01935095  0.38243561  0.02812825  0.03786248 -0.55206659  0.53591161
  0.55185606  0.56402591  0.64323273  0.2332492  -0.16871445  0.57253705
 -0.17505294  0.41591714 -0.61526729  0.11980455  0.34380267 -0.62606298
 -0.00995208 -0.22919257  0.07033446 -0.29749988  0.27801903 -0.48688134
 -0.30132546 -0.82394752 -0.50259921 -0.22659777 -0.19777854]
4710,[ 0.20488281  0.10663373 -0.10306353  0.13419476  0.37202464  0.08675733
 -0.04096998  0.64773712  0.34814544 -0.52980898 -0.04488468 -0.11619809
  0.17878092  0.4336343  -0.32604706  0.23297002 -0.10730943 -0.6198786
  0.10233719  0.14601505 -0.47004049  0.20469571  0.26079995 -0.64622937
 -0.01935131  0.38243543  0.02812891  0.03786226 -0.55206688  0.5359122
  0.55185549  0.56402607  0.64323299  0.23324922 -0.16871422  0.57253711
 -0.17505318  0.41591698 -0.61526719  0.11980429  0.34380273 -0.62606255
 -0.00995259 -0.22919261  0.07033416 -0.29749997  0.27801935 -0.48688063
 -0.30132587 -0.82394747 -0.50259937 -0.22659771 -0.19777866]
4711,[ 0.20488323  0.1066339  -0.10306461  0.13419499  0.37202488  0.08675707
 -0.0409696   0.64773672  0.34814503 -0.5298088  -0.04488462 -0.11619764
  0.1787807   0.43363472 -0.32604708  0.23297038 -0.10730921 -0.61987847
  0.10233695  0.1460153  -0.47004053  0.20469549  0.26079987 -0.64622973
 -0.01935168  0.38243526  0.02812956  0.03786204 -0.55206717  0.53591279
  0.55185492  0.56402622  0.64323325  0.23324923 -0.168714    0.57253717
 -0.17505342  0.41591682 -0.61526709  0.11980403  0.34380279 -0.62606211
 -0.00995309 -0.22919265  0.07033387 -0.29750006  0.27801967 -0.48687992
 -0.30132627 -0.82394742 -0.50259954 -0.22659765 -0.19777877]
4712,[ 0.20488365  0.10663406 -0.10306568  0.13419523  0.37202512  0.08675682
 -0.04096922  0.64773632  0.34814461 -0.52980863 -0.04488455 -0.11619719
  0.17878048  0.43363514 -0.32604709  0.23297073 -0.10730899 -0.61987833
  0.10233672  0.14601555 -0.47004056  0.20469526  0.26079979 -0.64623008
 -0.01935204  0.38243508  0.02813021  0.03786182 -0.55206746  0.53591338
  0.55185435  0.56402637  0.64323352  0.23324924 -0.16871378  0.57253723
 -0.17505366  0.41591666 -0.61526698  0.11980377  0.34380285 -0.62606167
 -0.00995359 -0.2291927   0.07033357 -0.29750014  0.27801999 -0.48687921
 -0.30132668 -0.82394737 -0.5025997  -0.22659759 -0.19777889]
4713,[ 0.20488407  0.10663423 -0.10306675  0.13419546  0.37202535  0.08675656
 -0.04096885  0.64773592  0.3481442  -0.52980845 -0.04488449 -0.11619675
  0.17878025  0.43363556 -0.3260471   0.23297108 -0.10730876 -0.6198782
  0.10233648  0.1460158  -0.4700406   0.20469504  0.26079972 -0.64623043
 -0.0193524   0.38243491  0.02813087  0.03786161 -0.55206775  0.53591397
  0.55185378  0.56402653  0.64323378  0.23324925 -0.16871356  0.5725373
 -0.1750539   0.4159165  -0.61526688  0.11980352  0.3438029  -0.62606123
 -0.00995409 -0.22919274  0.07033327 -0.29750023  0.27802031 -0.4868785
 -0.30132708 -0.82394732 -0.50259986 -0.22659753 -0.19777901]
4714,[ 0.20488449  0.1066344  -0.10306782  0.13419569  0.37202559  0.0867563
 -0.04096847  0.64773552  0.34814379 -0.52980828 -0.04488443 -0.1161963
  0.17878003  0.43363599 -0.32604711  0.23297143 -0.10730854 -0.61987806
  0.10233624  0.14601605 -0.47004064  0.20469481  0.26079964 -0.64623079
 -0.01935276  0.38243474  0.02813152  0.03786139 -0.55206803  0.53591456
  0.55185321  0.56402668  0.64323404  0.23324926 -0.16871334  0.57253736
 -0.17505414  0.41591634 -0.61526678  0.11980326  0.34380296 -0.6260608
 -0.0099546  -0.22919278  0.07033298 -0.29750032  0.27802062 -0.48687779
 -0.30132749 -0.82394728 -0.50260003 -0.22659747 -0.19777912]
4715,[ 0.2048849   0.10663457 -0.10306889  0.13419592  0.37202583  0.08675605
 -0.0409681   0.64773512  0.34814337 -0.5298081  -0.04488437 -0.11619585
  0.17877981  0.43363641 -0.32604713  0.23297178 -0.10730832 -0.61987793
  0.102336    0.1460163  -0.47004067  0.20469459  0.26079957 -0.64623114
 -0.01935313  0.38243456  0.02813217  0.03786117 -0.55206832  0.53591515
  0.55185264  0.56402683  0.6432343   0.23324927 -0.16871312  0.57253742
 -0.17505438  0.41591618 -0.61526668  0.119803    0.34380302 -0.62606036
 -0.0099551  -0.22919282  0.07033268 -0.29750041  0.27802094 -0.48687708
 -0.30132789 -0.82394723 -0.50260019 -0.22659741 -0.19777924]
4716,[ 0.20488532  0.10663474 -0.10306996  0.13419615  0.37202607  0.08675579
 -0.04096772  0.64773472  0.34814296 -0.52980793 -0.04488431 -0.1161954
  0.17877959  0.43363683 -0.32604714  0.23297214 -0.1073081  -0.6198778
  0.10233577  0.14601655 -0.47004071  0.20469437  0.26079949 -0.64623149
 -0.01935349  0.38243439  0.02813282  0.03786095 -0.55206861  0.53591574
  0.55185208  0.56402699  0.64323456  0.23324928 -0.1687129   0.57253748
 -0.17505462  0.41591603 -0.61526658  0.11980274  0.34380308 -0.62605993
 -0.0099556  -0.22919287  0.07033238 -0.29750049  0.27802126 -0.48687638
 -0.3013283  -0.82394718 -0.50260036 -0.22659734 -0.19777935]
4717,[ 0.20488574  0.1066349  -0.10307103  0.13419638  0.37202631  0.08675554
 -0.04096735  0.64773432  0.34814255 -0.52980776 -0.04488425 -0.11619495
  0.17877937  0.43363725 -0.32604715  0.23297249 -0.10730787 -0.61987766
  0.10233553  0.1460168  -0.47004075  0.20469414  0.26079942 -0.64623184
 -0.01935385  0.38243421  0.02813347  0.03786074 -0.55206889  0.53591633
  0.55185151  0.56402714  0.64323482  0.23324929 -0.16871268  0.57253754
 -0.17505486  0.41591587 -0.61526648  0.11980249  0.34380313 -0.62605949
 -0.0099561  -0.22919291  0.07033209 -0.29750058  0.27802157 -0.48687567
 -0.3013287  -0.82394713 -0.50260052 -0.22659728 -0.19777947]
4718,[ 0.20488615  0.10663507 -0.10307209  0.13419661  0.37202655  0.08675528
 -0.04096698  0.64773392  0.34814214 -0.52980758 -0.04488419 -0.11619451
  0.17877915  0.43363767 -0.32604717  0.23297284 -0.10730765 -0.61987753
  0.1023353   0.14601705 -0.47004078  0.20469392  0.26079934 -0.64623219
 -0.01935421  0.38243404  0.02813411  0.03786052 -0.55206918  0.53591692
  0.55185094  0.56402729  0.64323508  0.2332493  -0.16871246  0.5725376
 -0.1750551   0.41591571 -0.61526638  0.11980223  0.34380319 -0.62605906
 -0.0099566  -0.22919295  0.07033179 -0.29750067  0.27802189 -0.48687496
 -0.3013291  -0.82394708 -0.50260069 -0.22659722 -0.19777958]
4719,[ 0.20488657  0.10663524 -0.10307316  0.13419684  0.37202678  0.08675503
 -0.0409666   0.64773353  0.34814173 -0.52980741 -0.04488413 -0.11619406
  0.17877893  0.43363809 -0.32604718  0.23297319 -0.10730743 -0.6198774
  0.10233506  0.1460173  -0.47004082  0.2046937   0.26079927 -0.64623254
 -0.01935457  0.38243387  0.02813476  0.0378603  -0.55206947  0.53591751
  0.55185038  0.56402745  0.64323534  0.23324931 -0.16871224  0.57253767
 -0.17505534  0.41591555 -0.61526628  0.11980197  0.34380325 -0.62605863
 -0.0099571  -0.229193    0.0703315  -0.29750076  0.27802221 -0.48687426
 -0.30132951 -0.82394703 -0.50260085 -0.22659716 -0.1977797 ]
4720,[ 0.20488698  0.10663541 -0.10307422  0.13419707  0.37202702  0.08675477
 -0.04096623  0.64773313  0.34814132 -0.52980724 -0.04488407 -0.11619361
  0.17877871  0.43363851 -0.32604719  0.23297353 -0.10730721 -0.61987727
  0.10233482  0.14601755 -0.47004086  0.20469347  0.26079919 -0.64623289
 -0.01935493  0.38243369  0.02813541  0.03786009 -0.55206975  0.53591809
  0.55184982  0.5640276   0.6432356   0.23324932 -0.16871202  0.57253773
 -0.17505558  0.41591539 -0.61526618  0.11980171  0.34380331 -0.62605819
 -0.0099576  -0.22919304  0.0703312  -0.29750084  0.27802252 -0.48687356
 -0.30132991 -0.82394698 -0.50260101 -0.2265971  -0.19777981]
4721,[ 0.2048874   0.10663557 -0.10307528  0.1341973   0.37202726  0.08675452
 -0.04096586  0.64773273  0.34814091 -0.52980707 -0.04488401 -0.11619317
  0.17877849  0.43363892 -0.3260472   0.23297388 -0.10730699 -0.61987713
  0.10233459  0.1460178  -0.47004089  0.20469325  0.26079912 -0.64623324
 -0.01935529  0.38243352  0.02813605  0.03785987 -0.55207004  0.53591868
  0.55184925  0.56402775  0.64323586  0.23324933 -0.1687118   0.57253779
 -0.17505581  0.41591524 -0.61526608  0.11980146  0.34380336 -0.62605776
 -0.0099581  -0.22919308  0.07033091 -0.29750093  0.27802284 -0.48687285
 -0.30133031 -0.82394693 -0.50260118 -0.22659704 -0.19777993]
4722,[ 0.20488781  0.10663574 -0.10307634  0.13419753  0.37202749  0.08675427
 -0.04096549  0.64773233  0.3481405  -0.52980689 -0.04488395 -0.11619272
  0.17877827  0.43363934 -0.32604722  0.23297423 -0.10730677 -0.619877
  0.10233435  0.14601805 -0.47004093  0.20469303  0.26079904 -0.64623359
 -0.01935565  0.38243335  0.0281367   0.03785965 -0.55207032  0.53591926
  0.55184869  0.5640279   0.64323612  0.23324934 -0.16871159  0.57253785
 -0.17505605  0.41591508 -0.61526598  0.1198012   0.34380342 -0.62605733
 -0.00995859 -0.22919312  0.07033061 -0.29750102  0.27802315 -0.48687215
 -0.30133071 -0.82394689 -0.50260134 -0.22659698 -0.19778004]
4723,[ 0.20488823  0.10663591 -0.1030774   0.13419776  0.37202773  0.08675401
 -0.04096512  0.64773194  0.34814009 -0.52980672 -0.04488389 -0.11619228
  0.17877805  0.43363976 -0.32604723  0.23297458 -0.10730655 -0.61987687
  0.10233412  0.14601829 -0.47004096  0.20469281  0.26079897 -0.64623394
 -0.01935601  0.38243317  0.02813734  0.03785944 -0.55207061  0.53591985
  0.55184813  0.56402806  0.64323638  0.23324936 -0.16871137  0.57253791
 -0.17505629  0.41591492 -0.61526588  0.11980095  0.34380348 -0.6260569
 -0.00995909 -0.22919317  0.07033032 -0.2975011   0.27802346 -0.48687145
 -0.30133111 -0.82394684 -0.5026015  -0.22659692 -0.19778016]
4724,[ 0.20488864  0.10663607 -0.10307846  0.13419799  0.37202797  0.08675376
 -0.04096474  0.64773154  0.34813968 -0.52980655 -0.04488383 -0.11619184
  0.17877783  0.43364018 -0.32604724  0.23297493 -0.10730633 -0.61987674
  0.10233389  0.14601854 -0.470041    0.20469259  0.26079889 -0.64623429
 -0.01935637  0.382433    0.02813799  0.03785922 -0.55207089  0.53592043
  0.55184756  0.56402821  0.64323663  0.23324937 -0.16871115  0.57253797
 -0.17505653  0.41591476 -0.61526578  0.11980069  0.34380354 -0.62605647
 -0.00995959 -0.22919321  0.07033003 -0.29750119  0.27802378 -0.48687075
 -0.30133151 -0.82394679 -0.50260166 -0.22659686 -0.19778027]
4725,[ 0.20488905  0.10663624 -0.10307952  0.13419822  0.3720282   0.08675351
 -0.04096437  0.64773115  0.34813927 -0.52980638 -0.04488377 -0.11619139
  0.17877762  0.43364059 -0.32604726  0.23297528 -0.10730611 -0.61987661
  0.10233365  0.14601879 -0.47004104  0.20469237  0.26079882 -0.64623464
 -0.01935673  0.38243283  0.02813863  0.03785901 -0.55207118  0.53592102
  0.551847    0.56402836  0.64323689  0.23324938 -0.16871093  0.57253803
 -0.17505676  0.41591461 -0.61526568  0.11980044  0.34380359 -0.62605604
 -0.00996008 -0.22919325  0.07032973 -0.29750128  0.27802409 -0.48687005
 -0.30133191 -0.82394674 -0.50260183 -0.2265968  -0.19778039]
4726,[ 0.20488946  0.1066364  -0.10308058  0.13419844  0.37202844  0.08675326
 -0.040964    0.64773075  0.34813887 -0.52980621 -0.04488371 -0.11619095
  0.1787774   0.43364101 -0.32604727  0.23297562 -0.10730589 -0.61987647
  0.10233342  0.14601904 -0.47004107  0.20469215  0.26079874 -0.64623498
 -0.01935708  0.38243266  0.02813927  0.03785879 -0.55207146  0.5359216
  0.55184644  0.56402851  0.64323715  0.23324939 -0.16871072  0.57253809
 -0.175057    0.41591445 -0.61526558  0.11980018  0.34380365 -0.62605561
 -0.00996058 -0.22919329  0.07032944 -0.29750136  0.27802441 -0.48686935
 -0.30133231 -0.82394669 -0.50260199 -0.22659674 -0.1977805 ]
4727,[ 0.20488988  0.10663657 -0.10308163  0.13419867  0.37202867  0.086753
 -0.04096363  0.64773036  0.34813846 -0.52980603 -0.04488365 -0.11619051
  0.17877718  0.43364142 -0.32604728  0.23297597 -0.10730567 -0.61987634
  0.10233318  0.14601928 -0.47004111  0.20469192  0.26079867 -0.64623533
 -0.01935744  0.38243248  0.02813992  0.03785858 -0.55207174  0.53592218
  0.55184588  0.56402866  0.64323741  0.2332494  -0.1687105   0.57253816
 -0.17505724  0.41591429 -0.61526548  0.11979993  0.34380371 -0.62605518
 -0.00996107 -0.22919333  0.07032915 -0.29750145  0.27802472 -0.48686865
 -0.30133271 -0.82394664 -0.50260215 -0.22659668 -0.19778062]
4728,[ 0.20489029  0.10663674 -0.10308269  0.1341989   0.37202891  0.08675275
 -0.04096326  0.64772997  0.34813805 -0.52980586 -0.04488359 -0.11619007
  0.17877696  0.43364184 -0.32604729  0.23297631 -0.10730545 -0.61987621
  0.10233295  0.14601953 -0.47004114  0.2046917   0.26079859 -0.64623568
 -0.0193578   0.38243231  0.02814056  0.03785837 -0.55207203  0.53592276
  0.55184532  0.56402881  0.64323766  0.23324941 -0.16871028  0.57253822
 -0.17505747  0.41591414 -0.61526538  0.11979967  0.34380376 -0.62605475
 -0.00996157 -0.22919338  0.07032886 -0.29750153  0.27802503 -0.48686796
 -0.30133311 -0.82394659 -0.50260231 -0.22659662 -0.19778073]
4729,[ 0.2048907   0.1066369  -0.10308374  0.13419913  0.37202914  0.0867525
 -0.0409629   0.64772957  0.34813765 -0.52980569 -0.04488353 -0.11618963
  0.17877674  0.43364225 -0.32604731  0.23297666 -0.10730523 -0.61987608
  0.10233272  0.14601978 -0.47004118  0.20469148  0.26079852 -0.64623603
 -0.01935815  0.38243214  0.0281412   0.03785815 -0.55207231  0.53592334
  0.55184476  0.56402896  0.64323792  0.23324942 -0.16871006  0.57253828
 -0.17505771  0.41591398 -0.61526528  0.11979942  0.34380382 -0.62605432
 -0.00996206 -0.22919342  0.07032857 -0.29750162  0.27802534 -0.48686726
 -0.30133351 -0.82394655 -0.50260247 -0.22659655 -0.19778084]
4730,[ 0.20489111  0.10663707 -0.10308479  0.13419935  0.37202938  0.08675225
 -0.04096253  0.64772918  0.34813724 -0.52980552 -0.04488347 -0.11618918
  0.17877653  0.43364267 -0.32604732  0.23297701 -0.10730501 -0.61987595
  0.10233248  0.14602002 -0.47004122  0.20469126  0.26079845 -0.64623637
 -0.01935851  0.38243197  0.02814184  0.03785794 -0.55207259  0.53592392
  0.55184421  0.56402911  0.64323818  0.23324943 -0.16870985  0.57253834
 -0.17505795  0.41591382 -0.61526518  0.11979917  0.34380388 -0.62605389
 -0.00996255 -0.22919346  0.07032827 -0.29750171  0.27802565 -0.48686657
 -0.30133391 -0.8239465  -0.50260264 -0.22659649 -0.19778096]
4731,[ 0.20489152  0.10663723 -0.10308584  0.13419958  0.37202961  0.086752
 -0.04096216  0.64772879  0.34813683 -0.52980535 -0.04488341 -0.11618874
  0.17877631  0.43364308 -0.32604733  0.23297735 -0.10730479 -0.61987582
  0.10233225  0.14602027 -0.47004125  0.20469104  0.26079837 -0.64623672
 -0.01935887  0.3824318   0.02814248  0.03785772 -0.55207287  0.5359245
  0.55184365  0.56402926  0.64323843  0.23324944 -0.16870963  0.5725384
 -0.17505818  0.41591367 -0.61526508  0.11979891  0.34380394 -0.62605346
 -0.00996305 -0.2291935   0.07032798 -0.29750179  0.27802597 -0.48686587
 -0.3013343  -0.82394645 -0.5026028  -0.22659643 -0.19778107]
4732,[ 0.20489193  0.1066374  -0.10308689  0.13419981  0.37202985  0.08675175
 -0.04096179  0.64772839  0.34813643 -0.52980518 -0.04488335 -0.1161883
  0.17877609  0.4336435  -0.32604734  0.2329777  -0.10730457 -0.61987569
  0.10233202  0.14602052 -0.47004129  0.20469082  0.2607983  -0.64623706
 -0.01935922  0.38243163  0.02814311  0.03785751 -0.55207315  0.53592508
  0.55184309  0.56402942  0.64323869  0.23324945 -0.16870942  0.57253846
 -0.17505842  0.41591351 -0.61526498  0.11979866  0.34380399 -0.62605304
 -0.00996354 -0.22919354  0.07032769 -0.29750188  0.27802628 -0.48686518
 -0.3013347  -0.8239464  -0.50260296 -0.22659637 -0.19778118]
4733,[ 0.20489234  0.10663756 -0.10308794  0.13420003  0.37203008  0.0867515
 -0.04096142  0.647728    0.34813603 -0.52980501 -0.0448833  -0.11618787
  0.17877588  0.43364391 -0.32604736  0.23297804 -0.10730435 -0.61987556
  0.10233179  0.14602076 -0.47004132  0.20469061  0.26079822 -0.64623741
 -0.01935958  0.38243146  0.02814375  0.0378573  -0.55207344  0.53592566
  0.55184254  0.56402957  0.64323894  0.23324946 -0.1687092   0.57253852
 -0.17505865  0.41591336 -0.61526488  0.11979841  0.34380405 -0.62605261
 -0.00996403 -0.22919359  0.0703274  -0.29750196  0.27802659 -0.48686448
 -0.3013351  -0.82394635 -0.50260312 -0.22659631 -0.1977813 ]
4734,[ 0.20489274  0.10663772 -0.10308898  0.13420026  0.37203031  0.08675124
 -0.04096106  0.64772761  0.34813562 -0.52980484 -0.04488324 -0.11618743
  0.17877566  0.43364432 -0.32604737  0.23297838 -0.10730414 -0.61987543
  0.10233156  0.14602101 -0.47004136  0.20469039  0.26079815 -0.64623775
 -0.01935993  0.38243129  0.02814439  0.03785708 -0.55207372  0.53592624
  0.55184198  0.56402972  0.6432392   0.23324947 -0.16870898  0.57253858
 -0.17505889  0.4159132  -0.61526479  0.11979815  0.34380411 -0.62605218
 -0.00996452 -0.22919363  0.07032711 -0.29750205  0.2780269  -0.48686379
 -0.30133549 -0.82394631 -0.50260328 -0.22659625 -0.19778141]
4735,[ 0.20489315  0.10663789 -0.10309003  0.13420049  0.37203055  0.08675099
 -0.04096069  0.64772722  0.34813522 -0.52980467 -0.04488318 -0.11618699
  0.17877544  0.43364473 -0.32604738  0.23297873 -0.10730392 -0.6198753
  0.10233132  0.14602125 -0.4700414   0.20469017  0.26079808 -0.6462381
 -0.01936029  0.38243112  0.02814502  0.03785687 -0.552074    0.53592681
  0.55184143  0.56402987  0.64323946  0.23324948 -0.16870877  0.57253864
 -0.17505912  0.41591305 -0.61526469  0.1197979   0.34380416 -0.62605176
 -0.00996501 -0.22919367  0.07032682 -0.29750213  0.27802721 -0.4868631
 -0.30133589 -0.82394626 -0.50260344 -0.22659619 -0.19778152]
4736,[ 0.20489356  0.10663805 -0.10309107  0.13420071  0.37203078  0.08675075
 -0.04096032  0.64772683  0.34813481 -0.5298045  -0.04488312 -0.11618655
  0.17877523  0.43364514 -0.3260474   0.23297907 -0.1073037  -0.61987517
  0.10233109  0.1460215  -0.47004143  0.20468995  0.260798   -0.64623844
 -0.01936064  0.38243095  0.02814566  0.03785666 -0.55207428  0.53592739
  0.55184087  0.56403002  0.64323971  0.23324949 -0.16870855  0.5725387
 -0.17505936  0.41591289 -0.61526459  0.11979765  0.34380422 -0.62605133
 -0.0099655  -0.22919371  0.07032653 -0.29750222  0.27802752 -0.48686241
 -0.30133628 -0.82394621 -0.5026036  -0.22659613 -0.19778164]
4737,[ 0.20489397  0.10663822 -0.10309212  0.13420094  0.37203101  0.0867505
 -0.04095996  0.64772644  0.34813441 -0.52980433 -0.04488306 -0.11618611
  0.17877501  0.43364555 -0.32604741  0.23297941 -0.10730348 -0.61987503
  0.10233086  0.14602174 -0.47004147  0.20468973  0.26079793 -0.64623878
 -0.01936099  0.38243078  0.02814629  0.03785645 -0.55207456  0.53592796
  0.55184032  0.56403016  0.64323996  0.2332495  -0.16870834  0.57253876
 -0.17505959  0.41591274 -0.61526449  0.1197974   0.34380427 -0.62605091
 -0.00996599 -0.22919375  0.07032624 -0.29750231  0.27802783 -0.48686172
 -0.30133668 -0.82394616 -0.50260376 -0.22659607 -0.19778175]
4738,[ 0.20489437  0.10663838 -0.10309316  0.13420116  0.37203124  0.08675025
 -0.04095959  0.64772605  0.34813401 -0.52980416 -0.044883   -0.11618568
  0.1787748   0.43364596 -0.32604742  0.23297976 -0.10730327 -0.6198749
  0.10233063  0.14602198 -0.4700415   0.20468951  0.26079786 -0.64623913
 -0.01936135  0.38243061  0.02814693  0.03785624 -0.55207484  0.53592854
  0.55183977  0.56403031  0.64324022  0.23324952 -0.16870812  0.57253882
 -0.17505982  0.41591258 -0.61526439  0.11979715  0.34380433 -0.62605049
 -0.00996648 -0.2291938   0.07032596 -0.29750239  0.27802814 -0.48686103
 -0.30133707 -0.82394611 -0.50260392 -0.22659602 -0.19778186]
4739,[ 0.20489478  0.10663854 -0.1030942   0.13420139  0.37203148  0.08675
 -0.04095923  0.64772566  0.34813361 -0.52980399 -0.04488294 -0.11618524
  0.17877458  0.43364637 -0.32604743  0.2329801  -0.10730305 -0.61987478
  0.1023304   0.14602223 -0.47004154  0.2046893   0.26079778 -0.64623947
 -0.0193617   0.38243044  0.02814756  0.03785602 -0.55207512  0.53592911
  0.55183921  0.56403046  0.64324047  0.23324953 -0.16870791  0.57253888
 -0.17506006  0.41591243 -0.61526429  0.1197969   0.34380439 -0.62605006
 -0.00996697 -0.22919384  0.07032567 -0.29750248  0.27802844 -0.48686034
 -0.30133746 -0.82394607 -0.50260408 -0.22659596 -0.19778198]
4740,[ 0.20489519  0.10663871 -0.10309524  0.13420161  0.37203171  0.08674975
 -0.04095886  0.64772527  0.34813321 -0.52980382 -0.04488288 -0.1161848
  0.17877437  0.43364678 -0.32604745  0.23298044 -0.10730283 -0.61987465
  0.10233017  0.14602247 -0.47004157  0.20468908  0.26079771 -0.64623981
 -0.01936205  0.38243027  0.02814819  0.03785581 -0.5520754   0.53592969
  0.55183866  0.56403061  0.64324073  0.23324954 -0.1687077   0.57253894
 -0.17506029  0.41591227 -0.6152642   0.11979665  0.34380444 -0.62604964
 -0.00996746 -0.22919388  0.07032538 -0.29750256  0.27802875 -0.48685965
 -0.30133786 -0.82394602 -0.50260424 -0.2265959  -0.19778209]
4741,[ 0.20489559  0.10663887 -0.10309628  0.13420184  0.37203194  0.0867495
 -0.0409585   0.64772489  0.34813281 -0.52980365 -0.04488282 -0.11618437
  0.17877415  0.43364719 -0.32604746  0.23298078 -0.10730262 -0.61987452
  0.10232994  0.14602272 -0.47004161  0.20468886  0.26079764 -0.64624015
 -0.0193624   0.3824301   0.02814882  0.0378556  -0.55207568  0.53593026
  0.55183811  0.56403076  0.64324098  0.23324955 -0.16870748  0.572539
 -0.17506052  0.41591212 -0.6152641   0.1197964   0.3438045  -0.62604922
 -0.00996794 -0.22919392  0.07032509 -0.29750265  0.27802906 -0.48685896
 -0.30133825 -0.82394597 -0.5026044  -0.22659584 -0.1977822 ]
4742,[ 0.204896    0.10663903 -0.10309732  0.13420206  0.37203217  0.08674925
 -0.04095814  0.6477245   0.34813241 -0.52980349 -0.04488276 -0.11618393
  0.17877394  0.4336476  -0.32604747  0.23298112 -0.1073024  -0.61987439
  0.10232971  0.14602296 -0.47004164  0.20468864  0.26079756 -0.6462405
 -0.01936275  0.38242993  0.02814946  0.03785539 -0.55207596  0.53593083
  0.55183756  0.56403091  0.64324123  0.23324956 -0.16870727  0.57253906
 -0.17506075  0.41591196 -0.615264    0.11979615  0.34380456 -0.62604879
 -0.00996843 -0.22919396  0.0703248  -0.29750273  0.27802937 -0.48685828
 -0.30133864 -0.82394592 -0.50260456 -0.22659578 -0.19778231]
4743,[ 0.2048964   0.1066392  -0.10309835  0.13420228  0.3720324   0.086749
 -0.04095777  0.64772411  0.34813201 -0.52980332 -0.04488271 -0.1161835
  0.17877372  0.43364801 -0.32604748  0.23298146 -0.10730219 -0.61987426
  0.10232948  0.1460232  -0.47004168  0.20468843  0.26079749 -0.64624084
 -0.0193631   0.38242976  0.02815009  0.03785518 -0.55207623  0.5359314
  0.55183701  0.56403106  0.64324149  0.23324957 -0.16870706  0.57253912
 -0.17506099  0.41591181 -0.6152639   0.1197959   0.34380461 -0.62604837
 -0.00996891 -0.229194    0.07032452 -0.29750282  0.27802967 -0.48685759
 -0.30133903 -0.82394588 -0.50260472 -0.22659572 -0.19778242]
4744,[ 0.2048968   0.10663936 -0.10309939  0.13420251  0.37203263  0.08674876
 -0.04095741  0.64772373  0.34813161 -0.52980315 -0.04488265 -0.11618307
  0.17877351  0.43364842 -0.3260475   0.2329818  -0.10730197 -0.61987413
  0.10232925  0.14602344 -0.47004172  0.20468821  0.26079742 -0.64624118
 -0.01936345  0.38242959  0.02815071  0.03785497 -0.55207651  0.53593197
  0.55183646  0.56403121  0.64324174  0.23324958 -0.16870684  0.57253918
 -0.17506122  0.41591166 -0.6152638   0.11979565  0.34380467 -0.62604795
 -0.0099694  -0.22919404  0.07032423 -0.2975029   0.27802998 -0.48685691
 -0.30133943 -0.82394583 -0.50260488 -0.22659566 -0.19778254]
4745,[ 0.20489721  0.10663952 -0.10310042  0.13420273  0.37203286  0.08674851
 -0.04095705  0.64772334  0.34813121 -0.52980298 -0.04488259 -0.11618263
  0.17877329  0.43364882 -0.32604751  0.23298214 -0.10730176 -0.619874
  0.10232902  0.14602369 -0.47004175  0.20468799  0.26079734 -0.64624152
 -0.0193638   0.38242942  0.02815134  0.03785476 -0.55207679  0.53593254
  0.55183591  0.56403136  0.64324199  0.23324959 -0.16870663  0.57253924
 -0.17506145  0.4159115  -0.61526371  0.1197954   0.34380472 -0.62604753
 -0.00996988 -0.22919409  0.07032394 -0.29750298  0.27803029 -0.48685622
 -0.30133982 -0.82394578 -0.50260504 -0.2265956  -0.19778265]
4746,[ 0.20489761  0.10663968 -0.10310145  0.13420295  0.37203309  0.08674826
 -0.04095669  0.64772295  0.34813081 -0.52980281 -0.04488253 -0.1161822
  0.17877308  0.43364923 -0.32604752  0.23298248 -0.10730154 -0.61987387
  0.1023288   0.14602393 -0.47004179  0.20468778  0.26079727 -0.64624186
 -0.01936415  0.38242925  0.02815197  0.03785455 -0.55207707  0.53593311
  0.55183536  0.5640315   0.64324224  0.2332496  -0.16870642  0.5725393
 -0.17506168  0.41591135 -0.61526361  0.11979515  0.34380478 -0.62604711
 -0.00997037 -0.22919413  0.07032366 -0.29750307  0.27803059 -0.48685554
 -0.30134021 -0.82394573 -0.5026052  -0.22659554 -0.19778276]
4747,[ 0.20489801  0.10663984 -0.10310249  0.13420318  0.37203332  0.08674802
 -0.04095633  0.64772257  0.34813041 -0.52980265 -0.04488247 -0.11618177
  0.17877287  0.43364964 -0.32604753  0.23298282 -0.10730133 -0.61987374
  0.10232857  0.14602417 -0.47004182  0.20468756  0.2607972  -0.6462422
 -0.0193645   0.38242909  0.0281526   0.03785434 -0.55207734  0.53593368
  0.55183482  0.56403165  0.64324249  0.23324961 -0.16870621  0.57253936
 -0.17506191  0.4159112  -0.61526351  0.1197949   0.34380484 -0.62604669
 -0.00997085 -0.22919417  0.07032337 -0.29750315  0.2780309  -0.48685486
 -0.3013406  -0.82394569 -0.50260535 -0.22659548 -0.19778287]
4748,[ 0.20489842  0.10664001 -0.10310352  0.1342034   0.37203355  0.08674777
 -0.04095596  0.64772218  0.34813001 -0.52980248 -0.04488241 -0.11618134
  0.17877265  0.43365004 -0.32604755  0.23298316 -0.10730111 -0.61987361
  0.10232834  0.14602441 -0.47004186  0.20468735  0.26079713 -0.64624254
 -0.01936485  0.38242892  0.02815323  0.03785413 -0.55207762  0.53593425
  0.55183427  0.5640318   0.64324274  0.23324962 -0.16870599  0.57253942
 -0.17506215  0.41591104 -0.61526342  0.11979465  0.34380489 -0.62604627
 -0.00997134 -0.22919421  0.07032309 -0.29750324  0.27803121 -0.48685418
 -0.30134099 -0.82394564 -0.50260551 -0.22659542 -0.19778298]
4749,[ 0.20489882  0.10664017 -0.10310454  0.13420362  0.37203378  0.08674752
 -0.0409556   0.6477218   0.34812962 -0.52980231 -0.04488236 -0.1161809
  0.17877244  0.43365045 -0.32604756  0.23298349 -0.1073009  -0.61987349
  0.10232811  0.14602465 -0.47004189  0.20468713  0.26079705 -0.64624288
 -0.0193652   0.38242875  0.02815385  0.03785392 -0.5520779   0.53593482
  0.55183372  0.56403195  0.643243    0.23324963 -0.16870578  0.57253948
 -0.17506238  0.41591089 -0.61526332  0.1197944   0.34380495 -0.62604585
 -0.00997182 -0.22919425  0.0703228  -0.29750332  0.27803151 -0.4868535
 -0.30134138 -0.82394559 -0.50260567 -0.22659536 -0.19778309]
4750,[ 0.20489922  0.10664033 -0.10310557  0.13420384  0.37203401  0.08674728
 -0.04095524  0.64772141  0.34812922 -0.52980214 -0.0448823  -0.11618047
  0.17877223  0.43365085 -0.32604757  0.23298383 -0.10730068 -0.61987336
  0.10232788  0.14602489 -0.47004193  0.20468692  0.26079698 -0.64624321
 -0.01936555  0.38242858  0.02815448  0.03785371 -0.55207817  0.53593539
  0.55183318  0.56403209  0.64324325  0.23324964 -0.16870557  0.57253954
 -0.17506261  0.41591074 -0.61526322  0.11979415  0.343805   -0.62604543
 -0.0099723  -0.22919429  0.07032252 -0.29750341  0.27803182 -0.48685282
 -0.30134176 -0.82394555 -0.50260583 -0.2265953  -0.19778321]
4751,[ 0.20489962  0.10664049 -0.1031066   0.13420406  0.37203424  0.08674703
 -0.04095488  0.64772103  0.34812882 -0.52980198 -0.04488224 -0.11618004
  0.17877202  0.43365126 -0.32604758  0.23298417 -0.10730047 -0.61987323
  0.10232766  0.14602513 -0.47004196  0.2046867   0.26079691 -0.64624355
 -0.0193659   0.38242841  0.0281551   0.0378535  -0.55207845  0.53593595
  0.55183263  0.56403224  0.6432435   0.23324965 -0.16870536  0.5725396
 -0.17506284  0.41591059 -0.61526312  0.11979391  0.34380506 -0.62604501
 -0.00997278 -0.22919433  0.07032223 -0.29750349  0.27803212 -0.48685214
 -0.30134215 -0.8239455  -0.50260599 -0.22659525 -0.19778332]
4752,[ 0.20490002  0.10664065 -0.10310763  0.13420429  0.37203447  0.08674679
 -0.04095452  0.64772065  0.34812843 -0.52980181 -0.04488218 -0.11617961
  0.1787718   0.43365166 -0.3260476   0.23298451 -0.10730026 -0.6198731
  0.10232743  0.14602537 -0.470042    0.20468649  0.26079684 -0.64624389
 -0.01936624  0.38242825  0.02815573  0.03785329 -0.55207872  0.53593652
  0.55183209  0.56403239  0.64324375  0.23324966 -0.16870515  0.57253966
 -0.17506307  0.41591043 -0.61526303  0.11979366  0.34380511 -0.6260446
 -0.00997326 -0.22919437  0.07032195 -0.29750357  0.27803242 -0.48685146
 -0.30134254 -0.82394545 -0.50260614 -0.22659519 -0.19778343]
4753,[ 0.20490042  0.10664081 -0.10310865  0.13420451  0.3720347   0.08674654
 -0.04095416  0.64772026  0.34812803 -0.52980164 -0.04488212 -0.11617918
  0.17877159  0.43365207 -0.32604761  0.23298484 -0.10730004 -0.61987297
  0.1023272   0.14602561 -0.47004203  0.20468627  0.26079676 -0.64624423
 -0.01936659  0.38242808  0.02815635  0.03785309 -0.552079    0.53593708
  0.55183155  0.56403254  0.643244    0.23324967 -0.16870494  0.57253972
 -0.1750633   0.41591028 -0.61526293  0.11979341  0.34380517 -0.62604418
 -0.00997374 -0.22919441  0.07032166 -0.29750366  0.27803273 -0.48685078
 -0.30134293 -0.8239454  -0.5026063  -0.22659513 -0.19778354]
4754,[ 0.20490082  0.10664097 -0.10310967  0.13420473  0.37203493  0.0867463
 -0.04095381  0.64771988  0.34812764 -0.52980148 -0.04488207 -0.11617875
  0.17877138  0.43365247 -0.32604762  0.23298518 -0.10729983 -0.61987285
  0.10232698  0.14602585 -0.47004207  0.20468606  0.26079669 -0.64624457
 -0.01936694  0.38242791  0.02815697  0.03785288 -0.55207927  0.53593765
  0.551831    0.56403268  0.64324425  0.23324968 -0.16870473  0.57253978
 -0.17506353  0.41591013 -0.61526283  0.11979317  0.34380522 -0.62604376
 -0.00997422 -0.22919446  0.07032138 -0.29750374  0.27803303 -0.4868501
 -0.30134332 -0.82394536 -0.50260646 -0.22659507 -0.19778365]
4755,[ 0.20490122  0.10664113 -0.1031107   0.13420495  0.37203515  0.08674605
 -0.04095345  0.6477195   0.34812724 -0.52980131 -0.04488201 -0.11617833
  0.17877117  0.43365287 -0.32604763  0.23298552 -0.10729962 -0.61987272
  0.10232675  0.14602609 -0.4700421   0.20468585  0.26079662 -0.6462449
 -0.01936728  0.38242775  0.02815759  0.03785267 -0.55207955  0.53593821
  0.55183046  0.56403283  0.6432445   0.23324969 -0.16870451  0.57253984
 -0.17506376  0.41590998 -0.61526274  0.11979292  0.34380528 -0.62604335
 -0.0099747  -0.2291945   0.0703211  -0.29750382  0.27803333 -0.48684943
 -0.3013437  -0.82394531 -0.50260662 -0.22659501 -0.19778376]
4756,[ 0.20490162  0.10664129 -0.10311172  0.13420517  0.37203538  0.08674581
 -0.04095309  0.64771912  0.34812685 -0.52980115 -0.04488195 -0.1161779
  0.17877096  0.43365327 -0.32604764  0.23298585 -0.10729941 -0.61987259
  0.10232652  0.14602633 -0.47004214  0.20468563  0.26079655 -0.64624524
 -0.01936763  0.38242758  0.02815821  0.03785246 -0.55207982  0.53593877
  0.55182992  0.56403298  0.64324475  0.2332497  -0.1687043   0.5725399
 -0.17506398  0.41590983 -0.61526264  0.11979267  0.34380533 -0.62604293
 -0.00997518 -0.22919454  0.07032081 -0.29750391  0.27803364 -0.48684875
 -0.30134409 -0.82394526 -0.50260677 -0.22659495 -0.19778387]
4757,[ 0.20490201  0.10664145 -0.10311274  0.13420539  0.37203561  0.08674557
 -0.04095273  0.64771874  0.34812646 -0.52980098 -0.04488189 -0.11617747
  0.17877075  0.43365367 -0.32604766  0.23298619 -0.10729919 -0.61987246
  0.1023263   0.14602657 -0.47004217  0.20468542  0.26079648 -0.64624557
 -0.01936798  0.38242741  0.02815883  0.03785225 -0.5520801   0.53593934
  0.55182938  0.56403312  0.64324499  0.23324971 -0.16870409  0.57253996
 -0.17506421  0.41590967 -0.61526255  0.11979243  0.34380539 -0.62604252
 -0.00997566 -0.22919458  0.07032053 -0.29750399  0.27803394 -0.48684808
 -0.30134447 -0.82394522 -0.50260693 -0.22659489 -0.19778398]
4758,[ 0.20490241  0.10664161 -0.10311376  0.13420561  0.37203584  0.08674532
 -0.04095238  0.64771836  0.34812606 -0.52980081 -0.04488183 -0.11617704
  0.17877054  0.43365408 -0.32604767  0.23298652 -0.10729898 -0.61987234
  0.10232607  0.14602681 -0.47004221  0.20468521  0.2607964  -0.64624591
 -0.01936832  0.38242725  0.02815945  0.03785205 -0.55208037  0.5359399
  0.55182884  0.56403327  0.64324524  0.23324972 -0.16870389  0.57254001
 -0.17506444  0.41590952 -0.61526245  0.11979218  0.34380544 -0.6260421
 -0.00997614 -0.22919462  0.07032025 -0.29750408  0.27803424 -0.4868474
 -0.30134486 -0.82394517 -0.50260709 -0.22659484 -0.19778409]
4759,[ 0.20490281  0.10664177 -0.10311477  0.13420583  0.37203606  0.08674508
 -0.04095202  0.64771798  0.34812567 -0.52980065 -0.04488178 -0.11617662
  0.17877033  0.43365448 -0.32604768  0.23298685 -0.10729877 -0.61987221
  0.10232585  0.14602705 -0.47004224  0.20468499  0.26079633 -0.64624624
 -0.01936867  0.38242708  0.02816007  0.03785184 -0.55208064  0.53594046
  0.5518283   0.56403341  0.64324549  0.23324973 -0.16870368  0.57254007
 -0.17506467  0.41590937 -0.61526235  0.11979194  0.3438055  -0.62604169
 -0.00997662 -0.22919466  0.07031997 -0.29750416  0.27803454 -0.48684673
 -0.30134524 -0.82394512 -0.50260724 -0.22659478 -0.1977842 ]
4760,[ 0.20490321  0.10664193 -0.10311579  0.13420605  0.37203629  0.08674484
 -0.04095166  0.6477176   0.34812528 -0.52980048 -0.04488172 -0.11617619
  0.17877012  0.43365488 -0.32604769  0.23298719 -0.10729856 -0.61987208
  0.10232562  0.14602729 -0.47004228  0.20468478  0.26079626 -0.64624658
 -0.01936901  0.38242692  0.02816069  0.03785163 -0.55208092  0.53594102
  0.55182776  0.56403356  0.64324574  0.23324974 -0.16870347  0.57254013
 -0.1750649   0.41590922 -0.61526226  0.11979169  0.34380555 -0.62604127
 -0.00997709 -0.2291947   0.07031968 -0.29750424  0.27803484 -0.48684606
 -0.30134563 -0.82394508 -0.5026074  -0.22659472 -0.19778431]
4761,[ 0.2049036   0.10664209 -0.10311681  0.13420627  0.37203652  0.08674459
 -0.04095131  0.64771722  0.34812489 -0.52980032 -0.04488166 -0.11617576
  0.17876991  0.43365528 -0.32604771  0.23298752 -0.10729835 -0.61987196
  0.1023254   0.14602752 -0.47004231  0.20468457  0.26079619 -0.64624691
 -0.01936935  0.38242675  0.02816131  0.03785143 -0.55208119  0.53594158
  0.55182722  0.5640337   0.64324599  0.23324975 -0.16870326  0.57254019
 -0.17506513  0.41590907 -0.61526216  0.11979145  0.34380561 -0.62604086
 -0.00997757 -0.22919474  0.0703194  -0.29750432  0.27803514 -0.48684539
 -0.30134601 -0.82394503 -0.50260755 -0.22659466 -0.19778442]
4762,[ 0.204904    0.10664225 -0.10311782  0.13420649  0.37203674  0.08674435
 -0.04095095  0.64771684  0.34812449 -0.52980015 -0.0448816  -0.11617534
  0.1787697   0.43365568 -0.32604772  0.23298785 -0.10729814 -0.61987183
  0.10232517  0.14602776 -0.47004234  0.20468436  0.26079612 -0.64624725
 -0.0193697   0.38242659  0.02816193  0.03785122 -0.55208146  0.53594214
  0.55182668  0.56403385  0.64324623  0.23324977 -0.16870305  0.57254025
 -0.17506535  0.41590892 -0.61526207  0.1197912   0.34380566 -0.62604045
 -0.00997804 -0.22919478  0.07031912 -0.29750441  0.27803545 -0.48684471
 -0.3013464  -0.82394498 -0.50260771 -0.2265946  -0.19778453]
4763,[ 0.20490439  0.10664241 -0.10311883  0.13420671  0.37203697  0.08674411
 -0.0409506   0.64771646  0.3481241  -0.52979999 -0.04488155 -0.11617492
  0.17876949  0.43365608 -0.32604773  0.23298819 -0.10729792 -0.6198717
  0.10232495  0.146028   -0.47004238  0.20468414  0.26079605 -0.64624758
 -0.01937004  0.38242642  0.02816254  0.03785102 -0.55208174  0.5359427
  0.55182614  0.564034    0.64324648  0.23324978 -0.16870284  0.57254031
 -0.17506558  0.41590877 -0.61526197  0.11979096  0.34380572 -0.62604003
 -0.00997852 -0.22919482  0.07031884 -0.29750449  0.27803575 -0.48684404
 -0.30134678 -0.82394494 -0.50260787 -0.22659454 -0.19778464]
4764,[ 0.20490479  0.10664257 -0.10311984  0.13420693  0.37203719  0.08674387
 -0.04095024  0.64771608  0.34812371 -0.52979982 -0.04488149 -0.11617449
  0.17876928  0.43365647 -0.32604774  0.23298852 -0.10729771 -0.61987158
  0.10232472  0.14602824 -0.47004241  0.20468393  0.26079597 -0.64624791
 -0.01937038  0.38242626  0.02816316  0.03785081 -0.55208201  0.53594326
  0.5518256   0.56403414  0.64324673  0.23324979 -0.16870263  0.57254037
 -0.17506581  0.41590862 -0.61526187  0.11979071  0.34380577 -0.62603962
 -0.00997899 -0.22919486  0.07031856 -0.29750457  0.27803605 -0.48684337
 -0.30134716 -0.82394489 -0.50260802 -0.22659449 -0.19778475]
4765,[ 0.20490518  0.10664273 -0.10312086  0.13420714  0.37203742  0.08674362
 -0.04094989  0.6477157   0.34812332 -0.52979966 -0.04488143 -0.11617407
  0.17876907  0.43365687 -0.32604776  0.23298885 -0.1072975  -0.61987145
  0.1023245   0.14602847 -0.47004245  0.20468372  0.2607959  -0.64624825
 -0.01937073  0.38242609  0.02816377  0.0378506  -0.55208228  0.53594382
  0.55182507  0.56403429  0.64324697  0.2332498  -0.16870242  0.57254042
 -0.17506603  0.41590847 -0.61526178  0.11979047  0.34380583 -0.62603921
 -0.00997947 -0.2291949   0.07031828 -0.29750466  0.27803635 -0.48684271
 -0.30134754 -0.82394484 -0.50260818 -0.22659443 -0.19778486]
4766,[ 0.20490558  0.10664289 -0.10312187  0.13420736  0.37203764  0.08674338
 -0.04094953  0.64771533  0.34812293 -0.5297995  -0.04488138 -0.11617364
  0.17876886  0.43365727 -0.32604777  0.23298918 -0.10729729 -0.61987133
  0.10232428  0.14602871 -0.47004248  0.20468351  0.26079583 -0.64624858
 -0.01937107  0.38242593  0.02816439  0.0378504  -0.55208255  0.53594437
  0.55182453  0.56403443  0.64324722  0.23324981 -0.16870222  0.57254048
 -0.17506626  0.41590832 -0.61526168  0.11979023  0.34380588 -0.6260388
 -0.00997994 -0.22919494  0.070318   -0.29750474  0.27803664 -0.48684204
 -0.30134793 -0.8239448  -0.50260833 -0.22659437 -0.19778497]
4767,[ 0.20490597  0.10664305 -0.10312287  0.13420758  0.37203787  0.08674314
 -0.04094918  0.64771495  0.34812254 -0.52979933 -0.04488132 -0.11617322
  0.17876865  0.43365767 -0.32604778  0.23298951 -0.10729708 -0.6198712
  0.10232405  0.14602894 -0.47004252  0.2046833   0.26079576 -0.64624891
 -0.01937141  0.38242576  0.028165    0.03785019 -0.55208282  0.53594493
  0.551824    0.56403458  0.64324747  0.23324982 -0.16870201  0.57254054
 -0.17506649  0.41590817 -0.61526159  0.11978998  0.34380594 -0.62603839
 -0.00998041 -0.22919498  0.07031772 -0.29750482  0.27803694 -0.48684137
 -0.30134831 -0.82394475 -0.50260849 -0.22659431 -0.19778508]
4768,[ 0.20490636  0.1066432  -0.10312388  0.1342078   0.37203809  0.0867429
 -0.04094883  0.64771457  0.34812216 -0.52979917 -0.04488126 -0.1161728
  0.17876844  0.43365806 -0.32604779  0.23298985 -0.10729687 -0.61987107
  0.10232383  0.14602918 -0.47004255  0.20468309  0.26079569 -0.64624924
 -0.01937175  0.3824256   0.02816561  0.03784999 -0.55208309  0.53594548
  0.55182346  0.56403472  0.64324771  0.23324983 -0.1687018   0.5725406
 -0.17506671  0.41590802 -0.61526149  0.11978974  0.34380599 -0.62603798
 -0.00998089 -0.22919502  0.07031744 -0.2975049   0.27803724 -0.4868407
 -0.30134869 -0.82394471 -0.50260864 -0.22659426 -0.19778519]
4769,[ 0.20490676  0.10664336 -0.10312489  0.13420801  0.37203832  0.08674266
 -0.04094847  0.6477142   0.34812177 -0.52979901 -0.0448812  -0.11617238
  0.17876824  0.43365846 -0.3260478   0.23299018 -0.10729666 -0.61987095
  0.10232361  0.14602942 -0.47004259  0.20468288  0.26079562 -0.64624957
 -0.01937209  0.38242543  0.02816622  0.03784978 -0.55208336  0.53594604
  0.55182293  0.56403486  0.64324796  0.23324984 -0.16870159  0.57254066
 -0.17506694  0.41590787 -0.6152614   0.1197895   0.34380605 -0.62603757
 -0.00998136 -0.22919506  0.07031716 -0.29750499  0.27803754 -0.48684004
 -0.30134907 -0.82394466 -0.5026088  -0.2265942  -0.1977853 ]
4770,[ 0.20490715  0.10664352 -0.10312589  0.13420823  0.37203854  0.08674242
 -0.04094812  0.64771382  0.34812138 -0.52979884 -0.04488115 -0.11617196
  0.17876803  0.43365886 -0.32604782  0.23299051 -0.10729645 -0.61987082
  0.10232338  0.14602965 -0.47004262  0.20468267  0.26079555 -0.64624991
 -0.01937243  0.38242527  0.02816684  0.03784958 -0.55208363  0.53594659
  0.5518224   0.56403501  0.6432482   0.23324985 -0.16870139  0.57254072
 -0.17506716  0.41590772 -0.6152613   0.11978925  0.3438061  -0.62603716
 -0.00998183 -0.2291951   0.07031689 -0.29750507  0.27803784 -0.48683937
 -0.30134945 -0.82394461 -0.50260895 -0.22659414 -0.1977854 ]
4771,[ 0.20490754  0.10664368 -0.1031269   0.13420845  0.37203877  0.08674218
 -0.04094777  0.64771345  0.34812099 -0.52979868 -0.04488109 -0.11617154
  0.17876782  0.43365925 -0.32604783  0.23299084 -0.10729625 -0.6198707
  0.10232316  0.14602989 -0.47004265  0.20468246  0.26079548 -0.64625024
 -0.01937277  0.38242511  0.02816745  0.03784938 -0.5520839   0.53594715
  0.55182186  0.56403515  0.64324845  0.23324986 -0.16870118  0.57254077
 -0.17506739  0.41590757 -0.61526121  0.11978901  0.34380616 -0.62603675
 -0.0099823  -0.22919514  0.07031661 -0.29750515  0.27803814 -0.48683871
 -0.30134983 -0.82394457 -0.5026091  -0.22659408 -0.19778551]
4772,[ 0.20490793  0.10664384 -0.1031279   0.13420867  0.37203899  0.08674194
 -0.04094742  0.64771307  0.34812061 -0.52979852 -0.04488103 -0.11617111
  0.17876761  0.43365965 -0.32604784  0.23299117 -0.10729604 -0.61987057
  0.10232294  0.14603012 -0.47004269  0.20468225  0.26079541 -0.64625057
 -0.01937311  0.38242494  0.02816806  0.03784917 -0.55208417  0.5359477
  0.55182133  0.5640353   0.64324869  0.23324987 -0.16870097  0.57254083
 -0.17506761  0.41590742 -0.61526111  0.11978877  0.34380621 -0.62603634
 -0.00998277 -0.22919518  0.07031633 -0.29750523  0.27803843 -0.48683805
 -0.30135021 -0.82394452 -0.50260926 -0.22659402 -0.19778562]
4773,[ 0.20490832  0.10664399 -0.1031289   0.13420888  0.37203921  0.0867417
 -0.04094707  0.6477127   0.34812022 -0.52979835 -0.04488098 -0.11617069
  0.17876741  0.43366004 -0.32604785  0.23299149 -0.10729583 -0.61987045
  0.10232272  0.14603036 -0.47004272  0.20468204  0.26079534 -0.6462509
 -0.01937345  0.38242478  0.02816867  0.03784897 -0.55208444  0.53594825
  0.5518208   0.56403544  0.64324894  0.23324988 -0.16870077  0.57254089
 -0.17506784  0.41590727 -0.61526102  0.11978853  0.34380626 -0.62603594
 -0.00998324 -0.22919522  0.07031605 -0.29750531  0.27803873 -0.48683738
 -0.30135059 -0.82394448 -0.50260941 -0.22659397 -0.19778573]
4774,[ 0.20490871  0.10664415 -0.1031299   0.1342091   0.37203944  0.08674146
 -0.04094672  0.64771232  0.34811983 -0.52979819 -0.04488092 -0.11617028
  0.1787672   0.43366044 -0.32604786  0.23299182 -0.10729562 -0.61987032
  0.1023225   0.14603059 -0.47004276  0.20468183  0.26079527 -0.64625123
 -0.01937379  0.38242462  0.02816927  0.03784876 -0.55208471  0.5359488
  0.55182027  0.56403558  0.64324918  0.23324989 -0.16870056  0.57254095
 -0.17506806  0.41590713 -0.61526093  0.11978829  0.34380632 -0.62603553
 -0.00998371 -0.22919526  0.07031577 -0.2975054   0.27803903 -0.48683672
 -0.30135097 -0.82394443 -0.50260957 -0.22659391 -0.19778584]
4775,[ 0.2049091   0.10664431 -0.1031309   0.13420931  0.37203966  0.08674122
 -0.04094637  0.64771195  0.34811945 -0.52979803 -0.04488086 -0.11616986
  0.17876699  0.43366083 -0.32604788  0.23299215 -0.10729541 -0.6198702
  0.10232228  0.14603082 -0.47004279  0.20468162  0.26079519 -0.64625155
 -0.01937413  0.38242445  0.02816988  0.03784856 -0.55208498  0.53594936
  0.55181974  0.56403573  0.64324943  0.2332499  -0.16870036  0.57254101
 -0.17506829  0.41590698 -0.61526083  0.11978805  0.34380637 -0.62603512
 -0.00998418 -0.2291953   0.0703155  -0.29750548  0.27803932 -0.48683606
 -0.30135134 -0.82394438 -0.50260972 -0.22659385 -0.19778595]
4776,[ 0.20490949  0.10664446 -0.1031319   0.13420953  0.37203988  0.08674098
 -0.04094602  0.64771158  0.34811906 -0.52979787 -0.04488081 -0.11616944
  0.17876679  0.43366122 -0.32604789  0.23299248 -0.1072952  -0.61987007
  0.10232205  0.14603106 -0.47004283  0.20468141  0.26079512 -0.64625188
 -0.01937447  0.38242429  0.02817049  0.03784836 -0.55208525  0.53594991
  0.55181921  0.56403587  0.64324967  0.23324991 -0.16870015  0.57254106
 -0.17506851  0.41590683 -0.61526074  0.11978781  0.34380643 -0.62603471
 -0.00998465 -0.22919534  0.07031522 -0.29750556  0.27803962 -0.4868354
 -0.30135172 -0.82394434 -0.50260987 -0.2265938  -0.19778605]
4777,[ 0.20490988  0.10664462 -0.1031329   0.13420974  0.37204011  0.08674075
 -0.04094567  0.6477112   0.34811868 -0.5297977  -0.04488075 -0.11616902
  0.17876658  0.43366161 -0.3260479   0.23299281 -0.107295   -0.61986995
  0.10232183  0.14603129 -0.47004286  0.2046812   0.26079505 -0.64625221
 -0.0193748   0.38242413  0.0281711   0.03784816 -0.55208551  0.53595046
  0.55181868  0.56403601  0.64324991  0.23324992 -0.16869994  0.57254112
 -0.17506873  0.41590668 -0.61526064  0.11978757  0.34380648 -0.62603431
 -0.00998512 -0.22919538  0.07031494 -0.29750564  0.27803991 -0.48683474
 -0.3013521  -0.82394429 -0.50261003 -0.22659374 -0.19778616]
4778,[ 0.20491027  0.10664478 -0.10313389  0.13420996  0.37204033  0.08674051
 -0.04094532  0.64771083  0.34811829 -0.52979754 -0.0448807  -0.1161686
  0.17876637  0.43366201 -0.32604791  0.23299313 -0.10729479 -0.61986983
  0.10232161  0.14603153 -0.47004289  0.20468099  0.26079498 -0.64625254
 -0.01937514  0.38242397  0.0281717   0.03784795 -0.55208578  0.53595101
  0.55181815  0.56403616  0.64325016  0.23324993 -0.16869974  0.57254118
 -0.17506896  0.41590653 -0.61526055  0.11978733  0.34380653 -0.6260339
 -0.00998558 -0.22919542  0.07031467 -0.29750572  0.27804021 -0.48683408
 -0.30135247 -0.82394425 -0.50261018 -0.22659368 -0.19778627]
4779,[ 0.20491066  0.10664493 -0.10313489  0.13421017  0.37204055  0.08674027
 -0.04094497  0.64771046  0.34811791 -0.52979738 -0.04488064 -0.11616819
  0.17876617  0.4336624  -0.32604793  0.23299346 -0.10729458 -0.6198697
  0.10232139  0.14603176 -0.47004293  0.20468078  0.26079491 -0.64625287
 -0.01937548  0.3824238   0.02817231  0.03784775 -0.55208605  0.53595156
  0.55181762  0.5640363   0.6432504   0.23324994 -0.16869953  0.57254124
 -0.17506918  0.41590639 -0.61526046  0.11978709  0.34380659 -0.6260335
 -0.00998605 -0.22919546  0.07031439 -0.2975058   0.27804051 -0.48683342
 -0.30135285 -0.8239442  -0.50261033 -0.22659362 -0.19778638]
4780,[ 0.20491105  0.10664509 -0.10313588  0.13421039  0.37204077  0.08674003
 -0.04094462  0.64771009  0.34811753 -0.52979722 -0.04488058 -0.11616777
  0.17876596  0.43366279 -0.32604794  0.23299379 -0.10729438 -0.61986958
  0.10232117  0.14603199 -0.47004296  0.20468058  0.26079484 -0.64625319
 -0.01937582  0.38242364  0.02817291  0.03784755 -0.55208631  0.5359521
  0.55181709  0.56403644  0.64325064  0.23324995 -0.16869933  0.57254129
 -0.1750694   0.41590624 -0.61526036  0.11978685  0.34380664 -0.62603309
 -0.00998652 -0.2291955   0.07031412 -0.29750588  0.2780408  -0.48683276
 -0.30135323 -0.82394416 -0.50261048 -0.22659357 -0.19778648]
4781,[ 0.20491143  0.10664524 -0.10313688  0.1342106   0.37204099  0.08673979
 -0.04094427  0.64770972  0.34811714 -0.52979706 -0.04488053 -0.11616735
  0.17876576  0.43366318 -0.32604795  0.23299411 -0.10729417 -0.61986945
  0.10232095  0.14603222 -0.470043    0.20468037  0.26079477 -0.64625352
 -0.01937615  0.38242348  0.02817352  0.03784735 -0.55208658  0.53595265
  0.55181657  0.56403658  0.64325088  0.23324996 -0.16869913  0.57254135
 -0.17506963  0.41590609 -0.61526027  0.11978661  0.3438067  -0.62603269
 -0.00998698 -0.22919554  0.07031384 -0.29750597  0.27804109 -0.48683211
 -0.3013536  -0.82394411 -0.50261064 -0.22659351 -0.19778659]
4782,[ 0.20491182  0.1066454  -0.10313787  0.13421082  0.37204121  0.08673956
 -0.04094393  0.64770935  0.34811676 -0.5297969  -0.04488047 -0.11616694
  0.17876555  0.43366357 -0.32604796  0.23299444 -0.10729396 -0.61986933
  0.10232073  0.14603246 -0.47004303  0.20468016  0.2607947  -0.64625385
 -0.01937649  0.38242332  0.02817412  0.03784715 -0.55208685  0.5359532
  0.55181604  0.56403673  0.64325112  0.23324997 -0.16869892  0.57254141
 -0.17506985  0.41590594 -0.61526017  0.11978637  0.34380675 -0.62603229
 -0.00998745 -0.22919558  0.07031357 -0.29750605  0.27804139 -0.48683145
 -0.30135398 -0.82394406 -0.50261079 -0.22659345 -0.1977867 ]
4783,[ 0.20491221  0.10664556 -0.10313886  0.13421103  0.37204143  0.08673932
 -0.04094358  0.64770898  0.34811638 -0.52979673 -0.04488041 -0.11616652
  0.17876535  0.43366396 -0.32604797  0.23299476 -0.10729376 -0.61986921
  0.10232051  0.14603269 -0.47004306  0.20467995  0.26079463 -0.64625417
 -0.01937682  0.38242316  0.02817472  0.03784694 -0.55208711  0.53595374
  0.55181552  0.56403687  0.64325137  0.23324998 -0.16869872  0.57254147
 -0.17507007  0.4159058  -0.61526008  0.11978613  0.3438068  -0.62603188
 -0.00998791 -0.22919562  0.07031329 -0.29750613  0.27804168 -0.4868308
 -0.30135435 -0.82394402 -0.50261094 -0.2265934  -0.19778681]
4784,[ 0.20491259  0.10664571 -0.10313985  0.13421125  0.37204165  0.08673908
 -0.04094323  0.64770861  0.348116   -0.52979657 -0.04488036 -0.11616611
  0.17876514  0.43366435 -0.32604798  0.23299509 -0.10729355 -0.61986908
  0.1023203   0.14603292 -0.4700431   0.20467975  0.26079456 -0.6462545
 -0.01937716  0.38242299  0.02817532  0.03784674 -0.55208738  0.53595429
  0.55181499  0.56403701  0.64325161  0.23324999 -0.16869851  0.57254152
 -0.17507029  0.41590565 -0.61525999  0.11978589  0.34380686 -0.62603148
 -0.00998837 -0.22919566  0.07031302 -0.29750621  0.27804197 -0.48683014
 -0.30135473 -0.82394397 -0.50261109 -0.22659334 -0.19778691]
4785,[ 0.20491298  0.10664587 -0.10314084  0.13421146  0.37204188  0.08673885
 -0.04094288  0.64770824  0.34811561 -0.52979641 -0.0448803  -0.11616569
  0.17876494  0.43366474 -0.326048    0.23299541 -0.10729335 -0.61986896
  0.10232008  0.14603315 -0.47004313  0.20467954  0.26079449 -0.64625483
 -0.01937749  0.38242283  0.02817592  0.03784654 -0.55208765  0.53595483
  0.55181447  0.56403715  0.64325185  0.23325    -0.16869831  0.57254158
 -0.17507051  0.4159055  -0.61525989  0.11978565  0.34380691 -0.62603108
 -0.00998884 -0.2291957   0.07031274 -0.29750629  0.27804227 -0.48682949
 -0.3013551  -0.82394393 -0.50261125 -0.22659328 -0.19778702]
4786,[ 0.20491336  0.10664602 -0.10314182  0.13421167  0.3720421   0.08673861
 -0.04094254  0.64770787  0.34811523 -0.52979625 -0.04488025 -0.11616528
  0.17876474  0.43366513 -0.32604801  0.23299574 -0.10729314 -0.61986884
  0.10231986  0.14603338 -0.47004316  0.20467933  0.26079442 -0.64625515
 -0.01937783  0.38242267  0.02817652  0.03784634 -0.55208791  0.53595538
  0.55181394  0.56403729  0.64325209  0.23325001 -0.16869811  0.57254164
 -0.17507073  0.41590536 -0.6152598   0.11978541  0.34380696 -0.62603068
 -0.0099893  -0.22919574  0.07031247 -0.29750637  0.27804256 -0.48682884
 -0.30135547 -0.82394388 -0.5026114  -0.22659323 -0.19778713]
4787,[ 0.20491375  0.10664618 -0.10314281  0.13421189  0.37204232  0.08673838
 -0.04094219  0.6477075   0.34811485 -0.52979609 -0.04488019 -0.11616487
  0.17876453  0.43366552 -0.32604802  0.23299606 -0.10729293 -0.61986871
  0.10231964  0.14603361 -0.4700432   0.20467913  0.26079436 -0.64625547
 -0.01937816  0.38242251  0.02817712  0.03784614 -0.55208818  0.53595592
  0.55181342  0.56403743  0.64325233  0.23325002 -0.1686979   0.57254169
 -0.17507096  0.41590521 -0.61525971  0.11978518  0.34380702 -0.62603027
 -0.00998976 -0.22919578  0.0703122  -0.29750645  0.27804285 -0.48682818
 -0.30135585 -0.82394384 -0.50261155 -0.22659317 -0.19778723]
4788,[ 0.20491413  0.10664633 -0.10314379  0.1342121   0.37204254  0.08673814
 -0.04094185  0.64770713  0.34811447 -0.52979593 -0.04488014 -0.11616445
  0.17876433  0.43366591 -0.32604803  0.23299639 -0.10729273 -0.61986859
  0.10231942  0.14603384 -0.47004323  0.20467892  0.26079429 -0.6462558
 -0.01937849  0.38242235  0.02817772  0.03784594 -0.55208844  0.53595647
  0.5518129   0.56403757  0.64325257  0.23325003 -0.1686977   0.57254175
 -0.17507118  0.41590506 -0.61525962  0.11978494  0.34380707 -0.62602987
 -0.00999023 -0.22919582  0.07031193 -0.29750653  0.27804314 -0.48682753
 -0.30135622 -0.82394379 -0.5026117  -0.22659311 -0.19778734]
4789,[ 0.20491452  0.10664649 -0.10314478  0.13421231  0.37204275  0.0867379
 -0.0409415   0.64770677  0.34811409 -0.52979577 -0.04488008 -0.11616404
  0.17876412  0.43366629 -0.32604804  0.23299671 -0.10729252 -0.61986847
  0.1023192   0.14603408 -0.47004327  0.20467872  0.26079422 -0.64625612
 -0.01937883  0.38242219  0.02817832  0.03784574 -0.5520887   0.53595701
  0.55181237  0.56403772  0.64325281  0.23325004 -0.1686975   0.57254181
 -0.1750714   0.41590492 -0.61525952  0.1197847   0.34380712 -0.62602947
 -0.00999069 -0.22919586  0.07031165 -0.29750661  0.27804344 -0.48682688
 -0.30135659 -0.82394375 -0.50261185 -0.22659306 -0.19778745]
4790,[ 0.2049149   0.10664664 -0.10314576  0.13421252  0.37204297  0.08673767
 -0.04094116  0.6477064   0.34811371 -0.52979561 -0.04488002 -0.11616363
  0.17876392  0.43366668 -0.32604806  0.23299703 -0.10729232 -0.61986835
  0.10231899  0.14603431 -0.4700433   0.20467851  0.26079415 -0.64625645
 -0.01937916  0.38242203  0.02817892  0.03784554 -0.55208897  0.53595755
  0.55181185  0.56403786  0.64325305  0.23325005 -0.1686973   0.57254187
 -0.17507162  0.41590477 -0.61525943  0.11978446  0.34380718 -0.62602907
 -0.00999115 -0.2291959   0.07031138 -0.29750669  0.27804373 -0.48682623
 -0.30135696 -0.8239437  -0.502612   -0.226593   -0.19778755]
4791,[ 0.20491528  0.10664679 -0.10314674  0.13421273  0.37204319  0.08673743
 -0.04094081  0.64770603  0.34811333 -0.52979545 -0.04487997 -0.11616322
  0.17876372  0.43366707 -0.32604807  0.23299735 -0.10729212 -0.61986822
  0.10231877  0.14603454 -0.47004333  0.20467831  0.26079408 -0.64625677
 -0.01937949  0.38242187  0.02817952  0.03784534 -0.55208923  0.53595809
  0.55181133  0.564038    0.64325329  0.23325006 -0.16869709  0.57254192
 -0.17507184  0.41590463 -0.61525934  0.11978423  0.34380723 -0.62602867
 -0.00999161 -0.22919594  0.07031111 -0.29750677  0.27804402 -0.48682558
 -0.30135733 -0.82394366 -0.50261215 -0.22659295 -0.19778766]
4792,[ 0.20491567  0.10664695 -0.10314772  0.13421295  0.37204341  0.0867372
 -0.04094047  0.64770567  0.34811296 -0.52979529 -0.04487991 -0.11616281
  0.17876352  0.43366745 -0.32604808  0.23299768 -0.10729191 -0.6198681
  0.10231855  0.14603476 -0.47004337  0.2046781   0.26079401 -0.64625709
 -0.01937983  0.38242171  0.02818011  0.03784514 -0.5520895   0.53595863
  0.55181081  0.56403814  0.64325353  0.23325007 -0.16869689  0.57254198
 -0.17507206  0.41590448 -0.61525924  0.11978399  0.34380728 -0.62602827
 -0.00999207 -0.22919598  0.07031084 -0.29750685  0.27804431 -0.48682493
 -0.3013577  -0.82394361 -0.5026123  -0.22659289 -0.19778777]
4793,[ 0.20491605  0.1066471  -0.1031487   0.13421316  0.37204363  0.08673697
 -0.04094013  0.6477053   0.34811258 -0.52979514 -0.04487986 -0.1161624
  0.17876331  0.43366784 -0.32604809  0.232998   -0.10729171 -0.61986798
  0.10231833  0.14603499 -0.4700434   0.2046779   0.26079394 -0.64625742
 -0.01938016  0.38242155  0.02818071  0.03784494 -0.55208976  0.53595917
  0.55181029  0.56403828  0.64325377  0.23325008 -0.16869669  0.57254204
 -0.17507228  0.41590433 -0.61525915  0.11978375  0.34380733 -0.62602788
 -0.00999253 -0.22919602  0.07031057 -0.29750693  0.2780446  -0.48682428
 -0.30135807 -0.82394357 -0.50261245 -0.22659283 -0.19778787]
4794,[ 0.20491643  0.10664726 -0.10314968  0.13421337  0.37204385  0.08673673
 -0.04093978  0.64770493  0.3481122  -0.52979498 -0.0448798  -0.11616199
  0.17876311  0.43366822 -0.3260481   0.23299832 -0.1072915  -0.61986786
  0.10231812  0.14603522 -0.47004343  0.20467769  0.26079387 -0.64625774
 -0.01938049  0.38242139  0.0281813   0.03784474 -0.55209002  0.53595971
  0.55180977  0.56403842  0.64325401  0.23325009 -0.16869649  0.57254209
 -0.1750725   0.41590419 -0.61525906  0.11978352  0.34380739 -0.62602748
 -0.00999299 -0.22919606  0.07031029 -0.29750701  0.27804489 -0.48682364
 -0.30135844 -0.82394352 -0.5026126  -0.22659278 -0.19778798]
4795,[ 0.20491681  0.10664741 -0.10315066  0.13421358  0.37204407  0.0867365
 -0.04093944  0.64770457  0.34811182 -0.52979482 -0.04487975 -0.11616158
  0.17876291  0.43366861 -0.32604812  0.23299864 -0.1072913  -0.61986774
  0.1023179   0.14603545 -0.47004347  0.20467749  0.2607938  -0.64625806
 -0.01938082  0.38242123  0.0281819   0.03784454 -0.55209028  0.53596025
  0.55180925  0.56403856  0.64325424  0.2332501  -0.16869629  0.57254215
 -0.17507272  0.41590404 -0.61525897  0.11978328  0.34380744 -0.62602708
 -0.00999344 -0.22919609  0.07031002 -0.29750709  0.27804518 -0.48682299
 -0.30135881 -0.82394348 -0.50261275 -0.22659272 -0.19778808]
4796,[ 0.20491719  0.10664756 -0.10315163  0.13421379  0.37204428  0.08673627
 -0.0409391   0.6477042   0.34811145 -0.52979466 -0.04487969 -0.11616117
  0.17876271  0.43366899 -0.32604813  0.23299896 -0.1072911  -0.61986761
  0.10231769  0.14603568 -0.4700435   0.20467728  0.26079373 -0.64625838
 -0.01938115  0.38242107  0.02818249  0.03784435 -0.55209055  0.53596079
  0.55180874  0.5640387   0.64325448  0.23325011 -0.16869609  0.5725422
 -0.17507294  0.4159039  -0.61525888  0.11978305  0.34380749 -0.62602668
 -0.0099939  -0.22919613  0.07030975 -0.29750717  0.27804547 -0.48682234
 -0.30135918 -0.82394343 -0.5026129  -0.22659267 -0.19778819]
4797,[ 0.20491757  0.10664772 -0.10315261  0.134214    0.3720445   0.08673603
 -0.04093876  0.64770384  0.34811107 -0.5297945  -0.04487964 -0.11616076
  0.17876251  0.43366938 -0.32604814  0.23299928 -0.1072909  -0.61986749
  0.10231747  0.14603591 -0.47004353  0.20467708  0.26079366 -0.6462587
 -0.01938148  0.38242091  0.02818308  0.03784415 -0.55209081  0.53596133
  0.55180822  0.56403884  0.64325472  0.23325012 -0.16869589  0.57254226
 -0.17507315  0.41590375 -0.61525878  0.11978281  0.34380755 -0.62602628
 -0.00999436 -0.22919617  0.07030948 -0.29750725  0.27804576 -0.4868217
 -0.30135955 -0.82394339 -0.50261305 -0.22659261 -0.19778829]
4798,[ 0.20491795  0.10664787 -0.10315358  0.13421421  0.37204472  0.0867358
 -0.04093842  0.64770348  0.3481107  -0.52979434 -0.04487958 -0.11616035
  0.1787623   0.43366976 -0.32604815  0.2329996  -0.10729069 -0.61986737
  0.10231725  0.14603614 -0.47004357  0.20467687  0.2607936  -0.64625902
 -0.01938181  0.38242076  0.02818368  0.03784395 -0.55209107  0.53596187
  0.5518077   0.56403898  0.64325496  0.23325013 -0.16869569  0.57254232
 -0.17507337  0.41590361 -0.61525869  0.11978258  0.3438076  -0.62602589
 -0.00999482 -0.22919621  0.07030921 -0.29750733  0.27804605 -0.48682106
 -0.30135992 -0.82394334 -0.5026132  -0.22659255 -0.1977884 ]
4799,[ 0.20491833  0.10664802 -0.10315456  0.13421442  0.37204494  0.08673557
 -0.04093808  0.64770311  0.34811032 -0.52979418 -0.04487953 -0.11615994
  0.1787621   0.43367014 -0.32604816  0.23299992 -0.10729049 -0.61986725
  0.10231704  0.14603637 -0.4700436   0.20467667  0.26079353 -0.64625934
 -0.01938214  0.3824206   0.02818427  0.03784375 -0.55209133  0.5359624
  0.55180719  0.56403912  0.6432552   0.23325014 -0.16869549  0.57254237
 -0.17507359  0.41590347 -0.6152586   0.11978234  0.34380765 -0.62602549
 -0.00999527 -0.22919625  0.07030894 -0.29750741  0.27804634 -0.48682041
 -0.30136029 -0.8239433  -0.50261335 -0.2265925  -0.1977885 ]
4800,[ 0.20491871  0.10664817 -0.10315553  0.13421463  0.37204515  0.08673533
 -0.04093774  0.64770275  0.34810995 -0.52979403 -0.04487947 -0.11615953
  0.1787619   0.43367053 -0.32604817  0.23300024 -0.10729029 -0.61986713
  0.10231682  0.14603659 -0.47004363  0.20467647  0.26079346 -0.64625966
 -0.01938247  0.38242044  0.02818486  0.03784355 -0.55209159  0.53596294
  0.55180667  0.56403926  0.64325543  0.23325015 -0.16869529  0.57254243
 -0.17507381  0.41590332 -0.61525851  0.11978211  0.3438077  -0.6260251
 -0.00999573 -0.22919629  0.07030867 -0.29750749  0.27804662 -0.48681977
 -0.30136066 -0.82394326 -0.5026135  -0.22659244 -0.19778861]
4801,[ 0.20491909  0.10664833 -0.1031565   0.13421484  0.37204537  0.0867351
 -0.0409374   0.64770239  0.34810957 -0.52979387 -0.04487942 -0.11615913
  0.1787617   0.43367091 -0.32604819  0.23300056 -0.10729009 -0.61986701
  0.10231661  0.14603682 -0.47004367  0.20467626  0.26079339 -0.64625998
 -0.0193828   0.38242028  0.02818545  0.03784336 -0.55209185  0.53596347
  0.55180615  0.5640394   0.64325567  0.23325016 -0.16869509  0.57254249
 -0.17507403  0.41590318 -0.61525842  0.11978187  0.34380776 -0.6260247
 -0.00999618 -0.22919633  0.0703084  -0.29750757  0.27804691 -0.48681913
 -0.30136102 -0.82394321 -0.50261365 -0.22659239 -0.19778872]
4802,[ 0.20491947  0.10664848 -0.10315747  0.13421505  0.37204558  0.08673487
 -0.04093706  0.64770202  0.3481092  -0.52979371 -0.04487936 -0.11615872
  0.1787615   0.43367129 -0.3260482   0.23300088 -0.10728988 -0.61986689
  0.10231639  0.14603705 -0.4700437   0.20467606  0.26079332 -0.6462603
 -0.01938313  0.38242012  0.02818604  0.03784316 -0.55209211  0.53596401
  0.55180564  0.56403954  0.64325591  0.23325017 -0.16869489  0.57254254
 -0.17507424  0.41590303 -0.61525833  0.11978164  0.34380781 -0.62602431
 -0.00999664 -0.22919637  0.07030814 -0.29750765  0.2780472  -0.48681849
 -0.30136139 -0.82394317 -0.5026138  -0.22659233 -0.19778882]
4803,[ 0.20491985  0.10664863 -0.10315844  0.13421526  0.3720458   0.08673464
 -0.04093672  0.64770166  0.34810882 -0.52979355 -0.04487931 -0.11615832
  0.1787613   0.43367167 -0.32604821  0.2330012  -0.10728968 -0.61986677
  0.10231618  0.14603727 -0.47004373  0.20467586  0.26079325 -0.64626062
 -0.01938345  0.38241996  0.02818663  0.03784296 -0.55209237  0.53596454
  0.55180513  0.56403967  0.64325614  0.23325018 -0.16869469  0.5725426
 -0.17507446  0.41590289 -0.61525823  0.11978141  0.34380786 -0.62602391
 -0.00999709 -0.22919641  0.07030787 -0.29750773  0.27804749 -0.48681784
 -0.30136176 -0.82394312 -0.50261395 -0.22659228 -0.19778892]
4804,[ 0.20492022  0.10664878 -0.1031594   0.13421547  0.37204602  0.08673441
 -0.04093638  0.6477013   0.34810845 -0.5297934  -0.04487925 -0.11615791
  0.1787611   0.43367205 -0.32604822  0.23300151 -0.10728948 -0.61986664
  0.10231597  0.1460375  -0.47004376  0.20467566  0.26079318 -0.64626094
 -0.01938378  0.38241981  0.02818722  0.03784277 -0.55209263  0.53596508
  0.55180461  0.56403981  0.64325638  0.23325019 -0.16869449  0.57254265
 -0.17507468  0.41590275 -0.61525814  0.11978117  0.34380791 -0.62602352
 -0.00999755 -0.22919644  0.0703076  -0.29750781  0.27804777 -0.4868172
 -0.30136212 -0.82394308 -0.5026141  -0.22659222 -0.19778903]
4805,[ 0.2049206   0.10664893 -0.10316037  0.13421568  0.37204623  0.08673418
 -0.04093604  0.64770094  0.34810808 -0.52979324 -0.0448792  -0.1161575
  0.1787609   0.43367243 -0.32604823  0.23300183 -0.10728928 -0.61986652
  0.10231575  0.14603773 -0.4700438   0.20467546  0.26079312 -0.64626126
 -0.01938411  0.38241965  0.0281878   0.03784257 -0.55209289  0.53596561
  0.5518041   0.56403995  0.64325661  0.2332502  -0.16869429  0.57254271
 -0.17507489  0.4159026  -0.61525805  0.11978094  0.34380797 -0.62602313
 -0.009998   -0.22919648  0.07030733 -0.29750789  0.27804806 -0.48681657
 -0.30136249 -0.82394303 -0.50261425 -0.22659216 -0.19778913]
4806,[ 0.20492098  0.10664909 -0.10316134  0.13421589  0.37204645  0.08673395
 -0.0409357   0.64770058  0.3481077  -0.52979308 -0.04487914 -0.1161571
  0.1787607   0.43367281 -0.32604824  0.23300215 -0.10728908 -0.6198664
  0.10231554  0.14603795 -0.47004383  0.20467525  0.26079305 -0.64626157
 -0.01938444  0.38241949  0.02818839  0.03784237 -0.55209315  0.53596614
  0.55180359  0.56404009  0.64325685  0.23325021 -0.16869409  0.57254277
 -0.17507511  0.41590246 -0.61525796  0.11978071  0.34380802 -0.62602273
 -0.00999845 -0.22919652  0.07030706 -0.29750797  0.27804834 -0.48681593
 -0.30136285 -0.82394299 -0.50261439 -0.22659211 -0.19778924]
4807,[ 0.20492135  0.10664924 -0.1031623   0.13421609  0.37204666  0.08673372
 -0.04093536  0.64770022  0.34810733 -0.52979293 -0.04487909 -0.1161567
  0.1787605   0.43367319 -0.32604826  0.23300246 -0.10728888 -0.61986628
  0.10231532  0.14603818 -0.47004386  0.20467505  0.26079298 -0.64626189
 -0.01938476  0.38241934  0.02818898  0.03784218 -0.55209341  0.53596667
  0.55180308  0.56404023  0.64325708  0.23325022 -0.16869389  0.57254282
 -0.17507533  0.41590232 -0.61525787  0.11978048  0.34380807 -0.62602234
 -0.0099989  -0.22919656  0.0703068  -0.29750804  0.27804863 -0.48681529
 -0.30136322 -0.82394294 -0.50261454 -0.22659205 -0.19778934]
4808,[ 0.20492173  0.10664939 -0.10316326  0.1342163   0.37204688  0.08673348
 -0.04093502  0.64769986  0.34810696 -0.52979277 -0.04487903 -0.11615629
  0.1787603   0.43367357 -0.32604827  0.23300278 -0.10728868 -0.61986616
  0.10231511  0.1460384  -0.4700439   0.20467485  0.26079291 -0.64626221
 -0.01938509  0.38241918  0.02818956  0.03784198 -0.55209367  0.5359672
  0.55180257  0.56404037  0.64325732  0.23325023 -0.16869369  0.57254288
 -0.17507554  0.41590217 -0.61525778  0.11978024  0.34380812 -0.62602195
 -0.00999936 -0.2291966   0.07030653 -0.29750812  0.27804892 -0.48681465
 -0.30136358 -0.8239429  -0.50261469 -0.226592   -0.19778945]
4809,[ 0.20492211  0.10664954 -0.10316422  0.13421651  0.37204709  0.08673325
 -0.04093469  0.6476995   0.34810659 -0.52979261 -0.04487898 -0.11615589
  0.1787601   0.43367395 -0.32604828  0.2330031  -0.10728848 -0.61986604
  0.1023149   0.14603863 -0.47004393  0.20467465  0.26079284 -0.64626253
 -0.01938541  0.38241902  0.02819015  0.03784179 -0.55209393  0.53596774
  0.55180206  0.5640405   0.64325755  0.23325024 -0.1686935   0.57254293
 -0.17507576  0.41590203 -0.61525769  0.11978001  0.34380817 -0.62602156
 -0.00999981 -0.22919664  0.07030626 -0.2975082   0.2780492  -0.48681402
 -0.30136394 -0.82394286 -0.50261484 -0.22659194 -0.19778955]
4810,[ 0.20492248  0.10664969 -0.10316519  0.13421672  0.37204731  0.08673303
 -0.04093435  0.64769914  0.34810622 -0.52979246 -0.04487892 -0.11615549
  0.17875991  0.43367433 -0.32604829  0.23300341 -0.10728828 -0.61986592
  0.10231469  0.14603886 -0.47004396  0.20467445  0.26079278 -0.64626284
 -0.01938574  0.38241886  0.02819073  0.03784159 -0.55209419  0.53596827
  0.55180155  0.56404064  0.64325779  0.23325024 -0.1686933   0.57254299
 -0.17507597  0.41590189 -0.6152576   0.11977978  0.34380823 -0.62602117
 -0.01000026 -0.22919668  0.070306   -0.29750828  0.27804949 -0.48681338
 -0.30136431 -0.82394281 -0.50261499 -0.22659189 -0.19778965]
4811,[ 0.20492286  0.10664984 -0.10316614  0.13421693  0.37204752  0.0867328
 -0.04093401  0.64769878  0.34810585 -0.5297923  -0.04487887 -0.11615508
  0.17875971  0.43367471 -0.3260483   0.23300373 -0.10728808 -0.6198658
  0.10231447  0.14603908 -0.47004399  0.20467425  0.26079271 -0.64626316
 -0.01938606  0.38241871  0.02819132  0.0378414  -0.55209444  0.53596879
  0.55180104  0.56404078  0.64325802  0.23325025 -0.1686931   0.57254304
 -0.17507619  0.41590174 -0.61525751  0.11977955  0.34380828 -0.62602077
 -0.01000071 -0.22919671  0.07030573 -0.29750836  0.27804977 -0.48681275
 -0.30136467 -0.82394277 -0.50261513 -0.22659183 -0.19778976]
4812,[ 0.20492323  0.10664999 -0.1031671   0.13421713  0.37204773  0.08673257
 -0.04093368  0.64769842  0.34810548 -0.52979214 -0.04487882 -0.11615468
  0.17875951  0.43367509 -0.32604831  0.23300404 -0.10728788 -0.61986568
  0.10231426  0.1460393  -0.47004403  0.20467405  0.26079264 -0.64626347
 -0.01938639  0.38241855  0.0281919   0.0378412  -0.5520947   0.53596932
  0.55180053  0.56404092  0.64325826  0.23325026 -0.1686929   0.5725431
 -0.1750764   0.4159016  -0.61525742  0.11977932  0.34380833 -0.62602038
 -0.01000116 -0.22919675  0.07030547 -0.29750844  0.27805005 -0.48681211
 -0.30136503 -0.82394272 -0.50261528 -0.22659178 -0.19778986]
4813,[ 0.2049236   0.10665014 -0.10316806  0.13421734  0.37204795  0.08673234
 -0.04093334  0.64769807  0.34810511 -0.52979199 -0.04487876 -0.11615428
  0.17875931  0.43367546 -0.32604833  0.23300436 -0.10728768 -0.61986557
  0.10231405  0.14603953 -0.47004406  0.20467385  0.26079257 -0.64626379
 -0.01938671  0.3824184   0.02819248  0.03784101 -0.55209496  0.53596985
  0.55180002  0.56404105  0.64325849  0.23325027 -0.16869271  0.57254316
 -0.17507662  0.41590146 -0.61525733  0.11977909  0.34380838 -0.62601999
 -0.01000161 -0.22919679  0.0703052  -0.29750852  0.27805034 -0.48681148
 -0.30136539 -0.82394268 -0.50261543 -0.22659172 -0.19778997]
4814,[ 0.20492398  0.10665029 -0.10316902  0.13421755  0.37204816  0.08673211
 -0.04093301  0.64769771  0.34810474 -0.52979183 -0.04487871 -0.11615388
  0.17875911  0.43367584 -0.32604834  0.23300467 -0.10728748 -0.61986545
  0.10231384  0.14603975 -0.47004409  0.20467365  0.26079251 -0.6462641
 -0.01938704  0.38241824  0.02819306  0.03784081 -0.55209522  0.53597038
  0.55179951  0.56404119  0.64325872  0.23325028 -0.16869251  0.57254321
 -0.17507683  0.41590132 -0.61525724  0.11977886  0.34380843 -0.62601961
 -0.01000206 -0.22919683  0.07030494 -0.29750859  0.27805062 -0.48681084
 -0.30136576 -0.82394264 -0.50261557 -0.22659167 -0.19779007]
4815,[ 0.20492435  0.10665044 -0.10316997  0.13421775  0.37204837  0.08673188
 -0.04093267  0.64769735  0.34810437 -0.52979168 -0.04487865 -0.11615348
  0.17875892  0.43367622 -0.32604835  0.23300498 -0.10728728 -0.61986533
  0.10231363  0.14603998 -0.47004413  0.20467345  0.26079244 -0.64626442
 -0.01938736  0.38241808  0.02819365  0.03784062 -0.55209547  0.53597091
  0.551799    0.56404133  0.64325896  0.23325029 -0.16869231  0.57254327
 -0.17507705  0.41590118 -0.61525715  0.11977862  0.34380848 -0.62601922
 -0.0100025  -0.22919687  0.07030467 -0.29750867  0.27805091 -0.48681021
 -0.30136612 -0.82394259 -0.50261572 -0.22659161 -0.19779017]
4816,[ 0.20492472  0.10665059 -0.10317093  0.13421796  0.37204859  0.08673165
 -0.04093234  0.64769699  0.348104   -0.52979152 -0.0448786  -0.11615308
  0.17875872  0.43367659 -0.32604836  0.2330053  -0.10728708 -0.61986521
  0.10231341  0.1460402  -0.47004416  0.20467325  0.26079237 -0.64626473
 -0.01938768  0.38241793  0.02819423  0.03784042 -0.55209573  0.53597143
  0.5517985   0.56404147  0.64325919  0.2332503  -0.16869212  0.57254332
 -0.17507726  0.41590103 -0.61525706  0.11977839  0.34380854 -0.62601883
 -0.01000295 -0.2291969   0.07030441 -0.29750875  0.27805119 -0.48680958
 -0.30136648 -0.82394255 -0.50261587 -0.22659156 -0.19779028]
4817,[ 0.20492509  0.10665074 -0.10317188  0.13421816  0.3720488   0.08673142
 -0.040932    0.64769664  0.34810363 -0.52979137 -0.04487855 -0.11615268
  0.17875852  0.43367697 -0.32604837  0.23300561 -0.10728688 -0.61986509
  0.1023132   0.14604042 -0.47004419  0.20467305  0.2607923  -0.64626505
 -0.01938801  0.38241777  0.02819481  0.03784023 -0.55209598  0.53597196
  0.55179799  0.5640416   0.64325942  0.23325031 -0.16869192  0.57254338
 -0.17507748  0.41590089 -0.61525697  0.11977816  0.34380859 -0.62601844
 -0.0100034  -0.22919694  0.07030414 -0.29750883  0.27805147 -0.48680895
 -0.30136684 -0.82394251 -0.50261601 -0.22659151 -0.19779038]
4818,[ 0.20492547  0.10665089 -0.10317283  0.13421837  0.37204901  0.0867312
 -0.04093167  0.64769628  0.34810327 -0.52979121 -0.04487849 -0.11615228
  0.17875832  0.43367734 -0.32604838  0.23300592 -0.10728669 -0.61986497
  0.10231299  0.14604065 -0.47004422  0.20467285  0.26079224 -0.64626536
 -0.01938833  0.38241762  0.02819539  0.03784004 -0.55209624  0.53597248
  0.55179749  0.56404174  0.64325965  0.23325032 -0.16869172  0.57254343
 -0.17507769  0.41590075 -0.61525688  0.11977793  0.34380864 -0.62601805
 -0.01000384 -0.22919698  0.07030388 -0.29750891  0.27805175 -0.48680832
 -0.3013672  -0.82394246 -0.50261616 -0.22659145 -0.19779048]
4819,[ 0.20492584  0.10665104 -0.10317378  0.13421858  0.37204922  0.08673097
 -0.04093134  0.64769593  0.3481029  -0.52979106 -0.04487844 -0.11615188
  0.17875813  0.43367772 -0.3260484   0.23300624 -0.10728649 -0.61986485
  0.10231278  0.14604087 -0.47004426  0.20467265  0.26079217 -0.64626567
 -0.01938865  0.38241746  0.02819596  0.03783984 -0.5520965   0.53597301
  0.55179698  0.56404188  0.64325989  0.23325033 -0.16869153  0.57254349
 -0.1750779   0.41590061 -0.61525679  0.11977771  0.34380869 -0.62601767
 -0.01000429 -0.22919702  0.07030362 -0.29750898  0.27805204 -0.48680769
 -0.30136756 -0.82394242 -0.50261631 -0.2265914  -0.19779059]
4820,[ 0.20492621  0.10665119 -0.10317473  0.13421878  0.37204943  0.08673074
 -0.040931    0.64769557  0.34810253 -0.5297909  -0.04487838 -0.11615148
  0.17875793  0.43367809 -0.32604841  0.23300655 -0.10728629 -0.61986473
  0.10231257  0.14604109 -0.47004429  0.20467245  0.2607921  -0.64626599
 -0.01938897  0.38241731  0.02819654  0.03783965 -0.55209675  0.53597353
  0.55179648  0.56404201  0.64326012  0.23325034 -0.16869133  0.57254354
 -0.17507812  0.41590047 -0.6152567   0.11977748  0.34380874 -0.62601728
 -0.01000474 -0.22919706  0.07030335 -0.29750906  0.27805232 -0.48680706
 -0.30136792 -0.82394237 -0.50261645 -0.22659134 -0.19779069]
4821,[ 0.20492658  0.10665134 -0.10317568  0.13421899  0.37204965  0.08673051
 -0.04093067  0.64769522  0.34810217 -0.52979075 -0.04487833 -0.11615109
  0.17875774  0.43367847 -0.32604842  0.23300686 -0.10728609 -0.61986461
  0.10231236  0.14604131 -0.47004432  0.20467225  0.26079204 -0.6462663
 -0.01938929  0.38241715  0.02819712  0.03783946 -0.55209701  0.53597406
  0.55179597  0.56404215  0.64326035  0.23325035 -0.16869114  0.5725436
 -0.17507833  0.41590033 -0.61525661  0.11977725  0.34380879 -0.62601689
 -0.01000518 -0.22919709  0.07030309 -0.29750914  0.2780526  -0.48680643
 -0.30136828 -0.82394233 -0.5026166  -0.22659129 -0.19779079]
4822,[ 0.20492695  0.10665149 -0.10317663  0.13421919  0.37204986  0.08673029
 -0.04093034  0.64769486  0.3481018  -0.5297906  -0.04487828 -0.11615069
  0.17875754  0.43367884 -0.32604843  0.23300717 -0.1072859  -0.6198645
  0.10231215  0.14604154 -0.47004435  0.20467205  0.26079197 -0.64626661
 -0.01938962  0.382417    0.0281977   0.03783926 -0.55209726  0.53597458
  0.55179547  0.56404228  0.64326058  0.23325036 -0.16869094  0.57254365
 -0.17507854  0.41590019 -0.61525652  0.11977702  0.34380884 -0.62601651
 -0.01000563 -0.22919713  0.07030283 -0.29750922  0.27805288 -0.48680581
 -0.30136864 -0.82394229 -0.50261674 -0.22659123 -0.19779089]
4823,[ 0.20492732  0.10665164 -0.10317758  0.13421939  0.37205007  0.08673006
 -0.04093001  0.64769451  0.34810144 -0.52979044 -0.04487822 -0.11615029
  0.17875734  0.43367921 -0.32604844  0.23300748 -0.1072857  -0.61986438
  0.10231194  0.14604176 -0.47004439  0.20467186  0.2607919  -0.64626692
 -0.01938994  0.38241684  0.02819827  0.03783907 -0.55209751  0.5359751
  0.55179497  0.56404242  0.64326081  0.23325037 -0.16869075  0.57254371
 -0.17507875  0.41590005 -0.61525643  0.11977679  0.3438089  -0.62601612
 -0.01000607 -0.22919717  0.07030256 -0.29750929  0.27805316 -0.48680518
 -0.30136899 -0.82394224 -0.50261689 -0.22659118 -0.197791  ]
4824,[ 0.20492769  0.10665179 -0.10317852  0.1342196   0.37205028  0.08672984
 -0.04092968  0.64769416  0.34810107 -0.52979029 -0.04487817 -0.1161499
  0.17875715  0.43367958 -0.32604845  0.23300779 -0.1072855  -0.61986426
  0.10231173  0.14604198 -0.47004442  0.20467166  0.26079184 -0.64626723
 -0.01939026  0.38241669  0.02819885  0.03783888 -0.55209777  0.53597562
  0.55179447  0.56404256  0.64326104  0.23325038 -0.16869055  0.57254376
 -0.17507896  0.41589991 -0.61525634  0.11977656  0.34380895 -0.62601574
 -0.01000651 -0.22919721  0.0703023  -0.29750937  0.27805344 -0.48680456
 -0.30136935 -0.8239422  -0.50261703 -0.22659112 -0.1977911 ]
4825,[ 0.20492805  0.10665193 -0.10317947  0.1342198   0.37205049  0.08672961
 -0.04092935  0.6476938   0.34810071 -0.52979014 -0.04487812 -0.1161495
  0.17875695  0.43367996 -0.32604846  0.2330081  -0.10728531 -0.61986414
  0.10231152  0.1460422  -0.47004445  0.20467146  0.26079177 -0.64626755
 -0.01939058  0.38241654  0.02819942  0.03783869 -0.55209802  0.53597614
  0.55179397  0.56404269  0.64326127  0.23325039 -0.16869036  0.57254382
 -0.17507918  0.41589977 -0.61525625  0.11977633  0.343809   -0.62601535
 -0.01000696 -0.22919725  0.07030204 -0.29750945  0.27805372 -0.48680393
 -0.30136971 -0.82394216 -0.50261718 -0.22659107 -0.1977912 ]
4826,[ 0.20492842  0.10665208 -0.10318041  0.13422001  0.3720507   0.08672938
 -0.04092901  0.64769345  0.34810034 -0.52978998 -0.04487806 -0.1161491
  0.17875676  0.43368033 -0.32604848  0.23300841 -0.10728511 -0.61986402
  0.10231131  0.14604242 -0.47004448  0.20467126  0.2607917  -0.64626786
 -0.0193909   0.38241638  0.02819999  0.03783849 -0.55209828  0.53597666
  0.55179346  0.56404283  0.6432615   0.2332504  -0.16869016  0.57254387
 -0.17507939  0.41589963 -0.61525616  0.11977611  0.34380905 -0.62601497
 -0.0100074  -0.22919728  0.07030178 -0.29750953  0.278054   -0.48680331
 -0.30137007 -0.82394211 -0.50261732 -0.22659102 -0.1977913 ]
4827,[ 0.20492879  0.10665223 -0.10318136  0.13422021  0.37205091  0.08672916
 -0.04092868  0.6476931   0.34809998 -0.52978983 -0.04487801 -0.11614871
  0.17875656  0.4336807  -0.32604849  0.23300872 -0.10728491 -0.61986391
  0.10231111  0.14604264 -0.47004451  0.20467107  0.26079164 -0.64626817
 -0.01939122  0.38241623  0.02820057  0.0378383  -0.55209853  0.53597718
  0.55179296  0.56404296  0.64326173  0.23325041 -0.16868997  0.57254392
 -0.1750796   0.41589949 -0.61525607  0.11977588  0.3438091  -0.62601458
 -0.01000784 -0.22919732  0.07030152 -0.2975096   0.27805428 -0.48680268
 -0.30137042 -0.82394207 -0.50261747 -0.22659096 -0.1977914 ]
4828,[ 0.20492916  0.10665238 -0.1031823   0.13422041  0.37205112  0.08672893
 -0.04092835  0.64769275  0.34809962 -0.52978968 -0.04487796 -0.11614831
  0.17875637  0.43368107 -0.3260485   0.23300903 -0.10728472 -0.61986379
  0.1023109   0.14604286 -0.47004455  0.20467087  0.26079157 -0.64626848
 -0.01939153  0.38241608  0.02820114  0.03783811 -0.55209878  0.5359777
  0.55179246  0.5640431   0.64326196  0.23325042 -0.16868978  0.57254398
 -0.17507981  0.41589935 -0.61525598  0.11977565  0.34380915 -0.6260142
 -0.01000828 -0.22919736  0.07030126 -0.29750968  0.27805456 -0.48680206
 -0.30137078 -0.82394203 -0.50261761 -0.22659091 -0.19779151]
4829,[ 0.20492953  0.10665253 -0.10318324  0.13422062  0.37205133  0.08672871
 -0.04092802  0.6476924   0.34809925 -0.52978952 -0.0448779  -0.11614792
  0.17875617  0.43368144 -0.32604851  0.23300934 -0.10728452 -0.61986367
  0.10231069  0.14604308 -0.47004458  0.20467067  0.2607915  -0.64626879
 -0.01939185  0.38241592  0.02820171  0.03783792 -0.55209904  0.53597822
  0.55179197  0.56404323  0.64326219  0.23325043 -0.16868958  0.57254403
 -0.17508002  0.41589921 -0.61525589  0.11977543  0.3438092  -0.62601382
 -0.01000872 -0.2291974   0.070301   -0.29750976  0.27805484 -0.48680144
 -0.30137113 -0.82394198 -0.50261776 -0.22659085 -0.19779161]
4830,[ 0.20492989  0.10665267 -0.10318418  0.13422082  0.37205154  0.08672848
 -0.0409277   0.64769204  0.34809889 -0.52978937 -0.04487785 -0.11614753
  0.17875598  0.43368181 -0.32604852  0.23300965 -0.10728433 -0.61986356
  0.10231048  0.1460433  -0.47004461  0.20467048  0.26079144 -0.6462691
 -0.01939217  0.38241577  0.02820228  0.03783773 -0.55209929  0.53597874
  0.55179147  0.56404337  0.64326242  0.23325044 -0.16868939  0.57254409
 -0.17508023  0.41589907 -0.61525581  0.1197752   0.34380925 -0.62601343
 -0.01000916 -0.22919743  0.07030074 -0.29750983  0.27805512 -0.48680082
 -0.30137149 -0.82394194 -0.5026179  -0.2265908  -0.19779171]
4831,[ 0.20493026  0.10665282 -0.10318512  0.13422102  0.37205175  0.08672826
 -0.04092737  0.64769169  0.34809853 -0.52978922 -0.0448778  -0.11614713
  0.17875579  0.43368218 -0.32604853  0.23300996 -0.10728413 -0.61986344
  0.10231027  0.14604352 -0.47004464  0.20467028  0.26079137 -0.6462694
 -0.01939249  0.38241562  0.02820286  0.03783754 -0.55209954  0.53597926
  0.55179097  0.5640435   0.64326265  0.23325045 -0.1686892   0.57254414
 -0.17508044  0.41589893 -0.61525572  0.11977497  0.3438093  -0.62601305
 -0.0100096  -0.22919747  0.07030048 -0.29750991  0.27805539 -0.4868002
 -0.30137184 -0.8239419  -0.50261805 -0.22659075 -0.19779181]
4832,[ 0.20493062  0.10665297 -0.10318605  0.13422123  0.37205196  0.08672804
 -0.04092704  0.64769134  0.34809817 -0.52978907 -0.04487774 -0.11614674
  0.17875559  0.43368255 -0.32604854  0.23301027 -0.10728393 -0.61986332
  0.10231007  0.14604374 -0.47004467  0.20467008  0.26079131 -0.64626971
 -0.01939281  0.38241546  0.02820343  0.03783735 -0.55209979  0.53597977
  0.55179047  0.56404363  0.64326288  0.23325046 -0.168689    0.5725442
 -0.17508065  0.41589879 -0.61525563  0.11977475  0.34380935 -0.62601267
 -0.01001004 -0.22919751  0.07030022 -0.29750999  0.27805567 -0.48679958
 -0.3013722  -0.82394186 -0.50261819 -0.22659069 -0.19779191]
4833,[ 0.20493099  0.10665311 -0.10318699  0.13422143  0.37205217  0.08672781
 -0.04092671  0.64769099  0.34809781 -0.52978891 -0.04487769 -0.11614635
  0.1787554   0.43368292 -0.32604855  0.23301057 -0.10728374 -0.6198632
  0.10230986  0.14604396 -0.47004471  0.20466989  0.26079124 -0.64627002
 -0.01939312  0.38241531  0.02820399  0.03783716 -0.55210004  0.53598029
  0.55178998  0.56404377  0.64326311  0.23325047 -0.16868881  0.57254425
 -0.17508086  0.41589865 -0.61525554  0.11977452  0.3438094  -0.62601229
 -0.01001048 -0.22919755  0.07029996 -0.29751006  0.27805595 -0.48679896
 -0.30137255 -0.82394181 -0.50261834 -0.22659064 -0.19779201]
4834,[ 0.20493135  0.10665326 -0.10318792  0.13422163  0.37205238  0.08672759
 -0.04092638  0.64769064  0.34809744 -0.52978876 -0.04487764 -0.11614596
  0.17875521  0.43368329 -0.32604857  0.23301088 -0.10728355 -0.61986309
  0.10230965  0.14604418 -0.47004474  0.20466969  0.26079117 -0.64627033
 -0.01939344  0.38241516  0.02820456  0.03783697 -0.55210029  0.53598081
  0.55178948  0.5640439   0.64326334  0.23325048 -0.16868862  0.5725443
 -0.17508107  0.41589851 -0.61525545  0.1197743   0.34380946 -0.62601191
 -0.01001092 -0.22919758  0.0702997  -0.29751014  0.27805623 -0.48679834
 -0.30137291 -0.82394177 -0.50261848 -0.22659059 -0.19779212]
4835,[ 0.20493172  0.10665341 -0.10318886  0.13422183  0.37205258  0.08672736
 -0.04092605  0.64769029  0.34809708 -0.52978861 -0.04487759 -0.11614556
  0.17875501  0.43368365 -0.32604858  0.23301119 -0.10728335 -0.61986297
  0.10230944  0.1460444  -0.47004477  0.2046695   0.26079111 -0.64627064
 -0.01939376  0.38241501  0.02820513  0.03783678 -0.55210054  0.53598132
  0.55178898  0.56404404  0.64326356  0.23325048 -0.16868842  0.57254436
 -0.17508128  0.41589837 -0.61525536  0.11977407  0.34380951 -0.62601153
 -0.01001136 -0.22919762  0.07029944 -0.29751022  0.2780565  -0.48679772
 -0.30137326 -0.82394173 -0.50261862 -0.22659053 -0.19779222]
4836,[ 0.20493208  0.10665355 -0.10318979  0.13422203  0.37205279  0.08672714
 -0.04092573  0.64768995  0.34809672 -0.52978846 -0.04487753 -0.11614517
  0.17875482  0.43368402 -0.32604859  0.23301149 -0.10728316 -0.61986286
  0.10230924  0.14604462 -0.4700448   0.2046693   0.26079104 -0.64627094
 -0.01939407  0.38241485  0.0282057   0.03783659 -0.5521008   0.53598184
  0.55178849  0.56404417  0.64326379  0.23325049 -0.16868823  0.57254441
 -0.17508149  0.41589823 -0.61525528  0.11977385  0.34380956 -0.62601115
 -0.0100118  -0.22919766  0.07029918 -0.29751029  0.27805678 -0.4867971
 -0.30137361 -0.82394168 -0.50261877 -0.22659048 -0.19779232]
4837,[ 0.20493245  0.1066537  -0.10319072  0.13422223  0.372053    0.08672692
 -0.0409254   0.6476896   0.34809636 -0.52978831 -0.04487748 -0.11614478
  0.17875463  0.43368439 -0.3260486   0.2330118  -0.10728296 -0.61986274
  0.10230903  0.14604484 -0.47004483  0.20466911  0.26079098 -0.64627125
 -0.01939439  0.3824147   0.02820627  0.0378364  -0.55210105  0.53598235
  0.55178799  0.5640443   0.64326402  0.2332505  -0.16868804  0.57254447
 -0.1750817   0.4158981  -0.61525519  0.11977362  0.34380961 -0.62601077
 -0.01001223 -0.2291977   0.07029892 -0.29751037  0.27805706 -0.48679649
 -0.30137396 -0.82394164 -0.50261891 -0.22659043 -0.19779242]
4838,[ 0.20493281  0.10665385 -0.10319165  0.13422244  0.37205321  0.0867267
 -0.04092507  0.64768925  0.34809601 -0.52978816 -0.04487743 -0.11614439
  0.17875443  0.43368476 -0.32604861  0.23301211 -0.10728277 -0.61986262
  0.10230882  0.14604505 -0.47004487  0.20466891  0.26079091 -0.64627156
 -0.0193947   0.38241455  0.02820683  0.03783621 -0.5521013   0.53598286
  0.5517875   0.56404444  0.64326425  0.23325051 -0.16868785  0.57254452
 -0.17508191  0.41589796 -0.6152551   0.1197734   0.34380966 -0.62601039
 -0.01001267 -0.22919773  0.07029866 -0.29751045  0.27805733 -0.48679587
 -0.30137432 -0.8239416  -0.50261905 -0.22659037 -0.19779252]
4839,[ 0.20493317  0.10665399 -0.10319258  0.13422264  0.37205342  0.08672647
 -0.04092475  0.6476889   0.34809565 -0.529788   -0.04487737 -0.116144
  0.17875424  0.43368512 -0.32604862  0.23301241 -0.10728258 -0.61986251
  0.10230862  0.14604527 -0.4700449   0.20466872  0.26079084 -0.64627186
 -0.01939502  0.3824144   0.0282074   0.03783602 -0.55210155  0.53598338
  0.55178701  0.56404457  0.64326447  0.23325052 -0.16868766  0.57254457
 -0.17508212  0.41589782 -0.61525501  0.11977317  0.34380971 -0.62601001
 -0.01001311 -0.22919777  0.07029841 -0.29751052  0.27805761 -0.48679525
 -0.30137467 -0.82394156 -0.50261919 -0.22659032 -0.19779262]
4840,[ 0.20493354  0.10665414 -0.10319351  0.13422284  0.37205362  0.08672625
 -0.04092442  0.64768856  0.34809529 -0.52978785 -0.04487732 -0.11614361
  0.17875405  0.43368549 -0.32604863  0.23301272 -0.10728238 -0.61986239
  0.10230841  0.14604549 -0.47004493  0.20466852  0.26079078 -0.64627217
 -0.01939533  0.38241425  0.02820796  0.03783583 -0.5521018   0.53598389
  0.55178651  0.5640447   0.6432647   0.23325053 -0.16868747  0.57254463
 -0.17508233  0.41589768 -0.61525492  0.11977295  0.34380976 -0.62600963
 -0.01001354 -0.22919781  0.07029815 -0.2975106   0.27805788 -0.48679464
 -0.30137502 -0.82394151 -0.50261934 -0.22659027 -0.19779272]
4841,[ 0.2049339   0.10665428 -0.10319444  0.13422304  0.37205383  0.08672603
 -0.0409241   0.64768821  0.34809493 -0.5297877  -0.04487727 -0.11614322
  0.17875386  0.43368585 -0.32604864  0.23301302 -0.10728219 -0.61986228
  0.10230821  0.14604571 -0.47004496  0.20466833  0.26079071 -0.64627247
 -0.01939565  0.3824141   0.02820853  0.03783564 -0.55210204  0.5359844
  0.55178602  0.56404484  0.64326493  0.23325054 -0.16868728  0.57254468
 -0.17508253  0.41589754 -0.61525484  0.11977272  0.34380981 -0.62600926
 -0.01001398 -0.22919785  0.07029789 -0.29751067  0.27805816 -0.48679403
 -0.30137537 -0.82394147 -0.50261948 -0.22659021 -0.19779282]
4842,[ 0.20493426  0.10665443 -0.10319537  0.13422324  0.37205404  0.08672581
 -0.04092377  0.64768786  0.34809457 -0.52978755 -0.04487722 -0.11614283
  0.17875367  0.43368622 -0.32604866  0.23301333 -0.107282   -0.61986216
  0.102308    0.14604592 -0.47004499  0.20466813  0.26079065 -0.64627278
 -0.01939596  0.38241394  0.02820909  0.03783545 -0.55210229  0.53598491
  0.55178553  0.56404497  0.64326515  0.23325055 -0.16868708  0.57254473
 -0.17508274  0.41589741 -0.61525475  0.1197725   0.34380986 -0.62600888
 -0.01001441 -0.22919788  0.07029763 -0.29751075  0.27805843 -0.48679341
 -0.30137572 -0.82394143 -0.50261962 -0.22659016 -0.19779292]
4843,[ 0.20493462  0.10665458 -0.10319629  0.13422344  0.37205424  0.08672559
 -0.04092345  0.64768752  0.34809422 -0.5297874  -0.04487716 -0.11614245
  0.17875348  0.43368658 -0.32604867  0.23301363 -0.1072818  -0.61986204
  0.1023078   0.14604614 -0.47004502  0.20466794  0.26079058 -0.64627308
 -0.01939628  0.38241379  0.02820965  0.03783527 -0.55210254  0.53598542
  0.55178504  0.5640451   0.64326538  0.23325056 -0.16868689  0.57254479
 -0.17508295  0.41589727 -0.61525466  0.11977228  0.34380991 -0.6260085
 -0.01001485 -0.22919792  0.07029738 -0.29751082  0.27805871 -0.4867928
 -0.30137607 -0.82394139 -0.50261976 -0.22659011 -0.19779302]
4844,[ 0.20493498  0.10665472 -0.10319722  0.13422364  0.37205445  0.08672537
 -0.04092312  0.64768717  0.34809386 -0.52978725 -0.04487711 -0.11614206
  0.17875328  0.43368695 -0.32604868  0.23301393 -0.10728161 -0.61986193
  0.10230759  0.14604636 -0.47004506  0.20466775  0.26079052 -0.64627339
 -0.01939659  0.38241364  0.02821022  0.03783508 -0.55210279  0.53598593
  0.55178455  0.56404524  0.6432656   0.23325057 -0.1686867   0.57254484
 -0.17508316  0.41589713 -0.61525457  0.11977205  0.34380996 -0.62600813
 -0.01001528 -0.22919796  0.07029712 -0.2975109   0.27805898 -0.48679219
 -0.30137642 -0.82394134 -0.50261991 -0.22659005 -0.19779312]
4845,[ 0.20493534  0.10665487 -0.10319814  0.13422384  0.37205466  0.08672515
 -0.0409228   0.64768683  0.3480935  -0.5297871  -0.04487706 -0.11614167
  0.17875309  0.43368731 -0.32604869  0.23301424 -0.10728142 -0.61986181
  0.10230739  0.14604657 -0.47004509  0.20466755  0.26079045 -0.64627369
 -0.0193969   0.38241349  0.02821078  0.03783489 -0.55210304  0.53598644
  0.55178406  0.56404537  0.64326583  0.23325058 -0.16868651  0.5725449
 -0.17508336  0.41589699 -0.61525449  0.11977183  0.34381001 -0.62600775
 -0.01001571 -0.22919799  0.07029687 -0.29751098  0.27805926 -0.48679158
 -0.30137677 -0.8239413  -0.50262005 -0.22659    -0.19779322]
4846,[ 0.2049357   0.10665501 -0.10319907  0.13422404  0.37205486  0.08672492
 -0.04092248  0.64768648  0.34809315 -0.52978695 -0.04487701 -0.11614129
  0.1787529   0.43368767 -0.3260487   0.23301454 -0.10728123 -0.6198617
  0.10230718  0.14604679 -0.47004512  0.20466736  0.26079039 -0.646274
 -0.01939721  0.38241334  0.02821134  0.0378347  -0.55210329  0.53598695
  0.55178357  0.5640455   0.64326605  0.23325059 -0.16868632  0.57254495
 -0.17508357  0.41589686 -0.6152544   0.11977161  0.34381006 -0.62600737
 -0.01001615 -0.22919803  0.07029661 -0.29751105  0.27805953 -0.48679097
 -0.30137712 -0.82394126 -0.50262019 -0.22658995 -0.19779332]
4847,[ 0.20493606  0.10665516 -0.10319999  0.13422423  0.37205507  0.0867247
 -0.04092215  0.64768614  0.34809279 -0.5297868  -0.04487696 -0.1161409
  0.17875271  0.43368804 -0.32604871  0.23301484 -0.10728104 -0.61986158
  0.10230698  0.14604701 -0.47004515  0.20466717  0.26079032 -0.6462743
 -0.01939753  0.38241319  0.0282119   0.03783451 -0.55210353  0.53598746
  0.55178308  0.56404563  0.64326628  0.2332506  -0.16868613  0.572545
 -0.17508378  0.41589672 -0.61525431  0.11977139  0.34381011 -0.626007
 -0.01001658 -0.22919807  0.07029635 -0.29751113  0.2780598  -0.48679036
 -0.30137747 -0.82394122 -0.50262033 -0.2265899  -0.19779342]
4848,[ 0.20493642  0.1066553  -0.10320091  0.13422443  0.37205527  0.08672448
 -0.04092183  0.64768579  0.34809243 -0.52978665 -0.0448769  -0.11614051
  0.17875252  0.4336884  -0.32604872  0.23301515 -0.10728084 -0.61986147
  0.10230678  0.14604722 -0.47004518  0.20466698  0.26079026 -0.6462746
 -0.01939784  0.38241304  0.02821246  0.03783433 -0.55210378  0.53598797
  0.55178259  0.56404576  0.6432665   0.23325061 -0.16868594  0.57254506
 -0.17508398  0.41589658 -0.61525423  0.11977116  0.34381016 -0.62600662
 -0.01001701 -0.2291981   0.0702961  -0.2975112   0.27806008 -0.48678975
 -0.30137782 -0.82394117 -0.50262047 -0.22658984 -0.19779352]
4849,[ 0.20493678  0.10665544 -0.10320183  0.13422463  0.37205548  0.08672426
 -0.04092151  0.64768545  0.34809208 -0.5297865  -0.04487685 -0.11614013
  0.17875233  0.43368876 -0.32604873  0.23301545 -0.10728065 -0.61986135
  0.10230657  0.14604744 -0.47004521  0.20466678  0.26079019 -0.64627491
 -0.01939815  0.38241289  0.02821302  0.03783414 -0.55210403  0.53598848
  0.5517821   0.5640459   0.64326673  0.23325062 -0.16868576  0.57254511
 -0.17508419  0.41589645 -0.61525414  0.11977094  0.34381021 -0.62600625
 -0.01001744 -0.22919814  0.07029584 -0.29751128  0.27806035 -0.48678914
 -0.30137816 -0.82394113 -0.50262061 -0.22658979 -0.19779362]
4850,[ 0.20493714  0.10665559 -0.10320275  0.13422483  0.37205568  0.08672404
 -0.04092119  0.64768511  0.34809173 -0.52978635 -0.0448768  -0.11613974
  0.17875214  0.43368912 -0.32604875  0.23301575 -0.10728046 -0.61986124
  0.10230637  0.14604765 -0.47004524  0.20466659  0.26079013 -0.64627521
 -0.01939846  0.38241274  0.02821358  0.03783395 -0.55210428  0.53598898
  0.55178161  0.56404603  0.64326695  0.23325063 -0.16868557  0.57254516
 -0.1750844   0.41589631 -0.61525405  0.11977072  0.34381026 -0.62600588
 -0.01001787 -0.22919818  0.07029559 -0.29751135  0.27806062 -0.48678853
 -0.30137851 -0.82394109 -0.50262076 -0.22658974 -0.19779372]
4851,[ 0.2049375   0.10665573 -0.10320366  0.13422503  0.37205589  0.08672383
 -0.04092087  0.64768476  0.34809137 -0.5297862  -0.04487675 -0.11613936
  0.17875195  0.43368948 -0.32604876  0.23301605 -0.10728027 -0.61986113
  0.10230617  0.14604787 -0.47004528  0.2046664   0.26079006 -0.64627551
 -0.01939877  0.38241259  0.02821414  0.03783377 -0.55210452  0.53598949
  0.55178113  0.56404616  0.64326717  0.23325063 -0.16868538  0.57254521
 -0.1750846   0.41589617 -0.61525397  0.1197705   0.34381031 -0.6260055
 -0.0100183  -0.22919821  0.07029534 -0.29751143  0.27806089 -0.48678793
 -0.30137886 -0.82394105 -0.5026209  -0.22658968 -0.19779382]
4852,[ 0.20493785  0.10665588 -0.10320458  0.13422523  0.37205609  0.08672361
 -0.04092054  0.64768442  0.34809102 -0.52978605 -0.0448767  -0.11613897
  0.17875176  0.43368985 -0.32604877  0.23301635 -0.10728008 -0.61986101
  0.10230596  0.14604808 -0.47004531  0.20466621  0.26079    -0.64627581
 -0.01939908  0.38241244  0.02821469  0.03783358 -0.55210477  0.53598999
  0.55178064  0.56404629  0.6432674   0.23325064 -0.16868519  0.57254527
 -0.17508481  0.41589604 -0.61525388  0.11977028  0.34381036 -0.62600513
 -0.01001873 -0.22919825  0.07029508 -0.2975115   0.27806116 -0.48678732
 -0.3013792  -0.82394101 -0.50262104 -0.22658963 -0.19779392]
4853,[ 0.20493821  0.10665602 -0.10320549  0.13422542  0.37205629  0.08672339
 -0.04092022  0.64768408  0.34809066 -0.52978591 -0.04487664 -0.11613859
  0.17875157  0.43369021 -0.32604878  0.23301665 -0.10727989 -0.6198609
  0.10230576  0.1460483  -0.47004534  0.20466602  0.26078993 -0.64627611
 -0.01939939  0.38241229  0.02821525  0.03783339 -0.55210501  0.5359905
  0.55178015  0.56404642  0.64326762  0.23325065 -0.168685    0.57254532
 -0.17508501  0.4158959  -0.61525379  0.11977006  0.34381041 -0.62600476
 -0.01001916 -0.22919829  0.07029483 -0.29751158  0.27806143 -0.48678671
 -0.30137955 -0.82394096 -0.50262118 -0.22658958 -0.19779402]
4854,[ 0.20493857  0.10665616 -0.10320641  0.13422562  0.3720565   0.08672317
 -0.0409199   0.64768374  0.34809031 -0.52978576 -0.04487659 -0.11613821
  0.17875138  0.43369057 -0.32604879  0.23301695 -0.1072797  -0.61986078
  0.10230556  0.14604851 -0.47004537  0.20466583  0.26078987 -0.64627642
 -0.0193997   0.38241214  0.02821581  0.03783321 -0.55210526  0.535991
  0.55177967  0.56404655  0.64326784  0.23325066 -0.16868481  0.57254537
 -0.17508522  0.41589577 -0.61525371  0.11976984  0.34381045 -0.62600438
 -0.01001959 -0.22919832  0.07029458 -0.29751165  0.27806171 -0.48678611
 -0.3013799  -0.82394092 -0.50262132 -0.22658953 -0.19779411]
4855,[ 0.20493892  0.10665631 -0.10320732  0.13422582  0.3720567   0.08672295
 -0.04091958  0.6476834   0.34808996 -0.52978561 -0.04487654 -0.11613782
  0.1787512   0.43369093 -0.3260488   0.23301725 -0.10727951 -0.61986067
  0.10230536  0.14604872 -0.4700454   0.20466563  0.26078981 -0.64627672
 -0.01940001  0.382412    0.02821636  0.03783302 -0.5521055   0.53599151
  0.55177918  0.56404668  0.64326807  0.23325067 -0.16868462  0.57254543
 -0.17508542  0.41589563 -0.61525362  0.11976962  0.3438105  -0.62600401
 -0.01002002 -0.22919836  0.07029432 -0.29751173  0.27806198 -0.4867855
 -0.30138024 -0.82394088 -0.50262146 -0.22658947 -0.19779421]
4856,[ 0.20493928  0.10665645 -0.10320824  0.13422602  0.37205691  0.08672273
 -0.04091926  0.64768306  0.34808961 -0.52978546 -0.04487649 -0.11613744
  0.17875101  0.43369129 -0.32604881  0.23301755 -0.10727932 -0.61986056
  0.10230515  0.14604894 -0.47004543  0.20466544  0.26078974 -0.64627702
 -0.01940032  0.38241185  0.02821692  0.03783284 -0.55210575  0.53599201
  0.5517787   0.56404682  0.64326829  0.23325068 -0.16868444  0.57254548
 -0.17508563  0.4158955  -0.61525354  0.1197694   0.34381055 -0.62600364
 -0.01002045 -0.2291984   0.07029407 -0.2975118   0.27806225 -0.4867849
 -0.30138059 -0.82394084 -0.5026216  -0.22658942 -0.19779431]
4857,[ 0.20493964  0.10665659 -0.10320915  0.13422621  0.37205711  0.08672251
 -0.04091894  0.64768271  0.34808926 -0.52978531 -0.04487644 -0.11613706
  0.17875082  0.43369164 -0.32604882  0.23301785 -0.10727913 -0.61986044
  0.10230495  0.14604915 -0.47004546  0.20466525  0.26078968 -0.64627732
 -0.01940063  0.3824117   0.02821747  0.03783265 -0.55210599  0.53599251
  0.55177822  0.56404695  0.64326851  0.23325069 -0.16868425  0.57254553
 -0.17508583  0.41589536 -0.61525345  0.11976918  0.3438106  -0.62600327
 -0.01002087 -0.22919843  0.07029382 -0.29751188  0.27806252 -0.4867843
 -0.30138093 -0.8239408  -0.50262174 -0.22658937 -0.19779441]
4858,[ 0.20493999  0.10665674 -0.10321006  0.13422641  0.37205731  0.0867223
 -0.04091863  0.64768237  0.3480889  -0.52978516 -0.04487639 -0.11613668
  0.17875063  0.433692   -0.32604883  0.23301815 -0.10727894 -0.61986033
  0.10230475  0.14604937 -0.47004549  0.20466506  0.26078961 -0.64627762
 -0.01940094  0.38241155  0.02821802  0.03783247 -0.55210624  0.53599301
  0.55177773  0.56404708  0.64326873  0.2332507  -0.16868406  0.57254558
 -0.17508604  0.41589523 -0.61525336  0.11976896  0.34381065 -0.6260029
 -0.0100213  -0.22919847  0.07029356 -0.29751195  0.27806279 -0.4867837
 -0.30138128 -0.82394076 -0.50262188 -0.22658932 -0.19779451]
4859,[ 0.20494035  0.10665688 -0.10321097  0.13422661  0.37205751  0.08672208
 -0.04091831  0.64768203  0.34808855 -0.52978502 -0.04487633 -0.1161363
  0.17875044  0.43369236 -0.32604884  0.23301845 -0.10727875 -0.61986021
  0.10230455  0.14604958 -0.47004553  0.20466487  0.26078955 -0.64627792
 -0.01940124  0.3824114   0.02821858  0.03783228 -0.55210648  0.53599352
  0.55177725  0.56404721  0.64326896  0.23325071 -0.16868387  0.57254564
 -0.17508624  0.41589509 -0.61525328  0.11976874  0.3438107  -0.62600253
 -0.01002173 -0.22919851  0.07029331 -0.29751202  0.27806306 -0.48678309
 -0.30138162 -0.82394071 -0.50262202 -0.22658927 -0.19779461]
4860,[ 0.2049407   0.10665702 -0.10321187  0.1342268   0.37205772  0.08672186
 -0.04091799  0.6476817   0.3480882  -0.52978487 -0.04487628 -0.11613592
  0.17875025  0.43369272 -0.32604886  0.23301875 -0.10727856 -0.6198601
  0.10230435  0.14604979 -0.47004556  0.20466468  0.26078948 -0.64627821
 -0.01940155  0.38241125  0.02821913  0.0378321  -0.55210673  0.53599402
  0.55177677  0.56404734  0.64326918  0.23325072 -0.16868369  0.57254569
 -0.17508644  0.41589496 -0.61525319  0.11976852  0.34381075 -0.62600216
 -0.01002215 -0.22919854  0.07029306 -0.2975121   0.27806333 -0.48678249
 -0.30138196 -0.82394067 -0.50262216 -0.22658921 -0.19779471]
4861,[ 0.20494105  0.10665716 -0.10321278  0.134227    0.37205792  0.08672164
 -0.04091767  0.64768136  0.34808785 -0.52978472 -0.04487623 -0.11613554
  0.17875007  0.43369308 -0.32604887  0.23301905 -0.10727837 -0.61985999
  0.10230415  0.14605    -0.47004559  0.20466449  0.26078942 -0.64627851
 -0.01940186  0.38241111  0.02821968  0.03783191 -0.55210697  0.53599452
  0.55177629  0.56404747  0.6432694   0.23325073 -0.1686835   0.57254574
 -0.17508665  0.41589482 -0.61525311  0.1197683   0.3438108  -0.62600179
 -0.01002258 -0.22919858  0.07029281 -0.29751217  0.27806359 -0.48678189
 -0.30138231 -0.82394063 -0.5026223  -0.22658916 -0.1977948 ]
4862,[ 0.20494141  0.10665731 -0.10321369  0.13422719  0.37205812  0.08672143
 -0.04091735  0.64768102  0.3480875  -0.52978457 -0.04487618 -0.11613516
  0.17874988  0.43369343 -0.32604888  0.23301934 -0.10727818 -0.61985988
  0.10230395  0.14605022 -0.47004562  0.2046643   0.26078936 -0.64627881
 -0.01940217  0.38241096  0.02822023  0.03783173 -0.55210721  0.53599502
  0.55177581  0.5640476   0.64326962  0.23325074 -0.16868331  0.57254579
 -0.17508685  0.41589469 -0.61525302  0.11976808  0.34381085 -0.62600142
 -0.010023   -0.22919861  0.07029256 -0.29751225  0.27806386 -0.48678129
 -0.30138265 -0.82394059 -0.50262244 -0.22658911 -0.1977949 ]
4863,[ 0.20494176  0.10665745 -0.10321459  0.13422739  0.37205832  0.08672121
 -0.04091704  0.64768068  0.34808715 -0.52978443 -0.04487613 -0.11613478
  0.17874969  0.43369379 -0.32604889  0.23301964 -0.107278   -0.61985976
  0.10230375  0.14605043 -0.47004565  0.20466411  0.26078929 -0.64627911
 -0.01940247  0.38241081  0.02822078  0.03783154 -0.55210746  0.53599552
  0.55177533  0.56404773  0.64326984  0.23325075 -0.16868313  0.57254585
 -0.17508705  0.41589455 -0.61525294  0.11976786  0.3438109  -0.62600105
 -0.01002343 -0.22919865  0.07029231 -0.29751232  0.27806413 -0.48678069
 -0.30138299 -0.82394055 -0.50262258 -0.22658906 -0.197795  ]
4864,[ 0.20494211  0.10665759 -0.1032155   0.13422758  0.37205853  0.086721
 -0.04091672  0.64768034  0.34808681 -0.52978428 -0.04487608 -0.1161344
  0.17874951  0.43369415 -0.3260489   0.23301994 -0.10727781 -0.61985965
  0.10230355  0.14605064 -0.47004568  0.20466392  0.26078923 -0.64627941
 -0.01940278  0.38241066  0.02822133  0.03783136 -0.5521077   0.53599601
  0.55177485  0.56404786  0.64327006  0.23325075 -0.16868294  0.5725459
 -0.17508726  0.41589442 -0.61525285  0.11976765  0.34381095 -0.62600069
 -0.01002385 -0.22919869  0.07029206 -0.29751239  0.2780644  -0.4867801
 -0.30138333 -0.82394051 -0.50262271 -0.22658901 -0.1977951 ]
4865,[ 0.20494247  0.10665773 -0.1032164   0.13422778  0.37205873  0.08672078
 -0.0409164   0.64768     0.34808646 -0.52978413 -0.04487603 -0.11613402
  0.17874932  0.4336945  -0.32604891  0.23302023 -0.10727762 -0.61985954
  0.10230335  0.14605085 -0.47004571  0.20466374  0.26078917 -0.6462797
 -0.01940308  0.38241052  0.02822188  0.03783118 -0.55210794  0.53599651
  0.55177437  0.56404799  0.64327028  0.23325076 -0.16868276  0.57254595
 -0.17508746  0.41589428 -0.61525277  0.11976743  0.343811   -0.62600032
 -0.01002428 -0.22919872  0.07029181 -0.29751247  0.27806467 -0.4867795
 -0.30138367 -0.82394046 -0.50262285 -0.22658895 -0.1977952 ]
4866,[ 0.20494282  0.10665787 -0.1032173   0.13422797  0.37205893  0.08672056
 -0.04091609  0.64767967  0.34808611 -0.52978399 -0.04487598 -0.11613364
  0.17874913  0.43369486 -0.32604892  0.23302053 -0.10727743 -0.61985942
  0.10230315  0.14605106 -0.47004574  0.20466355  0.2607891  -0.64628
 -0.01940339  0.38241037  0.02822243  0.03783099 -0.55210819  0.53599701
  0.55177389  0.56404812  0.6432705   0.23325077 -0.16868257  0.572546
 -0.17508766  0.41589415 -0.61525268  0.11976721  0.34381104 -0.62599995
 -0.0100247  -0.22919876  0.07029156 -0.29751254  0.27806493 -0.4867789
 -0.30138402 -0.82394042 -0.50262299 -0.2265889  -0.19779529]
4867,[ 0.20494317  0.10665802 -0.1032182   0.13422817  0.37205913  0.08672035
 -0.04091577  0.64767933  0.34808576 -0.52978384 -0.04487593 -0.11613326
  0.17874895  0.43369521 -0.32604893  0.23302083 -0.10727724 -0.61985931
  0.10230295  0.14605127 -0.47004577  0.20466336  0.26078904 -0.6462803
 -0.0194037   0.38241022  0.02822298  0.03783081 -0.55210843  0.53599751
  0.55177341  0.56404824  0.64327072  0.23325078 -0.16868238  0.57254606
 -0.17508786  0.41589402 -0.6152526   0.11976699  0.34381109 -0.62599958
 -0.01002512 -0.2291988   0.07029131 -0.29751262  0.2780652  -0.48677831
 -0.30138436 -0.82394038 -0.50262313 -0.22658885 -0.19779539]
4868,[ 0.20494352  0.10665816 -0.1032191   0.13422836  0.37205933  0.08672013
 -0.04091545  0.64767899  0.34808541 -0.52978369 -0.04487587 -0.11613289
  0.17874876  0.43369557 -0.32604894  0.23302112 -0.10727706 -0.6198592
  0.10230275  0.14605148 -0.4700458   0.20466317  0.26078897 -0.64628059
 -0.019404    0.38241008  0.02822353  0.03783063 -0.55210867  0.535998
  0.55177293  0.56404837  0.64327094  0.23325079 -0.1686822   0.57254611
 -0.17508806  0.41589388 -0.61525251  0.11976678  0.34381114 -0.62599922
 -0.01002554 -0.22919883  0.07029106 -0.29751269  0.27806547 -0.48677771
 -0.3013847  -0.82394034 -0.50262327 -0.2265888  -0.19779549]
4869,[ 0.20494387  0.1066583  -0.10322     0.13422856  0.37205953  0.08671992
 -0.04091514  0.64767866  0.34808507 -0.52978355 -0.04487582 -0.11613251
  0.17874857  0.43369592 -0.32604895  0.23302142 -0.10727687 -0.61985909
  0.10230255  0.14605169 -0.47004583  0.20466298  0.26078891 -0.64628089
 -0.0194043   0.38240993  0.02822407  0.03783044 -0.55210891  0.5359985
  0.55177246  0.5640485   0.64327116  0.2332508  -0.16868201  0.57254616
 -0.17508827  0.41589375 -0.61525243  0.11976656  0.34381119 -0.62599885
 -0.01002597 -0.22919887  0.07029081 -0.29751276  0.27806574 -0.48677712
 -0.30138504 -0.8239403  -0.50262341 -0.22658875 -0.19779559]
4870,[ 0.20494422  0.10665844 -0.1032209   0.13422875  0.37205973  0.0867197
 -0.04091482  0.64767832  0.34808472 -0.5297834  -0.04487577 -0.11613213
  0.17874839  0.43369627 -0.32604896  0.23302171 -0.10727668 -0.61985898
  0.10230235  0.14605191 -0.47004586  0.20466279  0.26078885 -0.64628119
 -0.01940461  0.38240978  0.02822462  0.03783026 -0.55210915  0.535999
  0.55177198  0.56404863  0.64327138  0.23325081 -0.16868183  0.57254621
 -0.17508847  0.41589362 -0.61525234  0.11976634  0.34381124 -0.62599849
 -0.01002639 -0.2291989   0.07029056 -0.29751284  0.278066   -0.48677652
 -0.30138538 -0.82394026 -0.50262354 -0.2265887  -0.19779568]
4871,[ 0.20494457  0.10665858 -0.1032218   0.13422895  0.37205993  0.08671949
 -0.04091451  0.64767799  0.34808437 -0.52978326 -0.04487572 -0.11613176
  0.1787482   0.43369663 -0.32604898  0.23302201 -0.1072765  -0.61985886
  0.10230215  0.14605212 -0.4700459   0.20466261  0.26078878 -0.64628148
 -0.01940491  0.38240964  0.02822517  0.03783008 -0.55210939  0.53599949
  0.5517715   0.56404876  0.6432716   0.23325082 -0.16868164  0.57254626
 -0.17508867  0.41589348 -0.61525226  0.11976613  0.34381129 -0.62599812
 -0.01002681 -0.22919894  0.07029031 -0.29751291  0.27806627 -0.48677593
 -0.30138572 -0.82394022 -0.50262368 -0.22658865 -0.19779578]
4872,[ 0.20494492  0.10665872 -0.10322269  0.13422914  0.37206013  0.08671927
 -0.0409142   0.64767765  0.34808403 -0.52978311 -0.04487567 -0.11613138
  0.17874802  0.43369698 -0.32604899  0.2330223  -0.10727631 -0.61985875
  0.10230195  0.14605233 -0.47004593  0.20466242  0.26078872 -0.64628178
 -0.01940522  0.38240949  0.02822571  0.0378299  -0.55210963  0.53599998
  0.55177103  0.56404889  0.64327182  0.23325083 -0.16868146  0.57254632
 -0.17508887  0.41589335 -0.61525217  0.11976591  0.34381134 -0.62599776
 -0.01002723 -0.22919897  0.07029006 -0.29751298  0.27806653 -0.48677534
 -0.30138605 -0.82394018 -0.50262382 -0.22658859 -0.19779588]
4873,[ 0.20494527  0.10665886 -0.10322359  0.13422933  0.37206033  0.08671906
 -0.04091388  0.64767732  0.34808368 -0.52978297 -0.04487562 -0.11613101
  0.17874783  0.43369733 -0.326049    0.23302259 -0.10727612 -0.61985864
  0.10230175  0.14605253 -0.47004596  0.20466223  0.26078866 -0.64628207
 -0.01940552  0.38240934  0.02822625  0.03782972 -0.55210987  0.53600048
  0.55177055  0.56404902  0.64327204  0.23325084 -0.16868128  0.57254637
 -0.17508907  0.41589322 -0.61525209  0.1197657   0.34381138 -0.62599739
 -0.01002765 -0.22919901  0.07028982 -0.29751306  0.2780668  -0.48677474
 -0.30138639 -0.82394013 -0.50262396 -0.22658854 -0.19779597]
4874,[ 0.20494562  0.106659   -0.10322448  0.13422953  0.37206053  0.08671885
 -0.04091357  0.64767698  0.34808334 -0.52978282 -0.04487557 -0.11613063
  0.17874765  0.43369768 -0.32604901  0.23302289 -0.10727594 -0.61985853
  0.10230156  0.14605274 -0.47004599  0.20466204  0.2607886  -0.64628237
 -0.01940582  0.3824092   0.0282268   0.03782953 -0.55211011  0.53600097
  0.55177008  0.56404915  0.64327225  0.23325085 -0.16868109  0.57254642
 -0.17508927  0.41589308 -0.615252    0.11976548  0.34381143 -0.62599703
 -0.01002807 -0.22919905  0.07028957 -0.29751313  0.27806706 -0.48677415
 -0.30138673 -0.82394009 -0.50262409 -0.22658849 -0.19779607]
4875,[ 0.20494597  0.10665914 -0.10322538  0.13422972  0.37206073  0.08671863
 -0.04091326  0.64767665  0.34808299 -0.52978268 -0.04487552 -0.11613026
  0.17874746  0.43369804 -0.32604902  0.23302318 -0.10727575 -0.61985842
  0.10230136  0.14605295 -0.47004602  0.20466186  0.26078853 -0.64628266
 -0.01940612  0.38240905  0.02822734  0.03782935 -0.55211035  0.53600146
  0.55176961  0.56404927  0.64327247  0.23325085 -0.16868091  0.57254647
 -0.17508947  0.41589295 -0.61525192  0.11976526  0.34381148 -0.62599666
 -0.01002849 -0.22919908  0.07028932 -0.2975132   0.27806733 -0.48677356
 -0.30138707 -0.82394005 -0.50262423 -0.22658844 -0.19779617]
4876,[ 0.20494632  0.10665928 -0.10322627  0.13422991  0.37206093  0.08671842
 -0.04091294  0.64767632  0.34808265 -0.52978253 -0.04487547 -0.11612988
  0.17874728  0.43369839 -0.32604903  0.23302347 -0.10727557 -0.61985831
  0.10230116  0.14605316 -0.47004605  0.20466167  0.26078847 -0.64628295
 -0.01940643  0.38240891  0.02822788  0.03782917 -0.55211059  0.53600196
  0.55176913  0.5640494   0.64327269  0.23325086 -0.16868072  0.57254652
 -0.17508967  0.41589282 -0.61525183  0.11976505  0.34381153 -0.6259963
 -0.0100289  -0.22919912  0.07028907 -0.29751328  0.27806759 -0.48677297
 -0.30138741 -0.82394001 -0.50262437 -0.22658839 -0.19779626]
4877,[ 0.20494666  0.10665942 -0.10322716  0.1342301   0.37206113  0.08671821
 -0.04091263  0.64767598  0.34808231 -0.52978239 -0.04487542 -0.11612951
  0.17874709  0.43369874 -0.32604904  0.23302377 -0.10727538 -0.6198582
  0.10230096  0.14605337 -0.47004608  0.20466149  0.26078841 -0.64628325
 -0.01940673  0.38240876  0.02822843  0.03782899 -0.55211083  0.53600245
  0.55176866  0.56404953  0.64327291  0.23325087 -0.16868054  0.57254657
 -0.17508987  0.41589269 -0.61525175  0.11976483  0.34381158 -0.62599594
 -0.01002932 -0.22919915  0.07028883 -0.29751335  0.27806786 -0.48677238
 -0.30138774 -0.82393997 -0.50262451 -0.22658834 -0.19779636]
4878,[ 0.20494701  0.10665956 -0.10322805  0.1342303   0.37206132  0.08671799
 -0.04091232  0.64767565  0.34808196 -0.52978224 -0.04487537 -0.11612914
  0.17874691  0.43369909 -0.32604905  0.23302406 -0.1072752  -0.61985808
  0.10230077  0.14605358 -0.47004611  0.2046613   0.26078834 -0.64628354
 -0.01940703  0.38240862  0.02822897  0.03782881 -0.55211107  0.53600294
  0.55176819  0.56404966  0.64327312  0.23325088 -0.16868036  0.57254662
 -0.17509007  0.41589255 -0.61525167  0.11976462  0.34381162 -0.62599558
 -0.01002974 -0.22919919  0.07028858 -0.29751342  0.27806812 -0.48677179
 -0.30138808 -0.82393993 -0.50262464 -0.22658829 -0.19779646]
4879,[ 0.20494736  0.1066597  -0.10322894  0.13423049  0.37206152  0.08671778
 -0.04091201  0.64767532  0.34808162 -0.5297821  -0.04487532 -0.11612876
  0.17874673  0.43369944 -0.32604906  0.23302435 -0.10727501 -0.61985797
  0.10230057  0.14605379 -0.47004614  0.20466111  0.26078828 -0.64628383
 -0.01940733  0.38240847  0.02822951  0.03782863 -0.55211131  0.53600343
  0.55176772  0.56404978  0.64327334  0.23325089 -0.16868017  0.57254668
 -0.17509027  0.41589242 -0.61525158  0.11976441  0.34381167 -0.62599521
 -0.01003016 -0.22919922  0.07028833 -0.29751349  0.27806838 -0.4867712
 -0.30138842 -0.82393989 -0.50262478 -0.22658824 -0.19779655]
4880,[ 0.20494771  0.10665984 -0.10322983  0.13423068  0.37206172  0.08671757
 -0.0409117   0.64767499  0.34808128 -0.52978195 -0.04487527 -0.11612839
  0.17874654  0.43369979 -0.32604907  0.23302464 -0.10727483 -0.61985786
  0.10230037  0.146054   -0.47004617  0.20466093  0.26078822 -0.64628413
 -0.01940763  0.38240833  0.02823005  0.03782845 -0.55211155  0.53600392
  0.55176724  0.56404991  0.64327356  0.2332509  -0.16867999  0.57254673
 -0.17509047  0.41589229 -0.6152515   0.11976419  0.34381172 -0.62599485
 -0.01003057 -0.22919926  0.07028809 -0.29751357  0.27806865 -0.48677062
 -0.30138875 -0.82393985 -0.50262492 -0.22658819 -0.19779665]
4881,[ 0.20494805  0.10665998 -0.10323071  0.13423087  0.37206192  0.08671736
 -0.04091139  0.64767466  0.34808093 -0.52978181 -0.04487522 -0.11612802
  0.17874636  0.43370014 -0.32604908  0.23302493 -0.10727464 -0.61985775
  0.10230018  0.1460542  -0.4700462   0.20466074  0.26078816 -0.64628442
 -0.01940793  0.38240818  0.02823059  0.03782827 -0.55211179  0.53600441
  0.55176677  0.56405004  0.64327377  0.23325091 -0.16867981  0.57254678
 -0.17509067  0.41589216 -0.61525142  0.11976398  0.34381177 -0.62599449
 -0.01003099 -0.2291993   0.07028784 -0.29751364  0.27806891 -0.48677003
 -0.30138909 -0.82393981 -0.50262505 -0.22658814 -0.19779674]
4882,[ 0.2049484   0.10666012 -0.1032316   0.13423106  0.37206212  0.08671715
 -0.04091108  0.64767433  0.34808059 -0.52978166 -0.04487517 -0.11612765
  0.17874618  0.43370049 -0.32604909  0.23302523 -0.10727446 -0.61985764
  0.10229998  0.14605441 -0.47004623  0.20466056  0.26078809 -0.64628471
 -0.01940823  0.38240804  0.02823113  0.03782809 -0.55211203  0.5360049
  0.5517663   0.56405017  0.64327399  0.23325092 -0.16867963  0.57254683
 -0.17509087  0.41589203 -0.61525133  0.11976376  0.34381182 -0.62599413
 -0.0100314  -0.22919933  0.0702876  -0.29751371  0.27806917 -0.48676944
 -0.30138942 -0.82393977 -0.50262519 -0.22658808 -0.19779684]
4883,[ 0.20494874  0.10666026 -0.10323248  0.13423125  0.37206231  0.08671693
 -0.04091077  0.64767399  0.34808025 -0.52978152 -0.04487512 -0.11612728
  0.17874599  0.43370084 -0.3260491   0.23302552 -0.10727427 -0.61985753
  0.10229979  0.14605462 -0.47004626  0.20466037  0.26078803 -0.646285
 -0.01940853  0.38240789  0.02823166  0.03782791 -0.55211226  0.53600538
  0.55176583  0.56405029  0.64327421  0.23325093 -0.16867944  0.57254688
 -0.17509106  0.4158919  -0.61525125  0.11976355  0.34381186 -0.62599377
 -0.01003182 -0.22919937  0.07028735 -0.29751378  0.27806944 -0.48676886
 -0.30138976 -0.82393973 -0.50262532 -0.22658803 -0.19779694]
4884,[ 0.20494909  0.1066604  -0.10323337  0.13423144  0.37206251  0.08671672
 -0.04091046  0.64767366  0.34807991 -0.52978138 -0.04487507 -0.11612691
  0.17874581  0.43370118 -0.32604912  0.23302581 -0.10727409 -0.61985742
  0.10229959  0.14605483 -0.47004629  0.20466019  0.26078797 -0.64628529
 -0.01940883  0.38240775  0.0282322   0.03782773 -0.5521125   0.53600587
  0.55176536  0.56405042  0.64327442  0.23325094 -0.16867926  0.57254693
 -0.17509126  0.41589176 -0.61525116  0.11976334  0.34381191 -0.62599341
 -0.01003223 -0.2291994   0.07028711 -0.29751386  0.2780697  -0.48676827
 -0.30139009 -0.82393969 -0.50262546 -0.22658798 -0.19779703]
4885,[ 0.20494943  0.10666054 -0.10323425  0.13423164  0.37206271  0.08671651
 -0.04091015  0.64767333  0.34807957 -0.52978123 -0.04487502 -0.11612654
  0.17874563  0.43370153 -0.32604913  0.2330261  -0.1072739  -0.61985731
  0.10229939  0.14605503 -0.47004632  0.20466     0.26078791 -0.64628558
 -0.01940913  0.38240761  0.02823274  0.03782755 -0.55211274  0.53600636
  0.5517649   0.56405055  0.64327464  0.23325094 -0.16867908  0.57254698
 -0.17509146  0.41589163 -0.61525108  0.11976312  0.34381196 -0.62599305
 -0.01003265 -0.22919944  0.07028686 -0.29751393  0.27806996 -0.48676769
 -0.30139042 -0.82393965 -0.5026256  -0.22658793 -0.19779713]
4886,[ 0.20494978  0.10666067 -0.10323513  0.13423183  0.3720629   0.0867163
 -0.04090984  0.647673    0.34807923 -0.52978109 -0.04487497 -0.11612617
  0.17874545  0.43370188 -0.32604914  0.23302639 -0.10727372 -0.6198572
  0.1022992   0.14605524 -0.47004635  0.20465982  0.26078784 -0.64628587
 -0.01940943  0.38240746  0.02823328  0.03782737 -0.55211297  0.53600684
  0.55176443  0.56405067  0.64327485  0.23325095 -0.1686789   0.57254703
 -0.17509166  0.4158915  -0.615251    0.11976291  0.34381201 -0.62599269
 -0.01003306 -0.22919947  0.07028662 -0.297514    0.27807022 -0.48676711
 -0.30139076 -0.82393961 -0.50262573 -0.22658788 -0.19779722]
4887,[ 0.20495012  0.10666081 -0.10323601  0.13423202  0.3720631   0.08671609
 -0.04090953  0.64767268  0.34807889 -0.52978095 -0.04487492 -0.1161258
  0.17874526  0.43370223 -0.32604915  0.23302668 -0.10727354 -0.61985709
  0.102299    0.14605545 -0.47004638  0.20465963  0.26078778 -0.64628616
 -0.01940973  0.38240732  0.02823381  0.03782719 -0.55211321  0.53600733
  0.55176396  0.5640508   0.64327507  0.23325096 -0.16867872  0.57254709
 -0.17509186  0.41589137 -0.61525092  0.1197627   0.34381206 -0.62599233
 -0.01003347 -0.22919951  0.07028637 -0.29751407  0.27807048 -0.48676652
 -0.30139109 -0.82393957 -0.50262587 -0.22658783 -0.19779732]
4888,[ 0.20495046  0.10666095 -0.10323689  0.13423221  0.3720633   0.08671588
 -0.04090922  0.64767235  0.34807855 -0.5297808  -0.04487487 -0.11612543
  0.17874508  0.43370257 -0.32604916  0.23302696 -0.10727335 -0.61985698
  0.10229881  0.14605565 -0.47004641  0.20465945  0.26078772 -0.64628645
 -0.01941003  0.38240718  0.02823435  0.03782701 -0.55211345  0.53600782
  0.55176349  0.56405092  0.64327528  0.23325097 -0.16867854  0.57254714
 -0.17509205  0.41589124 -0.61525083  0.11976249  0.3438121  -0.62599198
 -0.01003389 -0.22919954  0.07028613 -0.29751414  0.27807074 -0.48676594
 -0.30139142 -0.82393952 -0.502626   -0.22658778 -0.19779741]
4889,[ 0.20495081  0.10666109 -0.10323777  0.1342324   0.37206349  0.08671567
 -0.04090891  0.64767202  0.34807821 -0.52978066 -0.04487482 -0.11612506
  0.1787449   0.43370292 -0.32604917  0.23302725 -0.10727317 -0.61985687
  0.10229861  0.14605586 -0.47004644  0.20465926  0.26078766 -0.64628674
 -0.01941032  0.38240703  0.02823488  0.03782683 -0.55211368  0.5360083
  0.55176303  0.56405105  0.6432755   0.23325098 -0.16867836  0.57254719
 -0.17509225  0.41589111 -0.61525075  0.11976228  0.34381215 -0.62599162
 -0.0100343  -0.22919958  0.07028588 -0.29751422  0.278071   -0.48676536
 -0.30139176 -0.82393948 -0.50262614 -0.22658773 -0.19779751]
4890,[ 0.20495115  0.10666123 -0.10323865  0.13423259  0.37206369  0.08671546
 -0.0409086   0.64767169  0.34807787 -0.52978052 -0.04487477 -0.11612469
  0.17874472  0.43370326 -0.32604918  0.23302754 -0.10727299 -0.61985676
  0.10229842  0.14605606 -0.47004647  0.20465908  0.2607876  -0.64628703
 -0.01941062  0.38240689  0.02823542  0.03782665 -0.55211392  0.53600879
  0.55176256  0.56405118  0.64327571  0.23325099 -0.16867818  0.57254724
 -0.17509245  0.41589098 -0.61525067  0.11976206  0.3438122  -0.62599126
 -0.01003471 -0.22919961  0.07028564 -0.29751429  0.27807126 -0.48676478
 -0.30139209 -0.82393944 -0.50262627 -0.22658768 -0.1977976 ]
4891,[ 0.20495149  0.10666137 -0.10323953  0.13423278  0.37206388  0.08671525
 -0.0409083   0.64767136  0.34807753 -0.52978038 -0.04487472 -0.11612433
  0.17874454  0.43370361 -0.32604919  0.23302783 -0.10727281 -0.61985665
  0.10229823  0.14605627 -0.4700465   0.2046589   0.26078753 -0.64628732
 -0.01941092  0.38240675  0.02823595  0.03782647 -0.55211416  0.53600927
  0.5517621   0.5640513   0.64327592  0.233251   -0.16867799  0.57254729
 -0.17509264  0.41589085 -0.61525058  0.11976185  0.34381225 -0.6259909
 -0.01003512 -0.22919965  0.0702854  -0.29751436  0.27807152 -0.4867642
 -0.30139242 -0.8239394  -0.50262641 -0.22658763 -0.1977977 ]
4892,[ 0.20495183  0.1066615  -0.1032404   0.13423296  0.37206408  0.08671504
 -0.04090799  0.64767104  0.3480772  -0.52978023 -0.04487467 -0.11612396
  0.17874436  0.43370395 -0.3260492   0.23302812 -0.10727262 -0.61985654
  0.10229803  0.14605647 -0.47004653  0.20465871  0.26078747 -0.64628761
 -0.01941121  0.3824066   0.02823648  0.0378263  -0.55211439  0.53600975
  0.55176163  0.56405143  0.64327614  0.23325101 -0.16867781  0.57254734
 -0.17509284  0.41589072 -0.6152505   0.11976164  0.34381229 -0.62599055
 -0.01003553 -0.22919968  0.07028516 -0.29751443  0.27807178 -0.48676362
 -0.30139275 -0.82393936 -0.50262654 -0.22658758 -0.19779779]
4893,[ 0.20495218  0.10666164 -0.10324128  0.13423315  0.37206427  0.08671483
 -0.04090768  0.64767071  0.34807686 -0.52978009 -0.04487462 -0.11612359
  0.17874418  0.4337043  -0.32604921  0.23302841 -0.10727244 -0.61985644
  0.10229784  0.14605668 -0.47004656  0.20465853  0.26078741 -0.6462879
 -0.01941151  0.38240646  0.02823701  0.03782612 -0.55211463  0.53601023
  0.55176117  0.56405155  0.64327635  0.23325102 -0.16867763  0.57254739
 -0.17509304  0.41589059 -0.61525042  0.11976143  0.34381234 -0.62599019
 -0.01003594 -0.22919972  0.07028491 -0.2975145   0.27807204 -0.48676304
 -0.30139308 -0.82393932 -0.50262667 -0.22658753 -0.19779789]
4894,[ 0.20495252  0.10666178 -0.10324215  0.13423334  0.37206447  0.08671462
 -0.04090738  0.64767038  0.34807652 -0.52977995 -0.04487457 -0.11612322
  0.17874399  0.43370464 -0.32604922  0.23302869 -0.10727226 -0.61985633
  0.10229764  0.14605688 -0.47004659  0.20465835  0.26078735 -0.64628818
 -0.01941181  0.38240632  0.02823755  0.03782594 -0.55211486  0.53601072
  0.5517607   0.56405168  0.64327656  0.23325102 -0.16867745  0.57254744
 -0.17509323  0.41589046 -0.61525034  0.11976122  0.34381239 -0.62598983
 -0.01003635 -0.22919975  0.07028467 -0.29751457  0.2780723  -0.48676246
 -0.30139341 -0.82393928 -0.50262681 -0.22658748 -0.19779798]
4895,[ 0.20495286  0.10666191 -0.10324303  0.13423353  0.37206466  0.08671441
 -0.04090707  0.64767006  0.34807618 -0.52977981 -0.04487452 -0.11612286
  0.17874381  0.43370499 -0.32604923  0.23302898 -0.10727208 -0.61985622
  0.10229745  0.14605709 -0.47004662  0.20465817  0.26078729 -0.64628847
 -0.0194121   0.38240618  0.02823808  0.03782576 -0.5521151   0.5360112
  0.55176024  0.5640518   0.64327678  0.23325103 -0.16867727  0.57254749
 -0.17509343  0.41589033 -0.61525025  0.11976101  0.34381243 -0.62598948
 -0.01003676 -0.22919979  0.07028443 -0.29751465  0.27807256 -0.48676188
 -0.30139374 -0.82393924 -0.50262694 -0.22658743 -0.19779808]
4896,[ 0.2049532   0.10666205 -0.1032439   0.13423372  0.37206486  0.0867142
 -0.04090676  0.64766973  0.34807585 -0.52977967 -0.04487447 -0.11612249
  0.17874363  0.43370533 -0.32604924  0.23302927 -0.1072719  -0.61985611
  0.10229726  0.14605729 -0.47004665  0.20465798  0.26078723 -0.64628876
 -0.0194124   0.38240603  0.02823861  0.03782559 -0.55211533  0.53601168
  0.55175978  0.56405193  0.64327699  0.23325104 -0.16867709  0.57254754
 -0.17509362  0.4158902  -0.61525017  0.1197608   0.34381248 -0.62598912
 -0.01003717 -0.22919982  0.07028419 -0.29751472  0.27807282 -0.48676131
 -0.30139407 -0.8239392  -0.50262708 -0.22658738 -0.19779817]
4897,[ 0.20495354  0.10666219 -0.10324477  0.13423391  0.37206505  0.086714
 -0.04090646  0.6476694   0.34807551 -0.52977952 -0.04487442 -0.11612213
  0.17874345  0.43370567 -0.32604925  0.23302955 -0.10727172 -0.619856
  0.10229707  0.1460575  -0.47004668  0.2046578   0.26078717 -0.64628905
 -0.01941269  0.38240589  0.02823914  0.03782541 -0.55211556  0.53601216
  0.55175931  0.56405205  0.6432772   0.23325105 -0.16867692  0.57254759
 -0.17509382  0.41589007 -0.61525009  0.11976059  0.34381253 -0.62598877
 -0.01003758 -0.22919986  0.07028395 -0.29751479  0.27807308 -0.48676073
 -0.3013944  -0.82393916 -0.50262721 -0.22658733 -0.19779827]
4898,[ 0.20495388  0.10666232 -0.10324564  0.1342341   0.37206525  0.08671379
 -0.04090615  0.64766908  0.34807517 -0.52977938 -0.04487437 -0.11612176
  0.17874327  0.43370602 -0.32604926  0.23302984 -0.10727153 -0.61985589
  0.10229687  0.1460577  -0.47004671  0.20465762  0.2607871  -0.64628933
 -0.01941299  0.38240575  0.02823967  0.03782523 -0.5521158   0.53601264
  0.55175885  0.56405218  0.64327741  0.23325106 -0.16867674  0.57254764
 -0.17509401  0.41588994 -0.61525001  0.11976038  0.34381258 -0.62598841
 -0.01003799 -0.22919989  0.07028371 -0.29751486  0.27807334 -0.48676016
 -0.30139473 -0.82393912 -0.50262734 -0.22658728 -0.19779836]
4899,[ 0.20495422  0.10666246 -0.10324651  0.13423428  0.37206544  0.08671358
 -0.04090585  0.64766875  0.34807484 -0.52977924 -0.04487432 -0.1161214
  0.17874309  0.43370636 -0.32604927  0.23303012 -0.10727135 -0.61985578
  0.10229668  0.1460579  -0.47004674  0.20465744  0.26078704 -0.64628962
 -0.01941328  0.38240561  0.02824019  0.03782505 -0.55211603  0.53601312
  0.55175839  0.5640523   0.64327763  0.23325107 -0.16867656  0.57254769
 -0.17509421  0.41588981 -0.61524992  0.11976017  0.34381262 -0.62598806
 -0.0100384  -0.22919993  0.07028346 -0.29751493  0.27807359 -0.48675958
 -0.30139506 -0.82393908 -0.50262748 -0.22658723 -0.19779845]
4900,[ 0.20495455  0.1066626  -0.10324738  0.13423447  0.37206563  0.08671337
 -0.04090555  0.64766843  0.3480745  -0.5297791  -0.04487427 -0.11612104
  0.17874291  0.4337067  -0.32604928  0.23303041 -0.10727117 -0.61985567
  0.10229649  0.14605811 -0.47004677  0.20465726  0.26078698 -0.6462899
 -0.01941358  0.38240547  0.02824072  0.03782488 -0.55211626  0.5360136
  0.55175793  0.56405243  0.64327784  0.23325108 -0.16867638  0.57254774
 -0.1750944   0.41588968 -0.61524984  0.11975996  0.34381267 -0.62598771
 -0.0100388  -0.22919996  0.07028322 -0.297515    0.27807385 -0.48675901
 -0.30139539 -0.82393904 -0.50262761 -0.22658718 -0.19779855]
4901,[ 0.20495489  0.10666273 -0.10324824  0.13423466  0.37206583  0.08671317
 -0.04090524  0.64766811  0.34807417 -0.52977896 -0.04487423 -0.11612067
  0.17874274  0.43370704 -0.3260493   0.23303069 -0.10727099 -0.61985557
  0.1022963   0.14605831 -0.4700468   0.20465707  0.26078692 -0.64629019
 -0.01941387  0.38240533  0.02824125  0.0378247  -0.5521165   0.53601408
  0.55175747  0.56405255  0.64327805  0.23325109 -0.1686762   0.57254779
 -0.1750946   0.41588956 -0.61524976  0.11975975  0.34381272 -0.62598735
 -0.01003921 -0.2292      0.07028298 -0.29751507  0.27807411 -0.48675843
 -0.30139572 -0.823939   -0.50262774 -0.22658713 -0.19779864]
4902,[ 0.20495523  0.10666287 -0.10324911  0.13423484  0.37206602  0.08671296
 -0.04090494  0.64766778  0.34807384 -0.52977882 -0.04487418 -0.11612031
  0.17874256  0.43370738 -0.32604931  0.23303098 -0.10727081 -0.61985546
  0.1022961   0.14605851 -0.47004683  0.20465689  0.26078686 -0.64629047
 -0.01941416  0.38240518  0.02824178  0.03782453 -0.55211673  0.53601455
  0.55175701  0.56405268  0.64327826  0.2332511  -0.16867602  0.57254784
 -0.17509479  0.41588943 -0.61524968  0.11975954  0.34381276 -0.625987
 -0.01003962 -0.22920003  0.07028274 -0.29751514  0.27807436 -0.48675786
 -0.30139604 -0.82393896 -0.50262788 -0.22658708 -0.19779873]
4903,[ 0.20495557  0.10666301 -0.10324998  0.13423503  0.37206621  0.08671275
 -0.04090463  0.64766746  0.3480735  -0.52977868 -0.04487413 -0.11611995
  0.17874238  0.43370772 -0.32604932  0.23303126 -0.10727063 -0.61985535
  0.10229591  0.14605872 -0.47004686  0.20465671  0.2607868  -0.64629076
 -0.01941446  0.38240504  0.0282423   0.03782435 -0.55211696  0.53601503
  0.55175655  0.5640528   0.64327847  0.2332511  -0.16867584  0.57254789
 -0.17509499  0.4158893  -0.6152496   0.11975933  0.34381281 -0.62598665
 -0.01004002 -0.22920007  0.0702825  -0.29751521  0.27807462 -0.48675729
 -0.30139637 -0.82393892 -0.50262801 -0.22658703 -0.19779883]
4904,[ 0.20495591  0.10666314 -0.10325084  0.13423522  0.37206641  0.08671255
 -0.04090433  0.64766714  0.34807317 -0.52977854 -0.04487408 -0.11611958
  0.1787422   0.43370806 -0.32604933  0.23303155 -0.10727045 -0.61985524
  0.10229572  0.14605892 -0.47004689  0.20465653  0.26078674 -0.64629104
 -0.01941475  0.3824049   0.02824283  0.03782417 -0.55211719  0.53601551
  0.55175609  0.56405292  0.64327868  0.23325111 -0.16867567  0.57254794
 -0.17509518  0.41588917 -0.61524952  0.11975912  0.34381286 -0.6259863
 -0.01004043 -0.2292001   0.07028226 -0.29751528  0.27807488 -0.48675672
 -0.3013967  -0.82393889 -0.50262814 -0.22658698 -0.19779892]
4905,[ 0.20495624  0.10666328 -0.1032517   0.1342354   0.3720666   0.08671234
 -0.04090403  0.64766681  0.34807284 -0.5297784  -0.04487403 -0.11611922
  0.17874202  0.4337084  -0.32604934  0.23303183 -0.10727027 -0.61985514
  0.10229553  0.14605912 -0.47004692  0.20465635  0.26078668 -0.64629133
 -0.01941504  0.38240476  0.02824335  0.037824   -0.55211743  0.53601598
  0.55175563  0.56405305  0.64327889  0.23325112 -0.16867549  0.57254799
 -0.17509537  0.41588904 -0.61524943  0.11975892  0.3438129  -0.62598595
 -0.01004083 -0.22920013  0.07028202 -0.29751536  0.27807513 -0.48675614
 -0.30139702 -0.82393885 -0.50262828 -0.22658693 -0.19779902]
4906,[ 0.20495658  0.10666341 -0.10325257  0.13423559  0.37206679  0.08671213
 -0.04090373  0.64766649  0.3480725  -0.52977826 -0.04487398 -0.11611886
  0.17874184  0.43370874 -0.32604935  0.23303211 -0.10727009 -0.61985503
  0.10229534  0.14605932 -0.47004695  0.20465617  0.26078662 -0.64629161
 -0.01941533  0.38240462  0.02824388  0.03782382 -0.55211766  0.53601646
  0.55175518  0.56405317  0.6432791   0.23325113 -0.16867531  0.57254804
 -0.17509557  0.41588891 -0.61524935  0.11975871  0.34381295 -0.6259856
 -0.01004124 -0.22920017  0.07028179 -0.29751543  0.27807539 -0.48675557
 -0.30139735 -0.82393881 -0.50262841 -0.22658688 -0.19779911]
4907,[ 0.20495692  0.10666355 -0.10325343  0.13423578  0.37206698  0.08671193
 -0.04090343  0.64766617  0.34807217 -0.52977812 -0.04487393 -0.1161185
  0.17874166  0.43370908 -0.32604936  0.2330324  -0.10726991 -0.61985492
  0.10229515  0.14605952 -0.47004698  0.20465599  0.26078655 -0.6462919
 -0.01941563  0.38240448  0.0282444   0.03782365 -0.55211789  0.53601694
  0.55175472  0.5640533   0.64327931  0.23325114 -0.16867513  0.57254809
 -0.17509576  0.41588879 -0.61524927  0.1197585   0.343813   -0.62598524
 -0.01004164 -0.2292002   0.07028155 -0.2975155   0.27807564 -0.486755
 -0.30139768 -0.82393877 -0.50262854 -0.22658683 -0.1977992 ]
4908,[ 0.20495725  0.10666368 -0.10325429  0.13423596  0.37206718  0.08671172
 -0.04090312  0.64766585  0.34807184 -0.52977798 -0.04487388 -0.11611814
  0.17874149  0.43370942 -0.32604937  0.23303268 -0.10726973 -0.61985481
  0.10229496  0.14605973 -0.470047    0.20465581  0.26078649 -0.64629218
 -0.01941592  0.38240434  0.02824493  0.03782347 -0.55211812  0.53601741
  0.55175426  0.56405342  0.64327952  0.23325115 -0.16867496  0.57254814
 -0.17509595  0.41588866 -0.61524919  0.11975829  0.34381304 -0.62598489
 -0.01004205 -0.22920024  0.07028131 -0.29751557  0.2780759  -0.48675443
 -0.301398   -0.82393873 -0.50262867 -0.22658678 -0.19779929]
4909,[ 0.20495759  0.10666382 -0.10325515  0.13423615  0.37206737  0.08671152
 -0.04090282  0.64766553  0.34807151 -0.52977784 -0.04487384 -0.11611778
  0.17874131  0.43370976 -0.32604938  0.23303296 -0.10726956 -0.61985471
  0.10229477  0.14605993 -0.47004703  0.20465563  0.26078643 -0.64629246
 -0.01941621  0.3824042   0.02824545  0.0378233  -0.55211835  0.53601788
  0.55175381  0.56405354  0.64327973  0.23325116 -0.16867478  0.57254819
 -0.17509615  0.41588853 -0.61524911  0.11975809  0.34381309 -0.62598454
 -0.01004245 -0.22920027  0.07028107 -0.29751564  0.27807615 -0.48675387
 -0.30139833 -0.82393869 -0.50262881 -0.22658674 -0.19779939]
4910,[ 0.20495792  0.10666395 -0.10325601  0.13423633  0.37206756  0.08671131
 -0.04090252  0.64766521  0.34807118 -0.5297777  -0.04487379 -0.11611742
  0.17874113  0.4337101  -0.32604939  0.23303324 -0.10726938 -0.6198546
  0.10229458  0.14606013 -0.47004706  0.20465545  0.26078637 -0.64629275
 -0.0194165   0.38240406  0.02824597  0.03782312 -0.55211858  0.53601836
  0.55175335  0.56405367  0.64327994  0.23325117 -0.1686746   0.57254824
 -0.17509634  0.4158884  -0.61524903  0.11975788  0.34381314 -0.6259842
 -0.01004285 -0.22920031  0.07028083 -0.29751571  0.27807641 -0.4867533
 -0.30139865 -0.82393865 -0.50262894 -0.22658669 -0.19779948]
4911,[ 0.20495826  0.10666409 -0.10325686  0.13423652  0.37206775  0.0867111
 -0.04090222  0.64766489  0.34807084 -0.52977756 -0.04487374 -0.11611706
  0.17874095  0.43371044 -0.3260494   0.23303352 -0.1072692  -0.61985449
  0.10229439  0.14606033 -0.47004709  0.20465527  0.26078631 -0.64629303
 -0.01941679  0.38240392  0.02824649  0.03782295 -0.55211881  0.53601883
  0.5517529   0.56405379  0.64328015  0.23325117 -0.16867443  0.57254829
 -0.17509653  0.41588828 -0.61524895  0.11975767  0.34381318 -0.62598385
 -0.01004325 -0.22920034  0.0702806  -0.29751578  0.27807666 -0.48675273
 -0.30139898 -0.82393861 -0.50262907 -0.22658664 -0.19779957]
4912,[ 0.20495859  0.10666422 -0.10325772  0.1342367   0.37206794  0.0867109
 -0.04090192  0.64766457  0.34807051 -0.52977742 -0.04487369 -0.1161167
  0.17874078  0.43371077 -0.32604941  0.23303381 -0.10726902 -0.61985438
  0.1022942   0.14606053 -0.47004712  0.20465509  0.26078625 -0.64629331
 -0.01941708  0.38240378  0.02824701  0.03782278 -0.55211904  0.5360193
  0.55175244  0.56405391  0.64328036  0.23325118 -0.16867425  0.57254834
 -0.17509672  0.41588815 -0.61524887  0.11975746  0.34381323 -0.6259835
 -0.01004365 -0.22920038  0.07028036 -0.29751585  0.27807692 -0.48675216
 -0.3013993  -0.82393857 -0.5026292  -0.22658659 -0.19779967]
4913,[ 0.20495892  0.10666436 -0.10325858  0.13423689  0.37206813  0.0867107
 -0.04090162  0.64766425  0.34807018 -0.52977728 -0.04487364 -0.11611634
  0.1787406   0.43371111 -0.32604942  0.23303409 -0.10726884 -0.61985428
  0.10229401  0.14606073 -0.47004715  0.20465491  0.26078619 -0.64629359
 -0.01941737  0.38240364  0.02824753  0.0378226  -0.55211927  0.53601977
  0.55175199  0.56405403  0.64328057  0.23325119 -0.16867407  0.57254839
 -0.17509692  0.41588802 -0.61524879  0.11975726  0.34381328 -0.62598315
 -0.01004406 -0.22920041  0.07028012 -0.29751592  0.27807717 -0.4867516
 -0.30139962 -0.82393853 -0.50262933 -0.22658654 -0.19779976]
4914,[ 0.20495926  0.10666449 -0.10325943  0.13423707  0.37206832  0.08671049
 -0.04090132  0.64766393  0.34806985 -0.52977714 -0.04487359 -0.11611598
  0.17874042  0.43371145 -0.32604943  0.23303437 -0.10726866 -0.61985417
  0.10229382  0.14606093 -0.47004718  0.20465474  0.26078613 -0.64629387
 -0.01941766  0.3824035   0.02824805  0.03782243 -0.5521195   0.53602025
  0.55175153  0.56405416  0.64328078  0.2332512  -0.1686739   0.57254844
 -0.17509711  0.41588789 -0.61524871  0.11975705  0.34381332 -0.6259828
 -0.01004446 -0.22920044  0.07027988 -0.29751599  0.27807742 -0.48675103
 -0.30139995 -0.82393849 -0.50262946 -0.22658649 -0.19779985]
4915,[ 0.20495959  0.10666462 -0.10326028  0.13423726  0.37206851  0.08671029
 -0.04090102  0.64766361  0.34806952 -0.529777   -0.04487354 -0.11611563
  0.17874025  0.43371178 -0.32604944  0.23303465 -0.10726849 -0.61985407
  0.10229363  0.14606113 -0.47004721  0.20465456  0.26078607 -0.64629415
 -0.01941795  0.38240336  0.02824857  0.03782225 -0.55211973  0.53602072
  0.55175108  0.56405428  0.64328099  0.23325121 -0.16867372  0.57254849
 -0.1750973   0.41588777 -0.61524863  0.11975685  0.34381337 -0.62598245
 -0.01004486 -0.22920048  0.07027965 -0.29751606  0.27807768 -0.48675047
 -0.30140027 -0.82393845 -0.50262959 -0.22658644 -0.19779994]
4916,[ 0.20495992  0.10666476 -0.10326114  0.13423744  0.3720687   0.08671008
 -0.04090072  0.64766329  0.3480692  -0.52977686 -0.0448735  -0.11611527
  0.17874007  0.43371212 -0.32604945  0.23303493 -0.10726831 -0.61985396
  0.10229344  0.14606133 -0.47004724  0.20465438  0.26078601 -0.64629443
 -0.01941824  0.38240322  0.02824909  0.03782208 -0.55211996  0.53602119
  0.55175063  0.5640544   0.64328119  0.23325122 -0.16867355  0.57254854
 -0.17509749  0.41588764 -0.61524854  0.11975664  0.34381341 -0.62598211
 -0.01004526 -0.22920051  0.07027941 -0.29751613  0.27807793 -0.4867499
 -0.30140059 -0.82393841 -0.50262973 -0.22658639 -0.19780004]
4917,[ 0.20496026  0.10666489 -0.10326199  0.13423763  0.37206889  0.08670988
 -0.04090042  0.64766297  0.34806887 -0.52977673 -0.04487345 -0.11611491
  0.17873989  0.43371246 -0.32604946  0.23303521 -0.10726813 -0.61985385
  0.10229325  0.14606153 -0.47004727  0.2046542   0.26078595 -0.64629471
 -0.01941852  0.38240309  0.02824961  0.03782191 -0.55212019  0.53602166
  0.55175018  0.56405452  0.6432814   0.23325123 -0.16867337  0.57254859
 -0.17509768  0.41588751 -0.61524846  0.11975644  0.34381346 -0.62598176
 -0.01004566 -0.22920055  0.07027918 -0.2975162   0.27807818 -0.48674934
 -0.30140091 -0.82393837 -0.50262986 -0.22658634 -0.19780013]
4918,[ 0.20496059  0.10666503 -0.10326284  0.13423781  0.37206908  0.08670968
 -0.04090013  0.64766265  0.34806854 -0.52977659 -0.0448734  -0.11611455
  0.17873972  0.43371279 -0.32604947  0.23303549 -0.10726795 -0.61985375
  0.10229306  0.14606173 -0.4700473   0.20465402  0.26078589 -0.64629499
 -0.01941881  0.38240295  0.02825013  0.03782173 -0.55212042  0.53602213
  0.55174973  0.56405465  0.64328161  0.23325123 -0.1686732   0.57254864
 -0.17509787  0.41588739 -0.61524838  0.11975623  0.34381351 -0.62598141
 -0.01004606 -0.22920058  0.07027894 -0.29751627  0.27807843 -0.48674878
 -0.30140123 -0.82393834 -0.50262999 -0.22658629 -0.19780022]
4919,[ 0.20496092  0.10666516 -0.10326369  0.13423799  0.37206927  0.08670947
 -0.04089983  0.64766234  0.34806821 -0.52977645 -0.04487335 -0.1161142
  0.17873954  0.43371312 -0.32604948  0.23303577 -0.10726778 -0.61985364
  0.10229288  0.14606193 -0.47004733  0.20465384  0.26078583 -0.64629527
 -0.0194191   0.38240281  0.02825064  0.03782156 -0.55212065  0.53602259
  0.55174927  0.56405477  0.64328182  0.23325124 -0.16867302  0.57254869
 -0.17509806  0.41588726 -0.6152483   0.11975603  0.34381355 -0.62598107
 -0.01004645 -0.22920061  0.0702787  -0.29751634  0.27807869 -0.48674822
 -0.30140156 -0.8239383  -0.50263012 -0.22658625 -0.19780031]
4920,[ 0.20496125  0.10666529 -0.10326454  0.13423818  0.37206946  0.08670927
 -0.04089953  0.64766202  0.34806788 -0.52977631 -0.0448733  -0.11611384
  0.17873937  0.43371346 -0.32604949  0.23303604 -0.1072676  -0.61985353
  0.10229269  0.14606213 -0.47004735  0.20465367  0.26078577 -0.64629555
 -0.01941939  0.38240267  0.02825116  0.03782139 -0.55212087  0.53602306
  0.55174882  0.56405489  0.64328202  0.23325125 -0.16867285  0.57254874
 -0.17509825  0.41588714 -0.61524822  0.11975582  0.3438136  -0.62598072
 -0.01004685 -0.22920065  0.07027847 -0.29751641  0.27807894 -0.48674765
 -0.30140188 -0.82393826 -0.50263025 -0.2265862  -0.1978004 ]
4921,[ 0.20496158  0.10666543 -0.10326539  0.13423836  0.37206965  0.08670907
 -0.04089923  0.6476617   0.34806756 -0.52977617 -0.04487326 -0.11611349
  0.17873919  0.43371379 -0.3260495   0.23303632 -0.10726742 -0.61985343
  0.1022925   0.14606232 -0.47004738  0.20465349  0.26078571 -0.64629583
 -0.01941968  0.38240253  0.02825168  0.03782122 -0.5521211   0.53602353
  0.55174837  0.56405501  0.64328223  0.23325126 -0.16867267  0.57254878
 -0.17509844  0.41588701 -0.61524814  0.11975562  0.34381364 -0.62598038
 -0.01004725 -0.22920068  0.07027823 -0.29751647  0.27807919 -0.48674709
 -0.3014022  -0.82393822 -0.50263038 -0.22658615 -0.1978005 ]
4922,[ 0.20496191  0.10666556 -0.10326623  0.13423854  0.37206984  0.08670886
 -0.04089894  0.64766138  0.34806723 -0.52977604 -0.04487321 -0.11611313
  0.17873902  0.43371413 -0.32604951  0.2330366  -0.10726725 -0.61985332
  0.10229231  0.14606252 -0.47004741  0.20465331  0.26078565 -0.64629611
 -0.01941996  0.38240239  0.02825219  0.03782104 -0.55212133  0.536024
  0.55174792  0.56405513  0.64328244  0.23325127 -0.1686725   0.57254883
 -0.17509863  0.41588688 -0.61524806  0.11975541  0.34381369 -0.62598003
 -0.01004765 -0.22920072  0.070278   -0.29751654  0.27807944 -0.48674653
 -0.30140252 -0.82393818 -0.50263051 -0.2265861  -0.19780059]
4923,[ 0.20496224  0.10666569 -0.10326708  0.13423873  0.37207003  0.08670866
 -0.04089864  0.64766107  0.3480669  -0.5297759  -0.04487316 -0.11611278
  0.17873884  0.43371446 -0.32604952  0.23303688 -0.10726707 -0.61985322
  0.10229213  0.14606272 -0.47004744  0.20465314  0.26078559 -0.64629639
 -0.01942025  0.38240226  0.02825271  0.03782087 -0.55212156  0.53602446
  0.55174748  0.56405525  0.64328264  0.23325128 -0.16867232  0.57254888
 -0.17509882  0.41588676 -0.61524798  0.11975521  0.34381374 -0.62597969
 -0.01004804 -0.22920075  0.07027776 -0.29751661  0.27807969 -0.48674597
 -0.30140284 -0.82393814 -0.50263064 -0.22658605 -0.19780068]
4924,[ 0.20496257  0.10666582 -0.10326792  0.13423891  0.37207022  0.08670846
 -0.04089834  0.64766075  0.34806658 -0.52977576 -0.04487311 -0.11611242
  0.17873867  0.43371479 -0.32604953  0.23303716 -0.1072669  -0.61985311
  0.10229194  0.14606292 -0.47004747  0.20465296  0.26078553 -0.64629667
 -0.01942053  0.38240212  0.02825322  0.0378207  -0.55212178  0.53602493
  0.55174703  0.56405537  0.64328285  0.23325129 -0.16867215  0.57254893
 -0.17509901  0.41588663 -0.6152479   0.119755    0.34381378 -0.62597934
 -0.01004844 -0.22920078  0.07027753 -0.29751668  0.27807994 -0.48674541
 -0.30140316 -0.8239381  -0.50263077 -0.226586   -0.19780077]
4925,[ 0.2049629   0.10666596 -0.10326877  0.13423909  0.3720704   0.08670826
 -0.04089805  0.64766044  0.34806625 -0.52977562 -0.04487306 -0.11611207
  0.17873849  0.43371513 -0.32604954  0.23303743 -0.10726672 -0.61985301
  0.10229175  0.14606312 -0.4700475   0.20465278  0.26078547 -0.64629695
 -0.01942082  0.38240198  0.02825373  0.03782053 -0.55212201  0.5360254
  0.55174658  0.5640555   0.64328306  0.23325129 -0.16867198  0.57254898
 -0.1750992   0.41588651 -0.61524782  0.1197548   0.34381383 -0.625979
 -0.01004884 -0.22920082  0.0702773  -0.29751675  0.27808019 -0.48674486
 -0.30140348 -0.82393806 -0.5026309  -0.22658596 -0.19780086]
4926,[ 0.20496323  0.10666609 -0.10326961  0.13423927  0.37207059  0.08670806
 -0.04089775  0.64766012  0.34806593 -0.52977549 -0.04487302 -0.11611172
  0.17873832  0.43371546 -0.32604955  0.23303771 -0.10726655 -0.6198529
  0.10229157  0.14606331 -0.47004753  0.20465261  0.26078541 -0.64629722
 -0.01942111  0.38240184  0.02825425  0.03782036 -0.55212224  0.53602586
  0.55174613  0.56405562  0.64328326  0.2332513  -0.1686718   0.57254903
 -0.17509939  0.41588638 -0.61524775  0.1197546   0.34381387 -0.62597866
 -0.01004923 -0.22920085  0.07027706 -0.29751682  0.27808044 -0.4867443
 -0.3014038  -0.82393802 -0.50263103 -0.22658591 -0.19780095]
4927,[ 0.20496356  0.10666622 -0.10327045  0.13423945  0.37207078  0.08670786
 -0.04089746  0.64765981  0.3480656  -0.52977535 -0.04487297 -0.11611136
  0.17873814  0.43371579 -0.32604956  0.23303799 -0.10726637 -0.6198528
  0.10229138  0.14606351 -0.47004756  0.20465243  0.26078535 -0.6462975
 -0.01942139  0.38240171  0.02825476  0.03782019 -0.55212246  0.53602633
  0.55174569  0.56405574  0.64328347  0.23325131 -0.16867163  0.57254908
 -0.17509958  0.41588626 -0.61524767  0.11975439  0.34381392 -0.62597831
 -0.01004963 -0.22920088  0.07027683 -0.29751689  0.27808069 -0.48674374
 -0.30140411 -0.82393799 -0.50263116 -0.22658586 -0.19780104]
4928,[ 0.20496389  0.10666635 -0.10327129  0.13423964  0.37207097  0.08670765
 -0.04089716  0.64765949  0.34806528 -0.52977521 -0.04487292 -0.11611101
  0.17873797  0.43371612 -0.32604957  0.23303826 -0.1072662  -0.61985269
  0.10229119  0.14606371 -0.47004759  0.20465225  0.26078529 -0.64629778
 -0.01942168  0.38240157  0.02825527  0.03782002 -0.55212269  0.53602679
  0.55174524  0.56405586  0.64328367  0.23325132 -0.16867146  0.57254913
 -0.17509977  0.41588613 -0.61524759  0.11975419  0.34381396 -0.62597797
 -0.01005002 -0.22920092  0.0702766  -0.29751696  0.27808094 -0.48674318
 -0.30140443 -0.82393795 -0.50263129 -0.22658581 -0.19780113]
4929,[ 0.20496422  0.10666649 -0.10327213  0.13423982  0.37207116  0.08670745
 -0.04089687  0.64765918  0.34806495 -0.52977508 -0.04487287 -0.11611066
  0.1787378   0.43371645 -0.32604958  0.23303854 -0.10726602 -0.61985259
  0.10229101  0.14606391 -0.47004761  0.20465208  0.26078524 -0.64629806
 -0.01942196  0.38240143  0.02825578  0.03781984 -0.55212291  0.53602725
  0.55174479  0.56405598  0.64328388  0.23325133 -0.16867128  0.57254918
 -0.17509996  0.41588601 -0.61524751  0.11975399  0.34381401 -0.62597763
 -0.01005041 -0.22920095  0.07027636 -0.29751703  0.27808119 -0.48674263
 -0.30140475 -0.82393791 -0.50263141 -0.22658576 -0.19780123]
4930,[ 0.20496454  0.10666662 -0.10327297  0.13424     0.37207134  0.08670725
 -0.04089657  0.64765887  0.34806463 -0.52977494 -0.04487283 -0.11611031
  0.17873762  0.43371678 -0.32604959  0.23303882 -0.10726585 -0.61985248
  0.10229082  0.1460641  -0.47004764  0.2046519   0.26078518 -0.64629833
 -0.01942225  0.38240129  0.02825629  0.03781967 -0.55212314  0.53602772
  0.55174435  0.5640561   0.64328408  0.23325134 -0.16867111  0.57254922
 -0.17510014  0.41588588 -0.61524743  0.11975379  0.34381405 -0.62597729
 -0.01005081 -0.22920099  0.07027613 -0.29751709  0.27808144 -0.48674207
 -0.30140507 -0.82393787 -0.50263154 -0.22658571 -0.19780132]
4931,[ 0.20496487  0.10666675 -0.10327381  0.13424018  0.37207153  0.08670705
 -0.04089628  0.64765855  0.3480643  -0.5297748  -0.04487278 -0.11610995
  0.17873745  0.43371711 -0.3260496   0.23303909 -0.10726567 -0.61985238
  0.10229064  0.1460643  -0.47004767  0.20465173  0.26078512 -0.64629861
 -0.01942253  0.38240116  0.0282568   0.0378195  -0.55212336  0.53602818
  0.5517439   0.56405622  0.64328429  0.23325135 -0.16867094  0.57254927
 -0.17510033  0.41588576 -0.61524735  0.11975358  0.3438141  -0.62597695
 -0.0100512  -0.22920102  0.0702759  -0.29751716  0.27808169 -0.48674152
 -0.30140538 -0.82393783 -0.50263167 -0.22658567 -0.19780141]
4932,[ 0.2049652   0.10666688 -0.10327465  0.13424036  0.37207172  0.08670685
 -0.04089599  0.64765824  0.34806398 -0.52977467 -0.04487273 -0.1161096
  0.17873728  0.43371744 -0.32604961  0.23303937 -0.1072655  -0.61985227
  0.10229045  0.14606449 -0.4700477   0.20465155  0.26078506 -0.64629888
 -0.01942281  0.38240102  0.02825731  0.03781933 -0.55212359  0.53602864
  0.55174346  0.56405634  0.64328449  0.23325135 -0.16867076  0.57254932
 -0.17510052  0.41588563 -0.61524727  0.11975338  0.34381414 -0.62597661
 -0.01005159 -0.22920105  0.07027567 -0.29751723  0.27808193 -0.48674096
 -0.3014057  -0.82393779 -0.5026318  -0.22658562 -0.1978015 ]
4933,[ 0.20496552  0.10666701 -0.10327549  0.13424054  0.3720719   0.08670665
 -0.04089569  0.64765793  0.34806366 -0.52977453 -0.04487268 -0.11610925
  0.1787371   0.43371777 -0.32604962  0.23303964 -0.10726532 -0.61985217
  0.10229026  0.14606469 -0.47004773  0.20465138  0.260785   -0.64629916
 -0.0194231   0.38240089  0.02825782  0.03781916 -0.55212381  0.5360291
  0.55174301  0.56405646  0.64328469  0.23325136 -0.16867059  0.57254937
 -0.17510071  0.41588551 -0.61524719  0.11975318  0.34381419 -0.62597627
 -0.01005199 -0.22920109  0.07027544 -0.2975173   0.27808218 -0.48674041
 -0.30140602 -0.82393776 -0.50263193 -0.22658557 -0.19780159]
4934,[ 0.20496585  0.10666714 -0.10327632  0.13424072  0.37207209  0.08670645
 -0.0408954   0.64765762  0.34806334 -0.5297744  -0.04487264 -0.1161089
  0.17873693  0.4337181  -0.32604963  0.23303991 -0.10726515 -0.61985207
  0.10229008  0.14606489 -0.47004776  0.2046512   0.26078494 -0.64629943
 -0.01942338  0.38240075  0.02825833  0.03781899 -0.55212404  0.53602956
  0.55174257  0.56405658  0.6432849   0.23325137 -0.16867042  0.57254942
 -0.17510089  0.41588539 -0.61524711  0.11975298  0.34381424 -0.62597593
 -0.01005238 -0.22920112  0.0702752  -0.29751737  0.27808243 -0.48673986
 -0.30140633 -0.82393772 -0.50263206 -0.22658552 -0.19780168]
4935,[ 0.20496618  0.10666727 -0.10327716  0.1342409   0.37207228  0.08670625
 -0.04089511  0.6476573   0.34806301 -0.52977426 -0.04487259 -0.11610855
  0.17873676  0.43371843 -0.32604964  0.23304019 -0.10726498 -0.61985196
  0.10228989  0.14606508 -0.47004779  0.20465103  0.26078488 -0.64629971
 -0.01942366  0.38240061  0.02825883  0.03781882 -0.55212426  0.53603002
  0.55174213  0.5640567   0.6432851   0.23325138 -0.16867025  0.57254947
 -0.17510108  0.41588526 -0.61524703  0.11975278  0.34381428 -0.62597559
 -0.01005277 -0.22920115  0.07027497 -0.29751744  0.27808268 -0.48673931
 -0.30140665 -0.82393768 -0.50263219 -0.22658547 -0.19780177]
4936,[ 0.2049665   0.10666741 -0.10327799  0.13424108  0.37207246  0.08670605
 -0.04089482  0.64765699  0.34806269 -0.52977413 -0.04487254 -0.1161082
  0.17873659  0.43371876 -0.32604966  0.23304046 -0.1072648  -0.61985186
  0.10228971  0.14606528 -0.47004781  0.20465085  0.26078482 -0.64629998
 -0.01942394  0.38240048  0.02825934  0.03781865 -0.55212449  0.53603048
  0.55174169  0.56405682  0.64328531  0.23325139 -0.16867008  0.57254951
 -0.17510127  0.41588514 -0.61524695  0.11975258  0.34381433 -0.62597525
 -0.01005316 -0.22920119  0.07027474 -0.29751751  0.27808292 -0.48673875
 -0.30140696 -0.82393764 -0.50263231 -0.22658543 -0.19780186]
4937,[ 0.20496683  0.10666754 -0.10327882  0.13424126  0.37207265  0.08670585
 -0.04089452  0.64765668  0.34806237 -0.52977399 -0.0448725  -0.11610785
  0.17873641  0.43371909 -0.32604967  0.23304074 -0.10726463 -0.61985175
  0.10228953  0.14606547 -0.47004784  0.20465068  0.26078476 -0.64630026
 -0.01942423  0.38240034  0.02825985  0.03781848 -0.55212471  0.53603094
  0.55174124  0.56405694  0.64328551  0.2332514  -0.16866991  0.57254956
 -0.17510146  0.41588502 -0.61524688  0.11975238  0.34381437 -0.62597491
 -0.01005355 -0.22920122  0.07027451 -0.29751757  0.27808317 -0.4867382
 -0.30140728 -0.8239376  -0.50263244 -0.22658538 -0.19780195]
4938,[ 0.20496715  0.10666767 -0.10327965  0.13424144  0.37207283  0.08670566
 -0.04089423  0.64765637  0.34806205 -0.52977385 -0.04487245 -0.11610751
  0.17873624  0.43371941 -0.32604968  0.23304101 -0.10726446 -0.61985165
  0.10228934  0.14606567 -0.47004787  0.2046505   0.26078471 -0.64630053
 -0.01942451  0.38240021  0.02826035  0.03781832 -0.55212493  0.5360314
  0.5517408   0.56405706  0.64328571  0.2332514  -0.16866973  0.57254961
 -0.17510164  0.41588489 -0.6152468   0.11975218  0.34381442 -0.62597457
 -0.01005394 -0.22920125  0.07027428 -0.29751764  0.27808342 -0.48673765
 -0.30140759 -0.82393756 -0.50263257 -0.22658533 -0.19780204]
4939,[ 0.20496747  0.1066678  -0.10328049  0.13424162  0.37207302  0.08670546
 -0.04089394  0.64765606  0.34806173 -0.52977372 -0.0448724  -0.11610716
  0.17873607  0.43371974 -0.32604969  0.23304128 -0.10726428 -0.61985155
  0.10228916  0.14606586 -0.4700479   0.20465033  0.26078465 -0.64630081
 -0.01942479  0.38240007  0.02826086  0.03781815 -0.55212516  0.53603186
  0.55174036  0.56405718  0.64328591  0.23325141 -0.16866956  0.57254966
 -0.17510183  0.41588477 -0.61524672  0.11975197  0.34381446 -0.62597423
 -0.01005433 -0.22920129  0.07027405 -0.29751771  0.27808366 -0.4867371
 -0.30140791 -0.82393753 -0.5026327  -0.22658528 -0.19780213]
4940,[ 0.2049678   0.10666793 -0.10328132  0.1342418   0.3720732   0.08670526
 -0.04089365  0.64765575  0.34806141 -0.52977358 -0.04487235 -0.11610681
  0.1787359   0.43372007 -0.3260497   0.23304156 -0.10726411 -0.61985144
  0.10228897  0.14606606 -0.47004793  0.20465016  0.26078459 -0.64630108
 -0.01942507  0.38239993  0.02826136  0.03781798 -0.55212538  0.53603232
  0.55173992  0.56405729  0.64328612  0.23325142 -0.16866939  0.57254971
 -0.17510201  0.41588464 -0.61524664  0.11975177  0.34381451 -0.62597389
 -0.01005472 -0.22920132  0.07027382 -0.29751778  0.27808391 -0.48673655
 -0.30140822 -0.82393749 -0.50263283 -0.22658524 -0.19780222]
4941,[ 0.20496812  0.10666806 -0.10328214  0.13424198  0.37207339  0.08670506
 -0.04089336  0.64765544  0.34806109 -0.52977345 -0.04487231 -0.11610646
  0.17873573  0.43372039 -0.32604971  0.23304183 -0.10726394 -0.61985134
  0.10228879  0.14606625 -0.47004796  0.20464998  0.26078453 -0.64630135
 -0.01942535  0.3823998   0.02826187  0.03781781 -0.5521256   0.53603277
  0.55173948  0.56405741  0.64328632  0.23325143 -0.16866922  0.57254975
 -0.1751022   0.41588452 -0.61524656  0.11975157  0.34381455 -0.62597355
 -0.01005511 -0.22920135  0.07027359 -0.29751784  0.27808416 -0.48673601
 -0.30140854 -0.82393745 -0.50263295 -0.22658519 -0.19780231]
4942,[ 0.20496845  0.10666819 -0.10328297  0.13424216  0.37207357  0.08670486
 -0.04089307  0.64765513  0.34806077 -0.52977332 -0.04487226 -0.11610612
  0.17873556  0.43372072 -0.32604972  0.2330421  -0.10726376 -0.61985124
  0.10228861  0.14606644 -0.47004798  0.20464981  0.26078447 -0.64630162
 -0.01942563  0.38239966  0.02826237  0.03781764 -0.55212583  0.53603323
  0.55173904  0.56405753  0.64328652  0.23325144 -0.16866905  0.5725498
 -0.17510239  0.4158844  -0.61524648  0.11975138  0.34381459 -0.62597322
 -0.0100555  -0.22920139  0.07027336 -0.29751791  0.2780844  -0.48673546
 -0.30140885 -0.82393741 -0.50263308 -0.22658514 -0.1978024 ]
4943,[ 0.20496877  0.10666832 -0.1032838   0.13424234  0.37207376  0.08670466
 -0.04089278  0.64765482  0.34806045 -0.52977318 -0.04487221 -0.11610577
  0.17873539  0.43372105 -0.32604973  0.23304237 -0.10726359 -0.61985113
  0.10228842  0.14606664 -0.47004801  0.20464964  0.26078441 -0.6463019
 -0.01942591  0.38239953  0.02826288  0.03781747 -0.55212605  0.53603369
  0.5517386   0.56405765  0.64328672  0.23325145 -0.16866888  0.57254985
 -0.17510257  0.41588428 -0.61524641  0.11975118  0.34381464 -0.62597288
 -0.01005589 -0.22920142  0.07027313 -0.29751798  0.27808465 -0.48673491
 -0.30140916 -0.82393737 -0.50263321 -0.22658509 -0.19780249]
4944,[ 0.20496909  0.10666845 -0.10328463  0.13424252  0.37207394  0.08670447
 -0.04089249  0.64765451  0.34806013 -0.52977305 -0.04487217 -0.11610542
  0.17873521  0.43372137 -0.32604974  0.23304264 -0.10726342 -0.61985103
  0.10228824  0.14606683 -0.47004804  0.20464946  0.26078435 -0.64630217
 -0.01942619  0.3823994   0.02826338  0.0378173  -0.55212627  0.53603414
  0.55173816  0.56405777  0.64328692  0.23325146 -0.16866871  0.5725499
 -0.17510276  0.41588415 -0.61524633  0.11975098  0.34381468 -0.62597254
 -0.01005627 -0.22920145  0.0702729  -0.29751805  0.27808489 -0.48673436
 -0.30140947 -0.82393734 -0.50263333 -0.22658505 -0.19780258]
4945,[ 0.20496941  0.10666858 -0.10328545  0.13424269  0.37207413  0.08670427
 -0.0408922   0.6476542   0.34805981 -0.52977291 -0.04487212 -0.11610508
  0.17873504  0.4337217  -0.32604975  0.23304291 -0.10726325 -0.61985093
  0.10228806  0.14606702 -0.47004807  0.20464929  0.2607843  -0.64630244
 -0.01942647  0.38239926  0.02826388  0.03781714 -0.55212649  0.5360346
  0.55173773  0.56405789  0.64328713  0.23325146 -0.16866854  0.57254995
 -0.17510294  0.41588403 -0.61524625  0.11975078  0.34381473 -0.62597221
 -0.01005666 -0.22920148  0.07027267 -0.29751812  0.27808514 -0.48673382
 -0.30140979 -0.8239373  -0.50263346 -0.226585   -0.19780267]
4946,[ 0.20496973  0.10666871 -0.10328628  0.13424287  0.37207431  0.08670407
 -0.04089191  0.6476539   0.3480595  -0.52977278 -0.04487207 -0.11610473
  0.17873487  0.43372202 -0.32604976  0.23304318 -0.10726308 -0.61985082
  0.10228788  0.14606722 -0.4700481   0.20464912  0.26078424 -0.64630271
 -0.01942675  0.38239913  0.02826438  0.03781697 -0.55212671  0.53603505
  0.55173729  0.56405801  0.64328733  0.23325147 -0.16866837  0.57254999
 -0.17510313  0.41588391 -0.61524617  0.11975058  0.34381477 -0.62597187
 -0.01005705 -0.22920152  0.07027245 -0.29751818  0.27808538 -0.48673327
 -0.3014101  -0.82393726 -0.50263359 -0.22658495 -0.19780276]
4947,[ 0.20497006  0.10666884 -0.1032871   0.13424305  0.37207449  0.08670388
 -0.04089162  0.64765359  0.34805918 -0.52977264 -0.04487203 -0.11610439
  0.1787347   0.43372234 -0.32604977  0.23304345 -0.10726291 -0.61985072
  0.10228769  0.14606741 -0.47004813  0.20464895  0.26078418 -0.64630298
 -0.01942703  0.38239899  0.02826488  0.0378168  -0.55212693  0.53603551
  0.55173685  0.56405812  0.64328753  0.23325148 -0.1686682   0.57255004
 -0.17510331  0.41588379 -0.6152461   0.11975038  0.34381482 -0.62597154
 -0.01005743 -0.22920155  0.07027222 -0.29751825  0.27808562 -0.48673273
 -0.30141041 -0.82393722 -0.50263371 -0.2265849  -0.19780284]
4948,[ 0.20497038  0.10666896 -0.10328792  0.13424323  0.37207468  0.08670368
 -0.04089134  0.64765328  0.34805886 -0.52977251 -0.04487198 -0.11610404
  0.17873453  0.43372267 -0.32604978  0.23304372 -0.10726273 -0.61985062
  0.10228751  0.1460676  -0.47004815  0.20464878  0.26078412 -0.64630325
 -0.01942731  0.38239886  0.02826538  0.03781663 -0.55212715  0.53603596
  0.55173642  0.56405824  0.64328773  0.23325149 -0.16866803  0.57255009
 -0.1751035   0.41588366 -0.61524602  0.11975018  0.34381486 -0.6259712
 -0.01005782 -0.22920158  0.07027199 -0.29751832  0.27808587 -0.48673218
 -0.30141072 -0.82393719 -0.50263384 -0.22658486 -0.19780293]
4949,[ 0.2049707   0.10666909 -0.10328874  0.1342434   0.37207486  0.08670348
 -0.04089105  0.64765297  0.34805854 -0.52977238 -0.04487193 -0.1161037
  0.17873436  0.43372299 -0.32604979  0.23304399 -0.10726256 -0.61985052
  0.10228733  0.1460678  -0.47004818  0.2046486   0.26078406 -0.64630352
 -0.01942759  0.38239872  0.02826588  0.03781647 -0.55212738  0.53603641
  0.55173598  0.56405836  0.64328793  0.2332515  -0.16866786  0.57255014
 -0.17510368  0.41588354 -0.61524594  0.11974998  0.34381491 -0.62597087
 -0.0100582  -0.22920162  0.07027176 -0.29751838  0.27808611 -0.48673164
 -0.30141103 -0.82393715 -0.50263397 -0.22658481 -0.19780302]
4950,[ 0.20497102  0.10666922 -0.10328956  0.13424358  0.37207504  0.08670329
 -0.04089076  0.64765267  0.34805823 -0.52977224 -0.04487189 -0.11610335
  0.17873419  0.43372332 -0.32604979  0.23304426 -0.10726239 -0.61985041
  0.10228715  0.14606799 -0.47004821  0.20464843  0.26078401 -0.64630379
 -0.01942786  0.38239859  0.02826638  0.0378163  -0.5521276   0.53603687
  0.55173554  0.56405848  0.64328813  0.23325151 -0.16866769  0.57255018
 -0.17510386  0.41588342 -0.61524586  0.11974979  0.34381495 -0.62597053
 -0.01005859 -0.22920165  0.07027153 -0.29751845  0.27808636 -0.4867311
 -0.30141134 -0.82393711 -0.50263409 -0.22658476 -0.19780311]
4951,[ 0.20497134  0.10666935 -0.10329038  0.13424376  0.37207523  0.08670309
 -0.04089047  0.64765236  0.34805791 -0.52977211 -0.04487184 -0.11610301
  0.17873402  0.43372364 -0.3260498   0.23304453 -0.10726222 -0.61985031
  0.10228697  0.14606818 -0.47004824  0.20464826  0.26078395 -0.64630406
 -0.01942814  0.38239846  0.02826688  0.03781613 -0.55212782  0.53603732
  0.55173511  0.5640586   0.64328833  0.23325151 -0.16866753  0.57255023
 -0.17510405  0.4158833  -0.61524579  0.11974959  0.343815   -0.6259702
 -0.01005897 -0.22920168  0.07027131 -0.29751852  0.2780866  -0.48673056
 -0.30141165 -0.82393707 -0.50263422 -0.22658472 -0.1978032 ]
4952,[ 0.20497166  0.10666948 -0.1032912   0.13424394  0.37207541  0.08670289
 -0.04089019  0.64765206  0.34805759 -0.52977198 -0.0448718  -0.11610267
  0.17873386  0.43372396 -0.32604981  0.2330448  -0.10726205 -0.61985021
  0.10228678  0.14606837 -0.47004827  0.20464809  0.26078389 -0.64630433
 -0.01942842  0.38239832  0.02826738  0.03781597 -0.55212804  0.53603777
  0.55173467  0.56405871  0.64328853  0.23325152 -0.16866736  0.57255028
 -0.17510423  0.41588318 -0.61524571  0.11974939  0.34381504 -0.62596987
 -0.01005936 -0.22920171  0.07027108 -0.29751859  0.27808684 -0.48673001
 -0.30141196 -0.82393703 -0.50263434 -0.22658467 -0.19780329]
4953,[ 0.20497198  0.10666961 -0.10329202  0.13424411  0.37207559  0.0867027
 -0.0408899   0.64765175  0.34805728 -0.52977185 -0.04487175 -0.11610232
  0.17873369  0.43372428 -0.32604982  0.23304507 -0.10726188 -0.61985011
  0.1022866   0.14606856 -0.47004829  0.20464792  0.26078383 -0.6463046
 -0.0194287   0.38239819  0.02826787  0.0378158  -0.55212826  0.53603822
  0.55173424  0.56405883  0.64328873  0.23325153 -0.16866719  0.57255033
 -0.17510441  0.41588306 -0.61524563  0.11974919  0.34381508 -0.62596953
 -0.01005974 -0.22920175  0.07027085 -0.29751865  0.27808708 -0.48672947
 -0.30141227 -0.823937   -0.50263447 -0.22658462 -0.19780338]
4954,[ 0.20497229  0.10666974 -0.10329284  0.13424429  0.37207577  0.0867025
 -0.04088961  0.64765144  0.34805696 -0.52977171 -0.0448717  -0.11610198
  0.17873352  0.4337246  -0.32604983  0.23304534 -0.10726171 -0.61985001
  0.10228642  0.14606875 -0.47004832  0.20464775  0.26078378 -0.64630487
 -0.01942897  0.38239806  0.02826837  0.03781563 -0.55212848  0.53603867
  0.55173381  0.56405895  0.64328893  0.23325154 -0.16866702  0.57255037
 -0.1751046   0.41588293 -0.61524555  0.119749    0.34381513 -0.6259692
 -0.01006012 -0.22920178  0.07027063 -0.29751872  0.27808733 -0.48672893
 -0.30141258 -0.82393696 -0.5026346  -0.22658458 -0.19780347]
4955,[ 0.20497261  0.10666986 -0.10329365  0.13424447  0.37207595  0.08670231
 -0.04088933  0.64765114  0.34805665 -0.52977158 -0.04487166 -0.11610164
  0.17873335  0.43372493 -0.32604984  0.23304561 -0.10726154 -0.6198499
  0.10228624  0.14606895 -0.47004835  0.20464758  0.26078372 -0.64630514
 -0.01942925  0.38239792  0.02826887  0.03781547 -0.55212869  0.53603912
  0.55173337  0.56405906  0.64328913  0.23325155 -0.16866685  0.57255042
 -0.17510478  0.41588281 -0.61524548  0.1197488   0.34381517 -0.62596887
 -0.01006051 -0.22920181  0.0702704  -0.29751879  0.27808757 -0.48672839
 -0.30141289 -0.82393692 -0.50263472 -0.22658453 -0.19780355]
4956,[ 0.20497293  0.10666999 -0.10329447  0.13424464  0.37207614  0.08670211
 -0.04088904  0.64765083  0.34805633 -0.52977145 -0.04487161 -0.1161013
  0.17873318  0.43372525 -0.32604985  0.23304588 -0.10726137 -0.6198498
  0.10228606  0.14606914 -0.47004838  0.20464741  0.26078366 -0.64630541
 -0.01942953  0.38239779  0.02826936  0.0378153  -0.55212891  0.53603957
  0.55173294  0.56405918  0.64328933  0.23325155 -0.16866668  0.57255047
 -0.17510496  0.41588269 -0.6152454   0.1197486   0.34381522 -0.62596854
 -0.01006089 -0.22920184  0.07027018 -0.29751885  0.27808781 -0.48672785
 -0.3014132  -0.82393689 -0.50263485 -0.22658448 -0.19780364]
4957,[ 0.20497325  0.10667012 -0.10329528  0.13424482  0.37207632  0.08670192
 -0.04088876  0.64765053  0.34805602 -0.52977131 -0.04487156 -0.11610096
  0.17873301  0.43372557 -0.32604986  0.23304614 -0.1072612  -0.6198497
  0.10228588  0.14606933 -0.4700484   0.20464724  0.2607836  -0.64630568
 -0.0194298   0.38239766  0.02826986  0.03781514 -0.55212913  0.53604002
  0.55173251  0.5640593   0.64328952  0.23325156 -0.16866652  0.57255051
 -0.17510515  0.41588257 -0.61524532  0.11974841  0.34381526 -0.62596821
 -0.01006127 -0.22920188  0.07026995 -0.29751892  0.27808805 -0.48672731
 -0.3014135  -0.82393685 -0.50263497 -0.22658444 -0.19780373]
4958,[ 0.20497357  0.10667025 -0.1032961   0.13424499  0.3720765   0.08670172
 -0.04088847  0.64765023  0.34805571 -0.52977118 -0.04487152 -0.11610061
  0.17873284  0.43372589 -0.32604987  0.23304641 -0.10726103 -0.6198496
  0.1022857   0.14606952 -0.47004843  0.20464707  0.26078355 -0.64630594
 -0.01943008  0.38239753  0.02827035  0.03781497 -0.55212935  0.53604047
  0.55173208  0.56405941  0.64328972  0.23325157 -0.16866635  0.57255056
 -0.17510533  0.41588245 -0.61524525  0.11974821  0.3438153  -0.62596788
 -0.01006165 -0.22920191  0.07026972 -0.29751899  0.27808829 -0.48672678
 -0.30141381 -0.82393681 -0.5026351  -0.22658439 -0.19780382]
4959,[ 0.20497388  0.10667038 -0.10329691  0.13424517  0.37207668  0.08670153
 -0.04088819  0.64764992  0.34805539 -0.52977105 -0.04487147 -0.11610027
  0.17873268  0.43372621 -0.32604988  0.23304668 -0.10726086 -0.6198495
  0.10228552  0.14606971 -0.47004846  0.2046469   0.26078349 -0.64630621
 -0.01943035  0.38239739  0.02827085  0.03781481 -0.55212957  0.53604092
  0.55173165  0.56405953  0.64328992  0.23325158 -0.16866618  0.57255061
 -0.17510551  0.41588233 -0.61524517  0.11974801  0.34381535 -0.62596755
 -0.01006203 -0.22920194  0.0702695  -0.29751905  0.27808853 -0.48672624
 -0.30141412 -0.82393677 -0.50263522 -0.22658434 -0.19780391]
4960,[ 0.2049742   0.1066705  -0.10329772  0.13424534  0.37207686  0.08670134
 -0.0408879   0.64764962  0.34805508 -0.52977092 -0.04487143 -0.11609993
  0.17873251  0.43372653 -0.32604989  0.23304694 -0.1072607  -0.6198494
  0.10228534  0.1460699  -0.47004849  0.20464673  0.26078343 -0.64630648
 -0.01943063  0.38239726  0.02827134  0.03781464 -0.55212979  0.53604136
  0.55173122  0.56405965  0.64329012  0.23325159 -0.16866602  0.57255065
 -0.17510569  0.41588221 -0.61524509  0.11974782  0.34381539 -0.62596721
 -0.01006241 -0.22920197  0.07026927 -0.29751912  0.27808877 -0.4867257
 -0.30141442 -0.82393674 -0.50263535 -0.2265843  -0.19780399]
4961,[ 0.20497452  0.10667063 -0.10329853  0.13424552  0.37207704  0.08670114
 -0.04088762  0.64764932  0.34805477 -0.52977079 -0.04487138 -0.11609959
  0.17873234  0.43372685 -0.3260499   0.23304721 -0.10726053 -0.6198493
  0.10228516  0.14607009 -0.47004852  0.20464656  0.26078337 -0.64630675
 -0.0194309   0.38239713  0.02827183  0.03781448 -0.55213     0.53604181
  0.55173079  0.56405976  0.64329032  0.2332516  -0.16866585  0.5725507
 -0.17510587  0.41588209 -0.61524502  0.11974762  0.34381544 -0.62596688
 -0.01006279 -0.22920201  0.07026905 -0.29751918  0.27808901 -0.48672517
 -0.30141473 -0.8239367  -0.50263547 -0.22658425 -0.19780408]
4962,[ 0.20497483  0.10667076 -0.10329934  0.13424569  0.37207722  0.08670095
 -0.04088733  0.64764901  0.34805445 -0.52977066 -0.04487133 -0.11609925
  0.17873217  0.43372717 -0.32604991  0.23304748 -0.10726036 -0.6198492
  0.10228498  0.14607028 -0.47004854  0.20464639  0.26078332 -0.64630701
 -0.01943118  0.382397    0.02827233  0.03781431 -0.55213022  0.53604226
  0.55173036  0.56405988  0.64329051  0.2332516  -0.16866568  0.57255075
 -0.17510606  0.41588197 -0.61524494  0.11974743  0.34381548 -0.62596656
 -0.01006317 -0.22920204  0.07026883 -0.29751925  0.27808925 -0.48672463
 -0.30141504 -0.82393666 -0.50263559 -0.2265842  -0.19780417]
4963,[ 0.20497515  0.10667088 -0.10330015  0.13424587  0.3720774   0.08670076
 -0.04088705  0.64764871  0.34805414 -0.52977052 -0.04487129 -0.11609892
  0.17873201  0.43372748 -0.32604992  0.23304774 -0.10726019 -0.61984909
  0.1022848   0.14607047 -0.47004857  0.20464622  0.26078326 -0.64630728
 -0.01943145  0.38239687  0.02827282  0.03781415 -0.55213044  0.5360427
  0.55172993  0.56406     0.64329071  0.23325161 -0.16866552  0.5725508
 -0.17510624  0.41588185 -0.61524486  0.11974723  0.34381552 -0.62596623
 -0.01006355 -0.22920207  0.0702686  -0.29751932  0.27808949 -0.4867241
 -0.30141534 -0.82393662 -0.50263572 -0.22658416 -0.19780426]
4964,[ 0.20497546  0.10667101 -0.10330096  0.13424604  0.37207758  0.08670056
 -0.04088677  0.64764841  0.34805383 -0.52977039 -0.04487124 -0.11609858
  0.17873184  0.4337278  -0.32604993  0.23304801 -0.10726002 -0.61984899
  0.10228463  0.14607066 -0.4700486   0.20464605  0.2607832  -0.64630755
 -0.01943172  0.38239673  0.02827331  0.03781398 -0.55213066  0.53604315
  0.5517295   0.56406011  0.64329091  0.23325162 -0.16866535  0.57255084
 -0.17510642  0.41588173 -0.61524479  0.11974704  0.34381557 -0.6259659
 -0.01006393 -0.2292021   0.07026838 -0.29751938  0.27808973 -0.48672356
 -0.30141565 -0.82393659 -0.50263584 -0.22658411 -0.19780434]
4965,[ 0.20497578  0.10667114 -0.10330176  0.13424622  0.37207776  0.08670037
 -0.04088649  0.64764811  0.34805352 -0.52977026 -0.0448712  -0.11609824
  0.17873167  0.43372812 -0.32604994  0.23304827 -0.10725985 -0.61984889
  0.10228445  0.14607085 -0.47004863  0.20464588  0.26078315 -0.64630781
 -0.019432    0.3823966   0.0282738   0.03781382 -0.55213087  0.5360436
  0.55172907  0.56406023  0.6432911   0.23325163 -0.16866518  0.57255089
 -0.1751066   0.41588161 -0.61524471  0.11974684  0.34381561 -0.62596557
 -0.01006431 -0.22920214  0.07026815 -0.29751945  0.27808997 -0.48672303
 -0.30141595 -0.82393655 -0.50263597 -0.22658406 -0.19780443]
4966,[ 0.20497609  0.10667126 -0.10330257  0.13424639  0.37207794  0.08670018
 -0.0408862   0.64764781  0.34805321 -0.52977013 -0.04487115 -0.1160979
  0.17873151  0.43372844 -0.32604995  0.23304854 -0.10725969 -0.61984879
  0.10228427  0.14607103 -0.47004865  0.20464571  0.26078309 -0.64630808
 -0.01943227  0.38239647  0.02827429  0.03781366 -0.55213109  0.53604404
  0.55172864  0.56406034  0.6432913   0.23325164 -0.16866502  0.57255094
 -0.17510678  0.41588149 -0.61524464  0.11974665  0.34381565 -0.62596524
 -0.01006469 -0.22920217  0.07026793 -0.29751952  0.27809021 -0.48672249
 -0.30141626 -0.82393651 -0.50263609 -0.22658402 -0.19780452]
4967,[ 0.20497641  0.10667139 -0.10330337  0.13424657  0.37207812  0.08669998
 -0.04088592  0.64764751  0.3480529  -0.52977    -0.04487111 -0.11609756
  0.17873134  0.43372875 -0.32604996  0.2330488  -0.10725952 -0.61984869
  0.10228409  0.14607122 -0.47004868  0.20464554  0.26078303 -0.64630834
 -0.01943254  0.38239634  0.02827478  0.03781349 -0.55213131  0.53604448
  0.55172822  0.56406046  0.6432915   0.23325165 -0.16866485  0.57255098
 -0.17510696  0.41588137 -0.61524456  0.11974646  0.3438157  -0.62596491
 -0.01006507 -0.2292022   0.07026771 -0.29751958  0.27809045 -0.48672196
 -0.30141656 -0.82393648 -0.50263621 -0.22658397 -0.19780461]
4968,[ 0.20497672  0.10667152 -0.10330418  0.13424674  0.3720783   0.08669979
 -0.04088564  0.64764721  0.34805259 -0.52976987 -0.04487106 -0.11609723
  0.17873117  0.43372907 -0.32604997  0.23304906 -0.10725935 -0.61984859
  0.10228391  0.14607141 -0.47004871  0.20464538  0.26078298 -0.64630861
 -0.01943281  0.38239621  0.02827527  0.03781333 -0.55213152  0.53604493
  0.55172779  0.56406057  0.64329169  0.23325165 -0.16866469  0.57255103
 -0.17510714  0.41588125 -0.61524448  0.11974626  0.34381574 -0.62596459
 -0.01006544 -0.22920223  0.07026748 -0.29751965  0.27809069 -0.48672143
 -0.30141687 -0.82393644 -0.50263634 -0.22658393 -0.19780469]
4969,[ 0.20497703  0.10667164 -0.10330498  0.13424691  0.37207848  0.0866996
 -0.04088536  0.64764691  0.34805228 -0.52976974 -0.04487102 -0.11609689
  0.17873101  0.43372939 -0.32604998  0.23304933 -0.10725918 -0.61984849
  0.10228373  0.1460716  -0.47004874  0.20464521  0.26078292 -0.64630887
 -0.01943309  0.38239608  0.02827576  0.03781317 -0.55213174  0.53604537
  0.55172736  0.56406069  0.64329189  0.23325166 -0.16866452  0.57255107
 -0.17510732  0.41588113 -0.61524441  0.11974607  0.34381578 -0.62596426
 -0.01006582 -0.22920227  0.07026726 -0.29751971  0.27809093 -0.4867209
 -0.30141717 -0.8239364  -0.50263646 -0.22658388 -0.19780478]
4970,[ 0.20497735  0.10667177 -0.10330578  0.13424709  0.37207866  0.08669941
 -0.04088508  0.64764661  0.34805197 -0.52976961 -0.04487097 -0.11609655
  0.17873084  0.4337297  -0.32604999  0.23304959 -0.10725902 -0.61984839
  0.10228356  0.14607179 -0.47004876  0.20464504  0.26078286 -0.64630913
 -0.01943336  0.38239595  0.02827625  0.037813   -0.55213195  0.53604581
  0.55172694  0.5640608   0.64329209  0.23325167 -0.16866436  0.57255112
 -0.1751075   0.41588101 -0.61524433  0.11974587  0.34381583 -0.62596393
 -0.0100662  -0.2292023   0.07026704 -0.29751978  0.27809116 -0.48672037
 -0.30141747 -0.82393637 -0.50263658 -0.22658383 -0.19780487]
4971,[ 0.20497766  0.1066719  -0.10330659  0.13424726  0.37207884  0.08669922
 -0.0408848   0.64764631  0.34805166 -0.52976948 -0.04487092 -0.11609622
  0.17873068  0.43373002 -0.32605     0.23304986 -0.10725885 -0.61984829
  0.10228338  0.14607198 -0.47004879  0.20464487  0.26078281 -0.6463094
 -0.01943363  0.38239582  0.02827673  0.03781284 -0.55213217  0.53604625
  0.55172651  0.56406092  0.64329228  0.23325168 -0.16866419  0.57255117
 -0.17510768  0.41588089 -0.61524426  0.11974568  0.34381587 -0.62596361
 -0.01006657 -0.22920233  0.07026682 -0.29751984  0.2780914  -0.48671984
 -0.30141778 -0.82393633 -0.50263671 -0.22658379 -0.19780495]
4972,[ 0.20497797  0.10667202 -0.10330739  0.13424743  0.37207902  0.08669902
 -0.04088451  0.64764601  0.34805135 -0.52976935 -0.04487088 -0.11609588
  0.17873051  0.43373033 -0.32605001  0.23305012 -0.10725868 -0.61984819
  0.1022832   0.14607216 -0.47004882  0.2046447   0.26078275 -0.64630966
 -0.0194339   0.38239569  0.02827722  0.03781268 -0.55213238  0.5360467
  0.55172609  0.56406103  0.64329248  0.23325169 -0.16866403  0.57255121
 -0.17510786  0.41588077 -0.61524418  0.11974549  0.34381591 -0.62596328
 -0.01006695 -0.22920236  0.0702666  -0.29751991  0.27809164 -0.48671931
 -0.30141808 -0.82393629 -0.50263683 -0.22658374 -0.19780504]
4973,[ 0.20497828  0.10667215 -0.10330819  0.1342476   0.3720792   0.08669883
 -0.04088423  0.64764571  0.34805104 -0.52976922 -0.04487083 -0.11609555
  0.17873034  0.43373065 -0.32605002  0.23305038 -0.10725852 -0.61984809
  0.10228302  0.14607235 -0.47004885  0.20464454  0.26078269 -0.64630993
 -0.01943417  0.38239555  0.02827771  0.03781251 -0.5521326   0.53604714
  0.55172566  0.56406115  0.64329267  0.23325169 -0.16866386  0.57255126
 -0.17510804  0.41588066 -0.61524411  0.1197453   0.34381596 -0.62596295
 -0.01006732 -0.22920239  0.07026637 -0.29751997  0.27809188 -0.48671878
 -0.30141838 -0.82393626 -0.50263695 -0.2265837  -0.19780513]
4974,[ 0.2049786   0.10667227 -0.10330898  0.13424778  0.37207937  0.08669864
 -0.04088395  0.64764541  0.34805073 -0.52976909 -0.04487079 -0.11609521
  0.17873018  0.43373096 -0.32605003  0.23305064 -0.10725835 -0.61984799
  0.10228285  0.14607254 -0.47004887  0.20464437  0.26078264 -0.64631019
 -0.01943444  0.38239542  0.02827819  0.03781235 -0.55213281  0.53604758
  0.55172524  0.56406126  0.64329287  0.2332517  -0.1686637   0.57255131
 -0.17510822  0.41588054 -0.61524403  0.1197451   0.343816   -0.62596263
 -0.0100677  -0.22920243  0.07026615 -0.29752004  0.27809211 -0.48671825
 -0.30141868 -0.82393622 -0.50263708 -0.22658365 -0.19780521]
4975,[ 0.20497891  0.1066724  -0.10330978  0.13424795  0.37207955  0.08669845
 -0.04088367  0.64764511  0.34805043 -0.52976896 -0.04487074 -0.11609488
  0.17873001  0.43373128 -0.32605004  0.23305091 -0.10725819 -0.61984789
  0.10228267  0.14607272 -0.4700489   0.2046442   0.26078258 -0.64631045
 -0.01943471  0.38239529  0.02827868  0.03781219 -0.55213303  0.53604802
  0.55172481  0.56406138  0.64329306  0.23325171 -0.16866353  0.57255135
 -0.1751084   0.41588042 -0.61524396  0.11974491  0.34381604 -0.6259623
 -0.01006807 -0.22920246  0.07026593 -0.2975201   0.27809235 -0.48671772
 -0.30141899 -0.82393618 -0.5026372  -0.22658361 -0.1978053 ]
4976,[ 0.20497922  0.10667252 -0.10331058  0.13424812  0.37207973  0.08669826
 -0.0408834   0.64764481  0.34805012 -0.52976883 -0.0448707  -0.11609454
  0.17872985  0.43373159 -0.32605005  0.23305117 -0.10725802 -0.61984779
  0.10228249  0.14607291 -0.47004893  0.20464404  0.26078252 -0.64631071
 -0.01943498  0.38239516  0.02827916  0.03781203 -0.55213324  0.53604846
  0.55172439  0.56406149  0.64329326  0.23325172 -0.16866337  0.5725514
 -0.17510858  0.4158803  -0.61524388  0.11974472  0.34381609 -0.62596198
 -0.01006844 -0.22920249  0.07026571 -0.29752017  0.27809259 -0.4867172
 -0.30141929 -0.82393615 -0.50263732 -0.22658356 -0.19780538]
4977,[ 0.20497953  0.10667265 -0.10331138  0.13424829  0.37207991  0.08669807
 -0.04088312  0.64764452  0.34804981 -0.5297687  -0.04487065 -0.11609421
  0.17872968  0.43373191 -0.32605006  0.23305143 -0.10725785 -0.61984769
  0.10228232  0.1460731  -0.47004895  0.20464387  0.26078247 -0.64631098
 -0.01943525  0.38239503  0.02827965  0.03781187 -0.55213345  0.5360489
  0.55172397  0.56406161  0.64329345  0.23325173 -0.1686632   0.57255144
 -0.17510875  0.41588018 -0.61524381  0.11974453  0.34381613 -0.62596166
 -0.01006882 -0.22920252  0.07026549 -0.29752024  0.27809282 -0.48671667
 -0.30141959 -0.82393611 -0.50263744 -0.22658351 -0.19780547]
4978,[ 0.20497984  0.10667277 -0.10331217  0.13424846  0.37208008  0.08669788
 -0.04088284  0.64764422  0.3480495  -0.52976857 -0.04487061 -0.11609388
  0.17872952  0.43373222 -0.32605007  0.23305169 -0.10725769 -0.6198476
  0.10228214  0.14607328 -0.47004898  0.2046437   0.26078241 -0.64631124
 -0.01943552  0.38239491  0.02828013  0.0378117  -0.55213367  0.53604934
  0.55172355  0.56406172  0.64329364  0.23325173 -0.16866304  0.57255149
 -0.17510893  0.41588006 -0.61524373  0.11974433  0.34381617 -0.62596133
 -0.01006919 -0.22920255  0.07026527 -0.2975203   0.27809306 -0.48671614
 -0.30141989 -0.82393607 -0.50263757 -0.22658347 -0.19780556]
4979,[ 0.20498015  0.1066729  -0.10331297  0.13424864  0.37208026  0.08669769
 -0.04088256  0.64764392  0.3480492  -0.52976844 -0.04487056 -0.11609354
  0.17872936  0.43373253 -0.32605008  0.23305195 -0.10725752 -0.6198475
  0.10228197  0.14607347 -0.47004901  0.20464354  0.26078236 -0.6463115
 -0.01943579  0.38239478  0.02828061  0.03781154 -0.55213388  0.53604977
  0.55172313  0.56406183  0.64329384  0.23325174 -0.16866288  0.57255154
 -0.17510911  0.41587995 -0.61524366  0.11974414  0.34381622 -0.62596101
 -0.01006956 -0.22920258  0.07026505 -0.29752037  0.27809329 -0.48671562
 -0.30142019 -0.82393604 -0.50263769 -0.22658342 -0.19780564]
4980,[ 0.20498046  0.10667302 -0.10331376  0.13424881  0.37208044  0.0866975
 -0.04088228  0.64764363  0.34804889 -0.52976831 -0.04487052 -0.11609321
  0.17872919  0.43373284 -0.32605009  0.23305221 -0.10725736 -0.6198474
  0.10228179  0.14607366 -0.47004904  0.20464337  0.2607823  -0.64631176
 -0.01943606  0.38239465  0.0282811   0.03781138 -0.55213409  0.53605021
  0.55172271  0.56406195  0.64329403  0.23325175 -0.16866271  0.57255158
 -0.17510929  0.41587983 -0.61524358  0.11974395  0.34381626 -0.62596069
 -0.01006994 -0.22920262  0.07026483 -0.29752043  0.27809353 -0.48671509
 -0.30142049 -0.823936   -0.50263781 -0.22658338 -0.19780573]
4981,[ 0.20498077  0.10667315 -0.10331455  0.13424898  0.37208061  0.08669731
 -0.040882    0.64764333  0.34804859 -0.52976818 -0.04487047 -0.11609288
  0.17872903  0.43373316 -0.3260501   0.23305247 -0.10725719 -0.6198473
  0.10228162  0.14607384 -0.47004906  0.20464321  0.26078224 -0.64631202
 -0.01943633  0.38239452  0.02828158  0.03781122 -0.55213431  0.53605065
  0.55172228  0.56406206  0.64329422  0.23325176 -0.16866255  0.57255163
 -0.17510947  0.41587971 -0.61524351  0.11974376  0.3438163  -0.62596036
 -0.01007031 -0.22920265  0.07026461 -0.29752049  0.27809376 -0.48671457
 -0.30142079 -0.82393596 -0.50263793 -0.22658333 -0.19780581]
4982,[ 0.20498108  0.10667327 -0.10331534  0.13424915  0.37208079  0.08669712
 -0.04088173  0.64764304  0.34804828 -0.52976806 -0.04487043 -0.11609255
  0.17872886  0.43373347 -0.32605011  0.23305273 -0.10725703 -0.6198472
  0.10228144  0.14607403 -0.47004909  0.20464304  0.26078219 -0.64631228
 -0.01943659  0.38239439  0.02828206  0.03781106 -0.55213452  0.53605108
  0.55172186  0.56406217  0.64329442  0.23325177 -0.16866239  0.57255167
 -0.17510964  0.41587959 -0.61524343  0.11974357  0.34381635 -0.62596004
 -0.01007068 -0.22920268  0.07026439 -0.29752056  0.278094   -0.48671404
 -0.30142109 -0.82393593 -0.50263805 -0.22658329 -0.1978059 ]
4983,[ 0.20498139  0.10667339 -0.10331613  0.13424932  0.37208097  0.08669693
 -0.04088145  0.64764274  0.34804797 -0.52976793 -0.04487038 -0.11609222
  0.1787287   0.43373378 -0.32605012  0.23305299 -0.10725686 -0.6198471
  0.10228127  0.14607421 -0.47004912  0.20464287  0.26078213 -0.64631254
 -0.01943686  0.38239426  0.02828254  0.0378109  -0.55213473  0.53605152
  0.55172144  0.56406229  0.64329461  0.23325177 -0.16866223  0.57255172
 -0.17510982  0.41587948 -0.61524336  0.11974338  0.34381639 -0.62595972
 -0.01007105 -0.22920271  0.07026417 -0.29752062  0.27809423 -0.48671352
 -0.30142139 -0.82393589 -0.50263817 -0.22658324 -0.19780599]
4984,[ 0.20498169  0.10667352 -0.10331692  0.13424949  0.37208114  0.08669674
 -0.04088117  0.64764244  0.34804767 -0.5297678  -0.04487034 -0.11609188
  0.17872854  0.43373409 -0.32605013  0.23305325 -0.1072567  -0.619847
  0.10228109  0.1460744  -0.47004914  0.20464271  0.26078208 -0.6463128
 -0.01943713  0.38239413  0.02828302  0.03781074 -0.55213494  0.53605196
  0.55172103  0.5640624   0.6432948   0.23325178 -0.16866206  0.57255177
 -0.17511     0.41587936 -0.61524328  0.11974319  0.34381643 -0.6259594
 -0.01007142 -0.22920274  0.07026395 -0.29752069  0.27809447 -0.486713
 -0.30142169 -0.82393586 -0.5026383  -0.2265832  -0.19780607]
4985,[ 0.204982    0.10667364 -0.10331771  0.13424966  0.37208132  0.08669656
 -0.0408809   0.64764215  0.34804737 -0.52976767 -0.0448703  -0.11609155
  0.17872838  0.4337344  -0.32605014  0.23305351 -0.10725654 -0.6198469
  0.10228092  0.14607458 -0.47004917  0.20464254  0.26078202 -0.64631306
 -0.0194374   0.382394    0.0282835   0.03781058 -0.55213516  0.53605239
  0.55172061  0.56406251  0.643295    0.23325179 -0.1686619   0.57255181
 -0.17511018  0.41587924 -0.61524321  0.119743    0.34381647 -0.62595908
 -0.01007179 -0.22920277  0.07026374 -0.29752075  0.2780947  -0.48671248
 -0.30142198 -0.82393582 -0.50263842 -0.22658315 -0.19780616]
4986,[ 0.20498231  0.10667377 -0.1033185   0.13424983  0.3720815   0.08669637
 -0.04088062  0.64764186  0.34804706 -0.52976754 -0.04487025 -0.11609122
  0.17872821  0.43373471 -0.32605014  0.23305377 -0.10725637 -0.61984681
  0.10228074  0.14607477 -0.4700492   0.20464238  0.26078197 -0.64631332
 -0.01943766  0.38239387  0.02828398  0.03781042 -0.55213537  0.53605283
  0.55172019  0.56406263  0.64329519  0.2332518  -0.16866174  0.57255186
 -0.17511035  0.41587912 -0.61524313  0.11974281  0.34381652 -0.62595876
 -0.01007216 -0.22920281  0.07026352 -0.29752082  0.27809493 -0.48671196
 -0.30142228 -0.82393578 -0.50263854 -0.22658311 -0.19780624]
4987,[ 0.20498262  0.10667389 -0.10331929  0.13425     0.37208167  0.08669618
 -0.04088034  0.64764156  0.34804676 -0.52976741 -0.04487021 -0.11609089
  0.17872805  0.43373502 -0.32605015  0.23305403 -0.10725621 -0.61984671
  0.10228057  0.14607495 -0.47004922  0.20464221  0.26078191 -0.64631358
 -0.01943793  0.38239375  0.02828446  0.03781026 -0.55213558  0.53605326
  0.55171977  0.56406274  0.64329538  0.23325181 -0.16866158  0.5725519
 -0.17511053  0.41587901 -0.61524306  0.11974262  0.34381656 -0.62595844
 -0.01007253 -0.22920284  0.0702633  -0.29752088  0.27809517 -0.48671143
 -0.30142258 -0.82393575 -0.50263866 -0.22658306 -0.19780633]
4988,[ 0.20498292  0.10667401 -0.10332007  0.13425017  0.37208185  0.08669599
 -0.04088007  0.64764127  0.34804645 -0.52976729 -0.04487016 -0.11609056
  0.17872789  0.43373533 -0.32605016  0.23305429 -0.10725604 -0.61984661
  0.10228039  0.14607513 -0.47004925  0.20464205  0.26078185 -0.64631384
 -0.0194382   0.38239362  0.02828494  0.0378101  -0.55213579  0.53605369
  0.55171935  0.56406285  0.64329557  0.23325181 -0.16866141  0.57255195
 -0.17511071  0.41587889 -0.61524298  0.11974243  0.3438166  -0.62595812
 -0.0100729  -0.22920287  0.07026308 -0.29752095  0.2780954  -0.48671091
 -0.30142288 -0.82393571 -0.50263878 -0.22658302 -0.19780641]
4989,[ 0.20498323  0.10667414 -0.10332086  0.13425034  0.37208202  0.0866958
 -0.04087979  0.64764097  0.34804615 -0.52976716 -0.04487012 -0.11609023
  0.17872772  0.43373564 -0.32605017  0.23305454 -0.10725588 -0.61984651
  0.10228022  0.14607532 -0.47004928  0.20464189  0.2607818  -0.6463141
 -0.01943846  0.38239349  0.02828541  0.03780994 -0.552136    0.53605413
  0.55171894  0.56406296  0.64329576  0.23325182 -0.16866125  0.57255199
 -0.17511088  0.41587877 -0.61524291  0.11974224  0.34381664 -0.6259578
 -0.01007327 -0.2292029   0.07026286 -0.29752101  0.27809563 -0.48671039
 -0.30142317 -0.82393568 -0.5026389  -0.22658297 -0.1978065 ]
4990,[ 0.20498354  0.10667426 -0.10332164  0.13425051  0.3720822   0.08669562
 -0.04087952  0.64764068  0.34804585 -0.52976703 -0.04487007 -0.11608991
  0.17872756  0.43373595 -0.32605018  0.2330548  -0.10725572 -0.61984641
  0.10228005  0.1460755  -0.4700493   0.20464172  0.26078174 -0.64631436
 -0.01943873  0.38239336  0.02828589  0.03780978 -0.55213621  0.53605456
  0.55171852  0.56406308  0.64329595  0.23325183 -0.16866109  0.57255204
 -0.17511106  0.41587866 -0.61524284  0.11974205  0.34381669 -0.62595748
 -0.01007363 -0.22920293  0.07026265 -0.29752107  0.27809586 -0.48670988
 -0.30142347 -0.82393564 -0.50263902 -0.22658293 -0.19780658]
4991,[ 0.20498384  0.10667438 -0.10332243  0.13425068  0.37208237  0.08669543
 -0.04087924  0.64764039  0.34804555 -0.5297669  -0.04487003 -0.11608958
  0.1787274   0.43373626 -0.32605019  0.23305506 -0.10725555 -0.61984632
  0.10227987  0.14607569 -0.47004933  0.20464156  0.26078169 -0.64631461
 -0.01943899  0.38239323  0.02828637  0.03780962 -0.55213642  0.53605499
  0.55171811  0.56406319  0.64329615  0.23325184 -0.16866093  0.57255208
 -0.17511123  0.41587854 -0.61524276  0.11974186  0.34381673 -0.62595716
 -0.010074   -0.22920296  0.07026243 -0.29752114  0.2780961  -0.48670936
 -0.30142377 -0.8239356  -0.50263914 -0.22658288 -0.19780667]
4992,[ 0.20498415  0.10667451 -0.10332321  0.13425085  0.37208255  0.08669524
 -0.04087897  0.6476401   0.34804524 -0.52976678 -0.04486998 -0.11608925
  0.17872724  0.43373657 -0.3260502   0.23305532 -0.10725539 -0.61984622
  0.1022797   0.14607587 -0.47004936  0.20464139  0.26078163 -0.64631487
 -0.01943926  0.38239311  0.02828684  0.03780946 -0.55213663  0.53605542
  0.55171769  0.5640633   0.64329634  0.23325185 -0.16866077  0.57255213
 -0.17511141  0.41587842 -0.61524269  0.11974167  0.34381677 -0.62595684
 -0.01007437 -0.22920299  0.07026221 -0.2975212   0.27809633 -0.48670884
 -0.30142406 -0.82393557 -0.50263926 -0.22658284 -0.19780675]
4993,[ 0.20498445  0.10667463 -0.10332399  0.13425102  0.37208272  0.08669505
 -0.04087869  0.6476398   0.34804494 -0.52976665 -0.04486994 -0.11608892
  0.17872708  0.43373687 -0.32605021  0.23305557 -0.10725523 -0.61984612
  0.10227953  0.14607605 -0.47004939  0.20464123  0.26078158 -0.64631513
 -0.01943952  0.38239298  0.02828732  0.0378093  -0.55213684  0.53605586
  0.55171727  0.56406341  0.64329653  0.23325185 -0.16866061  0.57255217
 -0.17511158  0.41587831 -0.61524262  0.11974148  0.34381681 -0.62595652
 -0.01007473 -0.22920303  0.070262   -0.29752127  0.27809656 -0.48670832
 -0.30142436 -0.82393553 -0.50263938 -0.22658279 -0.19780684]
4994,[ 0.20498476  0.10667475 -0.10332477  0.13425119  0.37208289  0.08669487
 -0.04087842  0.64763951  0.34804464 -0.52976652 -0.0448699  -0.11608859
  0.17872692  0.43373718 -0.32605022  0.23305583 -0.10725507 -0.61984602
  0.10227935  0.14607624 -0.47004941  0.20464107  0.26078152 -0.64631539
 -0.01943979  0.38239285  0.02828779  0.03780914 -0.55213705  0.53605629
  0.55171686  0.56406353  0.64329672  0.23325186 -0.16866045  0.57255222
 -0.17511176  0.41587819 -0.61524254  0.1197413   0.34381685 -0.6259562
 -0.0100751  -0.22920306  0.07026178 -0.29752133  0.27809679 -0.48670781
 -0.30142465 -0.8239355  -0.5026395  -0.22658275 -0.19780692]
4995,[ 0.20498506  0.10667487 -0.10332555  0.13425136  0.37208307  0.08669468
 -0.04087815  0.64763922  0.34804434 -0.5297664  -0.04486985 -0.11608827
  0.17872675  0.43373749 -0.32605023  0.23305608 -0.1072549  -0.61984593
  0.10227918  0.14607642 -0.47004944  0.2046409   0.26078147 -0.64631564
 -0.01944005  0.38239272  0.02828827  0.03780898 -0.55213726  0.53605672
  0.55171645  0.56406364  0.64329691  0.23325187 -0.16866029  0.57255226
 -0.17511193  0.41587808 -0.61524247  0.11974111  0.3438169  -0.62595588
 -0.01007547 -0.22920309  0.07026156 -0.29752139  0.27809702 -0.48670729
 -0.30142495 -0.82393546 -0.50263962 -0.2265827  -0.197807  ]
4996,[ 0.20498537  0.106675   -0.10332633  0.13425152  0.37208324  0.0866945
 -0.04087787  0.64763893  0.34804404 -0.52976627 -0.04486981 -0.11608794
  0.17872659  0.4337378  -0.32605024  0.23305634 -0.10725474 -0.61984583
  0.10227901  0.1460766  -0.47004946  0.20464074  0.26078141 -0.6463159
 -0.01944032  0.3823926   0.02828874  0.03780882 -0.55213747  0.53605715
  0.55171603  0.56406375  0.6432971   0.23325188 -0.16866013  0.57255231
 -0.17511211  0.41587796 -0.61524239  0.11974092  0.34381694 -0.62595557
 -0.01007583 -0.22920312  0.07026135 -0.29752146  0.27809725 -0.48670677
 -0.30142524 -0.82393542 -0.50263974 -0.22658266 -0.19780709]
4997,[ 0.20498567  0.10667512 -0.10332711  0.13425169  0.37208342  0.08669431
 -0.0408776   0.64763864  0.34804374 -0.52976614 -0.04486976 -0.11608761
  0.17872643  0.4337381  -0.32605025  0.2330566  -0.10725458 -0.61984573
  0.10227883  0.14607678 -0.47004949  0.20464058  0.26078136 -0.64631616
 -0.01944058  0.38239247  0.02828922  0.03780867 -0.55213768  0.53605758
  0.55171562  0.56406386  0.64329729  0.23325189 -0.16865997  0.57255235
 -0.17511228  0.41587785 -0.61524232  0.11974073  0.34381698 -0.62595525
 -0.0100762  -0.22920315  0.07026113 -0.29752152  0.27809749 -0.48670626
 -0.30142554 -0.82393539 -0.50263986 -0.22658261 -0.19780717]
4998,[ 0.20498597  0.10667524 -0.10332789  0.13425186  0.37208359  0.08669412
 -0.04087733  0.64763835  0.34804344 -0.52976602 -0.04486972 -0.11608729
  0.17872627  0.43373841 -0.32605026  0.23305685 -0.10725442 -0.61984564
  0.10227866  0.14607696 -0.47004952  0.20464042  0.2607813  -0.64631641
 -0.01944084  0.38239234  0.02828969  0.03780851 -0.55213789  0.536058
  0.55171521  0.56406397  0.64329748  0.23325189 -0.16865981  0.5725524
 -0.17511246  0.41587773 -0.61524225  0.11974054  0.34381702 -0.62595493
 -0.01007656 -0.22920318  0.07026092 -0.29752159  0.27809772 -0.48670575
 -0.30142583 -0.82393535 -0.50263998 -0.22658257 -0.19780726]
4999,[ 0.20498628  0.10667536 -0.10332866  0.13425203  0.37208376  0.08669394
 -0.04087706  0.64763806  0.34804314 -0.52976589 -0.04486968 -0.11608696
  0.17872611  0.43373871 -0.32605027  0.23305711 -0.10725426 -0.61984554
  0.10227849  0.14607715 -0.47004954  0.20464025  0.26078125 -0.64631667
 -0.01944111  0.38239222  0.02829016  0.03780835 -0.5521381   0.53605843
  0.5517148   0.56406408  0.64329767  0.2332519  -0.16865965  0.57255244
 -0.17511263  0.41587761 -0.61524217  0.11974036  0.34381707 -0.62595462
 -0.01007693 -0.22920321  0.0702607  -0.29752165  0.27809795 -0.48670523
 -0.30142613 -0.82393532 -0.5026401  -0.22658252 -0.19780734]
5000,[ 0.20498658  0.10667548 -0.10332944  0.13425219  0.37208393  0.08669375
 -0.04087679  0.64763777  0.34804284 -0.52976576 -0.04486963 -0.11608664
  0.17872595  0.43373902 -0.32605028  0.23305736 -0.10725409 -0.61984544
  0.10227832  0.14607733 -0.47004957  0.20464009  0.26078119 -0.64631692
 -0.01944137  0.38239209  0.02829063  0.03780819 -0.55213831  0.53605886
  0.55171438  0.5640642   0.64329786  0.23325191 -0.16865949  0.57255249
 -0.17511281  0.4158775  -0.6152421   0.11974017  0.34381711 -0.6259543
 -0.01007729 -0.22920324  0.07026049 -0.29752171  0.27809818 -0.48670472
 -0.30142642 -0.82393528 -0.50264022 -0.22658248 -0.19780743]
5001,[ 0.20498688  0.10667561 -0.10333021  0.13425236  0.37208411  0.08669357
 -0.04087651  0.64763748  0.34804254 -0.52976564 -0.04486959 -0.11608631
  0.17872579  0.43373932 -0.32605029  0.23305762 -0.10725393 -0.61984535
  0.10227815  0.14607751 -0.4700496   0.20463993  0.26078114 -0.64631718
 -0.01944163  0.38239196  0.0282911   0.03780803 -0.55213852  0.53605929
  0.55171397  0.56406431  0.64329805  0.23325192 -0.16865933  0.57255253
 -0.17511298  0.41587738 -0.61524203  0.11973998  0.34381715 -0.62595399
 -0.01007765 -0.22920327  0.07026027 -0.29752178  0.27809841 -0.48670421
 -0.30142671 -0.82393525 -0.50264034 -0.22658243 -0.19780751]
5002,[ 0.20498718  0.10667573 -0.10333099  0.13425253  0.37208428  0.08669338
 -0.04087624  0.64763719  0.34804224 -0.52976551 -0.04486954 -0.11608599
  0.17872563  0.43373963 -0.3260503   0.23305787 -0.10725377 -0.61984525
  0.10227798  0.14607769 -0.47004962  0.20463977  0.26078109 -0.64631743
 -0.01944189  0.38239184  0.02829158  0.03780788 -0.55213872  0.53605971
  0.55171356  0.56406442  0.64329823  0.23325192 -0.16865917  0.57255258
 -0.17511315  0.41587727 -0.61524195  0.1197398   0.34381719 -0.62595367
 -0.01007802 -0.22920331  0.07026006 -0.29752184  0.27809864 -0.48670369
 -0.30142701 -0.82393521 -0.50264046 -0.22658239 -0.19780759]
5003,[ 0.20498748  0.10667585 -0.10333176  0.1342527   0.37208445  0.0866932
 -0.04087597  0.6476369   0.34804194 -0.52976539 -0.0448695  -0.11608567
  0.17872547  0.43373993 -0.32605031  0.23305812 -0.10725361 -0.61984515
  0.10227781  0.14607787 -0.47004965  0.20463961  0.26078103 -0.64631769
 -0.01944216  0.38239171  0.02829205  0.03780772 -0.55213893  0.53606014
  0.55171315  0.56406453  0.64329842  0.23325193 -0.16865901  0.57255262
 -0.17511333  0.41587715 -0.61524188  0.11973961  0.34381723 -0.62595336
 -0.01007838 -0.22920334  0.07025984 -0.2975219   0.27809886 -0.48670318
 -0.3014273  -0.82393518 -0.50264057 -0.22658235 -0.19780768]
5004,[ 0.20498779  0.10667597 -0.10333253  0.13425286  0.37208462  0.08669301
 -0.0408757   0.64763661  0.34804165 -0.52976526 -0.04486946 -0.11608534
  0.17872531  0.43374024 -0.32605031  0.23305838 -0.10725345 -0.61984506
  0.10227763  0.14607805 -0.47004968  0.20463944  0.26078098 -0.64631794
 -0.01944242  0.38239159  0.02829252  0.03780756 -0.55213914  0.53606057
  0.55171274  0.56406464  0.64329861  0.23325194 -0.16865885  0.57255267
 -0.1751135   0.41587704 -0.61524181  0.11973942  0.34381727 -0.62595304
 -0.01007874 -0.22920337  0.07025963 -0.29752197  0.27809909 -0.48670267
 -0.30142759 -0.82393514 -0.50264069 -0.2265823  -0.19780776]
5005,[ 0.20498809  0.10667609 -0.10333331  0.13425303  0.3720848   0.08669283
 -0.04087543  0.64763632  0.34804135 -0.52976514 -0.04486941 -0.11608502
  0.17872515  0.43374054 -0.32605032  0.23305863 -0.10725329 -0.61984496
  0.10227746  0.14607823 -0.4700497   0.20463928  0.26078092 -0.6463182
 -0.01944268  0.38239146  0.02829298  0.03780741 -0.55213935  0.53606099
  0.55171233  0.56406475  0.6432988   0.23325195 -0.16865869  0.57255271
 -0.17511367  0.41587693 -0.61524174  0.11973924  0.34381732 -0.62595273
 -0.0100791  -0.2292034   0.07025941 -0.29752203  0.27809932 -0.48670216
 -0.30142788 -0.8239351  -0.50264081 -0.22658226 -0.19780784]
5006,[ 0.20498839  0.10667621 -0.10333408  0.1342532   0.37208497  0.08669264
 -0.04087516  0.64763604  0.34804105 -0.52976501 -0.04486937 -0.1160847
  0.17872499  0.43374085 -0.32605033  0.23305888 -0.10725313 -0.61984486
  0.10227729  0.14607841 -0.47004973  0.20463912  0.26078087 -0.64631845
 -0.01944294  0.38239133  0.02829345  0.03780725 -0.55213955  0.53606142
  0.55171192  0.56406486  0.64329899  0.23325196 -0.16865853  0.57255276
 -0.17511384  0.41587681 -0.61524166  0.11973905  0.34381736 -0.62595242
 -0.01007946 -0.22920343  0.0702592  -0.29752209  0.27809955 -0.48670165
 -0.30142817 -0.82393507 -0.50264093 -0.22658221 -0.19780793]
5007,[ 0.20498869  0.10667633 -0.10333485  0.13425336  0.37208514  0.08669246
 -0.04087489  0.64763575  0.34804075 -0.52976489 -0.04486933 -0.11608437
  0.17872483  0.43374115 -0.32605034  0.23305914 -0.10725297 -0.61984477
  0.10227712  0.14607859 -0.47004976  0.20463896  0.26078081 -0.6463187
 -0.0194432   0.38239121  0.02829392  0.03780709 -0.55213976  0.53606184
  0.55171152  0.56406497  0.64329917  0.23325196 -0.16865837  0.5725528
 -0.17511402  0.4158767  -0.61524159  0.11973887  0.3438174  -0.6259521
 -0.01007982 -0.22920346  0.07025899 -0.29752215  0.27809978 -0.48670114
 -0.30142846 -0.82393503 -0.50264105 -0.22658217 -0.19780801]
5008,[ 0.20498899  0.10667645 -0.10333561  0.13425353  0.37208531  0.08669228
 -0.04087462  0.64763546  0.34804046 -0.52976476 -0.04486928 -0.11608405
  0.17872467  0.43374145 -0.32605035  0.23305939 -0.10725281 -0.61984467
  0.10227695  0.14607877 -0.47004978  0.2046388   0.26078076 -0.64631896
 -0.01944346  0.38239108  0.02829439  0.03780694 -0.55213997  0.53606227
  0.55171111  0.56406508  0.64329936  0.23325197 -0.16865821  0.57255285
 -0.17511419  0.41587658 -0.61524152  0.11973868  0.34381744 -0.62595179
 -0.01008019 -0.22920349  0.07025877 -0.29752222  0.27810001 -0.48670063
 -0.30142875 -0.823935   -0.50264117 -0.22658213 -0.19780809]
5009,[ 0.20498929  0.10667657 -0.10333638  0.13425369  0.37208548  0.08669209
 -0.04087435  0.64763517  0.34804016 -0.52976464 -0.04486924 -0.11608373
  0.17872452  0.43374175 -0.32605036  0.23305964 -0.10725265 -0.61984458
  0.10227678  0.14607895 -0.47004981  0.20463864  0.2607807  -0.64631921
 -0.01944372  0.38239096  0.02829486  0.03780678 -0.55214017  0.53606269
  0.5517107   0.56406519  0.64329955  0.23325198 -0.16865806  0.57255289
 -0.17511436  0.41587647 -0.61524145  0.1197385   0.34381748 -0.62595148
 -0.01008055 -0.22920352  0.07025856 -0.29752228  0.27810023 -0.48670013
 -0.30142904 -0.82393496 -0.50264128 -0.22658208 -0.19780818]
5010,[ 0.20498959  0.1066767  -0.10333715  0.13425386  0.37208565  0.08669191
 -0.04087408  0.64763489  0.34803987 -0.52976451 -0.0448692  -0.11608341
  0.17872436  0.43374206 -0.32605037  0.23305989 -0.10725249 -0.61984448
  0.10227661  0.14607913 -0.47004983  0.20463848  0.26078065 -0.64631946
 -0.01944398  0.38239083  0.02829532  0.03780662 -0.55214038  0.53606311
  0.55171029  0.5640653   0.64329974  0.23325199 -0.1686579   0.57255294
 -0.17511453  0.41587636 -0.61524137  0.11973831  0.34381752 -0.62595116
 -0.01008091 -0.22920355  0.07025835 -0.29752234  0.27810046 -0.48669962
 -0.30142933 -0.82393493 -0.5026414  -0.22658204 -0.19780826]
5011,[ 0.20498989  0.10667682 -0.10333791  0.13425403  0.37208582  0.08669173
 -0.04087382  0.6476346   0.34803957 -0.52976439 -0.04486915 -0.11608309
  0.1787242   0.43374236 -0.32605038  0.23306015 -0.10725233 -0.61984438
  0.10227644  0.14607931 -0.47004986  0.20463832  0.2607806  -0.64631971
 -0.01944424  0.38239071  0.02829579  0.03780647 -0.55214058  0.53606353
  0.55170989  0.56406541  0.64329992  0.23325199 -0.16865774  0.57255298
 -0.17511471  0.41587624 -0.6152413   0.11973813  0.34381757 -0.62595085
 -0.01008126 -0.22920358  0.07025814 -0.29752241  0.27810069 -0.48669911
 -0.30142962 -0.82393489 -0.50264152 -0.22658199 -0.19780834]
5012,[ 0.20499018  0.10667694 -0.10333868  0.13425419  0.372086    0.08669154
 -0.04087355  0.64763432  0.34803927 -0.52976426 -0.04486911 -0.11608277
  0.17872404  0.43374266 -0.32605039  0.2330604  -0.10725217 -0.61984429
  0.10227627  0.14607949 -0.47004989  0.20463816  0.26078054 -0.64631997
 -0.0194445   0.38239058  0.02829625  0.03780631 -0.55214079  0.53606396
  0.55170948  0.56406552  0.64330011  0.233252   -0.16865758  0.57255302
 -0.17511488  0.41587613 -0.61524123  0.11973794  0.34381761 -0.62595054
 -0.01008162 -0.22920361  0.07025793 -0.29752247  0.27810092 -0.48669861
 -0.30142991 -0.82393486 -0.50264164 -0.22658195 -0.19780843]
5013,[ 0.20499048  0.10667706 -0.10333944  0.13425436  0.37208617  0.08669136
 -0.04087328  0.64763403  0.34803898 -0.52976414 -0.04486907 -0.11608244
  0.17872388  0.43374296 -0.3260504   0.23306065 -0.10725201 -0.61984419
  0.1022761   0.14607967 -0.47004991  0.204638    0.26078049 -0.64632022
 -0.01944476  0.38239046  0.02829672  0.03780616 -0.55214099  0.53606438
  0.55170907  0.56406563  0.6433003   0.23325201 -0.16865743  0.57255307
 -0.17511505  0.41587601 -0.61524116  0.11973776  0.34381765 -0.62595023
 -0.01008198 -0.22920364  0.07025771 -0.29752253  0.27810114 -0.4866981
 -0.3014302  -0.82393482 -0.50264175 -0.22658191 -0.19780851]
5014,[ 0.20499078  0.10667718 -0.10334021  0.13425452  0.37208634  0.08669118
 -0.04087301  0.64763374  0.34803869 -0.52976401 -0.04486902 -0.11608212
  0.17872372  0.43374326 -0.32605041  0.2330609  -0.10725185 -0.6198441
  0.10227593  0.14607985 -0.47004994  0.20463784  0.26078044 -0.64632047
 -0.01944502  0.38239034  0.02829718  0.037806   -0.5521412   0.5360648
  0.55170867  0.56406574  0.64330048  0.23325202 -0.16865727  0.57255311
 -0.17511522  0.4158759  -0.61524109  0.11973757  0.34381769 -0.62594992
 -0.01008234 -0.22920367  0.0702575  -0.29752259  0.27810137 -0.48669759
 -0.30143049 -0.82393479 -0.50264187 -0.22658186 -0.19780859]
5015,[ 0.20499108  0.1066773  -0.10334097  0.13425469  0.37208651  0.08669099
 -0.04087274  0.64763346  0.34803839 -0.52976389 -0.04486898 -0.1160818
  0.17872357  0.43374356 -0.32605042  0.23306115 -0.10725169 -0.619844
  0.10227577  0.14608003 -0.47004996  0.20463768  0.26078038 -0.64632072
 -0.01944527  0.38239021  0.02829765  0.03780585 -0.5521414   0.53606522
  0.55170826  0.56406585  0.64330067  0.23325203 -0.16865711  0.57255316
 -0.17511539  0.41587579 -0.61524101  0.11973739  0.34381773 -0.62594961
 -0.0100827  -0.2292037   0.07025729 -0.29752266  0.27810159 -0.48669709
 -0.30143078 -0.82393475 -0.50264199 -0.22658182 -0.19780867]
5016,[ 0.20499138  0.10667741 -0.10334173  0.13425485  0.37208668  0.08669081
 -0.04087248  0.64763317  0.3480381  -0.52976377 -0.04486894 -0.11608149
  0.17872341  0.43374386 -0.32605043  0.2330614  -0.10725154 -0.61984391
  0.1022756   0.14608021 -0.47004999  0.20463752  0.26078033 -0.64632097
 -0.01944553  0.38239009  0.02829811  0.03780569 -0.55214161  0.53606564
  0.55170786  0.56406596  0.64330085  0.23325203 -0.16865696  0.5725532
 -0.17511556  0.41587567 -0.61524094  0.11973721  0.34381777 -0.6259493
 -0.01008305 -0.22920373  0.07025708 -0.29752272  0.27810182 -0.48669659
 -0.30143107 -0.82393472 -0.50264211 -0.22658178 -0.19780876]
5017,[ 0.20499167  0.10667753 -0.10334249  0.13425501  0.37208685  0.08669063
 -0.04087221  0.64763289  0.3480378  -0.52976364 -0.04486889 -0.11608117
  0.17872325  0.43374416 -0.32605043  0.23306165 -0.10725138 -0.61984381
  0.10227543  0.14608039 -0.47005002  0.20463736  0.26078027 -0.64632122
 -0.01944579  0.38238996  0.02829857  0.03780554 -0.55214181  0.53606606
  0.55170746  0.56406607  0.64330104  0.23325204 -0.1686568   0.57255324
 -0.17511573  0.41587556 -0.61524087  0.11973702  0.34381781 -0.62594899
 -0.01008341 -0.22920377  0.07025687 -0.29752278  0.27810205 -0.48669608
 -0.30143136 -0.82393468 -0.50264222 -0.22658173 -0.19780884]
5018,[ 0.20499197  0.10667765 -0.10334325  0.13425518  0.37208702  0.08669045
 -0.04087194  0.64763261  0.34803751 -0.52976352 -0.04486885 -0.11608085
  0.17872309  0.43374446 -0.32605044  0.2330619  -0.10725122 -0.61984372
  0.10227526  0.14608056 -0.47005004  0.2046372   0.26078022 -0.64632147
 -0.01944605  0.38238984  0.02829904  0.03780538 -0.55214202  0.53606648
  0.55170705  0.56406618  0.64330123  0.23325205 -0.16865664  0.57255329
 -0.1751159   0.41587545 -0.6152408   0.11973684  0.34381785 -0.62594868
 -0.01008377 -0.2292038   0.07025666 -0.29752284  0.27810227 -0.48669558
 -0.30143164 -0.82393465 -0.50264234 -0.22658169 -0.19780892]
5019,[ 0.20499227  0.10667777 -0.10334401  0.13425534  0.37208718  0.08669027
 -0.04087168  0.64763232  0.34803722 -0.5297634  -0.04486881 -0.11608053
  0.17872294  0.43374476 -0.32605045  0.23306215 -0.10725106 -0.61984362
  0.10227509  0.14608074 -0.47005007  0.20463704  0.26078017 -0.64632172
 -0.0194463   0.38238971  0.0282995   0.03780523 -0.55214222  0.5360669
  0.55170665  0.56406629  0.64330141  0.23325206 -0.16865649  0.57255333
 -0.17511607  0.41587534 -0.61524073  0.11973666  0.3438179  -0.62594837
 -0.01008412 -0.22920383  0.07025645 -0.2975229   0.2781025  -0.48669508
 -0.30143193 -0.82393461 -0.50264246 -0.22658164 -0.197809  ]
5020,[ 0.20499256  0.10667789 -0.10334477  0.13425551  0.37208735  0.08669009
 -0.04087141  0.64763204  0.34803692 -0.52976327 -0.04486876 -0.11608021
  0.17872278  0.43374506 -0.32605046  0.2330624  -0.1072509  -0.61984353
  0.10227492  0.14608092 -0.47005009  0.20463688  0.26078011 -0.64632197
 -0.01944656  0.38238959  0.02829996  0.03780507 -0.55214243  0.53606732
  0.55170625  0.56406639  0.6433016   0.23325206 -0.16865633  0.57255338
 -0.17511624  0.41587522 -0.61524065  0.11973647  0.34381794 -0.62594806
 -0.01008448 -0.22920386  0.07025624 -0.29752297  0.27810272 -0.48669458
 -0.30143222 -0.82393458 -0.50264257 -0.2265816  -0.19780908]
5021,[ 0.20499286  0.10667801 -0.10334553  0.13425567  0.37208752  0.0866899
 -0.04087115  0.64763176  0.34803663 -0.52976315 -0.04486872 -0.11607989
  0.17872262  0.43374536 -0.32605047  0.23306265 -0.10725075 -0.61984344
  0.10227476  0.1460811  -0.47005012  0.20463673  0.26078006 -0.64632222
 -0.01944682  0.38238947  0.02830042  0.03780492 -0.55214263  0.53606773
  0.55170585  0.5640665   0.64330178  0.23325207 -0.16865617  0.57255342
 -0.17511641  0.41587511 -0.61524058  0.11973629  0.34381798 -0.62594775
 -0.01008484 -0.22920389  0.07025603 -0.29752303  0.27810295 -0.48669407
 -0.3014325  -0.82393454 -0.50264269 -0.22658156 -0.19780917]
5022,[ 0.20499315  0.10667813 -0.10334629  0.13425583  0.37208769  0.08668972
 -0.04087088  0.64763147  0.34803634 -0.52976303 -0.04486868 -0.11607958
  0.17872247  0.43374565 -0.32605048  0.23306289 -0.10725059 -0.61984334
  0.10227459  0.14608127 -0.47005015  0.20463657  0.26078001 -0.64632247
 -0.01944707  0.38238934  0.02830088  0.03780477 -0.55214283  0.53606815
  0.55170544  0.56406661  0.64330197  0.23325208 -0.16865602  0.57255346
 -0.17511658  0.415875   -0.61524051  0.11973611  0.34381802 -0.62594744
 -0.01008519 -0.22920392  0.07025582 -0.29752309  0.27810317 -0.48669357
 -0.30143279 -0.82393451 -0.50264281 -0.22658151 -0.19780925]
5023,[ 0.20499345  0.10667825 -0.10334704  0.134256    0.37208786  0.08668954
 -0.04087062  0.64763119  0.34803605 -0.5297629  -0.04486864 -0.11607926
  0.17872231  0.43374595 -0.32605049  0.23306314 -0.10725043 -0.61984325
  0.10227442  0.14608145 -0.47005017  0.20463641  0.26077995 -0.64632272
 -0.01944733  0.38238922  0.02830134  0.03780461 -0.55214304  0.53606857
  0.55170504  0.56406672  0.64330215  0.23325209 -0.16865586  0.57255351
 -0.17511675  0.41587489 -0.61524044  0.11973593  0.34381806 -0.62594714
 -0.01008554 -0.22920395  0.07025561 -0.29752315  0.27810339 -0.48669307
 -0.30143308 -0.82393447 -0.50264292 -0.22658147 -0.19780933]
5024,[ 0.20499374  0.10667837 -0.1033478   0.13425616  0.37208803  0.08668936
 -0.04087035  0.64763091  0.34803576 -0.52976278 -0.04486859 -0.11607894
  0.17872216  0.43374625 -0.3260505   0.23306339 -0.10725027 -0.61984315
  0.10227425  0.14608163 -0.4700502   0.20463625  0.2607799  -0.64632297
 -0.01944759  0.3823891   0.0283018   0.03780446 -0.55214324  0.53606898
  0.55170464  0.56406683  0.64330233  0.2332521  -0.16865571  0.57255355
 -0.17511692  0.41587477 -0.61524037  0.11973574  0.3438181  -0.62594683
 -0.0100859  -0.22920398  0.0702554  -0.29752321  0.27810362 -0.48669257
 -0.30143336 -0.82393444 -0.50264304 -0.22658143 -0.19780941]
5025,[ 0.20499404  0.10667849 -0.10334855  0.13425632  0.3720882   0.08668918
 -0.04087009  0.64763063  0.34803547 -0.52976266 -0.04486855 -0.11607863
  0.178722    0.43374655 -0.32605051  0.23306364 -0.10725012 -0.61984306
  0.10227409  0.1460818  -0.47005022  0.20463609  0.26077985 -0.64632322
 -0.01944784  0.38238898  0.02830226  0.03780431 -0.55214344  0.5360694
  0.55170424  0.56406694  0.64330252  0.2332521  -0.16865555  0.5725536
 -0.17511709  0.41587466 -0.6152403   0.11973556  0.34381814 -0.62594652
 -0.01008625 -0.22920401  0.07025519 -0.29752328  0.27810384 -0.48669208
 -0.30143365 -0.82393441 -0.50264315 -0.22658138 -0.19780949]
5026,[ 0.20499433  0.1066786  -0.1033493   0.13425649  0.37208836  0.086689
 -0.04086982  0.64763035  0.34803518 -0.52976254 -0.04486851 -0.11607831
  0.17872184  0.43374684 -0.32605052  0.23306389 -0.10724996 -0.61984296
  0.10227392  0.14608198 -0.47005025  0.20463594  0.26077979 -0.64632346
 -0.0194481   0.38238885  0.02830272  0.03780415 -0.55214364  0.53606982
  0.55170384  0.56406704  0.6433027   0.23325211 -0.1686554   0.57255364
 -0.17511726  0.41587455 -0.61524023  0.11973538  0.34381818 -0.62594622
 -0.01008661 -0.22920404  0.07025498 -0.29752334  0.27810406 -0.48669158
 -0.30143393 -0.82393437 -0.50264327 -0.22658134 -0.19780957]
5027,[ 0.20499462  0.10667872 -0.10335006  0.13425665  0.37208853  0.08668882
 -0.04086956  0.64763006  0.34803489 -0.52976241 -0.04486847 -0.116078
  0.17872169  0.43374714 -0.32605053  0.23306413 -0.1072498  -0.61984287
  0.10227375  0.14608216 -0.47005028  0.20463578  0.26077974 -0.64632371
 -0.01944835  0.38238873  0.02830317  0.037804   -0.55214385  0.53607023
  0.55170344  0.56406715  0.64330289  0.23325212 -0.16865524  0.57255368
 -0.17511743  0.41587444 -0.61524016  0.1197352   0.34381822 -0.62594591
 -0.01008696 -0.22920407  0.07025477 -0.2975234   0.27810429 -0.48669108
 -0.30143422 -0.82393434 -0.50264338 -0.2265813  -0.19780966]
5028,[ 0.20499492  0.10667884 -0.10335081  0.13425681  0.3720887   0.08668864
 -0.0408693   0.64762978  0.3480346  -0.52976229 -0.04486842 -0.11607768
  0.17872153  0.43374744 -0.32605054  0.23306438 -0.10724965 -0.61984278
  0.10227359  0.14608233 -0.4700503   0.20463562  0.26077969 -0.64632396
 -0.01944861  0.38238861  0.02830363  0.03780385 -0.55214405  0.53607065
  0.55170304  0.56406726  0.64330307  0.23325213 -0.16865509  0.57255373
 -0.1751176   0.41587433 -0.61524009  0.11973502  0.34381826 -0.6259456
 -0.01008731 -0.2292041   0.07025456 -0.29752346  0.27810451 -0.48669058
 -0.3014345  -0.8239343  -0.5026435  -0.22658126 -0.19780974]
5029,[ 0.20499521  0.10667896 -0.10335156  0.13425697  0.37208887  0.08668846
 -0.04086903  0.6476295   0.34803431 -0.52976217 -0.04486838 -0.11607737
  0.17872138  0.43374773 -0.32605054  0.23306463 -0.10724949 -0.61984268
  0.10227342  0.14608251 -0.47005033  0.20463546  0.26077963 -0.64632421
 -0.01944886  0.38238848  0.02830409  0.03780369 -0.55214425  0.53607106
  0.55170265  0.56406737  0.64330325  0.23325213 -0.16865493  0.57255377
 -0.17511777  0.41587422 -0.61524001  0.11973484  0.3438183  -0.6259453
 -0.01008766 -0.22920413  0.07025436 -0.29752352  0.27810473 -0.48669009
 -0.30143478 -0.82393427 -0.50264362 -0.22658121 -0.19780982]
5030,[ 0.2049955   0.10667908 -0.10335231  0.13425713  0.37208903  0.08668828
 -0.04086877  0.64762922  0.34803402 -0.52976205 -0.04486834 -0.11607705
  0.17872122  0.43374803 -0.32605055  0.23306487 -0.10724934 -0.61984259
  0.10227326  0.14608268 -0.47005035  0.20463531  0.26077958 -0.64632445
 -0.01944911  0.38238836  0.02830454  0.03780354 -0.55214445  0.53607147
  0.55170225  0.56406747  0.64330343  0.23325214 -0.16865478  0.57255381
 -0.17511793  0.4158741  -0.61523994  0.11973466  0.34381834 -0.62594499
 -0.01008801 -0.22920416  0.07025415 -0.29752358  0.27810496 -0.48668959
 -0.30143507 -0.82393423 -0.50264373 -0.22658117 -0.1978099 ]
5031,[ 0.20499579  0.10667919 -0.10335306  0.1342573   0.3720892   0.0866881
 -0.04086851  0.64762894  0.34803373 -0.52976193 -0.0448683  -0.11607674
  0.17872107  0.43374832 -0.32605056  0.23306512 -0.10724918 -0.6198425
  0.10227309  0.14608286 -0.47005038  0.20463515  0.26077953 -0.6463247
 -0.01944937  0.38238824  0.028305    0.03780339 -0.55214465  0.53607189
  0.55170185  0.56406758  0.64330362  0.23325215 -0.16865462  0.57255386
 -0.1751181   0.41587399 -0.61523987  0.11973447  0.34381838 -0.62594469
 -0.01008837 -0.22920419  0.07025394 -0.29752364  0.27810518 -0.48668909
 -0.30143535 -0.8239342  -0.50264385 -0.22658113 -0.19780998]
5032,[ 0.20499609  0.10667931 -0.10335381  0.13425746  0.37208937  0.08668793
 -0.04086825  0.64762866  0.34803344 -0.5297618  -0.04486825 -0.11607642
  0.17872091  0.43374862 -0.32605057  0.23306536 -0.10724902 -0.6198424
  0.10227292  0.14608304 -0.4700504   0.20463499  0.26077948 -0.64632495
 -0.01944962  0.38238812  0.02830545  0.03780324 -0.55214485  0.5360723
  0.55170145  0.56406769  0.6433038   0.23325216 -0.16865447  0.5725539
 -0.17511827  0.41587388 -0.6152398   0.11973429  0.34381842 -0.62594438
 -0.01008872 -0.22920422  0.07025373 -0.2975237   0.2781054  -0.4866886
 -0.30143563 -0.82393416 -0.50264396 -0.22658108 -0.19781006]
5033,[ 0.20499638  0.10667943 -0.10335455  0.13425762  0.37208954  0.08668775
 -0.04086798  0.64762838  0.34803315 -0.52976168 -0.04486821 -0.11607611
  0.17872076  0.43374891 -0.32605058  0.23306561 -0.10724887 -0.61984231
  0.10227276  0.14608321 -0.47005043  0.20463484  0.26077942 -0.64632519
 -0.01944987  0.382388    0.02830591  0.03780309 -0.55214505  0.53607271
  0.55170106  0.5640678   0.64330398  0.23325216 -0.16865432  0.57255394
 -0.17511844  0.41587377 -0.61523973  0.11973411  0.34381847 -0.62594408
 -0.01008907 -0.22920425  0.07025353 -0.29752377  0.27810562 -0.4866881
 -0.30143592 -0.82393413 -0.50264408 -0.22658104 -0.19781014]
5034,[ 0.20499667  0.10667955 -0.1033553   0.13425778  0.3720897   0.08668757
 -0.04086772  0.64762811  0.34803286 -0.52976156 -0.04486817 -0.1160758
  0.1787206   0.4337492  -0.32605059  0.23306586 -0.10724871 -0.61984222
  0.10227259  0.14608339 -0.47005045  0.20463468  0.26077937 -0.64632544
 -0.01945013  0.38238788  0.02830636  0.03780293 -0.55214525  0.53607312
  0.55170066  0.5640679   0.64330416  0.23325217 -0.16865416  0.57255399
 -0.1751186   0.41587366 -0.61523966  0.11973393  0.34381851 -0.62594378
 -0.01008942 -0.22920428  0.07025332 -0.29752383  0.27810584 -0.48668761
 -0.3014362  -0.8239341  -0.50264419 -0.226581   -0.19781022]
5035,[ 0.20499696  0.10667966 -0.10335605  0.13425794  0.37208987  0.08668739
 -0.04086746  0.64762783  0.34803257 -0.52976144 -0.04486813 -0.11607549
  0.17872045  0.4337495  -0.3260506   0.2330661  -0.10724856 -0.61984212
  0.10227243  0.14608356 -0.47005048  0.20463453  0.26077932 -0.64632568
 -0.01945038  0.38238775  0.02830682  0.03780278 -0.55214545  0.53607353
  0.55170027  0.56406801  0.64330435  0.23325218 -0.16865401  0.57255403
 -0.17511877  0.41587355 -0.61523959  0.11973375  0.34381855 -0.62594347
 -0.01008977 -0.22920431  0.07025311 -0.29752389  0.27810606 -0.48668712
 -0.30143648 -0.82393406 -0.5026443  -0.22658096 -0.1978103 ]
5036,[ 0.20499725  0.10667978 -0.10335679  0.1342581   0.37209003  0.08668721
 -0.0408672   0.64762755  0.34803229 -0.52976132 -0.04486808 -0.11607517
  0.1787203   0.43374979 -0.32605061  0.23306634 -0.1072484  -0.61984203
  0.10227226  0.14608373 -0.47005051  0.20463437  0.26077927 -0.64632593
 -0.01945063  0.38238763  0.02830727  0.03780263 -0.55214565  0.53607395
  0.55169987  0.56406812  0.64330453  0.23325219 -0.16865386  0.57255407
 -0.17511894  0.41587344 -0.61523952  0.11973357  0.34381859 -0.62594317
 -0.01009012 -0.22920434  0.07025291 -0.29752395  0.27810628 -0.48668662
 -0.30143676 -0.82393403 -0.50264442 -0.22658091 -0.19781038]
5037,[ 0.20499754  0.1066799  -0.10335753  0.13425826  0.3720902   0.08668703
 -0.04086694  0.64762727  0.348032   -0.5297612  -0.04486804 -0.11607486
  0.17872014  0.43375008 -0.32605062  0.23306659 -0.10724825 -0.61984194
  0.1022721   0.14608391 -0.47005053  0.20463421  0.26077921 -0.64632617
 -0.01945088  0.38238751  0.02830772  0.03780248 -0.55214585  0.53607436
  0.55169948  0.56406822  0.64330471  0.23325219 -0.1686537   0.57255411
 -0.17511911  0.41587333 -0.61523945  0.11973339  0.34381863 -0.62594287
 -0.01009047 -0.22920437  0.0702527  -0.29752401  0.2781065  -0.48668613
 -0.30143704 -0.82393399 -0.50264453 -0.22658087 -0.19781047]
5038,[ 0.20499783  0.10668001 -0.10335828  0.13425842  0.37209037  0.08668686
 -0.04086668  0.64762699  0.34803171 -0.52976108 -0.044868   -0.11607455
  0.17871999  0.43375038 -0.32605063  0.23306683 -0.10724809 -0.61984185
  0.10227193  0.14608408 -0.47005056  0.20463406  0.26077916 -0.64632642
 -0.01945114  0.38238739  0.02830817  0.03780233 -0.55214605  0.53607477
  0.55169908  0.56406833  0.64330489  0.2332522  -0.16865355  0.57255416
 -0.17511927  0.41587322 -0.61523938  0.11973322  0.34381867 -0.62594256
 -0.01009081 -0.2292044   0.07025249 -0.29752407  0.27810672 -0.48668564
 -0.30143732 -0.82393396 -0.50264465 -0.22658083 -0.19781055]
5039,[ 0.20499812  0.10668013 -0.10335902  0.13425858  0.37209053  0.08668668
 -0.04086642  0.64762672  0.34803143 -0.52976096 -0.04486796 -0.11607424
  0.17871984  0.43375067 -0.32605063  0.23306708 -0.10724794 -0.61984175
  0.10227177  0.14608426 -0.47005058  0.2046339   0.26077911 -0.64632666
 -0.01945139  0.38238727  0.02830862  0.03780218 -0.55214625  0.53607518
  0.55169869  0.56406844  0.64330507  0.23325221 -0.1686534   0.5725542
 -0.17511944  0.41587311 -0.61523931  0.11973304  0.34381871 -0.62594226
 -0.01009116 -0.22920443  0.07025229 -0.29752413  0.27810694 -0.48668515
 -0.30143761 -0.82393393 -0.50264476 -0.22658078 -0.19781063]
5040,[ 0.20499841  0.10668025 -0.10335976  0.13425874  0.3720907   0.0866865
 -0.04086616  0.64762644  0.34803114 -0.52976084 -0.04486792 -0.11607393
  0.17871968  0.43375096 -0.32605064  0.23306732 -0.10724778 -0.61984166
  0.10227161  0.14608443 -0.47005061  0.20463375  0.26077906 -0.64632691
 -0.01945164  0.38238715  0.02830908  0.03780203 -0.55214645  0.53607558
  0.55169829  0.56406854  0.64330525  0.23325222 -0.16865324  0.57255424
 -0.1751196   0.415873   -0.61523924  0.11973286  0.34381875 -0.62594196
 -0.01009151 -0.22920446  0.07025208 -0.29752419  0.27810716 -0.48668466
 -0.30143789 -0.82393389 -0.50264488 -0.22658074 -0.19781071]
5041,[ 0.2049987   0.10668036 -0.1033605   0.1342589   0.37209086  0.08668632
 -0.0408659   0.64762616  0.34803085 -0.52976072 -0.04486787 -0.11607362
  0.17871953  0.43375125 -0.32605065  0.23306756 -0.10724763 -0.61984157
  0.10227144  0.1460846  -0.47005063  0.20463359  0.260779   -0.64632715
 -0.01945189  0.38238703  0.02830953  0.03780188 -0.55214665  0.53607599
  0.5516979   0.56406865  0.64330543  0.23325222 -0.16865309  0.57255429
 -0.17511977  0.41587289 -0.61523917  0.11973268  0.34381879 -0.62594166
 -0.01009186 -0.22920449  0.07025188 -0.29752425  0.27810738 -0.48668417
 -0.30143817 -0.82393386 -0.50264499 -0.2265807  -0.19781079]
5042,[ 0.20499899  0.10668048 -0.10336124  0.13425906  0.37209103  0.08668615
 -0.04086564  0.64762589  0.34803057 -0.5297606  -0.04486783 -0.11607331
  0.17871938  0.43375154 -0.32605066  0.23306781 -0.10724748 -0.61984148
  0.10227128  0.14608478 -0.47005066  0.20463344  0.26077895 -0.64632739
 -0.01945214  0.38238691  0.02830998  0.03780173 -0.55214685  0.5360764
  0.55169751  0.56406876  0.64330561  0.23325223 -0.16865294  0.57255433
 -0.17511994  0.41587278 -0.6152391   0.1197325   0.34381883 -0.62594136
 -0.0100922  -0.22920451  0.07025167 -0.29752431  0.2781076  -0.48668368
 -0.30143845 -0.82393382 -0.5026451  -0.22658066 -0.19781087]
5043,[ 0.20499928  0.10668059 -0.10336198  0.13425922  0.37209119  0.08668597
 -0.04086538  0.64762561  0.34803028 -0.52976048 -0.04486779 -0.116073
  0.17871922  0.43375184 -0.32605067  0.23306805 -0.10724732 -0.61984138
  0.10227111  0.14608495 -0.47005068  0.20463328  0.2607789  -0.64632764
 -0.01945239  0.38238679  0.02831043  0.03780158 -0.55214705  0.53607681
  0.55169712  0.56406886  0.64330579  0.23325224 -0.16865279  0.57255437
 -0.1751201   0.41587267 -0.61523903  0.11973232  0.34381887 -0.62594106
 -0.01009255 -0.22920454  0.07025147 -0.29752437  0.27810782 -0.48668319
 -0.30143873 -0.82393379 -0.50264522 -0.22658062 -0.19781095]
5044,[ 0.20499956  0.10668071 -0.10336272  0.13425938  0.37209136  0.08668579
 -0.04086512  0.64762533  0.34803    -0.52976036 -0.04486775 -0.11607269
  0.17871907  0.43375213 -0.32605068  0.23306829 -0.10724717 -0.61984129
  0.10227095  0.14608512 -0.47005071  0.20463313  0.26077885 -0.64632788
 -0.01945264  0.38238667  0.02831087  0.03780143 -0.55214725  0.53607722
  0.55169672  0.56406897  0.64330597  0.23325225 -0.16865264  0.57255441
 -0.17512027  0.41587256 -0.61523896  0.11973214  0.34381891 -0.62594076
 -0.0100929  -0.22920457  0.07025126 -0.29752443  0.27810804 -0.4866827
 -0.301439   -0.82393376 -0.50264533 -0.22658057 -0.19781103]
5045,[ 0.20499985  0.10668083 -0.10336346  0.13425954  0.37209152  0.08668562
 -0.04086486  0.64762506  0.34802971 -0.52976024 -0.04486771 -0.11607238
  0.17871892  0.43375242 -0.32605069  0.23306853 -0.10724702 -0.6198412
  0.10227079  0.1460853  -0.47005073  0.20463298  0.2607788  -0.64632812
 -0.01945289  0.38238655  0.02831132  0.03780128 -0.55214744  0.53607762
  0.55169633  0.56406907  0.64330615  0.23325225 -0.16865248  0.57255446
 -0.17512043  0.41587245 -0.61523889  0.11973197  0.34381895 -0.62594046
 -0.01009324 -0.2292046   0.07025106 -0.29752449  0.27810826 -0.48668221
 -0.30143928 -0.82393372 -0.50264544 -0.22658053 -0.19781111]
5046,[ 0.20500014  0.10668094 -0.10336419  0.1342597   0.37209169  0.08668544
 -0.04086461  0.64762478  0.34802943 -0.52976012 -0.04486767 -0.11607207
  0.17871877  0.43375271 -0.3260507   0.23306878 -0.10724686 -0.61984111
  0.10227062  0.14608547 -0.47005076  0.20463282  0.26077874 -0.64632837
 -0.01945314  0.38238643  0.02831177  0.03780113 -0.55214764  0.53607803
  0.55169594  0.56406918  0.64330633  0.23325226 -0.16865233  0.5725545
 -0.1751206   0.41587234 -0.61523882  0.11973179  0.34381899 -0.62594016
 -0.01009359 -0.22920463  0.07025086 -0.29752455  0.27810848 -0.48668173
 -0.30143956 -0.82393369 -0.50264556 -0.22658049 -0.19781119]
5047,[ 0.20500043  0.10668106 -0.10336493  0.13425986  0.37209185  0.08668527
 -0.04086435  0.64762451  0.34802915 -0.52976    -0.04486762 -0.11607176
  0.17871861  0.433753   -0.32605071  0.23306902 -0.10724671 -0.61984102
  0.10227046  0.14608564 -0.47005078  0.20463267  0.26077869 -0.64632861
 -0.01945339  0.38238631  0.02831222  0.03780098 -0.55214784  0.53607843
  0.55169555  0.56406928  0.64330651  0.23325227 -0.16865218  0.57255454
 -0.17512076  0.41587223 -0.61523875  0.11973161  0.34381903 -0.62593986
 -0.01009393 -0.22920466  0.07025065 -0.29752461  0.2781087  -0.48668124
 -0.30143984 -0.82393365 -0.50264567 -0.22658045 -0.19781126]
5048,[ 0.20500071  0.10668117 -0.10336566  0.13426002  0.37209201  0.08668509
 -0.04086409  0.64762423  0.34802886 -0.52975988 -0.04486758 -0.11607145
  0.17871846  0.43375329 -0.32605071  0.23306926 -0.10724656 -0.61984092
  0.1022703   0.14608581 -0.47005081  0.20463251  0.26077864 -0.64632885
 -0.01945364  0.38238619  0.02831267  0.03780083 -0.55214804  0.53607884
  0.55169516  0.56406939  0.64330669  0.23325228 -0.16865203  0.57255458
 -0.17512093  0.41587212 -0.61523868  0.11973143  0.34381907 -0.62593956
 -0.01009428 -0.22920469  0.07025045 -0.29752467  0.27810891 -0.48668075
 -0.30144012 -0.82393362 -0.50264578 -0.2265804  -0.19781134]
5049,[ 0.205001    0.10668129 -0.1033664   0.13426018  0.37209218  0.08668492
 -0.04086383  0.64762396  0.34802858 -0.52975976 -0.04486754 -0.11607115
  0.17871831  0.43375358 -0.32605072  0.2330695  -0.1072464  -0.61984083
  0.10227014  0.14608598 -0.47005083  0.20463236  0.26077859 -0.64632909
 -0.01945389  0.38238607  0.02831311  0.03780068 -0.55214823  0.53607924
  0.55169477  0.5640695   0.64330687  0.23325228 -0.16865188  0.57255463
 -0.17512109  0.41587201 -0.61523861  0.11973126  0.34381911 -0.62593926
 -0.01009462 -0.22920472  0.07025024 -0.29752473  0.27810913 -0.48668027
 -0.3014404  -0.82393359 -0.5026459  -0.22658036 -0.19781142]
